251   251   
251   251   
247   255   
250   252   
251   251   
271   231   
269   233   
257   245   
254   248   
266   236   
257   245   
260   242   
266   236   
272   230   
264   238   
249   253   
250   252   
244   258   
245   257   
233   269   
228   274   
225   277   
212   290   
205   297   
208   294   
204   298   
223   279   
222   280   
212   290   
221   281   
218   284   
218   284   
221   281   
215   287   
213   289   
229   273   
226   276   
222   280   
214   288   
213   289   
203   299   
214   288   
226   276   
230   272   
222   280   
224   278   
221   281   
228   274   
216   286   
212   290   
221   281   
215   287   
219   283   
224   278   
210   292   
204   298   
219   283   
220   282   
211   291   
203   299   
214   288   
205   297   
209   293   
193   309   
184   318   
188   314   
201   301   
206   296   
205   297   
226   276   
220   282   
215   287   
226   276   
228   274   
233   269   
227   275   
229   273   
230   272   
232   270   
230   272   
209   293   
220   282   
230   272   
232   270   
232   270   
253   249   
245   257   
253   249   
261   241   
258   244   
250   252   
247   255   
251   251   
244   258   
267   235   
265   237   
259   243   
256   246   
265   237   
247   255   
256   246   
251   251   
238   264   
232   270   
234   268   
235   267   
248   254   
248   254   
253   249   
249   253   
245   257   
246   256   
258   244   
271   231   
279   223   
270   232   
264   238   
266   236   
260   242   
258   244   
278   224   
280   222   
259   243   
265   237   
261   241   
248   254   
245   257   
233   269   
233   269   
222   280   
220   282   
234   268   
226   276   
226   276   
242   260   
257   245   
256   246   
267   235   
270   232   
280   222   
268   234   
265   237   
279   223   
279   223   
271   231   
263   239   
259   243   
265   237   
252   250   
249   253   
251   251   
244   258   
246   256   
242   260   
247   255   
254   248   
250   252   
246   256   
232   270   
231   271   
226   276   
209   293   
212   290   
233   269   
236   266   
243   259   
250   252   
262   240   
280   222   
276   226   
285   217   
291   211   
294   208   
287   215   
272   230   
266   236   
276   226   
280   222   
281   221   
274   228   
278   224   
270   232   
273   229   
278   224   
268   234   
272   230   
279   223   
289   213   
289   213   
280   222   
269   233   
255   247   
260   242   
252   250   
253   249   
241   261   
241   261   
237   265   
237   265   
230   272   
219   283   
226   276   
216   286   
223   279   
226   276   
223   279   
223   279   
223   279   
218   284   
225   277   
217   285   
225   277   
234   268   
247   255   
249   253   
266   236   
270   232   
261   241   
246   256   
253   249   
255   247   
268   234   
273   229   
285   217   
281   221   
285   217   
271   231   
266   236   
257   245   
261   241   
271   231   
265   237   
273   229   
277   225   
280   222   
272   230   
261   241   
258   244   
275   227   
274   228   
264   238   
256   246   
267   235   
262   240   
263   239   
260   242   
266   236   
279   223   
283   219   
287   215   
284   218   
267   235   
284   218   
276   226   
270   232   
270   232   
270   232   
279   223   
267   235   
266   236   
265   237   
272   230   
266   236   
246   256   
251   251   
258   244   
260   242   
253   249   
263   239   
242   260   
257   245   
254   248   
242   260   
244   258   
244   258   
241   261   
237   265   
227   275   
226   276   
230   272   
227   275   
228   274   
241   261   
257   245   
248   254   
253   249   
259   243   
243   259   
232   270   
238   264   
251   251   
235   267   
236   266   
236   266   
223   279   
215   287   
201   301   
196   306   
195   307   
205   297   
203   299   
202   300   
217   285   
220   282   
218   284   
233   269   
236   266   
225   277   
227   275   
242   260   
234   268   
247   255   
263   239   
267   235   
269   233   
267   235   
262   240   
255   247   
261   241   
267   235   
274   228   
272   230   
262   240   
246   256   
247   255   
243   259   
246   256   
240   262   
241   261   
243   259   
239   263   
227   275   
230   272   
242   260   
230   272   
244   258   
240   262   
231   271   
250   252   
258   244   
251   251   
264   238   
271   231   
280   222   
272   230   
261   241   
243   259   
260   242   
263   239   
247   255   
243   259   
218   284   
239   263   
235   267   
229   273   
228   274   
216   286   
218   284   
227   275   
222   280   
237   265   
245   257   
248   254   
244   258   
242   260   
241   261   
237   265   
229   273   
233   269   
236   266   
242   260   
245   257   
242   260   
246   256   
241   261   
232   270   
234   268   
239   263   
242   260   
245   257   
254   248   
254   248   
251   251   
254   248   
264   238   
267   235   
270   232   
272   230   
275   227   
265   237   
271   231   
275   227   
263   239   
254   248   
239   263   
251   251   
252   250   
239   263   
240   262   
248   254   
242   260   
254   248   
258   244   
240   262   
225   277   
218   284   
221   281   
231   271   
227   275   
225   277   
226   276   
230   272   
225   277   
239   263   
232   270   
240   262   
236   266   
248   254   
237   265   
239   263   
235   267   
232   270   
233   269   
217   285   
241   261   
243   259   
245   257   
248   254   
243   259   
234   268   
237   265   
230   272   
244   258   
241   261   
260   242   
249   253   
238   264   
242   260   
260   242   
271   231   
261   241   
261   241   
258   244   
278   224   
279   223   
280   222   
295   207   
301   201   
296   206   
291   211   
303   199   
293   209   
295   207   
289   213   
290   212   
292   210   
290   212   
278   224   
280   222   
286   216   
287   215   
292   210   
274   228   
271   231   
277   225   
262   240   
264   238   
244   258   
256   246   
250   252   
261   241   
249   253   
248   254   
247   255   
267   235   
263   239   
275   227   
272   230   
263   239   
242   260   
240   262   
244   258   
240   262   
238   264   
242   260   
228   274   
232   270   
230   272   
238   264   
239   263   
239   263   
223   279   
218   284   
229   273   
237   265   
239   263   
255   247   
246   256   
247   255   
248   254   
1   1   
