251   251   
275   227   
280   222   
266   236   
271   231   
269   233   
255   247   
279   223   
280   222   
270   232   
283   219   
283   219   
280   222   
262   240   
272   230   
274   228   
276   226   
269   233   
278   224   
270   232   
272   230   
293   209   
286   216   
289   213   
265   237   
272   230   
288   214   
287   215   
276   226   
266   236   
279   223   
265   237   
270   232   
269   233   
262   240   
250   252   
252   250   
243   259   
260   242   
269   233   
250   252   
237   265   
243   259   
240   262   
243   259   
233   269   
240   262   
243   259   
253   249   
251   251   
241   261   
234   268   
234   268   
236   266   
243   259   
232   270   
237   265   
241   261   
230   272   
244   258   
231   271   
232   270   
231   271   
249   253   
249   253   
249   253   
243   259   
258   244   
265   237   
254   248   
256   246   
257   245   
250   252   
256   246   
262   240   
257   245   
255   247   
250   252   
247   255   
249   253   
262   240   
253   249   
240   262   
236   266   
243   259   
244   258   
252   250   
271   231   
280   222   
262   240   
252   250   
253   249   
249   253   
246   256   
245   257   
259   243   
261   241   
259   243   
253   249   
247   255   
246   256   
251   251   
266   236   
263   239   
253   249   
261   241   
263   239   
266   236   
263   239   
258   244   
248   254   
238   264   
233   269   
229   273   
227   275   
230   272   
248   254   
243   259   
249   253   
265   237   
254   248   
251   251   
239   263   
244   258   
248   254   
272   230   
262   240   
259   243   
265   237   
272   230   
273   229   
274   228   
254   248   
254   248   
249   253   
251   251   
258   244   
248   254   
244   258   
253   249   
257   245   
262   240   
244   258   
251   251   
240   262   
248   254   
248   254   
243   259   
239   263   
243   259   
240   262   
242   260   
237   265   
220   282   
231   271   
238   264   
246   256   
251   251   
250   252   
251   251   
248   254   
236   266   
228   274   
221   281   
235   267   
246   256   
243   259   
263   239   
255   247   
246   256   
256   246   
255   247   
259   243   
266   236   
260   242   
251   251   
244   258   
255   247   
253   249   
255   247   
241   261   
239   263   
240   262   
251   251   
262   240   
245   257   
258   244   
251   251   
242   260   
251   251   
269   233   
266   236   
268   234   
276   226   
282   220   
261   241   
253   249   
274   228   
262   240   
257   245   
267   235   
255   247   
254   248   
262   240   
268   234   
259   243   
243   259   
243   259   
249   253   
251   251   
241   261   
226   276   
239   263   
221   281   
234   268   
249   253   
259   243   
256   246   
240   262   
237   265   
248   254   
236   266   
238   264   
234   268   
223   279   
217   285   
243   259   
259   243   
262   240   
239   263   
242   260   
250   252   
249   253   
235   267   
238   264   
248   254   
248   254   
255   247   
243   259   
255   247   
276   226   
260   242   
267   235   
263   239   
257   245   
268   234   
276   226   
260   242   
260   242   
247   255   
248   254   
251   251   
263   239   
254   248   
258   244   
249   253   
279   223   
272   230   
253   249   
255   247   
252   250   
257   245   
259   243   
247   255   
259   243   
264   238   
253   249   
244   258   
245   257   
245   257   
238   264   
242   260   
249   253   
262   240   
244   258   
246   256   
249   253   
235   267   
245   257   
253   249   
243   259   
219   283   
218   284   
219   283   
220   282   
240   262   
239   263   
233   269   
231   271   
238   264   
234   268   
258   244   
256   246   
243   259   
245   257   
247   255   
240   262   
234   268   
252   250   
257   245   
269   233   
258   244   
255   247   
263   239   
269   233   
261   241   
248   254   
256   246   
260   242   
252   250   
233   269   
241   261   
253   249   
266   236   
265   237   
254   248   
240   262   
240   262   
234   268   
233   269   
228   274   
235   267   
242   260   
250   252   
255   247   
262   240   
263   239   
248   254   
263   239   
264   238   
237   265   
244   258   
259   243   
255   247   
239   263   
238   264   
253   249   
253   249   
249   253   
255   247   
252   250   
251   251   
245   257   
249   253   
255   247   
255   247   
259   243   
269   233   
268   234   
268   234   
266   236   
249   253   
248   254   
254   248   
242   260   
240   262   
240   262   
251   251   
251   251   
254   248   
242   260   
246   256   
265   237   
263   239   
255   247   
259   243   
258   244   
247   255   
255   247   
257   245   
257   245   
251   251   
263   239   
261   241   
269   233   
260   242   
250   252   
251   251   
249   253   
228   274   
237   265   
224   278   
234   268   
245   257   
250   252   
252   250   
250   252   
247   255   
258   244   
248   254   
263   239   
271   231   
256   246   
241   261   
250   252   
240   262   
239   263   
254   248   
258   244   
236   266   
251   251   
246   256   
256   246   
263   239   
267   235   
262   240   
271   231   
293   209   
286   216   
272   230   
274   228   
265   237   
270   232   
259   243   
251   251   
250   252   
248   254   
255   247   
256   246   
266   236   
275   227   
251   251   
249   253   
255   247   
264   238   
277   225   
258   244   
254   248   
257   245   
245   257   
237   265   
236   266   
256   246   
261   241   
254   248   
269   233   
274   228   
260   242   
269   233   
260   242   
264   238   
273   229   
268   234   
264   238   
252   250   
257   245   
256   246   
257   245   
247   255   
233   269   
237   265   
255   247   
246   256   
251   251   
242   260   
242   260   
240   262   
243   259   
243   259   
238   264   
256   246   
240   262   
247   255   
234   268   
219   283   
226   276   
254   248   
260   242   
271   231   
266   236   
256   246   
267   235   
277   225   
261   241   
251   251   
244   258   
250   252   
237   265   
233   269   
248   254   
248   254   
234   268   
240   262   
241   261   
234   268   
221   281   
247   255   
247   255   
242   260   
227   275   
248   254   
240   262   
229   273   
227   275   
221   281   
221   281   
229   273   
232   270   
234   268   
226   276   
1   1   
