251   251   
247   255   
244   258   
250   252   
251   251   
259   243   
247   255   
252   250   
261   241   
254   248   
265   237   
263   239   
263   239   
251   251   
231   271   
227   275   
226   276   
224   278   
219   283   
231   271   
227   275   
220   282   
240   262   
242   260   
227   275   
218   284   
226   276   
241   261   
247   255   
261   241   
261   241   
257   245   
263   239   
259   243   
252   250   
258   244   
253   249   
236   266   
212   290   
207   295   
222   280   
220   282   
225   277   
233   269   
244   258   
231   271   
232   270   
225   277   
234   268   
231   271   
246   256   
232   270   
245   257   
237   265   
241   261   
256   246   
252   250   
249   253   
252   250   
240   262   
228   274   
241   261   
252   250   
248   254   
256   246   
247   255   
247   255   
248   254   
247   255   
243   259   
251   251   
241   261   
253   249   
251   251   
255   247   
266   236   
270   232   
288   214   
288   214   
284   218   
269   233   
272   230   
269   233   
265   237   
263   239   
260   242   
242   260   
255   247   
261   241   
269   233   
278   224   
270   232   
282   220   
289   213   
270   232   
252   250   
253   249   
241   261   
240   262   
239   263   
234   268   
222   280   
215   287   
213   289   
207   295   
214   288   
202   300   
211   291   
204   298   
211   291   
193   309   
200   302   
204   298   
216   286   
224   278   
226   276   
225   277   
223   279   
249   253   
245   257   
253   249   
247   255   
245   257   
263   239   
276   226   
284   218   
282   220   
285   217   
275   227   
271   231   
269   233   
274   228   
260   242   
253   249   
246   256   
239   263   
239   263   
242   260   
241   261   
237   265   
241   261   
234   268   
222   280   
225   277   
229   273   
221   281   
223   279   
230   272   
228   274   
241   261   
233   269   
237   265   
256   246   
248   254   
243   259   
258   244   
245   257   
246   256   
250   252   
258   244   
261   241   
259   243   
250   252   
240   262   
225   277   
220   282   
211   291   
219   283   
227   275   
229   273   
227   275   
231   271   
229   273   
226   276   
227   275   
229   273   
227   275   
226   276   
227   275   
222   280   
226   276   
237   265   
248   254   
245   257   
258   244   
248   254   
241   261   
238   264   
230   272   
236   266   
242   260   
241   261   
243   259   
228   274   
240   262   
243   259   
241   261   
240   262   
243   259   
237   265   
247   255   
256   246   
263   239   
245   257   
243   259   
227   275   
224   278   
220   282   
229   273   
217   285   
233   269   
214   288   
227   275   
239   263   
244   258   
247   255   
243   259   
245   257   
264   238   
268   234   
259   243   
256   246   
253   249   
269   233   
267   235   
267   235   
265   237   
252   250   
256   246   
248   254   
255   247   
261   241   
263   239   
234   268   
231   271   
226   276   
231   271   
245   257   
243   259   
243   259   
236   266   
261   241   
252   250   
247   255   
247   255   
245   257   
242   260   
254   248   
247   255   
248   254   
266   236   
272   230   
281   221   
268   234   
265   237   
259   243   
266   236   
262   240   
271   231   
276   226   
266   236   
258   244   
253   249   
239   263   
250   252   
257   245   
243   259   
241   261   
253   249   
250   252   
249   253   
248   254   
237   265   
233   269   
242   260   
246   256   
238   264   
235   267   
233   269   
228   274   
223   279   
230   272   
247   255   
255   247   
253   249   
252   250   
257   245   
252   250   
242   260   
250   252   
246   256   
240   262   
254   248   
262   240   
262   240   
242   260   
239   263   
234   268   
237   265   
228   274   
227   275   
209   293   
193   309   
189   313   
200   302   
197   305   
193   309   
184   318   
188   314   
188   314   
179   323   
163   339   
174   328   
181   321   
185   317   
189   313   
203   299   
214   288   
210   292   
221   281   
227   275   
240   262   
233   269   
241   261   
238   264   
241   261   
236   266   
228   274   
215   287   
217   285   
222   280   
220   282   
227   275   
222   280   
232   270   
234   268   
230   272   
246   256   
235   267   
233   269   
244   258   
242   260   
231   271   
243   259   
247   255   
260   242   
258   244   
249   253   
245   257   
244   258   
246   256   
248   254   
239   263   
271   231   
257   245   
250   252   
250   252   
247   255   
235   267   
244   258   
266   236   
264   238   
276   226   
261   241   
254   248   
236   266   
257   245   
262   240   
259   243   
253   249   
257   245   
267   235   
266   236   
270   232   
277   225   
283   219   
282   220   
282   220   
266   236   
270   232   
269   233   
271   231   
267   235   
263   239   
258   244   
251   251   
245   257   
241   261   
251   251   
274   228   
287   215   
292   210   
277   225   
266   236   
258   244   
266   236   
254   248   
231   271   
246   256   
239   263   
248   254   
261   241   
265   237   
267   235   
265   237   
251   251   
248   254   
259   243   
254   248   
243   259   
254   248   
257   245   
267   235   
265   237   
260   242   
263   239   
261   241   
254   248   
255   247   
256   246   
250   252   
250   252   
246   256   
239   263   
234   268   
230   272   
226   276   
236   266   
245   257   
241   261   
247   255   
244   258   
246   256   
235   267   
238   264   
233   269   
242   260   
242   260   
248   254   
249   253   
245   257   
257   245   
260   242   
261   241   
269   233   
261   241   
269   233   
254   248   
260   242   
258   244   
263   239   
239   263   
238   264   
224   278   
217   285   
218   284   
222   280   
219   283   
220   282   
212   290   
217   285   
225   277   
238   264   
218   284   
220   282   
228   274   
223   279   
238   264   
240   262   
247   255   
248   254   
238   264   
240   262   
249   253   
254   248   
260   242   
253   249   
250   252   
247   255   
248   254   
248   254   
245   257   
240   262   
238   264   
225   277   
221   281   
219   283   
214   288   
215   287   
216   286   
228   274   
238   264   
239   263   
228   274   
227   275   
221   281   
213   289   
230   272   
230   272   
242   260   
1   1   
