251   251   
268   234   
273   229   
267   235   
271   231   
261   241   
267   235   
265   237   
278   224   
283   219   
285   217   
289   213   
269   233   
262   240   
262   240   
254   248   
257   245   
264   238   
266   236   
261   241   
250   252   
257   245   
252   250   
254   248   
258   244   
253   249   
254   248   
250   252   
259   243   
264   238   
268   234   
279   223   
276   226   
276   226   
276   226   
274   228   
291   211   
283   219   
279   223   
272   230   
253   249   
240   262   
256   246   
260   242   
249   253   
253   249   
255   247   
266   236   
285   217   
290   212   
288   214   
273   229   
274   228   
255   247   
248   254   
254   248   
249   253   
247   255   
247   255   
250   252   
250   252   
248   254   
233   269   
233   269   
231   271   
241   261   
252   250   
243   259   
242   260   
247   255   
239   263   
248   254   
234   268   
222   280   
215   287   
222   280   
228   274   
235   267   
230   272   
218   284   
211   291   
218   284   
200   302   
193   309   
187   315   
194   308   
192   310   
194   308   
204   298   
211   291   
212   290   
221   281   
225   277   
223   279   
229   273   
236   266   
246   256   
262   240   
264   238   
262   240   
263   239   
251   251   
257   245   
260   242   
257   245   
265   237   
255   247   
251   251   
248   254   
233   269   
225   277   
235   267   
242   260   
233   269   
239   263   
250   252   
253   249   
258   244   
261   241   
251   251   
253   249   
263   239   
250   252   
251   251   
247   255   
247   255   
238   264   
242   260   
255   247   
253   249   
264   238   
267   235   
271   231   
261   241   
274   228   
269   233   
264   238   
262   240   
259   243   
256   246   
252   250   
245   257   
245   257   
245   257   
240   262   
236   266   
221   281   
222   280   
233   269   
240   262   
247   255   
235   267   
246   256   
261   241   
260   242   
251   251   
248   254   
248   254   
255   247   
259   243   
254   248   
256   246   
262   240   
258   244   
267   235   
262   240   
261   241   
269   233   
261   241   
266   236   
265   237   
268   234   
270   232   
267   235   
270   232   
288   214   
304   198   
302   200   
315   187   
306   196   
279   223   
289   213   
294   208   
298   204   
295   207   
293   209   
278   224   
290   212   
285   217   
284   218   
286   216   
289   213   
277   225   
271   231   
275   227   
263   239   
272   230   
285   217   
279   223   
294   208   
276   226   
274   228   
261   241   
264   238   
274   228   
267   235   
254   248   
254   248   
254   248   
263   239   
278   224   
273   229   
274   228   
266   236   
269   233   
253   249   
245   257   
248   254   
268   234   
269   233   
268   234   
279   223   
271   231   
268   234   
267   235   
283   219   
288   214   
268   234   
255   247   
271   231   
277   225   
264   238   
270   232   
274   228   
268   234   
274   228   
286   216   
299   203   
290   212   
290   212   
295   207   
299   203   
301   201   
297   205   
293   209   
291   211   
290   212   
286   216   
296   206   
298   204   
294   208   
298   204   
288   214   
280   222   
279   223   
279   223   
277   225   
273   229   
276   226   
267   235   
263   239   
266   236   
264   238   
261   241   
250   252   
233   269   
241   261   
244   258   
232   270   
224   278   
221   281   
229   273   
222   280   
226   276   
220   282   
224   278   
237   265   
231   271   
241   261   
250   252   
253   249   
257   245   
251   251   
241   261   
237   265   
233   269   
244   258   
242   260   
219   283   
220   282   
216   286   
218   284   
212   290   
211   291   
215   287   
229   273   
221   281   
215   287   
217   285   
228   274   
228   274   
246   256   
245   257   
254   248   
263   239   
256   246   
253   249   
251   251   
256   246   
256   246   
271   231   
278   224   
272   230   
257   245   
244   258   
245   257   
245   257   
242   260   
243   259   
243   259   
237   265   
238   264   
225   277   
216   286   
198   304   
214   288   
220   282   
226   276   
222   280   
239   263   
252   250   
253   249   
251   251   
249   253   
247   255   
248   254   
247   255   
245   257   
243   259   
241   261   
247   255   
235   267   
237   265   
246   256   
256   246   
249   253   
240   262   
234   268   
240   262   
229   273   
218   284   
220   282   
211   291   
213   289   
222   280   
232   270   
224   278   
231   271   
224   278   
229   273   
237   265   
239   263   
239   263   
249   253   
248   254   
253   249   
257   245   
247   255   
250   252   
259   243   
258   244   
259   243   
259   243   
252   250   
246   256   
253   249   
256   246   
254   248   
251   251   
246   256   
244   258   
242   260   
244   258   
262   240   
261   241   
257   245   
255   247   
254   248   
263   239   
273   229   
255   247   
244   258   
255   247   
261   241   
261   241   
248   254   
254   248   
259   243   
254   248   
252   250   
250   252   
259   243   
272   230   
261   241   
267   235   
263   239   
249   253   
248   254   
252   250   
251   251   
252   250   
263   239   
256   246   
252   250   
251   251   
261   241   
265   237   
263   239   
268   234   
275   227   
283   219   
276   226   
263   239   
251   251   
267   235   
259   243   
260   242   
261   241   
264   238   
272   230   
274   228   
273   229   
257   245   
266   236   
267   235   
262   240   
266   236   
259   243   
258   244   
264   238   
244   258   
239   263   
230   272   
234   268   
249   253   
245   257   
240   262   
236   266   
242   260   
240   262   
255   247   
234   268   
222   280   
218   284   
222   280   
208   294   
195   307   
204   298   
194   308   
193   309   
203   299   
206   296   
204   298   
206   296   
212   290   
211   291   
206   296   
207   295   
210   292   
212   290   
209   293   
201   301   
201   301   
204   298   
202   300   
208   294   
217   285   
228   274   
235   267   
244   258   
262   240   
262   240   
264   238   
260   242   
260   242   
271   231   
285   217   
275   227   
273   229   
264   238   
257   245   
261   241   
256   246   
261   241   
264   238   
253   249   
268   234   
262   240   
249   253   
255   247   
1   1   
