251   251   
267   235   
272   230   
267   235   
256   246   
269   233   
265   237   
276   226   
283   219   
278   224   
268   234   
277   225   
275   227   
279   223   
271   231   
282   220   
281   221   
286   216   
289   213   
286   216   
293   209   
294   208   
298   204   
303   199   
306   196   
293   209   
306   196   
309   193   
305   197   
325   177   
328   174   
333   169   
328   174   
321   181   
319   183   
312   190   
318   184   
316   186   
313   189   
312   190   
324   178   
321   181   
327   175   
330   172   
336   166   
329   173   
330   172   
346   156   
339   163   
341   161   
364   138   
366   136   
362   140   
355   147   
357   145   
354   148   
354   148   
347   155   
358   144   
378   124   
388   114   
389   113   
385   117   
385   117   
400   102   
395   107   
403   99   
403   99   
415   87   
402   100   
408   94   
405   97   
413   89   
408   94   
405   97   
411   91   
405   97   
395   107   
395   107   
392   110   
391   111   
388   114   
391   111   
387   115   
412   90   
421   81   
427   75   
430   72   
432   70   
441   61   
441   61   
425   77   
424   78   
426   76   
430   72   
436   66   
439   63   
445   57   
449   53   
450   52   
450   52   
448   54   
454   48   
452   50   
450   52   
443   59   
445   57   
441   61   
440   62   
443   59   
441   61   
445   57   
447   55   
449   53   
451   51   
452   50   
444   58   
442   60   
450   52   
450   52   
457   45   
458   44   
464   38   
455   47   
450   52   
442   60   
448   54   
457   45   
463   39   
462   40   
469   33   
469   33   
470   32   
472   30   
473   29   
468   34   
467   35   
470   32   
465   37   
463   39   
463   39   
457   45   
458   44   
464   38   
455   47   
453   49   
441   61   
434   68   
434   68   
434   68   
437   65   
444   58   
442   60   
444   58   
450   52   
445   57   
442   60   
440   62   
446   56   
445   57   
442   60   
436   66   
448   54   
441   61   
434   68   
439   63   
437   65   
438   64   
437   65   
423   79   
411   91   
420   82   
426   76   
426   76   
425   77   
427   75   
418   84   
425   77   
421   81   
422   80   
427   75   
420   82   
419   83   
415   87   
409   93   
417   85   
429   73   
429   73   
439   63   
432   70   
434   68   
433   69   
430   72   
435   67   
439   63   
437   65   
448   54   
453   49   
450   52   
445   57   
440   62   
439   63   
436   66   
436   66   
434   68   
439   63   
454   48   
447   55   
443   59   
441   61   
438   64   
443   59   
447   55   
445   57   
445   57   
441   61   
439   63   
439   63   
437   65   
441   61   
439   63   
446   56   
444   58   
443   59   
447   55   
435   67   
422   80   
418   84   
412   90   
413   89   
414   88   
419   83   
426   76   
430   72   
429   73   
435   67   
439   63   
435   67   
434   68   
427   75   
414   88   
419   83   
422   80   
421   81   
433   69   
429   73   
425   77   
422   80   
422   80   
429   73   
430   72   
433   69   
432   70   
429   73   
427   75   
424   78   
421   81   
422   80   
419   83   
426   76   
410   92   
406   96   
414   88   
404   98   
408   94   
412   90   
416   86   
421   81   
420   82   
433   69   
432   70   
432   70   
438   64   
428   74   
428   74   
414   88   
412   90   
405   97   
408   94   
400   102   
398   104   
398   104   
403   99   
394   108   
401   101   
394   108   
399   103   
396   106   
386   116   
396   106   
398   104   
396   106   
393   109   
395   107   
395   107   
395   107   
394   108   
396   106   
398   104   
398   104   
396   106   
394   108   
396   106   
394   108   
396   106   
400   102   
404   98   
404   98   
406   96   
399   103   
398   104   
399   103   
400   102   
403   99   
401   101   
398   104   
407   95   
408   94   
413   89   
412   90   
416   86   
416   86   
422   80   
419   83   
421   81   
416   86   
406   96   
416   86   
416   86   
410   92   
406   96   
395   107   
397   105   
400   102   
390   112   
392   110   
399   103   
401   101   
398   104   
390   112   
390   112   
390   112   
386   116   
388   114   
393   109   
387   115   
380   122   
379   123   
375   127   
372   130   
366   136   
362   140   
373   129   
383   119   
387   115   
382   120   
383   119   
386   116   
396   106   
388   114   
396   106   
402   100   
413   89   
419   83   
425   77   
442   60   
444   58   
444   58   
443   59   
446   56   
450   52   
451   51   
455   47   
463   39   
461   41   
469   33   
471   31   
477   25   
482   20   
484   18   
485   17   
482   20   
479   23   
485   17   
484   18   
482   20   
482   20   
484   18   
484   18   
480   22   
475   27   
478   24   
478   24   
479   23   
480   22   
482   20   
484   18   
486   16   
485   17   
480   22   
482   20   
477   25   
482   20   
480   22   
485   17   
486   16   
489   13   
487   15   
482   20   
474   28   
469   33   
465   37   
463   39   
461   41   
454   48   
455   47   
451   51   
450   52   
444   58   
444   58   
438   64   
433   69   
433   69   
438   64   
435   67   
440   62   
442   60   
445   57   
452   50   
451   51   
451   51   
452   50   
455   47   
459   43   
459   43   
461   41   
459   43   
461   41   
461   41   
460   42   
460   42   
460   42   
458   44   
465   37   
472   30   
475   27   
473   29   
472   30   
463   39   
464   38   
460   42   
462   40   
462   40   
465   37   
464   38   
456   46   
458   44   
461   41   
460   42   
456   46   
455   47   
454   48   
456   46   
454   48   
456   46   
463   39   
459   43   
462   40   
455   47   
447   55   
450   52   
446   56   
445   57   
439   63   
445   57   
441   61   
434   68   
437   65   
435   67   
432   70   
437   65   
438   64   
440   62   
442   60   
453   49   
457   45   
461   41   
453   49   
453   49   
453   49   
456   46   
466   36   
461   41   
464   38   
463   39   
468   34   
477   25   
478   24   
474   28   
476   26   
1   1   
