251   251   
257   245   
249   253   
239   263   
236   266   
249   253   
251   251   
265   237   
259   243   
256   246   
252   250   
251   251   
262   240   
261   241   
270   232   
260   242   
254   248   
256   246   
254   248   
255   247   
253   249   
245   257   
246   256   
240   262   
237   265   
236   266   
245   257   
245   257   
246   256   
248   254   
249   253   
257   245   
262   240   
268   234   
275   227   
269   233   
259   243   
246   256   
250   252   
255   247   
255   247   
265   237   
266   236   
273   229   
281   221   
281   221   
293   209   
295   207   
285   217   
276   226   
264   238   
254   248   
259   243   
260   242   
248   254   
215   287   
212   290   
220   282   
231   271   
234   268   
239   263   
234   268   
233   269   
231   271   
220   282   
240   262   
237   265   
241   261   
245   257   
231   271   
241   261   
233   269   
238   264   
229   273   
221   281   
227   275   
223   279   
236   266   
234   268   
226   276   
234   268   
242   260   
231   271   
224   278   
216   286   
231   271   
234   268   
241   261   
244   258   
233   269   
233   269   
232   270   
224   278   
235   267   
251   251   
273   229   
261   241   
267   235   
253   249   
250   252   
249   253   
263   239   
243   259   
252   250   
245   257   
242   260   
243   259   
235   267   
237   265   
245   257   
240   262   
251   251   
262   240   
259   243   
267   235   
273   229   
273   229   
285   217   
292   210   
282   220   
267   235   
275   227   
255   247   
251   251   
254   248   
272   230   
273   229   
265   237   
258   244   
264   238   
273   229   
283   219   
288   214   
279   223   
282   220   
267   235   
265   237   
268   234   
251   251   
254   248   
262   240   
264   238   
262   240   
273   229   
258   244   
252   250   
248   254   
252   250   
257   245   
251   251   
248   254   
255   247   
246   256   
247   255   
259   243   
264   238   
279   223   
269   233   
287   215   
279   223   
267   235   
277   225   
284   218   
277   225   
272   230   
274   228   
256   246   
251   251   
258   244   
263   239   
274   228   
264   238   
270   232   
252   250   
272   230   
272   230   
273   229   
278   224   
252   250   
257   245   
257   245   
255   247   
261   241   
270   232   
277   225   
283   219   
279   223   
273   229   
267   235   
241   261   
257   245   
252   250   
260   242   
267   235   
257   245   
262   240   
266   236   
275   227   
271   231   
276   226   
282   220   
268   234   
270   232   
267   235   
272   230   
271   231   
273   229   
279   223   
283   219   
286   216   
274   228   
271   231   
265   237   
268   234   
280   222   
280   222   
260   242   
252   250   
260   242   
264   238   
259   243   
247   255   
245   257   
244   258   
259   243   
268   234   
287   215   
271   231   
267   235   
279   223   
277   225   
263   239   
260   242   
279   223   
277   225   
277   225   
257   245   
263   239   
274   228   
269   233   
259   243   
256   246   
263   239   
277   225   
277   225   
277   225   
273   229   
269   233   
268   234   
270   232   
261   241   
266   236   
257   245   
250   252   
268   234   
263   239   
262   240   
266   236   
262   240   
267   235   
272   230   
268   234   
276   226   
281   221   
280   222   
263   239   
256   246   
261   241   
257   245   
255   247   
253   249   
237   265   
239   263   
233   269   
244   258   
256   246   
259   243   
256   246   
243   259   
243   259   
251   251   
252   250   
250   252   
256   246   
245   257   
248   254   
248   254   
254   248   
256   246   
239   263   
239   263   
245   257   
247   255   
251   251   
258   244   
251   251   
244   258   
250   252   
255   247   
249   253   
252   250   
253   249   
246   256   
253   249   
252   250   
253   249   
257   245   
252   250   
237   265   
231   271   
227   275   
221   281   
210   292   
220   282   
225   277   
230   272   
240   262   
237   265   
245   257   
241   261   
245   257   
241   261   
224   278   
226   276   
230   272   
234   268   
225   277   
252   250   
241   261   
242   260   
247   255   
255   247   
275   227   
272   230   
260   242   
261   241   
266   236   
250   252   
243   259   
228   274   
227   275   
225   277   
226   276   
225   277   
204   298   
206   296   
206   296   
225   277   
235   267   
232   270   
232   270   
220   282   
219   283   
220   282   
229   273   
230   272   
239   263   
237   265   
229   273   
228   274   
223   279   
223   279   
237   265   
242   260   
255   247   
254   248   
243   259   
232   270   
223   279   
223   279   
227   275   
236   266   
231   271   
221   281   
211   291   
218   284   
224   278   
232   270   
234   268   
231   271   
246   256   
241   261   
248   254   
247   255   
262   240   
258   244   
279   223   
282   220   
282   220   
261   241   
268   234   
252   250   
242   260   
228   274   
240   262   
242   260   
242   260   
251   251   
253   249   
257   245   
258   244   
254   248   
241   261   
225   277   
227   275   
231   271   
220   282   
233   269   
238   264   
237   265   
257   245   
249   253   
247   255   
243   259   
244   258   
248   254   
255   247   
260   242   
257   245   
252   250   
265   237   
276   226   
278   224   
280   222   
268   234   
273   229   
261   241   
261   241   
259   243   
269   233   
270   232   
271   231   
285   217   
277   225   
272   230   
263   239   
252   250   
262   240   
260   242   
261   241   
272   230   
274   228   
271   231   
275   227   
282   220   
260   242   
255   247   
237   265   
236   266   
235   267   
233   269   
234   268   
225   277   
229   273   
239   263   
240   262   
246   256   
240   262   
243   259   
265   237   
275   227   
274   228   
265   237   
256   246   
270   232   
266   236   
243   259   
232   270   
233   269   
214   288   
211   291   
217   285   
217   285   
214   288   
205   297   
209   293   
214   288   
228   274   
230   272   
233   269   
246   256   
255   247   
253   249   
253   249   
251   251   
247   255   
252   250   
254   248   
260   242   
242   260   
248   254   
252   250   
248   254   
250   252   
240   262   
254   248   
237   265   
241   261   
249   253   
261   241   
1   1   
