251   251   
247   255   
252   250   
244   258   
255   247   
243   259   
236   266   
229   273   
225   277   
231   271   
237   265   
242   260   
256   246   
246   256   
255   247   
266   236   
260   242   
266   236   
260   242   
263   239   
257   245   
247   255   
268   234   
278   224   
260   242   
266   236   
267   235   
269   233   
281   221   
271   231   
261   241   
268   234   
249   253   
253   249   
253   249   
256   246   
254   248   
265   237   
261   241   
247   255   
239   263   
239   263   
245   257   
261   241   
252   250   
251   251   
262   240   
260   242   
259   243   
273   229   
278   224   
291   211   
291   211   
279   223   
267   235   
266   236   
267   235   
260   242   
260   242   
246   256   
253   249   
252   250   
265   237   
255   247   
265   237   
251   251   
242   260   
227   275   
221   281   
230   272   
235   267   
233   269   
236   266   
255   247   
256   246   
247   255   
252   250   
263   239   
252   250   
248   254   
252   250   
239   263   
247   255   
246   256   
242   260   
244   258   
260   242   
264   238   
272   230   
273   229   
267   235   
279   223   
269   233   
252   250   
262   240   
259   243   
244   258   
243   259   
253   249   
251   251   
254   248   
257   245   
262   240   
264   238   
265   237   
253   249   
248   254   
240   262   
230   272   
224   278   
216   286   
223   279   
227   275   
229   273   
222   280   
232   270   
239   263   
237   265   
224   278   
219   283   
223   279   
229   273   
238   264   
246   256   
246   256   
241   261   
253   249   
258   244   
239   263   
241   261   
231   271   
243   259   
245   257   
250   252   
245   257   
226   276   
226   276   
235   267   
245   257   
246   256   
239   263   
249   253   
255   247   
246   256   
254   248   
252   250   
247   255   
254   248   
266   236   
276   226   
260   242   
254   248   
255   247   
259   243   
253   249   
253   249   
258   244   
257   245   
260   242   
267   235   
263   239   
264   238   
262   240   
268   234   
251   251   
247   255   
247   255   
237   265   
229   273   
239   263   
240   262   
252   250   
237   265   
248   254   
250   252   
241   261   
234   268   
241   261   
239   263   
240   262   
242   260   
225   277   
232   270   
230   272   
243   259   
246   256   
249   253   
252   250   
258   244   
259   243   
258   244   
274   228   
273   229   
268   234   
286   216   
282   220   
264   238   
258   244   
269   233   
276   226   
258   244   
277   225   
281   221   
272   230   
277   225   
264   238   
276   226   
277   225   
277   225   
279   223   
285   217   
273   229   
267   235   
268   234   
273   229   
276   226   
261   241   
261   241   
259   243   
261   241   
234   268   
242   260   
245   257   
240   262   
247   255   
258   244   
257   245   
264   238   
268   234   
255   247   
252   250   
261   241   
254   248   
256   246   
256   246   
246   256   
240   262   
256   246   
262   240   
265   237   
263   239   
269   233   
253   249   
260   242   
258   244   
251   251   
269   233   
277   225   
264   238   
268   234   
261   241   
266   236   
249   253   
247   255   
240   262   
239   263   
248   254   
247   255   
261   241   
255   247   
250   252   
244   258   
252   250   
237   265   
235   267   
237   265   
250   252   
253   249   
238   264   
242   260   
238   264   
234   268   
241   261   
232   270   
243   259   
248   254   
235   267   
243   259   
249   253   
250   252   
244   258   
241   261   
241   261   
240   262   
236   266   
257   245   
257   245   
272   230   
274   228   
274   228   
270   232   
272   230   
269   233   
276   226   
269   233   
276   226   
278   224   
289   213   
283   219   
276   226   
260   242   
253   249   
248   254   
259   243   
253   249   
270   232   
254   248   
245   257   
233   269   
225   277   
232   270   
232   270   
250   252   
262   240   
256   246   
253   249   
248   254   
248   254   
236   266   
246   256   
246   256   
255   247   
264   238   
258   244   
256   246   
240   262   
237   265   
247   255   
252   250   
264   238   
253   249   
262   240   
273   229   
270   232   
254   248   
247   255   
245   257   
259   243   
260   242   
268   234   
261   241   
266   236   
265   237   
265   237   
256   246   
264   238   
270   232   
265   237   
267   235   
269   233   
257   245   
270   232   
271   231   
267   235   
269   233   
279   223   
277   225   
278   224   
261   241   
260   242   
259   243   
257   245   
250   252   
232   270   
229   273   
222   280   
220   282   
220   282   
217   285   
218   284   
205   297   
201   301   
221   281   
229   273   
232   270   
242   260   
243   259   
246   256   
231   271   
225   277   
242   260   
249   253   
244   258   
255   247   
247   255   
235   267   
231   271   
238   264   
228   274   
244   258   
229   273   
229   273   
237   265   
233   269   
227   275   
234   268   
232   270   
230   272   
243   259   
236   266   
254   248   
262   240   
246   256   
268   234   
263   239   
276   226   
284   218   
288   214   
302   200   
297   205   
289   213   
284   218   
281   221   
277   225   
288   214   
291   211   
280   222   
265   237   
276   226   
286   216   
293   209   
293   209   
299   203   
305   197   
295   207   
294   208   
280   222   
265   237   
262   240   
263   239   
248   254   
272   230   
268   234   
254   248   
245   257   
257   245   
268   234   
261   241   
260   242   
242   260   
246   256   
258   244   
269   233   
263   239   
253   249   
264   238   
252   250   
256   246   
234   268   
243   259   
254   248   
258   244   
244   258   
244   258   
251   251   
265   237   
267   235   
271   231   
260   242   
257   245   
254   248   
262   240   
258   244   
274   228   
281   221   
278   224   
280   222   
278   224   
280   222   
283   219   
291   211   
286   216   
269   233   
260   242   
265   237   
274   228   
261   241   
258   244   
257   245   
248   254   
256   246   
262   240   
255   247   
247   255   
249   253   
246   256   
243   259   
229   273   
238   264   
251   251   
259   243   
259   243   
267   235   
260   242   
258   244   
261   241   
256   246   
269   233   
255   247   
253   249   
1   1   
