251   251   
250   252   
265   237   
260   242   
249   253   
251   251   
239   263   
225   277   
246   256   
246   256   
250   252   
252   250   
247   255   
262   240   
256   246   
269   233   
249   253   
253   249   
252   250   
260   242   
261   241   
256   246   
272   230   
272   230   
266   236   
251   251   
248   254   
239   263   
242   260   
255   247   
241   261   
256   246   
259   243   
250   252   
246   256   
246   256   
246   256   
244   258   
243   259   
245   257   
248   254   
234   268   
244   258   
230   272   
240   262   
234   268   
227   275   
236   266   
230   272   
231   271   
231   271   
257   245   
253   249   
262   240   
272   230   
271   231   
268   234   
247   255   
258   244   
276   226   
269   233   
259   243   
263   239   
271   231   
270   232   
261   241   
260   242   
273   229   
272   230   
259   243   
242   260   
257   245   
253   249   
252   250   
266   236   
279   223   
275   227   
276   226   
279   223   
267   235   
254   248   
261   241   
273   229   
262   240   
237   265   
243   259   
251   251   
246   256   
255   247   
259   243   
261   241   
258   244   
264   238   
260   242   
257   245   
260   242   
239   263   
248   254   
254   248   
264   238   
265   237   
278   224   
274   228   
271   231   
257   245   
268   234   
273   229   
243   259   
242   260   
228   274   
244   258   
248   254   
263   239   
247   255   
244   258   
247   255   
235   267   
232   270   
235   267   
240   262   
233   269   
250   252   
264   238   
256   246   
261   241   
276   226   
273   229   
274   228   
261   241   
252   250   
260   242   
266   236   
253   249   
250   252   
233   269   
237   265   
239   263   
240   262   
245   257   
235   267   
242   260   
244   258   
233   269   
233   269   
234   268   
243   259   
241   261   
242   260   
236   266   
240   262   
250   252   
257   245   
246   256   
248   254   
247   255   
245   257   
248   254   
265   237   
255   247   
251   251   
257   245   
242   260   
244   258   
245   257   
240   262   
255   247   
259   243   
265   237   
265   237   
256   246   
256   246   
242   260   
241   261   
237   265   
255   247   
244   258   
252   250   
248   254   
239   263   
250   252   
254   248   
234   268   
239   263   
234   268   
237   265   
224   278   
234   268   
235   267   
230   272   
225   277   
222   280   
222   280   
244   258   
246   256   
251   251   
243   259   
228   274   
235   267   
232   270   
232   270   
245   257   
240   262   
258   244   
265   237   
255   247   
256   246   
246   256   
246   256   
250   252   
257   245   
263   239   
244   258   
251   251   
254   248   
250   252   
254   248   
257   245   
246   256   
244   258   
265   237   
255   247   
262   240   
248   254   
240   262   
242   260   
235   267   
232   270   
234   268   
238   264   
231   271   
235   267   
232   270   
224   278   
230   272   
242   260   
259   243   
258   244   
239   263   
233   269   
227   275   
214   288   
212   290   
224   278   
229   273   
249   253   
254   248   
242   260   
233   269   
228   274   
224   278   
242   260   
270   232   
265   237   
258   244   
256   246   
250   252   
255   247   
249   253   
240   262   
244   258   
249   253   
250   252   
227   275   
232   270   
244   258   
247   255   
256   246   
254   248   
242   260   
242   260   
234   268   
231   271   
237   265   
256   246   
245   257   
248   254   
269   233   
270   232   
261   241   
263   239   
255   247   
255   247   
245   257   
256   246   
272   230   
288   214   
280   222   
278   224   
264   238   
251   251   
253   249   
247   255   
255   247   
261   241   
256   246   
258   244   
265   237   
260   242   
265   237   
257   245   
258   244   
256   246   
249   253   
254   248   
251   251   
249   253   
239   263   
242   260   
260   242   
265   237   
266   236   
256   246   
255   247   
255   247   
242   260   
250   252   
254   248   
242   260   
228   274   
242   260   
238   264   
250   252   
234   268   
232   270   
230   272   
239   263   
231   271   
225   277   
227   275   
230   272   
233   269   
230   272   
240   262   
240   262   
245   257   
252   250   
240   262   
236   266   
236   266   
228   274   
237   265   
246   256   
244   258   
252   250   
236   266   
229   273   
243   259   
249   253   
245   257   
232   270   
236   266   
239   263   
238   264   
249   253   
256   246   
250   252   
249   253   
268   234   
258   244   
253   249   
268   234   
260   242   
262   240   
255   247   
256   246   
253   249   
251   251   
240   262   
245   257   
257   245   
263   239   
255   247   
259   243   
262   240   
274   228   
272   230   
269   233   
262   240   
258   244   
259   243   
258   244   
243   259   
238   264   
259   243   
262   240   
278   224   
267   235   
254   248   
255   247   
258   244   
256   246   
249   253   
253   249   
243   259   
246   256   
249   253   
248   254   
231   271   
243   259   
242   260   
241   261   
248   254   
253   249   
259   243   
259   243   
247   255   
233   269   
224   278   
214   288   
222   280   
223   279   
231   271   
226   276   
223   279   
231   271   
235   267   
251   251   
250   252   
238   264   
244   258   
260   242   
264   238   
272   230   
272   230   
268   234   
270   232   
270   232   
264   238   
262   240   
260   242   
253   249   
247   255   
236   266   
240   262   
248   254   
234   268   
247   255   
253   249   
242   260   
239   263   
238   264   
244   258   
262   240   
242   260   
244   258   
241   261   
232   270   
235   267   
231   271   
222   280   
228   274   
224   278   
218   284   
233   269   
240   262   
242   260   
241   261   
224   278   
227   275   
223   279   
229   273   
229   273   
239   263   
246   256   
252   250   
264   238   
272   230   
257   245   
260   242   
260   242   
261   241   
234   268   
244   258   
237   265   
235   267   
233   269   
243   259   
243   259   
233   269   
244   258   
239   263   
252   250   
266   236   
260   242   
255   247   
248   254   
260   242   
249   253   
266   236   
273   229   
273   229   
261   241   
276   226   
266   236   
258   244   
257   245   
256   246   
261   241   
261   241   
258   244   
1   1   
