251   251   
259   243   
260   242   
247   255   
251   251   
249   253   
250   252   
245   257   
251   251   
252   250   
250   252   
264   238   
262   240   
273   229   
267   235   
271   231   
262   240   
270   232   
260   242   
261   241   
252   250   
251   251   
263   239   
264   238   
256   246   
270   232   
287   215   
285   217   
280   222   
264   238   
266   236   
256   246   
259   243   
254   248   
254   248   
269   233   
260   242   
255   247   
260   242   
260   242   
262   240   
265   237   
261   241   
252   250   
254   248   
263   239   
252   250   
260   242   
283   219   
288   214   
279   223   
280   222   
281   221   
303   199   
315   187   
325   177   
332   170   
341   161   
350   152   
347   155   
341   161   
339   163   
330   172   
325   177   
323   179   
324   178   
326   176   
322   180   
319   183   
326   176   
333   169   
327   175   
328   174   
326   176   
317   185   
324   178   
331   171   
344   158   
352   150   
345   157   
349   153   
345   157   
350   152   
345   157   
351   151   
343   159   
347   155   
353   149   
363   139   
359   143   
359   143   
359   143   
365   137   
357   145   
358   144   
359   143   
357   145   
348   154   
355   147   
355   147   
352   150   
353   149   
353   149   
343   159   
332   170   
329   173   
317   185   
307   195   
310   192   
296   206   
280   222   
285   217   
278   224   
281   221   
280   222   
275   227   
278   224   
259   243   
248   254   
251   251   
248   254   
245   257   
248   254   
244   258   
231   271   
237   265   
233   269   
219   283   
228   274   
218   284   
214   288   
219   283   
211   291   
199   303   
203   299   
198   304   
185   317   
172   330   
178   324   
172   330   
173   329   
168   334   
168   334   
179   323   
180   322   
184   318   
197   305   
192   310   
179   323   
167   335   
162   340   
163   339   
156   346   
153   349   
150   352   
148   354   
160   342   
162   340   
149   353   
150   352   
152   350   
137   365   
143   359   
147   355   
154   348   
149   353   
140   362   
145   357   
137   365   
141   361   
133   369   
144   358   
137   365   
141   361   
146   356   
136   366   
139   363   
142   360   
129   373   
136   366   
138   364   
144   358   
156   346   
143   359   
134   368   
136   366   
127   375   
111   391   
114   388   
117   385   
115   387   
119   383   
112   390   
114   388   
111   391   
115   387   
114   388   
109   393   
116   386   
122   380   
123   379   
127   375   
139   363   
134   368   
126   376   
124   378   
122   380   
130   372   
137   365   
132   370   
132   370   
123   379   
112   390   
102   400   
96   406   
105   397   
103   399   
105   397   
108   394   
111   391   
121   381   
127   375   
125   377   
117   385   
119   383   
115   387   
118   384   
110   392   
105   397   
97   405   
91   411   
96   406   
99   403   
108   394   
106   396   
106   396   
106   396   
103   399   
97   405   
91   411   
96   406   
90   412   
92   410   
90   412   
91   411   
96   406   
106   396   
101   401   
92   410   
101   401   
98   404   
108   394   
105   397   
118   384   
120   382   
112   390   
107   395   
110   392   
106   396   
117   385   
113   389   
102   400   
102   400   
99   403   
114   388   
118   384   
121   381   
116   386   
112   390   
108   394   
90   412   
95   407   
93   409   
93   409   
95   407   
97   405   
93   409   
96   406   
94   408   
90   412   
92   410   
81   421   
82   420   
78   424   
73   429   
78   424   
84   418   
83   419   
88   414   
87   415   
94   408   
89   413   
77   425   
71   431   
67   435   
81   421   
76   426   
68   434   
65   437   
60   442   
57   445   
62   440   
67   435   
66   436   
58   444   
57   445   
68   434   
63   439   
62   440   
56   446   
55   447   
59   443   
55   447   
49   453   
49   453   
48   454   
51   451   
48   454   
51   451   
46   456   
51   451   
51   451   
47   455   
50   452   
52   450   
55   447   
70   432   
73   429   
73   429   
75   427   
73   429   
75   427   
71   431   
63   439   
65   437   
53   449   
48   454   
49   453   
46   456   
48   454   
40   462   
30   472   
28   474   
27   475   
32   470   
34   468   
32   470   
30   472   
26   476   
23   479   
26   476   
23   479   
22   480   
17   485   
20   482   
17   485   
18   484   
17   485   
17   485   
16   486   
19   483   
24   478   
25   477   
22   480   
14   488   
15   487   
12   490   
11   491   
13   489   
14   488   
14   488   
17   485   
18   484   
21   481   
22   480   
21   481   
24   478   
21   481   
19   483   
15   487   
15   487   
13   489   
12   490   
9   493   
12   490   
14   488   
17   485   
18   484   
20   482   
20   482   
20   482   
21   481   
17   485   
17   485   
19   483   
20   482   
23   479   
28   474   
28   474   
28   474   
33   469   
37   465   
42   460   
48   454   
45   457   
47   455   
45   457   
38   464   
41   461   
48   454   
56   446   
63   439   
73   429   
77   425   
73   429   
70   432   
67   435   
69   433   
75   427   
82   420   
81   421   
91   411   
82   420   
83   419   
82   420   
76   426   
79   423   
80   422   
91   411   
96   406   
94   408   
92   410   
97   405   
100   402   
91   411   
91   411   
94   408   
94   408   
96   406   
96   406   
97   405   
101   401   
106   396   
106   396   
101   401   
95   407   
93   409   
89   413   
97   405   
104   398   
102   400   
97   405   
96   406   
93   409   
92   410   
95   407   
91   411   
83   419   
87   415   
87   415   
91   411   
94   408   
92   410   
102   400   
104   398   
109   393   
109   393   
107   395   
112   390   
105   397   
120   382   
129   373   
126   376   
123   379   
126   376   
136   366   
137   365   
137   365   
136   366   
135   367   
135   367   
130   372   
118   384   
125   377   
117   385   
129   373   
120   382   
122   380   
122   380   
123   379   
125   377   
119   383   
108   394   
108   394   
110   392   
97   405   
88   414   
93   409   
103   399   
103   399   
1   1   
