251   251   
259   243   
244   258   
254   248   
257   245   
265   237   
247   255   
243   259   
250   252   
249   253   
267   235   
253   249   
237   265   
229   273   
226   276   
245   257   
263   239   
262   240   
253   249   
252   250   
259   243   
261   241   
258   244   
248   254   
255   247   
235   267   
248   254   
247   255   
249   253   
245   257   
265   237   
254   248   
257   245   
252   250   
261   241   
234   268   
230   272   
235   267   
248   254   
246   256   
252   250   
268   234   
258   244   
241   261   
241   261   
232   270   
255   247   
242   260   
250   252   
253   249   
256   246   
253   249   
241   261   
245   257   
255   247   
244   258   
248   254   
258   244   
259   243   
253   249   
236   266   
238   264   
261   241   
248   254   
250   252   
264   238   
268   234   
243   259   
246   256   
230   272   
238   264   
240   262   
247   255   
245   257   
259   243   
255   247   
260   242   
249   253   
262   240   
267   235   
253   249   
246   256   
253   249   
242   260   
231   271   
240   262   
244   258   
255   247   
257   245   
260   242   
258   244   
245   257   
252   250   
239   263   
234   268   
231   271   
268   234   
259   243   
261   241   
262   240   
272   230   
260   242   
234   268   
233   269   
237   265   
241   261   
242   260   
232   270   
223   279   
226   276   
241   261   
241   261   
238   264   
245   257   
223   279   
231   271   
253   249   
260   242   
258   244   
265   237   
263   239   
244   258   
257   245   
263   239   
251   251   
256   246   
261   241   
243   259   
237   265   
233   269   
236   266   
235   267   
241   261   
233   269   
236   266   
240   262   
255   247   
263   239   
253   249   
239   263   
250   252   
247   255   
232   270   
252   250   
255   247   
257   245   
242   260   
235   267   
239   263   
232   270   
241   261   
254   248   
246   256   
249   253   
248   254   
242   260   
250   252   
250   252   
250   252   
261   241   
231   271   
253   249   
263   239   
254   248   
244   258   
240   262   
242   260   
248   254   
244   258   
239   263   
250   252   
244   258   
228   274   
241   261   
241   261   
260   242   
272   230   
258   244   
239   263   
247   255   
254   248   
260   242   
246   256   
229   273   
243   259   
233   269   
234   268   
235   267   
230   272   
245   257   
241   261   
242   260   
248   254   
253   249   
271   231   
253   249   
251   251   
250   252   
250   252   
267   235   
243   259   
251   251   
252   250   
266   236   
254   248   
252   250   
240   262   
251   251   
242   260   
244   258   
244   258   
235   267   
242   260   
239   263   
251   251   
251   251   
246   256   
248   254   
268   234   
269   233   
248   254   
264   238   
256   246   
254   248   
260   242   
251   251   
243   259   
265   237   
257   245   
251   251   
253   249   
265   237   
260   242   
262   240   
253   249   
251   251   
243   259   
249   253   
227   275   
230   272   
239   263   
241   261   
250   252   
236   266   
236   266   
234   268   
242   260   
247   255   
258   244   
258   244   
267   235   
254   248   
262   240   
248   254   
245   257   
263   239   
269   233   
278   224   
263   239   
249   253   
236   266   
244   258   
251   251   
259   243   
279   223   
265   237   
259   243   
240   262   
233   269   
252   250   
251   251   
217   285   
220   282   
253   249   
247   255   
262   240   
256   246   
263   239   
247   255   
245   257   
245   257   
255   247   
260   242   
266   236   
266   236   
240   262   
239   263   
245   257   
248   254   
231   271   
240   262   
257   245   
260   242   
253   249   
249   253   
259   243   
260   242   
265   237   
269   233   
269   233   
250   252   
253   249   
252   250   
254   248   
261   241   
254   248   
242   260   
243   259   
240   262   
251   251   
245   257   
224   278   
238   264   
228   274   
251   251   
264   238   
242   260   
256   246   
251   251   
251   251   
257   245   
248   254   
270   232   
261   241   
264   238   
262   240   
253   249   
261   241   
245   257   
247   255   
258   244   
254   248   
243   259   
264   238   
264   238   
283   219   
261   241   
256   246   
255   247   
259   243   
245   257   
269   233   
272   230   
271   231   
267   235   
270   232   
264   238   
259   243   
250   252   
259   243   
236   266   
241   261   
274   228   
258   244   
258   244   
250   252   
235   267   
243   259   
234   268   
252   250   
250   252   
238   264   
247   255   
254   248   
251   251   
240   262   
226   276   
252   250   
247   255   
248   254   
262   240   
256   246   
280   222   
261   241   
254   248   
258   244   
236   266   
232   270   
253   249   
234   268   
249   253   
251   251   
254   248   
258   244   
264   238   
273   229   
255   247   
249   253   
255   247   
253   249   
268   234   
270   232   
249   253   
229   273   
223   279   
237   265   
243   259   
251   251   
250   252   
251   251   
274   228   
256   246   
247   255   
252   250   
248   254   
249   253   
238   264   
259   243   
258   244   
252   250   
246   256   
253   249   
256   246   
251   251   
246   256   
268   234   
252   250   
257   245   
262   240   
273   229   
254   248   
234   268   
222   280   
230   272   
225   277   
237   265   
249   253   
242   260   
237   265   
244   258   
257   245   
251   251   
258   244   
266   236   
263   239   
277   225   
269   233   
283   219   
260   242   
270   232   
236   266   
232   270   
239   263   
244   258   
235   267   
243   259   
260   242   
248   254   
258   244   
255   247   
272   230   
260   242   
257   245   
255   247   
254   248   
275   227   
264   238   
258   244   
253   249   
263   239   
260   242   
237   265   
256   246   
247   255   
252   250   
260   242   
248   254   
261   241   
268   234   
259   243   
242   260   
241   261   
255   247   
239   263   
254   248   
247   255   
242   260   
240   262   
272   230   
259   243   
261   241   
268   234   
266   236   
271   231   
263   239   
264   238   
256   246   
253   249   
252   250   
268   234   
267   235   
250   252   
249   253   
240   262   
248   254   
245   257   
235   267   
244   258   
248   254   
240   262   
1   1   
