251   251   
265   237   
252   250   
253   249   
258   244   
257   245   
252   250   
247   255   
244   258   
246   256   
242   260   
235   267   
231   271   
239   263   
229   273   
226   276   
244   258   
235   267   
252   250   
235   267   
235   267   
239   263   
232   270   
234   268   
240   262   
241   261   
236   266   
243   259   
255   247   
259   243   
263   239   
258   244   
262   240   
263   239   
266   236   
255   247   
268   234   
270   232   
258   244   
252   250   
263   239   
268   234   
249   253   
251   251   
251   251   
262   240   
255   247   
248   254   
246   256   
248   254   
245   257   
243   259   
251   251   
249   253   
251   251   
254   248   
262   240   
259   243   
254   248   
244   258   
255   247   
249   253   
254   248   
254   248   
257   245   
263   239   
266   236   
263   239   
262   240   
259   243   
262   240   
265   237   
277   225   
247   255   
262   240   
244   258   
246   256   
258   244   
245   257   
240   262   
244   258   
238   264   
233   269   
255   247   
246   256   
239   263   
250   252   
241   261   
242   260   
239   263   
244   258   
238   264   
236   266   
237   265   
238   264   
227   275   
229   273   
237   265   
242   260   
245   257   
238   264   
236   266   
250   252   
252   250   
249   253   
264   238   
252   250   
244   258   
241   261   
251   251   
252   250   
253   249   
247   255   
225   277   
230   272   
228   274   
243   259   
247   255   
240   262   
235   267   
242   260   
244   258   
245   257   
231   271   
261   241   
246   256   
255   247   
278   224   
278   224   
278   224   
267   235   
286   216   
286   216   
282   220   
279   223   
291   211   
285   217   
266   236   
263   239   
252   250   
265   237   
261   241   
259   243   
270   232   
267   235   
269   233   
267   235   
261   241   
243   259   
244   258   
223   279   
212   290   
218   284   
226   276   
245   257   
255   247   
260   242   
246   256   
243   259   
263   239   
258   244   
250   252   
246   256   
261   241   
255   247   
247   255   
257   245   
257   245   
253   249   
254   248   
286   216   
302   200   
282   220   
271   231   
264   238   
257   245   
252   250   
263   239   
267   235   
260   242   
253   249   
254   248   
272   230   
269   233   
270   232   
276   226   
254   248   
237   265   
245   257   
245   257   
253   249   
246   256   
239   263   
232   270   
252   250   
232   270   
266   236   
259   243   
251   251   
251   251   
261   241   
257   245   
259   243   
254   248   
245   257   
241   261   
231   271   
249   253   
254   248   
248   254   
248   254   
244   258   
240   262   
243   259   
251   251   
262   240   
271   231   
272   230   
280   222   
278   224   
272   230   
272   230   
260   242   
259   243   
249   253   
247   255   
238   264   
262   240   
245   257   
233   269   
221   281   
233   269   
238   264   
232   270   
240   262   
242   260   
246   256   
236   266   
234   268   
239   263   
231   271   
227   275   
226   276   
231   271   
231   271   
237   265   
237   265   
258   244   
251   251   
243   259   
224   278   
242   260   
247   255   
263   239   
259   243   
248   254   
253   249   
262   240   
271   231   
252   250   
259   243   
266   236   
265   237   
273   229   
274   228   
284   218   
272   230   
277   225   
276   226   
270   232   
272   230   
270   232   
262   240   
271   231   
263   239   
254   248   
256   246   
256   246   
248   254   
248   254   
265   237   
260   242   
254   248   
262   240   
249   253   
247   255   
256   246   
249   253   
234   268   
233   269   
236   266   
243   259   
249   253   
255   247   
229   273   
244   258   
249   253   
259   243   
244   258   
246   256   
251   251   
252   250   
255   247   
276   226   
268   234   
266   236   
258   244   
263   239   
253   249   
252   250   
248   254   
247   255   
251   251   
240   262   
242   260   
242   260   
255   247   
262   240   
264   238   
241   261   
258   244   
251   251   
253   249   
254   248   
265   237   
262   240   
242   260   
243   259   
241   261   
247   255   
248   254   
265   237   
261   241   
257   245   
266   236   
267   235   
247   255   
246   256   
249   253   
264   238   
282   220   
282   220   
274   228   
259   243   
260   242   
254   248   
251   251   
243   259   
251   251   
265   237   
268   234   
271   231   
252   250   
261   241   
252   250   
254   248   
253   249   
249   253   
247   255   
255   247   
258   244   
256   246   
243   259   
252   250   
244   258   
234   268   
239   263   
234   268   
233   269   
240   262   
245   257   
244   258   
248   254   
243   259   
241   261   
245   257   
257   245   
242   260   
249   253   
228   274   
241   261   
259   243   
242   260   
246   256   
264   238   
288   214   
273   229   
247   255   
260   242   
262   240   
254   248   
249   253   
264   238   
263   239   
245   257   
243   259   
254   248   
254   248   
272   230   
272   230   
260   242   
243   259   
244   258   
230   272   
242   260   
242   260   
253   249   
270   232   
263   239   
256   246   
251   251   
253   249   
240   262   
238   264   
247   255   
257   245   
259   243   
253   249   
248   254   
252   250   
248   254   
253   249   
254   248   
242   260   
240   262   
231   271   
239   263   
231   271   
248   254   
240   262   
255   247   
255   247   
251   251   
247   255   
228   274   
236   266   
244   258   
251   251   
263   239   
260   242   
258   244   
256   246   
245   257   
243   259   
243   259   
233   269   
233   269   
228   274   
235   267   
233   269   
231   271   
238   264   
256   246   
261   241   
262   240   
261   241   
257   245   
245   257   
248   254   
257   245   
264   238   
261   241   
257   245   
266   236   
267   235   
254   248   
234   268   
257   245   
259   243   
247   255   
252   250   
264   238   
263   239   
255   247   
249   253   
246   256   
254   248   
260   242   
265   237   
268   234   
245   257   
245   257   
235   267   
254   248   
257   245   
259   243   
252   250   
244   258   
245   257   
267   235   
258   244   
274   228   
262   240   
261   241   
272   230   
257   245   
272   230   
254   248   
251   251   
237   265   
1   1   
