251   251   
264   238   
267   235   
273   229   
279   223   
265   237   
250   252   
274   228   
280   222   
281   221   
274   228   
265   237   
270   232   
250   252   
267   235   
275   227   
256   246   
244   258   
229   273   
225   277   
244   258   
240   262   
263   239   
252   250   
247   255   
247   255   
249   253   
242   260   
240   262   
258   244   
261   241   
268   234   
276   226   
287   215   
277   225   
287   215   
262   240   
250   252   
264   238   
266   236   
248   254   
241   261   
249   253   
255   247   
267   235   
257   245   
246   256   
244   258   
235   267   
212   290   
240   262   
247   255   
267   235   
261   241   
250   252   
249   253   
240   262   
244   258   
250   252   
261   241   
259   243   
250   252   
256   246   
252   250   
250   252   
265   237   
267   235   
254   248   
248   254   
242   260   
256   246   
257   245   
246   256   
226   276   
229   273   
240   262   
246   256   
240   262   
240   262   
244   258   
265   237   
268   234   
258   244   
270   232   
275   227   
281   221   
285   217   
265   237   
266   236   
267   235   
255   247   
253   249   
248   254   
245   257   
266   236   
267   235   
258   244   
257   245   
250   252   
258   244   
279   223   
267   235   
266   236   
266   236   
280   222   
274   228   
266   236   
273   229   
280   222   
282   220   
288   214   
271   231   
280   222   
276   226   
267   235   
270   232   
267   235   
256   246   
236   266   
248   254   
249   253   
247   255   
250   252   
249   253   
239   263   
257   245   
254   248   
255   247   
267   235   
257   245   
255   247   
263   239   
270   232   
265   237   
239   263   
251   251   
248   254   
250   252   
258   244   
259   243   
250   252   
266   236   
270   232   
266   236   
272   230   
266   236   
256   246   
257   245   
259   243   
261   241   
259   243   
257   245   
259   243   
257   245   
246   256   
267   235   
251   251   
251   251   
263   239   
261   241   
249   253   
265   237   
265   237   
284   218   
282   220   
276   226   
282   220   
287   215   
262   240   
250   252   
254   248   
244   258   
258   244   
256   246   
251   251   
251   251   
260   242   
259   243   
252   250   
247   255   
270   232   
267   235   
266   236   
267   235   
261   241   
258   244   
266   236   
253   249   
272   230   
269   233   
264   238   
244   258   
268   234   
264   238   
264   238   
256   246   
251   251   
252   250   
255   247   
255   247   
252   250   
247   255   
248   254   
219   283   
230   272   
244   258   
255   247   
251   251   
229   273   
250   252   
256   246   
259   243   
244   258   
237   265   
244   258   
241   261   
229   273   
228   274   
231   271   
238   264   
259   243   
251   251   
253   249   
251   251   
266   236   
264   238   
260   242   
271   231   
257   245   
262   240   
263   239   
257   245   
257   245   
259   243   
250   252   
245   257   
249   253   
258   244   
278   224   
256   246   
256   246   
251   251   
259   243   
273   229   
273   229   
266   236   
268   234   
256   246   
257   245   
264   238   
252   250   
252   250   
262   240   
269   233   
260   242   
257   245   
254   248   
251   251   
260   242   
253   249   
251   251   
250   252   
232   270   
245   257   
252   250   
262   240   
263   239   
255   247   
247   255   
261   241   
253   249   
251   251   
253   249   
255   247   
264   238   
277   225   
279   223   
286   216   
282   220   
285   217   
277   225   
277   225   
271   231   
277   225   
287   215   
285   217   
263   239   
247   255   
252   250   
253   249   
260   242   
255   247   
253   249   
247   255   
248   254   
257   245   
249   253   
260   242   
249   253   
255   247   
249   253   
236   266   
233   269   
240   262   
221   281   
231   271   
222   280   
240   262   
244   258   
244   258   
234   268   
232   270   
232   270   
238   264   
228   274   
235   267   
240   262   
244   258   
259   243   
271   231   
249   253   
245   257   
248   254   
266   236   
278   224   
276   226   
267   235   
264   238   
268   234   
275   227   
265   237   
246   256   
226   276   
234   268   
233   269   
242   260   
254   248   
250   252   
247   255   
230   272   
210   292   
218   284   
211   291   
223   279   
234   268   
241   261   
241   261   
252   250   
256   246   
248   254   
261   241   
271   231   
263   239   
264   238   
257   245   
243   259   
252   250   
247   255   
251   251   
265   237   
266   236   
234   268   
241   261   
234   268   
226   276   
215   287   
220   282   
222   280   
219   283   
230   272   
232   270   
227   275   
253   249   
252   250   
265   237   
250   252   
247   255   
228   274   
230   272   
237   265   
223   279   
229   273   
215   287   
233   269   
237   265   
236   266   
243   259   
248   254   
243   259   
257   245   
260   242   
264   238   
268   234   
254   248   
262   240   
250   252   
267   235   
255   247   
272   230   
268   234   
260   242   
266   236   
266   236   
253   249   
239   263   
244   258   
231   271   
234   268   
232   270   
244   258   
250   252   
246   256   
246   256   
244   258   
250   252   
244   258   
262   240   
250   252   
261   241   
263   239   
254   248   
261   241   
255   247   
237   265   
242   260   
240   262   
258   244   
270   232   
262   240   
266   236   
268   234   
247   255   
251   251   
252   250   
259   243   
272   230   
266   236   
277   225   
267   235   
264   238   
264   238   
269   233   
262   240   
267   235   
263   239   
259   243   
254   248   
245   257   
241   261   
241   261   
237   265   
244   258   
231   271   
240   262   
245   257   
239   263   
247   255   
255   247   
233   269   
226   276   
232   270   
229   273   
232   270   
231   271   
236   266   
247   255   
259   243   
241   261   
235   267   
248   254   
252   250   
257   245   
227   275   
227   275   
239   263   
252   250   
265   237   
242   260   
246   256   
244   258   
249   253   
251   251   
248   254   
255   247   
262   240   
278   224   
262   240   
250   252   
231   271   
236   266   
253   249   
250   252   
256   246   
253   249   
240   262   
234   268   
244   258   
260   242   
251   251   
241   261   
1   1   
