251   251   
264   238   
261   241   
252   250   
254   248   
249   253   
273   229   
274   228   
265   237   
255   247   
259   243   
255   247   
249   253   
248   254   
242   260   
231   271   
242   260   
248   254   
251   251   
246   256   
221   281   
227   275   
238   264   
234   268   
241   261   
253   249   
257   245   
270   232   
284   218   
260   242   
242   260   
242   260   
250   252   
251   251   
264   238   
262   240   
259   243   
256   246   
263   239   
261   241   
266   236   
264   238   
251   251   
241   261   
238   264   
236   266   
246   256   
253   249   
256   246   
255   247   
254   248   
260   242   
262   240   
262   240   
250   252   
264   238   
258   244   
261   241   
238   264   
243   259   
251   251   
272   230   
272   230   
265   237   
276   226   
266   236   
266   236   
276   226   
266   236   
269   233   
278   224   
284   218   
274   228   
263   239   
277   225   
260   242   
252   250   
255   247   
266   236   
255   247   
254   248   
271   231   
276   226   
269   233   
269   233   
263   239   
251   251   
251   251   
252   250   
260   242   
254   248   
240   262   
246   256   
266   236   
266   236   
290   212   
285   217   
266   236   
260   242   
262   240   
259   243   
249   253   
246   256   
253   249   
263   239   
271   231   
274   228   
267   235   
261   241   
259   243   
258   244   
269   233   
274   228   
279   223   
254   248   
259   243   
254   248   
258   244   
258   244   
260   242   
255   247   
265   237   
259   243   
253   249   
255   247   
253   249   
248   254   
242   260   
262   240   
242   260   
263   239   
273   229   
280   222   
277   225   
276   226   
278   224   
294   208   
274   228   
268   234   
257   245   
243   259   
256   246   
257   245   
266   236   
262   240   
246   256   
244   258   
252   250   
243   259   
244   258   
243   259   
244   258   
242   260   
234   268   
230   272   
244   258   
232   270   
248   254   
249   253   
232   270   
236   266   
224   278   
226   276   
241   261   
236   266   
242   260   
227   275   
234   268   
244   258   
249   253   
248   254   
258   244   
247   255   
274   228   
273   229   
269   233   
265   237   
272   230   
262   240   
257   245   
258   244   
265   237   
265   237   
259   243   
269   233   
269   233   
256   246   
248   254   
243   259   
257   245   
256   246   
261   241   
260   242   
250   252   
263   239   
274   228   
269   233   
271   231   
260   242   
242   260   
244   258   
250   252   
265   237   
273   229   
271   231   
270   232   
256   246   
265   237   
268   234   
270   232   
248   254   
251   251   
257   245   
261   241   
262   240   
244   258   
254   248   
258   244   
254   248   
247   255   
246   256   
248   254   
242   260   
240   262   
246   256   
253   249   
258   244   
253   249   
251   251   
241   261   
243   259   
244   258   
250   252   
247   255   
265   237   
264   238   
286   216   
273   229   
272   230   
277   225   
268   234   
268   234   
253   249   
246   256   
251   251   
246   256   
251   251   
236   266   
231   271   
249   253   
256   246   
260   242   
269   233   
249   253   
235   267   
256   246   
256   246   
230   272   
243   259   
246   256   
262   240   
260   242   
250   252   
239   263   
251   251   
248   254   
251   251   
234   268   
229   273   
210   292   
223   279   
227   275   
226   276   
249   253   
256   246   
245   257   
227   275   
234   268   
238   264   
242   260   
260   242   
258   244   
268   234   
239   263   
240   262   
239   263   
247   255   
236   266   
227   275   
243   259   
249   253   
242   260   
240   262   
247   255   
251   251   
260   242   
268   234   
281   221   
262   240   
251   251   
253   249   
263   239   
249   253   
272   230   
249   253   
253   249   
253   249   
249   253   
249   253   
246   256   
238   264   
247   255   
253   249   
263   239   
249   253   
250   252   
269   233   
254   248   
251   251   
240   262   
237   265   
255   247   
240   262   
235   267   
227   275   
228   274   
225   277   
224   278   
219   283   
217   285   
234   268   
243   259   
233   269   
254   248   
255   247   
247   255   
256   246   
253   249   
241   261   
239   263   
252   250   
256   246   
267   235   
263   239   
264   238   
262   240   
255   247   
248   254   
250   252   
259   243   
257   245   
247   255   
261   241   
263   239   
272   230   
255   247   
255   247   
247   255   
249   253   
246   256   
250   252   
266   236   
250   252   
258   244   
258   244   
260   242   
267   235   
284   218   
266   236   
262   240   
254   248   
249   253   
264   238   
274   228   
264   238   
256   246   
251   251   
256   246   
255   247   
253   249   
246   256   
239   263   
244   258   
248   254   
239   263   
241   261   
247   255   
246   256   
253   249   
259   243   
246   256   
243   259   
241   261   
249   253   
247   255   
244   258   
236   266   
249   253   
247   255   
248   254   
219   283   
237   265   
247   255   
241   261   
249   253   
255   247   
258   244   
264   238   
270   232   
271   231   
257   245   
269   233   
271   231   
271   231   
248   254   
248   254   
255   247   
257   245   
253   249   
264   238   
256   246   
242   260   
248   254   
244   258   
244   258   
259   243   
246   256   
246   256   
243   259   
236   266   
244   258   
244   258   
254   248   
261   241   
255   247   
254   248   
267   235   
257   245   
258   244   
277   225   
261   241   
270   232   
271   231   
260   242   
259   243   
263   239   
271   231   
269   233   
270   232   
269   233   
278   224   
274   228   
253   249   
248   254   
261   241   
266   236   
280   222   
267   235   
259   243   
232   270   
226   276   
232   270   
250   252   
249   253   
245   257   
248   254   
268   234   
271   231   
264   238   
257   245   
244   258   
236   266   
219   283   
230   272   
233   269   
228   274   
234   268   
237   265   
223   279   
232   270   
238   264   
245   257   
246   256   
229   273   
235   267   
239   263   
251   251   
265   237   
266   236   
264   238   
274   228   
290   212   
286   216   
254   248   
252   250   
257   245   
273   229   
261   241   
268   234   
272   230   
1   1   
