251   251   
257   245   
269   233   
272   230   
271   231   
272   230   
266   236   
262   240   
268   234   
268   234   
275   227   
275   227   
278   224   
261   241   
280   222   
278   224   
278   224   
260   242   
250   252   
247   255   
251   251   
260   242   
271   231   
269   233   
265   237   
247   255   
247   255   
256   246   
252   250   
237   265   
251   251   
265   237   
248   254   
255   247   
244   258   
225   277   
224   278   
224   278   
236   266   
235   267   
231   271   
240   262   
247   255   
263   239   
267   235   
263   239   
248   254   
238   264   
260   242   
274   228   
272   230   
281   221   
292   210   
292   210   
285   217   
274   228   
251   251   
253   249   
275   227   
272   230   
267   235   
264   238   
258   244   
242   260   
229   273   
243   259   
223   279   
223   279   
226   276   
224   278   
218   284   
228   274   
244   258   
238   264   
239   263   
245   257   
245   257   
248   254   
250   252   
260   242   
250   252   
258   244   
257   245   
264   238   
264   238   
250   252   
265   237   
257   245   
236   266   
238   264   
259   243   
272   230   
251   251   
245   257   
251   251   
256   246   
267   235   
277   225   
267   235   
271   231   
271   231   
273   229   
274   228   
274   228   
268   234   
260   242   
267   235   
262   240   
266   236   
272   230   
259   243   
247   255   
249   253   
257   245   
246   256   
250   252   
255   247   
236   266   
233   269   
229   273   
225   277   
226   276   
228   274   
228   274   
221   281   
227   275   
243   259   
254   248   
250   252   
270   232   
260   242   
254   248   
251   251   
247   255   
242   260   
253   249   
262   240   
264   238   
266   236   
264   238   
259   243   
259   243   
280   222   
277   225   
268   234   
268   234   
255   247   
245   257   
237   265   
245   257   
255   247   
253   249   
262   240   
268   234   
278   224   
285   217   
276   226   
276   226   
275   227   
263   239   
262   240   
258   244   
253   249   
228   274   
237   265   
245   257   
238   264   
253   249   
244   258   
240   262   
248   254   
251   251   
244   258   
256   246   
253   249   
239   263   
231   271   
226   276   
241   261   
230   272   
226   276   
224   278   
226   276   
230   272   
241   261   
250   252   
261   241   
259   243   
268   234   
248   254   
228   274   
236   266   
248   254   
256   246   
248   254   
257   245   
254   248   
244   258   
245   257   
240   262   
253   249   
267   235   
284   218   
278   224   
271   231   
276   226   
271   231   
257   245   
245   257   
253   249   
263   239   
252   250   
260   242   
257   245   
254   248   
239   263   
230   272   
246   256   
246   256   
242   260   
227   275   
217   285   
220   282   
218   284   
218   284   
227   275   
236   266   
236   266   
245   257   
259   243   
257   245   
261   241   
262   240   
262   240   
276   226   
273   229   
265   237   
258   244   
249   253   
244   258   
256   246   
269   233   
260   242   
252   250   
259   243   
273   229   
282   220   
288   214   
291   211   
294   208   
294   208   
299   203   
308   194   
301   201   
289   213   
287   215   
294   208   
304   198   
298   204   
303   199   
296   206   
288   214   
275   227   
267   235   
263   239   
264   238   
243   259   
239   263   
238   264   
246   256   
244   258   
244   258   
255   247   
239   263   
244   258   
248   254   
236   266   
240   262   
238   264   
210   292   
206   296   
211   291   
235   267   
223   279   
225   277   
223   279   
224   278   
230   272   
235   267   
237   265   
243   259   
252   250   
242   260   
230   272   
227   275   
233   269   
231   271   
231   271   
239   263   
261   241   
258   244   
250   252   
258   244   
261   241   
255   247   
247   255   
258   244   
261   241   
259   243   
261   241   
268   234   
272   230   
274   228   
277   225   
283   219   
280   222   
269   233   
268   234   
266   236   
256   246   
250   252   
241   261   
245   257   
237   265   
248   254   
244   258   
248   254   
230   272   
230   272   
220   282   
222   280   
208   294   
222   280   
238   264   
232   270   
233   269   
233   269   
229   273   
218   284   
216   286   
219   283   
230   272   
229   273   
233   269   
230   272   
225   277   
223   279   
230   272   
235   267   
224   278   
225   277   
221   281   
214   288   
235   267   
239   263   
243   259   
241   261   
246   256   
237   265   
229   273   
233   269   
241   261   
243   259   
234   268   
244   258   
234   268   
232   270   
218   284   
224   278   
224   278   
218   284   
219   283   
212   290   
219   283   
217   285   
231   271   
254   248   
245   257   
241   261   
241   261   
242   260   
251   251   
248   254   
247   255   
246   256   
243   259   
242   260   
242   260   
245   257   
245   257   
251   251   
263   239   
262   240   
256   246   
244   258   
240   262   
254   248   
259   243   
252   250   
253   249   
247   255   
252   250   
256   246   
268   234   
252   250   
261   241   
268   234   
283   219   
268   234   
269   233   
278   224   
268   234   
265   237   
290   212   
297   205   
284   218   
273   229   
280   222   
282   220   
270   232   
263   239   
265   237   
269   233   
276   226   
274   228   
262   240   
256   246   
266   236   
250   252   
237   265   
237   265   
236   266   
226   276   
241   261   
235   267   
251   251   
254   248   
259   243   
248   254   
254   248   
264   238   
273   229   
262   240   
258   244   
262   240   
267   235   
251   251   
252   250   
272   230   
264   238   
261   241   
256   246   
250   252   
251   251   
241   261   
226   276   
233   269   
231   271   
230   272   
237   265   
231   271   
238   264   
224   278   
238   264   
233   269   
235   267   
230   272   
245   257   
244   258   
251   251   
242   260   
257   245   
270   232   
255   247   
250   252   
260   242   
264   238   
268   234   
287   215   
268   234   
254   248   
261   241   
255   247   
259   243   
258   244   
239   263   
253   249   
273   229   
261   241   
270   232   
283   219   
286   216   
284   218   
285   217   
283   219   
309   193   
313   189   
302   200   
312   190   
303   199   
1   1   
