251   251   
262   240   
252   250   
259   243   
246   256   
249   253   
229   273   
243   259   
229   273   
234   268   
256   246   
263   239   
258   244   
272   230   
277   225   
263   239   
253   249   
253   249   
258   244   
233   269   
247   255   
245   257   
258   244   
241   261   
247   255   
243   259   
252   250   
254   248   
250   252   
239   263   
254   248   
264   238   
264   238   
273   229   
257   245   
259   243   
259   243   
273   229   
257   245   
251   251   
255   247   
245   257   
240   262   
264   238   
269   233   
250   252   
241   261   
246   256   
246   256   
249   253   
256   246   
251   251   
242   260   
247   255   
247   255   
246   256   
246   256   
236   266   
236   266   
228   274   
236   266   
249   253   
248   254   
236   266   
239   263   
246   256   
229   273   
247   255   
264   238   
248   254   
256   246   
248   254   
248   254   
257   245   
256   246   
267   235   
264   238   
247   255   
222   280   
227   275   
235   267   
251   251   
249   253   
246   256   
247   255   
243   259   
263   239   
253   249   
244   258   
252   250   
246   256   
262   240   
257   245   
266   236   
246   256   
262   240   
251   251   
254   248   
255   247   
268   234   
247   255   
239   263   
222   280   
259   243   
259   243   
260   242   
259   243   
265   237   
261   241   
260   242   
230   272   
240   262   
227   275   
238   264   
234   268   
229   273   
241   261   
265   237   
269   233   
267   235   
249   253   
267   235   
276   226   
271   231   
267   235   
252   250   
253   249   
227   275   
232   270   
254   248   
271   231   
241   261   
246   256   
264   238   
251   251   
261   241   
276   226   
255   247   
252   250   
256   246   
241   261   
255   247   
259   243   
254   248   
252   250   
243   259   
240   262   
230   272   
239   263   
254   248   
257   245   
236   266   
257   245   
266   236   
250   252   
248   254   
246   256   
265   237   
264   238   
262   240   
256   246   
268   234   
250   252   
251   251   
237   265   
236   266   
232   270   
239   263   
271   231   
257   245   
248   254   
252   250   
251   251   
257   245   
235   267   
242   260   
239   263   
244   258   
242   260   
240   262   
255   247   
245   257   
246   256   
252   250   
249   253   
263   239   
260   242   
263   239   
258   244   
259   243   
259   243   
279   223   
270   232   
259   243   
239   263   
257   245   
265   237   
246   256   
247   255   
243   259   
244   258   
247   255   
254   248   
260   242   
253   249   
245   257   
259   243   
249   253   
250   252   
270   232   
273   229   
243   259   
252   250   
243   259   
253   249   
258   244   
252   250   
259   243   
244   258   
246   256   
267   235   
264   238   
258   244   
242   260   
241   261   
247   255   
248   254   
246   256   
231   271   
238   264   
235   267   
244   258   
241   261   
260   242   
250   252   
248   254   
264   238   
270   232   
240   262   
241   261   
225   277   
222   280   
234   268   
237   265   
245   257   
263   239   
255   247   
251   251   
245   257   
264   238   
264   238   
256   246   
247   255   
260   242   
253   249   
253   249   
241   261   
245   257   
252   250   
235   267   
246   256   
243   259   
265   237   
263   239   
252   250   
261   241   
271   231   
278   224   
258   244   
253   249   
231   271   
238   264   
240   262   
231   271   
236   266   
245   257   
244   258   
246   256   
239   263   
252   250   
255   247   
252   250   
262   240   
257   245   
260   242   
246   256   
234   268   
246   256   
254   248   
236   266   
238   264   
262   240   
260   242   
256   246   
254   248   
249   253   
244   258   
244   258   
247   255   
252   250   
246   256   
271   231   
265   237   
253   249   
253   249   
260   242   
247   255   
247   255   
243   259   
253   249   
253   249   
281   221   
259   243   
263   239   
257   245   
250   252   
242   260   
258   244   
268   234   
257   245   
257   245   
236   266   
259   243   
238   264   
249   253   
241   261   
250   252   
255   247   
226   276   
231   271   
220   282   
242   260   
244   258   
252   250   
282   220   
255   247   
259   243   
267   235   
254   248   
252   250   
260   242   
242   260   
262   240   
277   225   
238   264   
250   252   
236   266   
256   246   
248   254   
279   223   
262   240   
263   239   
258   244   
248   254   
251   251   
250   252   
258   244   
253   249   
271   231   
275   227   
263   239   
250   252   
242   260   
250   252   
269   233   
248   254   
271   231   
276   226   
271   231   
257   245   
240   262   
250   252   
249   253   
244   258   
240   262   
256   246   
253   249   
258   244   
235   267   
251   251   
267   235   
279   223   
273   229   
254   248   
243   259   
249   253   
255   247   
255   247   
254   248   
241   261   
249   253   
240   262   
229   273   
233   269   
238   264   
229   273   
245   257   
251   251   
254   248   
255   247   
257   245   
249   253   
242   260   
244   258   
248   254   
263   239   
265   237   
251   251   
246   256   
242   260   
249   253   
262   240   
261   241   
261   241   
253   249   
245   257   
262   240   
248   254   
249   253   
261   241   
242   260   
232   270   
240   262   
240   262   
239   263   
246   256   
235   267   
239   263   
230   272   
247   255   
261   241   
270   232   
250   252   
251   251   
256   246   
238   264   
251   251   
258   244   
258   244   
257   245   
244   258   
262   240   
258   244   
260   242   
257   245   
272   230   
282   220   
261   241   
242   260   
250   252   
243   259   
262   240   
266   236   
256   246   
262   240   
276   226   
283   219   
262   240   
256   246   
259   243   
262   240   
251   251   
249   253   
261   241   
257   245   
244   258   
240   262   
258   244   
258   244   
263   239   
249   253   
248   254   
243   259   
239   263   
252   250   
270   232   
267   235   
252   250   
249   253   
256   246   
246   256   
245   257   
248   254   
269   233   
249   253   
266   236   
269   233   
261   241   
262   240   
238   264   
232   270   
241   261   
239   263   
243   259   
262   240   
268   234   
243   259   
242   260   
260   242   
260   242   
1   1   
