251   251   
252   250   
262   240   
251   251   
243   259   
270   232   
266   236   
245   257   
246   256   
243   259   
250   252   
254   248   
243   259   
252   250   
243   259   
252   250   
258   244   
257   245   
259   243   
247   255   
253   249   
261   241   
250   252   
268   234   
258   244   
255   247   
266   236   
260   242   
272   230   
268   234   
271   231   
270   232   
269   233   
267   235   
253   249   
245   257   
251   251   
249   253   
266   236   
255   247   
248   254   
259   243   
269   233   
252   250   
239   263   
242   260   
241   261   
241   261   
251   251   
240   262   
228   274   
224   278   
245   257   
247   255   
243   259   
248   254   
245   257   
253   249   
244   258   
251   251   
240   262   
236   266   
251   251   
269   233   
258   244   
252   250   
247   255   
248   254   
243   259   
229   273   
244   258   
234   268   
253   249   
273   229   
276   226   
257   245   
254   248   
263   239   
262   240   
273   229   
259   243   
270   232   
250   252   
234   268   
235   267   
233   269   
242   260   
234   268   
243   259   
224   278   
248   254   
265   237   
271   231   
266   236   
250   252   
266   236   
263   239   
273   229   
240   262   
250   252   
247   255   
227   275   
234   268   
241   261   
243   259   
251   251   
265   237   
257   245   
257   245   
265   237   
263   239   
268   234   
265   237   
279   223   
274   228   
279   223   
279   223   
274   228   
270   232   
269   233   
266   236   
273   229   
272   230   
277   225   
277   225   
285   217   
282   220   
275   227   
289   213   
283   219   
275   227   
279   223   
271   231   
266   236   
247   255   
236   266   
224   278   
231   271   
221   281   
237   265   
233   269   
238   264   
243   259   
250   252   
256   246   
250   252   
251   251   
244   258   
237   265   
239   263   
253   249   
253   249   
254   248   
255   247   
266   236   
266   236   
274   228   
248   254   
260   242   
251   251   
261   241   
260   242   
261   241   
260   242   
268   234   
250   252   
244   258   
243   259   
251   251   
260   242   
252   250   
252   250   
270   232   
267   235   
250   252   
268   234   
271   231   
265   237   
258   244   
249   253   
251   251   
260   242   
251   251   
253   249   
266   236   
261   241   
261   241   
249   253   
262   240   
257   245   
261   241   
246   256   
224   278   
219   283   
229   273   
228   274   
243   259   
262   240   
256   246   
245   257   
244   258   
237   265   
238   264   
251   251   
262   240   
254   248   
251   251   
246   256   
236   266   
233   269   
224   278   
234   268   
240   262   
252   250   
259   243   
283   219   
289   213   
277   225   
270   232   
270   232   
258   244   
261   241   
251   251   
251   251   
258   244   
279   223   
268   234   
259   243   
250   252   
235   267   
250   252   
254   248   
248   254   
248   254   
254   248   
247   255   
261   241   
259   243   
265   237   
264   238   
257   245   
246   256   
264   238   
243   259   
247   255   
253   249   
253   249   
254   248   
269   233   
268   234   
273   229   
264   238   
269   233   
268   234   
261   241   
248   254   
241   261   
226   276   
248   254   
237   265   
219   283   
212   290   
211   291   
201   301   
216   286   
214   288   
212   290   
226   276   
249   253   
257   245   
258   244   
254   248   
268   234   
249   253   
259   243   
268   234   
258   244   
253   249   
235   267   
240   262   
238   264   
241   261   
246   256   
250   252   
245   257   
255   247   
268   234   
267   235   
248   254   
232   270   
236   266   
231   271   
241   261   
256   246   
266   236   
264   238   
254   248   
244   258   
252   250   
239   263   
241   261   
232   270   
238   264   
244   258   
243   259   
238   264   
244   258   
238   264   
229   273   
223   279   
216   286   
227   275   
246   256   
243   259   
238   264   
249   253   
268   234   
278   224   
267   235   
272   230   
264   238   
274   228   
269   233   
264   238   
262   240   
243   259   
256   246   
269   233   
268   234   
265   237   
274   228   
272   230   
244   258   
234   268   
229   273   
238   264   
235   267   
246   256   
220   282   
220   282   
235   267   
249   253   
259   243   
257   245   
266   236   
258   244   
277   225   
262   240   
258   244   
273   229   
280   222   
263   239   
270   232   
279   223   
270   232   
278   224   
252   250   
231   271   
230   272   
244   258   
254   248   
247   255   
246   256   
243   259   
244   258   
250   252   
227   275   
237   265   
236   266   
242   260   
224   278   
231   271   
243   259   
241   261   
250   252   
234   268   
241   261   
242   260   
244   258   
260   242   
261   241   
260   242   
249   253   
243   259   
254   248   
247   255   
234   268   
253   249   
252   250   
246   256   
257   245   
250   252   
250   252   
251   251   
248   254   
239   263   
246   256   
241   261   
241   261   
222   280   
226   276   
243   259   
238   264   
236   266   
233   269   
244   258   
261   241   
263   239   
253   249   
270   232   
277   225   
279   223   
271   231   
263   239   
268   234   
266   236   
260   242   
271   231   
256   246   
254   248   
269   233   
268   234   
248   254   
245   257   
233   269   
239   263   
257   245   
269   233   
249   253   
243   259   
238   264   
241   261   
239   263   
228   274   
242   260   
262   240   
263   239   
253   249   
258   244   
255   247   
246   256   
270   232   
258   244   
261   241   
260   242   
253   249   
244   258   
241   261   
246   256   
255   247   
256   246   
232   270   
234   268   
234   268   
243   259   
260   242   
256   246   
258   244   
260   242   
275   227   
260   242   
275   227   
263   239   
265   237   
270   232   
263   239   
270   232   
268   234   
256   246   
252   250   
255   247   
247   255   
247   255   
255   247   
257   245   
255   247   
259   243   
256   246   
257   245   
269   233   
271   231   
265   237   
259   243   
251   251   
251   251   
252   250   
254   248   
235   267   
249   253   
250   252   
253   249   
269   233   
277   225   
278   224   
261   241   
245   257   
247   255   
248   254   
235   267   
233   269   
1   1   
