251   251   
268   234   
268   234   
258   244   
258   244   
262   240   
263   239   
258   244   
254   248   
249   253   
264   238   
275   227   
266   236   
266   236   
270   232   
266   236   
279   223   
288   214   
309   193   
314   188   
322   180   
315   187   
321   181   
319   183   
332   170   
317   185   
319   183   
325   177   
328   174   
321   181   
323   179   
304   198   
306   196   
305   197   
311   191   
296   206   
304   198   
299   203   
288   214   
279   223   
285   217   
284   218   
287   215   
299   203   
288   214   
290   212   
285   217   
291   211   
291   211   
293   209   
278   224   
287   215   
280   222   
264   238   
270   232   
278   224   
283   219   
281   221   
279   223   
291   211   
288   214   
282   220   
290   212   
278   224   
273   229   
274   228   
286   216   
291   211   
288   214   
294   208   
301   201   
310   192   
303   199   
307   195   
304   198   
304   198   
303   199   
290   212   
307   195   
308   194   
301   201   
288   214   
296   206   
297   205   
308   194   
307   195   
295   207   
288   214   
288   214   
278   224   
278   224   
280   222   
290   212   
287   215   
290   212   
299   203   
301   201   
312   190   
318   184   
315   187   
318   184   
322   180   
331   171   
326   176   
328   174   
328   174   
321   181   
320   182   
309   193   
306   196   
294   208   
293   209   
298   204   
291   211   
293   209   
295   207   
299   203   
299   203   
299   203   
315   187   
310   192   
291   211   
287   215   
296   206   
307   195   
311   191   
308   194   
313   189   
305   197   
304   198   
284   218   
280   222   
271   231   
255   247   
257   245   
263   239   
255   247   
279   223   
276   226   
277   225   
283   219   
274   228   
262   240   
262   240   
275   227   
275   227   
267   235   
271   231   
273   229   
267   235   
270   232   
269   233   
279   223   
292   210   
281   221   
271   231   
262   240   
253   249   
260   242   
268   234   
263   239   
270   232   
273   229   
275   227   
281   221   
272   230   
276   226   
281   221   
277   225   
276   226   
285   217   
288   214   
271   231   
264   238   
267   235   
265   237   
256   246   
261   241   
249   253   
244   258   
240   262   
243   259   
244   258   
248   254   
242   260   
241   261   
255   247   
257   245   
260   242   
268   234   
264   238   
262   240   
262   240   
279   223   
287   215   
280   222   
295   207   
291   211   
288   214   
284   218   
281   221   
278   224   
281   221   
291   211   
292   210   
280   222   
267   235   
254   248   
245   257   
251   251   
261   241   
276   226   
274   228   
278   224   
266   236   
257   245   
255   247   
256   246   
253   249   
254   248   
243   259   
247   255   
244   258   
242   260   
247   255   
256   246   
255   247   
237   265   
238   264   
236   266   
242   260   
238   264   
227   275   
233   269   
232   270   
232   270   
238   264   
233   269   
235   267   
234   268   
225   277   
227   275   
222   280   
240   262   
244   258   
250   252   
267   235   
249   253   
245   257   
233   269   
220   282   
212   290   
206   296   
214   288   
206   296   
208   294   
210   292   
210   292   
212   290   
219   283   
226   276   
224   278   
223   279   
225   277   
223   279   
227   275   
246   256   
236   266   
229   273   
220   282   
226   276   
224   278   
225   277   
225   277   
220   282   
236   266   
231   271   
245   257   
233   269   
244   258   
229   273   
240   262   
241   261   
233   269   
231   271   
228   274   
240   262   
239   263   
241   261   
241   261   
238   264   
238   264   
242   260   
241   261   
242   260   
239   263   
233   269   
225   277   
212   290   
220   282   
218   284   
213   289   
214   288   
202   300   
192   310   
190   312   
182   320   
184   318   
182   320   
181   321   
168   334   
180   322   
172   330   
168   334   
156   346   
152   350   
153   349   
144   358   
138   364   
137   365   
131   371   
131   371   
141   361   
149   353   
154   348   
152   350   
154   348   
152   350   
153   349   
154   348   
151   351   
139   363   
131   371   
126   376   
136   366   
126   376   
124   378   
126   376   
135   367   
129   373   
127   375   
125   377   
123   379   
118   384   
125   377   
129   373   
133   369   
147   355   
152   350   
152   350   
162   340   
173   329   
160   342   
159   343   
157   345   
155   347   
155   347   
154   348   
139   363   
146   356   
150   352   
145   357   
140   362   
144   358   
142   360   
126   376   
136   366   
147   355   
148   354   
159   343   
159   343   
161   341   
160   342   
157   345   
167   335   
170   332   
168   334   
155   347   
161   341   
170   332   
166   336   
171   331   
175   327   
161   341   
147   355   
138   364   
138   364   
131   371   
138   364   
145   357   
147   355   
133   369   
126   376   
120   382   
125   377   
133   369   
132   370   
129   373   
129   373   
130   372   
127   375   
122   380   
124   378   
128   374   
127   375   
144   358   
154   348   
157   345   
150   352   
139   363   
142   360   
135   367   
128   374   
133   369   
124   378   
123   379   
121   381   
124   378   
119   383   
94   408   
85   417   
88   414   
85   417   
90   412   
93   409   
102   400   
94   408   
89   413   
81   421   
87   415   
86   416   
90   412   
95   407   
99   403   
100   402   
103   399   
107   395   
105   397   
104   398   
107   395   
122   380   
123   379   
119   383   
127   375   
131   371   
122   380   
125   377   
118   384   
119   383   
118   384   
96   406   
101   401   
110   392   
117   385   
126   376   
118   384   
129   373   
122   380   
110   392   
125   377   
128   374   
131   371   
116   386   
124   378   
122   380   
110   392   
107   395   
110   392   
104   398   
114   388   
113   389   
114   388   
116   386   
122   380   
108   394   
118   384   
111   391   
114   388   
119   383   
115   387   
115   387   
123   379   
134   368   
145   357   
145   357   
140   362   
135   367   
126   376   
115   387   
105   397   
105   397   
102   400   
102   400   
95   407   
92   410   
88   414   
82   420   
95   407   
94   408   
93   409   
1   1   
