251   251   
257   245   
254   248   
249   253   
251   251   
261   241   
255   247   
254   248   
245   257   
241   261   
241   261   
252   250   
254   248   
260   242   
268   234   
262   240   
261   241   
249   253   
247   255   
259   243   
252   250   
254   248   
252   250   
254   248   
247   255   
244   258   
234   268   
220   282   
208   294   
211   291   
210   292   
220   282   
223   279   
217   285   
207   295   
196   306   
195   307   
188   314   
187   315   
185   317   
185   317   
183   319   
195   307   
206   296   
190   312   
184   318   
190   312   
193   309   
194   308   
180   322   
167   335   
166   336   
175   327   
184   318   
186   316   
184   318   
171   331   
162   340   
158   344   
162   340   
163   339   
169   333   
167   335   
168   334   
158   344   
159   343   
164   338   
165   337   
176   326   
171   331   
179   323   
174   328   
169   333   
164   338   
171   331   
175   327   
188   314   
187   315   
193   309   
201   301   
213   289   
202   300   
208   294   
215   287   
220   282   
224   278   
211   291   
211   291   
215   287   
198   304   
203   299   
201   301   
198   304   
186   316   
169   333   
175   327   
167   335   
167   335   
165   337   
168   334   
176   326   
167   335   
170   332   
164   338   
173   329   
171   331   
170   332   
174   328   
165   337   
162   340   
150   352   
153   349   
160   342   
150   352   
139   363   
133   369   
135   367   
142   360   
138   364   
142   360   
144   358   
153   349   
150   352   
138   364   
138   364   
124   378   
127   375   
125   377   
123   379   
119   383   
120   382   
114   388   
109   393   
101   401   
107   395   
109   393   
115   387   
107   395   
105   397   
108   394   
109   393   
103   399   
104   398   
110   392   
121   381   
126   376   
136   366   
130   372   
119   383   
120   382   
112   390   
108   394   
121   381   
130   372   
134   368   
150   352   
145   357   
140   362   
146   356   
159   343   
155   347   
159   343   
159   343   
156   346   
149   353   
151   351   
154   348   
151   351   
151   351   
151   351   
141   361   
139   363   
128   374   
132   370   
133   369   
129   373   
124   378   
126   376   
117   385   
119   383   
122   380   
130   372   
123   379   
128   374   
133   369   
133   369   
143   359   
144   358   
149   353   
149   353   
158   344   
157   345   
162   340   
158   344   
158   344   
157   345   
158   344   
153   349   
156   346   
159   343   
151   351   
166   336   
160   342   
158   344   
151   351   
148   354   
150   352   
139   363   
138   364   
124   378   
130   372   
135   367   
126   376   
117   385   
110   392   
106   396   
120   382   
136   366   
154   348   
151   351   
149   353   
150   352   
154   348   
145   357   
139   363   
144   358   
139   363   
123   379   
126   376   
128   374   
130   372   
134   368   
130   372   
125   377   
135   367   
149   353   
143   359   
138   364   
128   374   
129   373   
127   375   
129   373   
138   364   
139   363   
135   367   
127   375   
131   371   
134   368   
134   368   
139   363   
139   363   
128   374   
127   375   
127   375   
129   373   
125   377   
133   369   
128   374   
129   373   
126   376   
132   370   
131   371   
135   367   
132   370   
136   366   
126   376   
135   367   
147   355   
152   350   
154   348   
153   349   
159   343   
162   340   
173   329   
177   325   
182   320   
185   317   
178   324   
180   322   
177   325   
171   331   
169   333   
158   344   
156   346   
155   347   
152   350   
161   341   
160   342   
161   341   
155   347   
160   342   
164   338   
157   345   
162   340   
164   338   
162   340   
153   349   
150   352   
154   348   
157   345   
164   338   
172   330   
172   330   
171   331   
163   339   
152   350   
156   346   
154   348   
145   357   
127   375   
132   370   
140   362   
143   359   
142   360   
142   360   
139   363   
142   360   
137   365   
144   358   
150   352   
156   346   
162   340   
169   333   
175   327   
168   334   
160   342   
164   338   
165   337   
171   331   
166   336   
174   328   
175   327   
179   323   
181   321   
178   324   
168   334   
171   331   
175   327   
182   320   
187   315   
175   327   
172   330   
163   339   
172   330   
161   341   
171   331   
174   328   
170   332   
167   335   
175   327   
182   320   
184   318   
178   324   
174   328   
171   331   
176   326   
170   332   
158   344   
163   339   
177   325   
185   317   
184   318   
183   319   
189   313   
198   304   
198   304   
207   295   
211   291   
217   285   
219   283   
233   269   
244   258   
249   253   
244   258   
245   257   
246   256   
260   242   
265   237   
259   243   
260   242   
257   245   
264   238   
274   228   
270   232   
255   247   
255   247   
256   246   
258   244   
261   241   
267   235   
272   230   
278   224   
284   218   
273   229   
260   242   
266   236   
258   244   
252   250   
241   261   
234   268   
226   276   
228   274   
239   263   
232   270   
239   263   
241   261   
242   260   
218   284   
224   278   
230   272   
225   277   
228   274   
228   274   
227   275   
223   279   
219   283   
220   282   
219   283   
213   289   
212   290   
218   284   
219   283   
217   285   
220   282   
228   274   
225   277   
226   276   
222   280   
228   274   
218   284   
234   268   
241   261   
230   272   
239   263   
232   270   
241   261   
233   269   
232   270   
223   279   
223   279   
219   283   
220   282   
227   275   
220   282   
207   295   
203   299   
203   299   
193   309   
193   309   
190   312   
186   316   
185   317   
193   309   
193   309   
194   308   
197   305   
193   309   
193   309   
199   303   
196   306   
203   299   
210   292   
204   298   
215   287   
227   275   
239   263   
239   263   
240   262   
243   259   
254   248   
253   249   
247   255   
247   255   
258   244   
248   254   
244   258   
242   260   
234   268   
249   253   
244   258   
222   280   
226   276   
226   276   
229   273   
238   264   
241   261   
245   257   
237   265   
244   258   
248   254   
233   269   
224   278   
216   286   
209   293   
204   298   
197   305   
204   298   
211   291   
218   284   
206   296   
1   1   
