251   251   
263   239   
263   239   
271   231   
262   240   
258   244   
250   252   
245   257   
232   270   
229   273   
218   284   
215   287   
214   288   
209   293   
218   284   
221   281   
232   270   
230   272   
234   268   
239   263   
233   269   
246   256   
241   261   
243   259   
247   255   
254   248   
252   250   
260   242   
251   251   
251   251   
249   253   
243   259   
256   246   
265   237   
269   233   
249   253   
245   257   
246   256   
242   260   
241   261   
238   264   
237   265   
232   270   
254   248   
251   251   
257   245   
263   239   
267   235   
262   240   
260   242   
258   244   
253   249   
270   232   
244   258   
220   282   
221   281   
225   277   
217   285   
220   282   
208   294   
217   285   
217   285   
215   287   
222   280   
221   281   
228   274   
237   265   
231   271   
233   269   
240   262   
250   252   
238   264   
228   274   
240   262   
247   255   
246   256   
246   256   
248   254   
230   272   
219   283   
211   291   
211   291   
204   298   
218   284   
203   299   
216   286   
227   275   
249   253   
246   256   
252   250   
244   258   
240   262   
236   266   
255   247   
254   248   
260   242   
255   247   
240   262   
242   260   
249   253   
254   248   
263   239   
239   263   
220   282   
218   284   
236   266   
238   264   
230   272   
227   275   
233   269   
221   281   
227   275   
216   286   
226   276   
222   280   
225   277   
222   280   
220   282   
220   282   
238   264   
234   268   
235   267   
226   276   
244   258   
235   267   
236   266   
233   269   
244   258   
263   239   
254   248   
255   247   
263   239   
258   244   
266   236   
265   237   
283   219   
298   204   
288   214   
290   212   
293   209   
285   217   
282   220   
270   232   
257   245   
259   243   
264   238   
258   244   
266   236   
258   244   
272   230   
269   233   
275   227   
273   229   
273   229   
257   245   
256   246   
254   248   
254   248   
268   234   
249   253   
246   256   
261   241   
262   240   
257   245   
257   245   
252   250   
250   252   
252   250   
246   256   
252   250   
245   257   
245   257   
235   267   
246   256   
259   243   
270   232   
256   246   
254   248   
264   238   
260   242   
263   239   
259   243   
251   251   
244   258   
249   253   
257   245   
263   239   
261   241   
245   257   
238   264   
249   253   
251   251   
257   245   
233   269   
224   278   
244   258   
245   257   
257   245   
268   234   
271   231   
278   224   
279   223   
273   229   
266   236   
279   223   
257   245   
254   248   
259   243   
264   238   
260   242   
259   243   
262   240   
269   233   
280   222   
285   217   
275   227   
270   232   
273   229   
282   220   
285   217   
288   214   
282   220   
281   221   
285   217   
293   209   
287   215   
288   214   
297   205   
298   204   
290   212   
287   215   
285   217   
290   212   
281   221   
283   219   
281   221   
283   219   
300   202   
306   196   
313   189   
322   180   
302   200   
292   210   
297   205   
288   214   
280   222   
279   223   
279   223   
274   228   
259   243   
261   241   
266   236   
259   243   
259   243   
244   258   
238   264   
232   270   
229   273   
234   268   
254   248   
250   252   
246   256   
241   261   
249   253   
262   240   
268   234   
265   237   
266   236   
253   249   
255   247   
262   240   
274   228   
261   241   
248   254   
244   258   
234   268   
234   268   
234   268   
258   244   
261   241   
252   250   
261   241   
261   241   
255   247   
239   263   
252   250   
243   259   
232   270   
230   272   
243   259   
256   246   
254   248   
258   244   
249   253   
271   231   
274   228   
280   222   
273   229   
268   234   
273   229   
270   232   
279   223   
288   214   
271   231   
265   237   
251   251   
257   245   
249   253   
248   254   
237   265   
252   250   
247   255   
255   247   
256   246   
258   244   
257   245   
253   249   
257   245   
248   254   
251   251   
257   245   
274   228   
269   233   
269   233   
264   238   
255   247   
258   244   
261   241   
262   240   
255   247   
260   242   
264   238   
263   239   
265   237   
268   234   
277   225   
283   219   
276   226   
274   228   
276   226   
270   232   
259   243   
254   248   
250   252   
249   253   
256   246   
260   242   
251   251   
240   262   
252   250   
262   240   
256   246   
251   251   
244   258   
239   263   
250   252   
247   255   
246   256   
248   254   
243   259   
248   254   
232   270   
235   267   
251   251   
244   258   
242   260   
229   273   
234   268   
223   279   
218   284   
224   278   
220   282   
226   276   
227   275   
224   278   
228   274   
223   279   
230   272   
235   267   
248   254   
238   264   
240   262   
250   252   
243   259   
228   274   
224   278   
237   265   
242   260   
241   261   
241   261   
229   273   
244   258   
241   261   
251   251   
242   260   
235   267   
237   265   
231   271   
211   291   
225   277   
231   271   
244   258   
255   247   
241   261   
255   247   
262   240   
263   239   
274   228   
278   224   
274   228   
259   243   
263   239   
266   236   
256   246   
261   241   
265   237   
264   238   
264   238   
254   248   
245   257   
242   260   
249   253   
242   260   
240   262   
225   277   
238   264   
261   241   
248   254   
231   271   
229   273   
232   270   
249   253   
250   252   
245   257   
246   256   
255   247   
264   238   
264   238   
246   256   
255   247   
249   253   
238   264   
256   246   
271   231   
266   236   
265   237   
271   231   
264   238   
248   254   
247   255   
246   256   
242   260   
252   250   
256   246   
255   247   
248   254   
267   235   
261   241   
253   249   
264   238   
266   236   
263   239   
273   229   
268   234   
248   254   
255   247   
250   252   
259   243   
262   240   
261   241   
260   242   
248   254   
243   259   
232   270   
240   262   
257   245   
242   260   
240   262   
233   269   
220   282   
219   283   
222   280   
239   263   
233   269   
229   273   
234   268   
237   265   
233   269   
232   270   
243   259   
243   259   
244   258   
240   262   
234   268   
244   258   
227   275   
223   279   
214   288   
228   274   
228   274   
1   1   
