251   251   
276   226   
254   248   
262   240   
248   254   
257   245   
255   247   
252   250   
261   241   
252   250   
250   252   
266   236   
272   230   
262   240   
266   236   
284   218   
282   220   
299   203   
305   197   
304   198   
286   216   
279   223   
274   228   
261   241   
262   240   
252   250   
239   263   
236   266   
240   262   
249   253   
239   263   
239   263   
244   258   
256   246   
251   251   
259   243   
255   247   
257   245   
261   241   
261   241   
269   233   
273   229   
252   250   
250   252   
243   259   
251   251   
261   241   
266   236   
256   246   
256   246   
252   250   
250   252   
243   259   
244   258   
242   260   
246   256   
269   233   
264   238   
268   234   
279   223   
277   225   
275   227   
275   227   
286   216   
283   219   
271   231   
276   226   
274   228   
267   235   
262   240   
266   236   
264   238   
283   219   
268   234   
279   223   
270   232   
255   247   
251   251   
240   262   
243   259   
256   246   
248   254   
260   242   
264   238   
255   247   
258   244   
256   246   
252   250   
251   251   
262   240   
258   244   
263   239   
266   236   
260   242   
270   232   
259   243   
269   233   
274   228   
273   229   
269   233   
278   224   
275   227   
261   241   
275   227   
270   232   
278   224   
288   214   
281   221   
283   219   
289   213   
280   222   
271   231   
276   226   
273   229   
260   242   
265   237   
261   241   
266   236   
256   246   
249   253   
250   252   
249   253   
240   262   
251   251   
247   255   
262   240   
264   238   
270   232   
259   243   
259   243   
261   241   
254   248   
253   249   
251   251   
252   250   
262   240   
268   234   
261   241   
257   245   
250   252   
244   258   
230   272   
240   262   
248   254   
235   267   
244   258   
229   273   
223   279   
220   282   
213   289   
219   283   
212   290   
209   293   
212   290   
213   289   
225   277   
214   288   
217   285   
225   277   
222   280   
225   277   
229   273   
215   287   
226   276   
224   278   
228   274   
231   271   
233   269   
226   276   
234   268   
251   251   
260   242   
273   229   
266   236   
278   224   
273   229   
261   241   
262   240   
267   235   
268   234   
258   244   
261   241   
265   237   
256   246   
277   225   
263   239   
251   251   
262   240   
277   225   
265   237   
253   249   
261   241   
270   232   
252   250   
255   247   
271   231   
264   238   
254   248   
251   251   
248   254   
235   267   
233   269   
239   263   
246   256   
227   275   
221   281   
226   276   
232   270   
234   268   
227   275   
236   266   
225   277   
227   275   
243   259   
244   258   
235   267   
234   268   
238   264   
230   272   
227   275   
231   271   
241   261   
250   252   
249   253   
253   249   
247   255   
252   250   
242   260   
245   257   
260   242   
256   246   
247   255   
252   250   
256   246   
251   251   
251   251   
241   261   
231   271   
229   273   
229   273   
228   274   
227   275   
232   270   
232   270   
233   269   
238   264   
230   272   
215   287   
207   295   
213   289   
219   283   
213   289   
220   282   
219   283   
220   282   
215   287   
225   277   
218   284   
219   283   
209   293   
229   273   
226   276   
224   278   
236   266   
249   253   
241   261   
250   252   
257   245   
254   248   
267   235   
248   254   
247   255   
241   261   
240   262   
239   263   
239   263   
241   261   
228   274   
236   266   
238   264   
227   275   
226   276   
225   277   
246   256   
255   247   
273   229   
275   227   
274   228   
270   232   
275   227   
279   223   
262   240   
277   225   
269   233   
276   226   
269   233   
268   234   
281   221   
266   236   
268   234   
256   246   
266   236   
259   243   
267   235   
280   222   
290   212   
296   206   
282   220   
278   224   
288   214   
290   212   
286   216   
286   216   
294   208   
301   201   
284   218   
278   224   
281   221   
276   226   
272   230   
278   224   
280   222   
273   229   
271   231   
272   230   
279   223   
286   216   
289   213   
289   213   
279   223   
280   222   
283   219   
275   227   
268   234   
260   242   
265   237   
283   219   
277   225   
282   220   
285   217   
280   222   
283   219   
280   222   
268   234   
264   238   
276   226   
266   236   
280   222   
260   242   
261   241   
243   259   
225   277   
208   294   
227   275   
225   277   
218   284   
221   281   
222   280   
215   287   
218   284   
215   287   
217   285   
218   284   
204   298   
209   293   
207   295   
212   290   
217   285   
224   278   
207   295   
207   295   
200   302   
201   301   
210   292   
224   278   
218   284   
230   272   
238   264   
249   253   
233   269   
243   259   
236   266   
243   259   
235   267   
245   257   
244   258   
248   254   
242   260   
255   247   
250   252   
245   257   
254   248   
270   232   
260   242   
271   231   
285   217   
291   211   
302   200   
294   208   
280   222   
266   236   
264   238   
260   242   
247   255   
255   247   
242   260   
227   275   
231   271   
235   267   
230   272   
226   276   
227   275   
233   269   
217   285   
222   280   
226   276   
200   302   
195   307   
198   304   
207   295   
206   296   
223   279   
224   278   
233   269   
232   270   
229   273   
221   281   
224   278   
232   270   
234   268   
230   272   
229   273   
249   253   
251   251   
250   252   
257   245   
271   231   
286   216   
276   226   
284   218   
290   212   
288   214   
271   231   
261   241   
247   255   
241   261   
240   262   
236   266   
233   269   
237   265   
227   275   
231   271   
222   280   
223   279   
239   263   
250   252   
251   251   
237   265   
249   253   
243   259   
250   252   
238   264   
241   261   
250   252   
247   255   
255   247   
231   271   
232   270   
211   291   
209   293   
215   287   
229   273   
226   276   
212   290   
229   273   
229   273   
239   263   
225   277   
221   281   
216   286   
227   275   
218   284   
216   286   
223   279   
229   273   
215   287   
209   293   
208   294   
209   293   
216   286   
212   290   
219   283   
220   282   
234   268   
245   257   
242   260   
240   262   
245   257   
249   253   
263   239   
1   1   
