0.00348
0.01582
0.02418
0.02416
0.02620
0.04799
0.04815
0.06215
0.06906
0.06912
0.06912
0.06937
0.09080
0.10762
0.10934
0.12069
0.12069
0.12605
0.14301
0.15634
0.16161
0.15040
0.14010
0.14010
0.15838
0.15754
0.15655
0.15052
0.15052
0.15090
0.14354
0.13428
0.14014
0.14501
0.14503
0.14498
0.14239
0.14239
0.14239
0.14239
0.14191
0.14239
0.13818
0.14357
0.14399
0.14399
0.14399
0.14399
0.14399
0.14266
0.13831
0.13796
0.13796
0.14361
0.16132
0.15800
0.15769
0.15752
0.15752
0.15752
0.15252
0.15732
0.13597
0.13596
0.15196
0.15196
0.15196
0.15196
0.15196
0.14209
0.13147
0.13266
0.12505
0.11704
0.14130
0.14168
0.16283
0.16264
0.16298
0.16759
0.19115
0.19115
0.19229
0.18985
0.18142
0.17905
0.17905
0.19119
0.19119
0.19119
0.19119
0.19829
0.17210
0.17575
0.17575
0.18189
0.18189
0.19046
0.20231
0.19145
0.19144
0.19578
0.20010
0.20477
0.22864
0.23200
0.23200
0.23750
0.22737
0.21348
0.21348
0.20131
0.20692
0.19867
0.20459
0.18975
0.19539
0.21125
0.21362
0.21129
0.17614
0.16810
0.15946
0.15946
0.16270
0.16405
0.16157
0.14167
0.13533
0.15364
0.15418
0.15418
0.16637
0.16906
0.16221
0.15959
0.16038
0.17993
0.17993
0.18734
0.18730
0.18665
0.15999
0.14928
0.13502
0.13333
0.13239
0.11576
0.11692
0.10520
0.12541
0.12541
0.12108
0.12719
0.13347
0.14680
0.14680
0.14680
0.13275
0.13975
0.13968
0.13975
0.12434
0.12398
0.13301
0.13282
0.13299
0.13868
0.13911
0.16707
0.19307
0.17446
0.16646
0.16538
0.17532
0.17525
0.17801
0.17221
0.16781
0.16191
0.16191
0.15214
0.15081
0.15334
0.15117
0.15108
0.15108
0.15061
0.15065
0.15061
0.14076
0.14076
0.14014
0.14525
0.12874
0.13265
0.14528
0.15833
0.15833
0.15833
0.18917
0.19113
0.19177
0.19112
0.18264
0.16694
0.16694
0.17424
0.17424
0.17424
0.17424
0.15544
0.14369
0.14214
0.14328
0.15378
0.15234
0.14488
0.14750
0.14136
0.13822
0.12699
0.12672
0.11911
0.11901
0.10678
0.11808
0.11961
0.12797
0.12799
0.12797
0.12788
0.12703
0.11237
0.11145
0.10923
0.11004
0.10926
0.10822
0.10088
0.09281
0.09281
0.09281
0.09722
0.10481
0.10482
0.09013
0.12361
0.12361
0.16248
0.16248
0.15232
0.15801
0.15301
0.15593
0.16241
0.16943
0.17175
0.17160
0.17347
0.16718
0.17029
0.17029
0.17029
0.17029
0.13370
0.13185
0.12314
0.10807
0.09421
0.09791
0.09641
0.10453
0.10941
0.10941
0.10941
0.12344
0.12353
0.14124
0.14124
0.14124
0.15784
0.16326
0.16326
0.17473
0.17541
0.17332
0.16227
0.15674
0.16539
0.17077
0.16424
0.16596
0.16567
0.17179
0.17008
0.17479
0.16623
0.17585
0.17459
0.17459
0.17459
0.17195
0.17244
0.17323
0.18197
0.18239
0.18411
0.18402
0.17409
0.19576
0.19723
0.19723
0.19090
0.19543
0.19295
0.19254
0.19331
0.19390
0.20488
0.20488
0.20400
0.20400
0.21883
0.21403
0.20690
0.20699
0.20904
0.21836
0.22085
0.21932
0.21933
0.21900
0.19882
0.20623
0.20673
0.20562
0.19428
0.19358
0.19428
0.19357
0.19357
0.19357
0.20249
0.21500
0.21359
0.21081
0.20718
0.18156
0.17110
0.17280
0.17487
0.17487
0.17633
0.17723
0.17723
0.17451
0.17934
0.21969
0.21372
0.21683
0.21143
0.21028
0.21766
0.21766
0.22459
0.22431
0.22580
0.22580
0.24123
0.23753
0.25590
0.25590
0.26081
0.27100
0.27100
0.27383
0.27383
0.26095
0.27323
0.27323
0.29599
0.29999
0.28819
0.28869
0.29474
0.30498
0.31095
0.30808
0.31111
0.31095
0.32188
0.35148
0.35149
0.35149
0.33602
0.33725
0.32787
0.34117
0.34125
0.33073
0.31829
0.31836
0.31875
0.34262
0.34238
0.33293
0.34197
0.34207
0.34159
0.33342
0.33609
0.32534
0.32534
0.30773
0.32533
0.31634
0.31630
0.31637
0.31634
0.31634
0.31634
0.31634
0.31304
0.29723
0.29723
0.30263
0.31144
0.29006
0.29076
0.28261
0.26091
0.26240
0.26193
0.25940
0.25943
0.25943
0.26026
0.26136
0.25275
0.25189
0.25470
0.25502
0.26435
0.26436
0.26724
0.25405
0.25638
0.25405
0.24267
0.25003
0.25118
0.23845
0.23274
0.23274
0.24130
0.24717
0.25082
0.23868
0.23868
0.25094
0.25094
0.24549
0.24567
0.24549
0.24712
0.24714
0.24712
0.25020
0.25466
0.24728
0.24697
0.24729
0.24143
0.24143
0.24187
0.24294
0.24143
0.24294
0.25116
0.25116
0.25116
0.25900
0.23087
0.24990
0.24988
0.24988
0.24988
0.28134
0.28263
0.28134
0.28407
0.28503
0.28892
0.28763
0.28248
0.28298
0.27021
0.26915
0.26408
0.26408
0.26251
0.26408
0.24850
0.23271
0.24861
0.25020
0.24399
0.23085
0.23288
0.23268
0.23334
0.22413
0.22402
0.24302
0.23358
0.23337
0.23376
0.23220
0.23390
0.23644
0.23670
0.24885
0.24947
0.25385
0.25356
0.25385
0.25385
0.25385
0.25382
0.26233
0.26266
0.25824
0.27097
0.27025
0.25404
0.25511
0.25513
0.25646
0.26075
0.26078
0.25248
0.25248
0.24446
0.24446
0.24446
0.26014
0.25980
0.26000
0.26063
0.25303
0.25071
0.23762
0.23576
0.24434
0.24126
0.23116
0.21756
0.22912
0.22795
0.21204
0.22020
0.22256
0.22253
0.22745
0.22639
0.20848
0.20858
0.20304
0.18951
0.17768
0.16237
0.16629
0.15676
0.14376
0.12691
0.12648
0.13718
0.13718
0.15361
0.11494
0.11529
0.11304
0.11304
0.10551
0.11554
0.10731
0.11554
0.11554
0.09182
0.08497
0.08422
0.09059
0.10297
0.10046
0.12936
0.12936
0.12952
0.13024
0.11916
0.12189
0.12215
0.12215
0.15075
0.15062
0.16110
0.16791
0.16969
0.16969
0.16960
0.16743
0.15862
0.16792
0.16797
0.16797
0.16797
0.16797
0.18900
0.18044
0.17680
0.18293
0.18293
0.18293
0.18904
0.20210
0.21222
0.21651
0.22571
0.21931
0.22105
0.22077
0.21493
0.22785
0.22171
0.23914
0.23639
0.24484
0.22356
0.25910
0.25939
0.27477
0.27465
0.27463
0.27486
0.25441
0.25709
0.25152
0.25857
0.26183
0.25402
0.25220
0.25750
0.25751
0.25751
0.26560
0.26490
0.23211
0.21321
0.23381
0.23479
0.22579
0.22592
0.21833
0.21829
0.21013
0.22138
0.22052
0.22052
0.21389
0.21494
0.20843
0.21108
0.21108
0.21108
0.21108
0.22677
0.22677
0.23501
0.23539
0.23492
0.22940
0.22569
0.22968
0.24788
0.24791
0.25057
0.25057
0.25061
0.25057
0.26368
0.26360
0.26934
0.27953
0.27549
0.27534
0.31128
0.31161
0.31162
0.31081
0.31210
0.31127
0.32293
0.31919
0.31908
0.32561
0.32483
0.32480
0.31397
0.31397
0.32942
0.33743
0.33743
0.33057
0.34499
0.35601
0.35228
0.37299
0.35721
0.36341
0.36604
0.36495
0.36559
0.35739
0.36485
0.35957
0.38630
0.39364
0.39800
0.39800
0.41478
0.40228
0.40712
0.41499
0.42480
0.42156
0.42044
0.42505
0.42505
0.42437
0.42907
0.42612
0.42652
0.42955
0.40968
0.41917
0.40786
0.41058
0.42402
0.46636
0.46630
0.46626
0.48465
0.48073
0.47678
0.47986
0.45429
0.45019
0.46288
0.45032
0.45032
0.47160
0.47849
0.47037
0.47046
0.47046
0.47046
0.47029
0.47994
0.47696
0.47610
0.47603
0.45859
0.45882
0.45828
0.45882
0.45856
0.45856
0.46005
0.46919
0.46915
0.44633
0.44065
0.46251
0.47737
0.44967
0.44962
0.44982
0.45663
0.45202
0.44548
0.44543
0.44554
0.44554
0.44554
0.46752
0.46130
0.46083
0.46089
0.46284
0.46730
0.46439
0.48957
0.48957
0.48324
0.48245
0.47942
0.47942
0.46435
0.46504
0.45564
0.44365
0.45507
0.45507
0.47262
0.47187
0.46804
0.46058
0.46058
0.46846
0.45495
0.46078
0.46014
0.46000
0.47104
0.47104
0.48065
0.48066
0.46819
0.46819
0.45450
0.46529
0.45572
0.45572
0.46114
0.47718
0.47557
0.47557
0.47561
0.47557
0.47557
0.47557
0.47557
0.46546
0.44112
0.44056
0.43941
0.43996
0.42797
0.44098
0.46636
0.46636
0.45781
0.46388
0.45717
0.44567
0.45532
0.46170
0.46715
0.46731
0.46721
0.45948
0.44416
0.46344
0.46499
0.47072
0.47053
0.46885
0.47239
0.47054
0.47179
0.48851
0.48924
0.48924
0.48010
0.45226
0.44521
0.44523
0.44523
0.43136
0.42309
0.40758
0.38636
0.38636
0.38636
0.38641
0.37588
0.35369
0.35369
0.38362
0.36670
0.36291
0.35203
0.34330
0.33255
0.33947
0.33947
0.34117
0.33268
0.32113
0.31595
0.30765
0.30754
0.30095
0.30963
0.30963
0.30950
0.32013
0.32553
0.33207
0.33207
0.31775
0.34263
0.33708
0.33725
0.33694
0.33694
0.33694
0.33424
0.33694
0.32033
0.31783
0.31957
0.31954
0.32997
0.33714
0.33326
0.34888
0.34685
0.36033
0.35579
0.36074
0.36072
0.36072
0.37546
0.33832
0.33234
0.31943
0.32192
0.30605
0.30605
0.30605
0.29900
0.30909
0.29864
0.29121
0.29698
0.27708
0.27708
0.27991
0.29025
0.29025
0.29306
0.29306
0.30635
0.30578
0.30278
0.30493
0.31415
0.32423
0.33676
0.33678
0.34013
0.34013
0.34363
0.34363
0.34379
0.34379
0.34379
0.33174
0.33546
0.35331
0.34545
0.34548
0.34548
0.35278
0.36060
0.38473
0.38999
0.38527
0.38527
0.39278
0.40076
0.41174
0.40781
0.40059
0.38667
0.36874
0.36622
0.36285
0.36024
0.32380
0.32894
0.32934
0.32530
0.32527
0.32528
0.30481
0.30798
0.31501
0.31502
0.31954
0.31396
0.31736
0.31769
0.28202
0.28821
0.28287
0.28388
0.28379
0.28388
0.28388
0.26091
0.24812
0.23223
0.23221
0.26881
0.26287
0.26029
0.25815
0.26397
0.26104
0.25472
0.24313
0.26505
0.26505
0.23173
0.22923
0.22923
0.22922
0.23182
0.21036
0.21954
0.22285
0.20836
0.20836
0.20836
0.20836
0.20836
0.20427
0.20311
0.19316
0.20290
0.20497
0.21557
0.21547
0.22555
0.22490
0.25528
0.25335
0.25318
0.26027
0.27437
0.27462
0.27452
0.27275
0.27016
0.29270
0.28714
0.28724
0.28044
0.27685
0.27183
0.28251
0.27828
0.29034
0.30488
0.28634
0.28099
0.28091
0.28292
0.27888
0.27888
0.28310
0.28453
0.27941
0.28377
0.28514
0.28609
0.28778
0.29498
0.28356
0.28358
0.26258
0.28034
0.28034
0.28034
0.27508
0.27508
0.27508
0.27508
0.25097
0.26178
0.25808
0.25520
0.25520
0.25520
0.25520
0.28028
0.28402
0.28206
0.28493
0.24211
0.22836
0.20975
0.21321
0.21321
0.20311
0.21608
0.21608
0.21608
0.21891
0.21470
0.21470
0.20241
0.20537
0.21192
0.21576
0.20370
0.19394
0.19340
0.19993
0.20024
0.18506
0.18506
0.18506
0.18622
0.19316
0.17312
0.17312
0.18758
0.18509
0.16725
0.16712
0.16930
0.17640
0.19011
0.20304
0.19568
0.22623
0.22563
0.22593
0.22227
0.22227
0.21823
0.21535
0.21493
0.20603
0.22881
0.19818
0.19763
0.19870
0.19913
0.20960
0.21631
0.21523
0.21523
0.20006
0.20574
0.20610
0.21057
0.20906
0.23073
0.23208
0.24215
0.22593
0.22597
0.23700
0.22346
0.22443
0.23551
0.23064
0.22708
0.22718
0.22718
0.21546
0.19789
0.19793
0.20628
0.21431
0.22068
0.22874
0.24346
0.25512
0.25512
0.25512
0.26954
0.29138
0.29519
0.29530
0.30325
0.29527
0.29577
0.31757
0.30901
0.30095
0.29640
0.29675
0.31129
0.30362
0.30502
0.30502
0.29170
0.30071
0.31408
0.31407
0.31940
0.31198
0.31408
0.32447
0.32444
0.29730
0.29730
0.27095
0.27014
0.27100
0.28318
0.28318
0.28318
0.28318
0.28700
0.28789
0.28789
0.25936
0.25936
0.27268
0.26396
0.24338
0.24546
0.24536
0.24338
0.23798
0.24102
0.22110
0.23635
0.24983
0.27305
0.27271
0.27189
0.27314
0.27271
0.27574
0.29925
0.30779
0.30666
0.32279
0.32171
0.32584
0.29464
0.29503
0.28818
0.28817
0.27515
0.27341
0.28777
0.28148
0.28148
0.28865
0.28570
0.28650
0.28936
0.29054
0.28941
0.29803
0.28321
0.28321
0.28321
0.29796
0.29164
0.29727
0.30623
0.31196
0.30976
0.29722
0.30626
0.29974
0.30498
0.30324
0.29648
0.29648
0.31080
0.32407
0.32266
0.31106
0.29945
0.31509
0.31227
0.31138
0.32813
0.35554
0.35582
0.36052
0.37190
0.37185
0.36494
0.36494
0.37633
0.37539
0.40224
0.40425
0.40646
0.41351
0.42553
0.41411
0.41755
0.39368
0.39951
0.39930
0.40665
0.40123
0.40123
0.40772
0.40516
0.40554
0.40516
0.41237
0.41237
0.41582
0.41682
0.40051
0.37593
0.37486
0.37449
0.37486
0.37237
0.36868
0.37585
0.36864
0.37536
0.37915
0.37630
0.37280
0.37715
0.38548
0.42260
0.41953
0.40504
0.39042
0.36666
0.37629
0.37629
0.38825
0.38905
0.38587
0.38595
0.38333
0.38280
0.39662
0.41336
0.41271
0.38194
0.39725
0.39940
0.41357
0.41357
0.41378
0.41448
0.42096
0.40287
0.39850
0.39973
0.39934
0.39483
0.40181
0.40829
0.41001
0.41001
0.41387
0.41387
0.41387
0.41387
0.41195
0.41387
0.42283
0.41580
0.41574
0.41439
0.41580
0.41580
0.41633
0.41482
0.39934
0.39884
0.38842
0.38885
0.40755
0.40755
0.41402
0.40498
0.38711
0.38725
0.37718
0.36204
0.36282
0.36278
0.36028
0.35620
0.35620
0.35620
0.35959
0.35964
0.36286
0.36286
0.36286
0.36286
0.36286
0.36701
0.35675
0.35675
0.35675
0.36791
0.36672
0.35550
0.34255
0.34252
0.34255
0.34255
0.34255
0.34839
0.33892
0.35202
0.34305
0.32276
0.32155
0.32612
0.34336
0.34670
0.33656
0.33656
0.33656
0.34573
0.35183
0.35272
0.35290
0.35498
0.36023
0.37137
0.37137
0.37137
0.37908
0.37908
0.37405
0.37830
0.38619
0.39320
0.39668
0.41230
0.40431
0.41889
0.41889
0.42170
0.40286
0.39659
0.39973
0.39149
0.38657
0.38868
0.37888
0.37888
0.38425
0.38429
0.38429
0.41319
0.41319
0.41782
0.40352
0.40351
0.40623
0.40584
0.40623
0.40623
0.42065
0.42065
0.40506
0.41024
0.41017
0.41024
0.41026
0.42777
0.43306
0.43307
0.41634
0.41634
0.41607
0.40365
0.39248
0.39248
0.40215
0.40212
0.40211
0.40098
0.40751
0.40047
0.40211
0.40173
0.40291
0.40268
0.40339
0.39872
0.40538
0.40489
0.40639
0.41150
0.42296
0.42828
0.43222
0.43996
0.43200
0.43199
0.43327
0.44457
0.44457
0.44190
0.41680
0.38505
0.41062
0.40396
0.39375
0.39286
0.39286
0.40048
0.39854
0.39854
0.39854
0.39854
0.39487
0.39485
0.38254
0.39696
0.39701
0.40056
0.41021
0.40832
0.40816
0.42318
0.41913
0.41339
0.41340
0.41339
0.41339
0.40336
0.39188
0.39140
0.39188
0.39153
0.39379
0.38363
0.37979
0.36513
0.34783
0.34143
0.32798
0.33417
0.33987
0.35450
0.35420
0.35420
0.35420
0.35959
0.36090
0.37629
0.36206
0.36257
0.37143
0.37143
0.37143
0.37181
0.37309
0.36182
0.36745
0.37520
0.37553
0.38442
0.39174
0.39190
0.39193
0.39253
0.40220
0.38204
0.38204
0.38204
0.38348
0.39378
0.40066
0.40061
0.40029
0.40448
0.40581
0.38891
0.38621
0.38947
0.38601
0.40188
0.39356
0.39356
0.40497
0.40494
0.40641
0.40641
0.40641
0.41285
0.41315
0.42442
0.42734
0.42734
0.43223
0.43291
0.43291
0.41719
0.40797
0.40797
0.41394
0.41661
0.40241
0.40348
0.41608
0.41608
0.39746
0.38435
0.35908
0.34994
0.34994
0.34780
0.35592
0.34928
0.34260
0.34678
0.34680
0.34680
0.34680
0.34877
0.34124
0.36027
0.36036
0.33540
0.33171
0.32917
0.32610
0.31905
0.31598
0.32951
0.33279
0.32107
0.32018
0.32009
0.32018
0.33426
0.32559
0.32745
0.33445
0.33774
0.33774
0.33774
0.33774
0.33892
0.33018
0.32625
0.35067
0.34683
0.34456
0.36062
0.33808
0.33810
0.33810
0.34579
0.34846
0.34846
0.34846
0.34770
0.34767
0.34780
0.34777
0.33129
0.32245
0.32245
0.31732
0.28647
0.28956
0.29126
0.29623
0.28014
0.26350
0.26850
0.26844
0.26360
0.25803
0.26106
0.28824
0.28998
0.29378
0.29378
0.29032
0.29093
0.29963
0.31655
0.31651
0.33932
0.35113
0.35325
0.35325
0.34425
0.33037
0.33033
0.30743
0.30735
0.30735
0.30735
0.30735
0.30721
0.30660
0.30593
0.31251
0.30690
0.30756
0.30615
0.30489
0.31441
0.31441
0.31331
0.30648
0.30652
0.33810
0.33392
0.33810
0.33363
0.33640
0.34327
0.35620
0.35267
0.35610
0.34007
0.34550
0.34552
0.33296
0.33492
0.33588
0.33757
0.33324
0.33105
0.33098
0.33765
0.32399
0.32081
0.32986
0.34689
0.34697
0.33499
0.33499
0.33499
0.34825
0.35016
0.35532
0.34038
0.32237
0.32232
0.32237
0.32237
0.32237
0.30921
0.30832
0.29367
0.29091
0.27645
0.27645
0.27617
0.27742
0.28198
0.29902
0.29740
0.30030
0.29767
0.28689
0.29336
0.30575
0.30572
0.31968
0.31910
0.31355
0.31355
0.29845
0.29658
0.29820
0.30439
0.30672
0.30588
0.29368
0.28486
0.28445
0.28835
0.26969
0.28354
0.30572
0.30881
0.31069
0.31086
0.31020
0.31020
0.30884
0.29727
0.29735
0.31400
0.31664
0.33216
0.33154
0.32674
0.33582
0.34383
0.35663
0.37348
0.37511
0.36814
0.35918
0.35581
0.36596
0.36596
0.36660
0.36596
0.36569
0.35864
0.34987
0.34987
0.34987
0.33784
0.33802
0.33823
0.34648
0.35150
0.36971
0.36976
0.36967
0.38404
0.40074
0.38517
0.37172
0.37191
0.37266
0.37268
0.38176
0.37015
0.38223
0.38241
0.36560
0.35484
0.35484
0.35499
0.34269
0.35690
0.34273
0.34273
0.34273
0.33489
0.33128
0.33128
0.31428
0.31085
0.31085
0.30032
0.30084
0.30084
0.30084
0.30084
0.30060
0.30084
0.29621
0.29561
0.28195
0.27252
0.27243
0.28346
0.26382
0.25815
0.27577
0.27585
0.27585
0.27585
0.25676
0.24601
0.25535
0.23147
0.22508
0.22432
0.20816
0.20052
0.20052
0.19548
0.20886
0.21043
0.21043
0.20249
0.20467
0.20625
0.20465
0.18975
0.20883
0.19345
0.17834
0.18103
0.16554
0.19641
0.18930
0.19641
0.20399
0.20425
0.20814
0.20387
0.19828
0.20213
0.20015
0.20215
0.20426
0.20748
0.21229
0.20727
0.20891
0.24088
0.24229
0.25231
0.25992
0.27696
0.27359
0.27415
0.26609
0.26609
0.26834
0.26216
0.23488
0.23692
0.22974
0.22974
0.22974
0.22697
0.20340
0.20362
0.18448
0.18296
0.17883
0.17866
0.18777
0.20377
0.21065
0.23723
0.23495
0.21917
0.21917
0.22612
0.22656
0.22001
0.21995
0.22874
0.25648
0.24623
0.24291
0.23461
0.24417
0.24417
0.25791
0.30353
0.29857
0.29353
0.29523
0.29523
0.29523
0.29523
0.29523
0.29523
0.30085
0.30246
0.29906
0.29264
0.29211
0.29211
0.29246
0.30408
0.31051
0.30983
0.30983
0.30983
0.30997
0.30983
0.31444
0.31349
0.30435
0.30141
0.27721
0.27377
0.27875
0.27990
0.27807
0.27797
0.26413
0.26414
0.25210
0.25210
0.25647
0.25425
0.25392
0.23682
0.23261
0.20960
0.22296
0.23164
0.21825
0.22460
0.22094
0.22877
0.22877
0.22996
0.19626
0.18680
0.20163
0.16341
0.16576
0.16105
0.15420
0.15559
0.16344
0.16344
0.18690
0.19358
0.19311
0.19379
0.18329
0.18308
0.19115
0.19069
0.18965
0.17427
0.17126
0.20964
0.21426
0.21427
0.21587
0.20547
0.20412
0.19931
0.19971
0.19922
0.20660
0.21790
0.21309
0.21309
0.21268
0.21309
0.24443
0.26502
0.26371
0.29960
0.28903
0.29587
0.29587
0.30415
0.31118
0.32585
0.32585
0.32186
0.32306
0.33288
0.33331
0.33201
0.33201
0.30461
0.30055
0.30043
0.30043
0.30028
0.30029
0.29548
0.29550
0.28205
0.27508
0.29147
0.29147
0.29147
0.28365
0.28365
0.28630
0.28434
0.28808
0.28808
0.30307
0.30982
0.31620
0.31023
0.30960
0.29910
0.33006
0.32988
0.32989
0.32257
0.30577
0.31728
0.31728
0.30014
0.29160
0.29110
0.28612
0.27707
0.27690
0.30480
0.30904
0.30919
0.35512
0.34961
0.33534
0.34342
0.34412
0.34421
0.33539
0.32993
0.33194
0.30538
0.29902
0.31493
0.31493
0.32270
0.30331
0.30331
0.29950
0.29236
0.29312
0.31994
0.32851
0.32711
0.32711
0.32711
0.30502
0.29482
0.30693
0.31120
0.31120
0.30641
0.30599
0.30586
0.30729
0.31698
0.31519
0.31543
0.33111
0.33106
0.34781
0.33128
0.33136
0.34279
0.34272
0.35101
0.37992
0.37587
0.37587
0.38406
0.40421
0.40421
0.40406
0.40421
0.40421
0.40869
0.40466
0.40467
0.41875
0.41873
0.41858
0.41875
0.41215
0.40548
0.39769
0.39514
0.40135
0.37733
0.37733
0.37733
0.37733
0.37628
0.38902
0.39546
0.39179
0.39079
0.37074
0.37180
0.39076
0.39076
0.36681
0.35530
0.36523
0.36844
0.37041
0.36424
0.36711
0.36711
0.36340
0.36332
0.34568
0.34565
0.34565
0.35349
0.35698
0.35111
0.34948
0.35150
0.36057
0.36318
0.36277
0.36341
0.36591
0.37536
0.38374
0.36915
0.36440
0.36483
0.36482
0.36483
0.36483
0.36947
0.35096
0.34973
0.36100
0.36219
0.34930
0.35054
0.34945
0.34133
0.33831
0.34244
0.34244
0.34244
0.35686
0.35693
0.34946
0.34946
0.35548
0.33406
0.32948
0.32823
0.32264
0.32218
0.31424
0.31424
0.30919
0.30397
0.29900
0.29900
0.29900
0.30124
0.29959
0.31659
0.32289
0.32194
0.32317
0.30200
0.29335
0.28103
0.28052
0.28048
0.28048
0.27483
0.27427
0.28184
0.28184
0.30321
0.30294
0.30321
0.30295
0.28218
0.26742
0.27572
0.27144
0.26357
0.26230
0.26386
0.25425
0.25425
0.25304
0.25309
0.25309
0.24687
0.25510
0.23761
0.23798
0.22917
0.23568
0.23413
0.21680
0.23476
0.24534
0.24958
0.22714
0.22714
0.21012
0.21058
0.20038
0.20165
0.19636
0.19184
0.18520
0.17196
0.17435
0.17476
0.17476
0.17476
0.17476
0.17476
0.16277
0.16572
0.13795
0.13965
0.12532
0.12465
0.12546
0.12552
0.12833
0.12405
0.09704
0.10694
0.10748
0.10032
0.13727
0.13477
0.13233
0.13233
0.13264
0.13264
0.12655
0.11940
0.16267
0.16298
0.16341
0.16402
0.19201
0.20024
0.20298
0.20299
0.20299
0.18345
0.18449
0.18516
0.19584
0.18960
0.17269
0.15279
0.17075
0.17221
0.16842
0.16842
0.17839
0.17368
0.15874
0.17118
0.17118
0.18509
0.18401
0.18999
0.19292
0.19292
0.17614
0.17258
0.17253
0.18112
0.18725
0.17530
0.18787
0.19165
0.18986
0.19706
0.19619
0.17857
0.17855
0.17817
0.19016
0.20552
0.20549
0.19852
0.19852
0.19417
0.19415
0.18378
0.22690
0.23544
0.23277
0.23347
0.23996
0.23992
0.25301
0.27650
0.27706
0.27704
0.27095
0.25073
0.25073
0.25073
0.25073
0.25073
0.25389
0.25582
0.25582
0.26278
0.26300
0.26532
0.26548
0.27769
0.26245
0.26001
0.26200
0.26410
0.26373
0.26380
0.27799
0.28928
0.30788
0.30786
0.30756
0.30783
0.31768
0.31768
0.31768
0.31902
0.31895
0.32633
0.32633
0.32362
0.32329
0.32331
0.32331
0.30687
0.31704
0.31326
0.31405
0.31299
0.30728
0.30728
0.30486
0.29596
0.30195
0.29342
0.30853
0.29186
0.29235
0.29173
0.29173
0.30566
0.30393
0.30049
0.30679
0.26454
0.25657
0.25719
0.27798
0.28232
0.28154
0.29791
0.29304
0.28733
0.29945
0.27531
0.28524
0.28566
0.25653
0.25312
0.26658
0.26658
0.26714
0.24065
0.24035
0.24393
0.25914
0.27086
0.27336
0.27333
0.29656
0.30851
0.32543
0.32925
0.32934
0.36084
0.36084
0.36282
0.36282
0.38420
0.36116
0.35895
0.35273
0.37373
0.37256
0.38637
0.38050
0.41079
0.39186
0.39408
0.39186
0.38051
0.38092
0.38092
0.38090
0.37956
0.38774
0.38793
0.38739
0.38785
0.39205
0.39210
0.40616
0.38875
0.39356
0.38775
0.38771
0.38771
0.38606
0.38589
0.36649
0.36761
0.35495
0.35495
0.35495
0.35495
0.36068
0.35894
0.38554
0.38685
0.38554
0.40437
0.40316
0.38847
0.39762
0.39762
0.40486
0.40351
0.39403
0.38586
0.38719
0.38739
0.37824
0.37824
0.38616
0.39842
0.39797
0.39797
0.38040
0.38741
0.37936
0.37899
0.37908
0.37908
0.37908
0.37908
0.38410
0.37034
0.36218
0.35726
0.34616
0.30200
0.30200
0.29933
0.29933
0.30088
0.32715
0.31553
0.31553
0.30949
0.31242
0.32511
0.31054
0.31054
0.31896
0.33521
0.33535
0.33508
0.33892
0.34870
0.33328
0.33268
0.33328
0.33328
0.32837
0.33880
0.33873
0.33873
0.33889
0.33863
0.33873
0.35348
0.37504
0.37475
0.37547
0.35835
0.36010
0.36994
0.37550
0.37981
0.38790
0.39341
0.39362
0.38039
0.38691
0.39307
0.39261
0.37631
0.37269
0.36994
0.37380
0.39068
0.38827
0.38718
0.38783
0.39074
0.39236
0.40691
0.40690
0.40691
0.38247
0.38684
0.38686
0.39650
0.40013
0.40152
0.40058
0.39975
0.39583
0.37349
0.37713
0.37866
0.38530
0.38531
0.39282
0.39282
0.40173
0.41323
0.42721
0.42623
0.42141
0.42587
0.42587
0.41142
0.41119
0.41321
0.40676
0.40939
0.40853
0.43596
0.43616
0.41847
0.41842
0.42382
0.42704
0.42704
0.41095
0.39739
0.40352
0.40018
0.40033
0.39227
0.39185
0.39217
0.36331
0.34419
0.34250
0.33273
0.33904
0.34050
0.34085
0.35661
0.35568
0.36056
0.34630
0.35297
0.33987
0.32396
0.31121
0.29381
0.29082
0.29099
0.29127
0.29127
0.29225
0.29203
0.29755
0.29621
0.31088
0.30403
0.30280
0.30280
0.29897
0.29893
0.30602
0.31597
0.33340
0.33966
0.33966
0.33874
0.34067
0.35620
0.35620
0.34300
0.34755
0.33363
0.36809
0.37280
0.36348
0.36558
0.35368
0.35368
0.35368
0.34107
0.35101
0.33825
0.33709
0.36261
0.36300
0.36939
0.36751
0.36742
0.36892
0.36163
0.36163
0.37150
0.37135
0.38061
0.37900
0.38043
0.38043
0.37389
0.36641
0.36373
0.37939
0.37939
0.37741
0.38079
0.37971
0.37971
0.38726
0.38197
0.38263
0.38197
0.38114
0.38154
0.36770
0.36850
0.37499
0.38254
0.38254
0.38254
0.36625
0.36406
0.36406
0.37438
0.36047
0.34546
0.34943
0.34839
0.34976
0.34976
0.35616
0.35616
0.35921
0.32472
0.34087
0.34087
0.34146
0.34124
0.32409
0.33377
0.32461
0.32670
0.32670
0.33729
0.33762
0.32533
0.32151
0.30274
0.29711
0.30604
0.28717
0.28717
0.29242
0.28811
0.28499
0.30446
0.30440
0.29584
0.28369
0.29433
0.27656
0.28572
0.29969
0.29969
0.29969
0.29969
0.29969
0.31297
0.30003
0.30003
0.31192
0.31192
0.31192
0.29301
0.29848
0.33006
0.32154
0.31253
0.31253
0.31251
0.32978
0.34588
0.34372
0.33214
0.33443
0.33277
0.32992
0.32491
0.32729
0.32492
0.32455
0.32877
0.34558
0.35315
0.34664
0.37414
0.39216
0.39217
0.38603
0.38603
0.38820
0.37878
0.36446
0.35681
0.34731
0.36545
0.34786
0.35938
0.37830
0.37723
0.38446
0.38879
0.38447
0.37316
0.34870
0.33213
0.34588
0.34287
0.34289
0.31328
0.30678
0.31051
0.30907
0.30907
0.31176
0.30042
0.29359
0.29359
0.30041
0.30925
0.30735
0.30741
0.30373
0.31311
0.32460
0.32460
0.32831
0.33095
0.33677
0.33692
0.32572
0.32568
0.32568
0.32568
0.30594
0.30747
0.30705
0.30256
0.31447
0.31447
0.31976
0.30508
0.28934
0.30143
0.30143
0.29360
0.29025
0.27693
0.27778
0.26066
0.26560
0.24511
0.24350
0.24511
0.24511
0.24511
0.24008
0.22593
0.22593
0.23370
0.23850
0.22263
0.23277
0.25029
0.27300
0.28035
0.27699
0.24897
0.22924
0.23501
0.23501
0.24328
0.24692
0.26865
0.25973
0.25973
0.25297
0.25057
0.25145
0.25145
0.24884
0.26010
0.26010
0.29372
0.29372
0.29372
0.30131
0.30116
0.28844
0.33008
0.33382
0.35396
0.35421
0.35730
0.36705
0.36276
0.34766
0.34644
0.34555
0.33525
0.33417
0.33280
0.33361
0.33361
0.32427
0.32427
0.32441
0.32321
0.25557
0.23412
0.23429
0.23429
0.22952
0.23574
0.23069
0.20968
0.21017
0.20850
0.19608
0.19213
0.16818
0.15978
0.16034
0.15471
0.16128
0.18522
0.18415
0.19545
0.19500
0.19500
0.19823
0.20083
0.20068
0.20673
0.20662
0.20673
0.20948
0.21757
0.20630
0.20273
0.21350
0.20283
0.20190
0.20172
0.18243
0.18243
0.19299
0.19355
0.19016
0.19001
0.17817
0.17146
0.17034
0.16545
0.16205
0.14016
0.13793
0.13793
0.13793
0.13574
0.13548
0.13713
0.13713
0.13713
0.14564
0.13528
0.17047
0.15645
0.14206
0.13199
0.13297
0.12635
0.11599
0.11599
0.11599
0.13011
0.13506
0.14558
0.14558
0.13515
0.13900
0.13697
0.14764
0.15513
0.15513
0.15513
0.15513
0.18233
0.18233
0.16568
0.18669
0.18669
0.19462
0.19018
0.19005
0.19207
0.20954
0.19979
0.20003
0.21098
0.21634
0.21470
0.21441
0.20215
0.20211
0.20055
0.20619
0.20605
0.20605
0.19951
0.19812
0.19564
0.20249
0.20245
0.18921
0.18563
0.19456
0.19185
0.18967
0.18088
0.16045
0.18280
0.18280
0.19878
0.18502
0.18010
0.15964
0.15822
0.15822
0.16055
0.14720
0.14477
0.15559
0.17169
0.17013
0.17013
0.18086
0.15607
0.13108
0.10674
0.11327
0.09728
0.09728
0.09422
0.09745
0.08097
0.09596
0.09596
0.09892
0.12928
0.12861
0.12898
0.12674
0.12261
0.11971
0.10784
0.09013
0.10226
0.10675
0.10675
0.10675
0.10675
0.10675
0.09509
0.09509
0.10322
0.10322
0.10322
0.11020
0.11091
0.11091
0.09999
0.09603
0.09603
0.09518
0.09844
0.09844
0.09844
0.10466
0.09929
0.09929
0.09202
0.10414
0.10011
0.12374
0.12034
0.12037
0.12627
0.12622
0.10558
0.10522
0.12214
0.12188
0.12220
0.13125
0.13109
0.12314
0.12314
0.12314
0.13457
0.12594
0.12950
0.15617
0.17414
0.17423
0.16456
0.16467
0.16468
0.16891
0.16891
0.16869
0.16996
0.16862
0.16102
0.16102
0.16699
0.16605
0.15832
0.15867
0.15867
0.15887
0.15486
0.15486
0.15112
0.15158
0.16994
0.18486
0.18900
0.19426
0.19429
0.19581
0.19581
0.18606
0.19476
0.19466
0.19630
0.20425
0.21140
0.21812
0.21506
0.21404
0.19739
0.19237
0.19538
0.18604
0.17693
0.17312
0.17271
0.17312
0.17312
0.16306
0.17647
0.17646
0.17647
0.17647
0.21215
0.20849
0.20849
0.21148
0.21070
0.20582
0.19521
0.18988
0.18988
0.18647
0.18860
0.21150
0.22433
0.20740
0.18957
0.19965
0.19961
0.22880
0.26019
0.27798
0.27752
0.26079
0.27191
0.29297
0.30070
0.29096
0.29096
0.29096
0.28878
0.28188
0.28867
0.28162
0.29244
0.30036
0.29586
0.29586
0.29586
0.29586
0.29586
0.27937
0.27937
0.28271
0.28271
0.28087
0.26757
0.28008
0.28008
0.28389
0.29540
0.28259
0.28232
0.28259
0.28494
0.28552
0.28494
0.27160
0.26853
0.26853
0.28411
0.28251
0.29493
0.29311
0.28312
0.28517
0.28982
0.27010
0.27010
0.25700
0.25008
0.24607
0.24607
0.24607
0.24587
0.24729
0.26928
0.26584
0.27112
0.27573
0.27586
0.27573
0.27573
0.30523
0.30511
0.30516
0.28193
0.27966
0.27966
0.27966
0.27943
0.27749
0.25801
0.28298
0.28278
0.27489
0.29737
0.29773
0.29728
0.29117
0.29615
0.29615
0.30029
0.30117
0.28866
0.27977
0.27977
0.28157
0.28057
0.26947
0.26684
0.27285
0.25305
0.24707
0.24926
0.23725
0.22836
0.23141
0.22683
0.24119
0.24522
0.24532
0.25822
0.25818
0.25818
0.26444
0.26849
0.26696
0.27333
0.27391
0.27333
0.27510
0.27167
0.27317
0.27503
0.27495
0.27497
0.27497
0.28779
0.28456
0.28437
0.28642
0.24595
0.24357
0.26277
0.26277
0.26277
0.26536
0.26373
0.26816
0.27392
0.28123
0.28122
0.28123
0.28131
0.28437
0.28479
0.27720
0.25486
0.25451
0.25293
0.24461
0.27356
0.27072
0.27041
0.27068
0.28226
0.28293
0.29005
0.30852
0.30859
0.30863
0.30250
0.31839
0.31704
0.31536
0.31503
0.31134
0.31134
0.31134
0.31099
0.30926
0.31376
0.32405
0.32386
0.34204
0.35105
0.35081
0.35090
0.35741
0.35576
0.35635
0.34069
0.34069
0.33471
0.33471
0.33471
0.34136
0.35341
0.35739
0.34673
0.33217
0.33046
0.30625
0.29999
0.29998
0.30771
0.29667
0.29230
0.29253
0.31350
0.31700
0.30944
0.30316
0.28657
0.28932
0.28932
0.29815
0.29815
0.29815
0.31781
0.31351
0.31353
0.33190
0.33854
0.33715
0.35100
0.35099
0.35099
0.37553
0.37553
0.38450
0.38651
0.38651
0.40455
0.39362
0.40474
0.40273
0.40272
0.38878
0.38878
0.40677
0.41447
0.39329
0.41129
0.39859
0.39878
0.39878
0.39878
0.39313
0.37455
0.36932
0.36456
0.36940
0.37091
0.37051
0.37182
0.37403
0.35498
0.35811
0.36230
0.36230
0.36227
0.36230
0.36528
0.37531
0.36071
0.36063
0.36586
0.36658
0.36656
0.36634
0.35084
0.34199
0.34624
0.33715
0.34482
0.35355
0.35355
0.35675
0.35758
0.35766
0.35560
0.36353
0.36642
0.35308
0.35784
0.35784
0.37142
0.37033
0.37037
0.35713
0.35069
0.36750
0.37388
0.36960
0.36088
0.37482
0.36290
0.36290
0.36290
0.34795
0.34810
0.34802
0.33915
0.33135
0.34296
0.31370
0.34001
0.36658
0.37034
0.37054
0.37034
0.37043
0.37034
0.37034
0.38482
0.39316
0.41890
0.41887
0.41963
0.40198
0.40198
0.40196
0.40198
0.36938
0.35300
0.35282
0.37668
0.38895
0.39010
0.37715
0.37714
0.36102
0.36196
0.36225
0.36225
0.35589
0.35522
0.36881
0.37395
0.37395
0.38137
0.41247
0.40792
0.40966
0.39817
0.39820
0.39820
0.40608
0.40607
0.39760
0.39672
0.40938
0.40940
0.42883
0.42922
0.43421
0.43278
0.43044
0.43425
0.44193
0.44193
0.43496
0.43536
0.45717
0.42656
0.42656
0.40321
0.41284
0.41019
0.39005
0.38131
0.36612
0.36358
0.35175
0.34728
0.35722
0.35722
0.35675
0.34766
0.35511
0.34843
0.34920
0.36009
0.35734
0.37007
0.38342
0.39179
0.39843
0.39843
0.39945
0.40014
0.41636
0.41636
0.40861
0.42059
0.42059
0.41157
0.42187
0.41040
0.39927
0.38312
0.38389
0.38389
0.38836
0.39316
0.39698
0.38867
0.39171
0.39361
0.41520
0.41592
0.40566
0.40527
0.40518
0.41261
0.40971
0.40583
0.40415
0.40835
0.41865
0.42270
0.40202
0.41326
0.41326
0.41317
0.41947
0.41585
0.42308
0.41489
0.41614
0.40526
0.40526
0.40766
0.40766
0.40028
0.37640
0.37096
0.35204
0.35668
0.35041
0.35271
0.34193
0.35963
0.37061
0.36527
0.35458
0.35925
0.36349
0.36322
0.35415
0.35415
0.35415
0.35870
0.35854
0.35854
0.34967
0.33283
0.35027
0.34887
0.35638
0.36783
0.35571
0.36059
0.36056
0.36056
0.36062
0.35027
0.35032
0.36569
0.36853
0.34133
0.34133
0.34133
0.34133
0.33293
0.32317
0.32314
0.32992
0.32209
0.32209
0.32114
0.34451
0.34451
0.34765
0.34757
0.34757
0.35436
0.34295
0.32855
0.33039
0.33039
0.33247
0.33243
0.32991
0.33114
0.33044
0.32459
0.31128
0.31128
0.30072
0.28851
0.28851
0.28851
0.29101
0.28443
0.28613
0.28982
0.28965
0.29374
0.28472
0.28487
0.29124
0.29121
0.29030
0.30907
0.30699
0.31557
0.30554
0.29439
0.29121
0.29258
0.28448
0.27465
0.27541
0.27836
0.29176
0.27958
0.28751
0.28796
0.27657
0.28597
0.28693
0.27921
0.29687
0.31367
0.31367
0.32116
0.31454
0.30507
0.29838
0.29543
0.30117
0.29265
0.27371
0.26951
0.26956
0.26951
0.26615
0.26619
0.26619
0.26646
0.26379
0.25524
0.25000
0.24595
0.25021
0.25229
0.25073
0.24285
0.24685
0.23824
0.23824
0.24704
0.24536
0.24524
0.23324
0.23054
0.23746
0.23830
0.22969
0.21383
0.20929
0.20442
0.18018
0.19586
0.19616
0.21393
0.22190
0.22172
0.20946
0.21461
0.22257
0.23567
0.20749
0.20340
0.18993
0.18022
0.16972
0.17200
0.16270
0.17040
0.19308
0.19307
0.20347
0.19988
0.19988
0.19988
0.17972
0.17972
0.18558
0.19167
0.18457
0.18457
0.15349
0.15199
0.15379
0.15264
0.15384
0.18203
0.18216
0.18706
0.18257
0.18877
0.23216
0.21783
0.21542
0.20962
0.21903
0.21227
0.21249
0.19983
0.19240
0.19237
0.19889
0.19889
0.17927
0.18672
0.16868
0.16898
0.16868
0.16868
0.16501
0.18528
0.19128
0.19087
0.19356
0.19523
0.19356
0.19241
0.16998
0.16023
0.13730
0.14686
0.14592
0.14599
0.17975
0.17816
0.16627
0.16377
0.16377
0.14692
0.16095
0.16044
0.15790
0.17459
0.17454
0.17454
0.17891
0.16024
0.16024
0.14778
0.17040
0.16478
0.16742
0.15203
0.15203
0.15203
0.15823
0.15723
0.15267
0.14634
0.14533
0.13689
0.14873
0.13912
0.14517
0.14713
0.13750
0.13750
0.13846
0.11513
0.12858
0.13011
0.11112
0.09735
0.09594
0.09574
0.09648
0.09576
0.10049
0.06682
0.06682
0.08569
0.08569
0.08914
0.08916
0.08568
0.06570
0.08185
0.06885
0.06715
0.06858
0.06542
0.03551
0.03553
0.03618
0.03618
0.02275
0.02794
0.03119
0.03128
0.02946
0.03037
0.03141
0.05361
0.05024
0.05024
0.03256
0.03256
0.02294
0.02143
0.00458
0.00000
0.02672
0.02388
0.02381
0.01009
0.01548
0.01554
0.01460
0.00002
0.00000
0.01714
0.02048
0.02395
0.02395
0.04414
0.04414
0.04414
0.03157
0.03131
0.03131
0.04878
0.05361
0.05066
0.05158
0.06596
0.06745
0.07135
0.07135
0.07113
0.08543
0.08463
0.08463
0.08798
0.08777
0.08798
0.08798
0.06679
0.09560
0.09420
0.07509
0.08219
0.08669
0.08891
0.08895
0.09958
0.10606
0.09761
0.09761
0.11327
0.12110
0.11827
0.12110
0.12546
0.13128
0.12043
0.12048
0.12048
0.12090
0.13972
0.13164
0.10872
0.10812
0.11081
0.11069
0.08825
0.09600
0.08090
0.09540
0.09540
0.09540
0.08364
0.07641
0.05041
0.05059
0.05064
0.05047
0.04093
0.05339
0.05492
0.05341
0.05404
0.06492
0.04520
0.02650
0.02219
0.03091
0.03625
0.03244
0.03287
0.03287
0.03287
0.03245
0.02757
0.03710
0.04206
0.04206
0.04206
0.04348
0.04262
0.03598
0.03598
0.03676
0.05169
0.05169
0.05169
0.04500
0.04406
0.04174
0.03833
0.04770
0.04291
0.04066
0.04046
0.02879
0.02958
0.02879
0.02878
0.02879
0.01856
0.01625
0.01503
0.00745
0.00753
0.00597
0.00780
0.01879
0.01821
0.02181
0.02638
0.03992
0.04134
0.04136
0.03864
0.04837
0.05473
0.06890
0.05842
0.03347
0.02400
0.02400
0.02294
0.01304
0.01243
0.00000
0.00229
0.00000
0.00000
0.00000
0.00000
0.00000
0.01308
0.02174
0.02036
0.02036
0.02859
0.02901
0.02900
0.04402
0.00007
0.00046
0.00395
0.00420
0.03356
0.03357
0.03356
0.04896
0.03353
0.03356
0.03294
0.03356
0.00302
0.00352
0.00781
0.00234
0.00267
0.00000
0.00658
0.00634
0.00865
0.00255
0.00611
0.02129
0.02460
0.04345
0.04531
0.05118
0.05118
0.06633
0.06611
0.06633
0.08510
0.08844
0.08611
0.08597
0.08007
0.07121
0.07121
0.08945
0.08356
0.08393
0.05702
0.05054
0.06661
0.07504
0.06319
0.05375
0.04975
0.03522
0.03749
0.03363
0.02927
0.03568
0.04035
0.02974
0.03577
0.02951
0.01553
0.00542
0.01000
0.00971
0.00619
0.00412
0.00000
0.00000
0.00000
0.00000
0.03168
0.01086
0.01234
0.00006
0.00104
0.00104
0.00000
0.00000
0.00000
0.00000
0.00000
0.00000
0.00000
0.00003
0.00000
0.00000
0.00000
0.00000
0.00552
0.00550
0.01701
0.02047
0.02458
0.02919
0.00709
0.00606
0.00854
0.00000
0.01394
0.01394
0.00944
0.00621
0.02783
0.02752
0.04240
0.03824
0.03866
0.02078
0.01704
0.01900
0.02010
0.02416
0.02776
0.02225
0.01920
0.03420
0.02364
0.03991
0.05181
0.05181
0.04677
0.04714
0.04702
0.06032
0.05941
0.05455
0.03459
0.06470
0.06354
0.05982
0.07468
0.06084
0.06054
0.07354
0.08885
0.08885
0.08885
0.08537
0.08300
0.08888
0.08880
0.07976
0.09158
0.09922
0.10436
0.11173
0.11051
0.10460
0.10127
0.08682
0.08305
0.08239
0.09542
0.10744
0.12587
0.12577
0.12577
0.12577
0.12775
0.13334
0.11632
0.11634
0.11632
0.11632
0.11632
0.10886
0.12840
0.12169
0.11944
0.12034
0.12316
0.12316
0.12335
0.12387
0.12569
0.12569
0.12554
0.12569
0.12569
0.12946
0.12207
0.12207
0.12207
0.11219
0.11219
0.11206
0.11507
0.11278
0.11487
0.11487
0.12405
0.09887
0.08794
0.08891
0.08064
0.06597
0.06655
0.06716
0.06667
0.05375
0.04436
0.06971
0.07031
0.07173
0.07237
0.07173
0.07990
0.11049
0.11422
0.10348
0.10095
0.09991
0.11539
0.11654
0.12824
0.12882
0.12988
0.12324
0.12327
0.13195
0.13210
0.13184
0.13195
0.14221
0.13251
0.13251
0.13251
0.13536
0.13529
0.13536
0.13533
0.15996
0.16592
0.15234
0.17357
0.14390
0.14355
0.13617
0.13547
0.13606
0.10341
0.10342
0.10342
0.11449
0.10260
0.09889
0.09889
0.09889
0.09889
0.09646
0.09646
0.10357
0.09717
0.09698
0.10529
0.10554
0.11133
0.11762
0.11792
0.11792
0.11792
0.12086
0.11873
0.13210
0.13023
0.13211
0.13211
0.12431
0.12715
0.13813
0.13789
0.13996
0.14017
0.13151
0.12844
0.13060
0.13060
0.13060
0.14337
0.13712
0.14037
0.13312
0.13310
0.13704
0.13725
0.13709
0.13710
0.12191
0.13407
0.13590
0.14791
0.14791
0.14603
0.14603
0.15669
0.15945
0.14779
0.13494
0.11937
0.14442
0.14442
0.14442
0.13921
0.11900
0.12116
0.10916
0.12466
0.14841
0.16375
0.16449
0.15800
0.15800
0.16328
0.16328
0.16633
0.16633
0.14448
0.16084
0.16084
0.16084
0.16084
0.16089
0.17978
0.17978
0.19415
0.19466
0.22338
0.22338
0.23771
0.23771
0.24033
0.23701
0.23701
0.22235
0.22202
0.22337
0.21343
0.22357
0.22338
0.17990
0.16126
0.15368
0.16422
0.16498
0.15717
0.16114
0.15399
0.13761
0.13459
0.14002
0.13697
0.13536
0.13546
0.13534
0.14702
0.15701
0.15893
0.15887
0.16815
0.16798
0.15346
0.15834
0.15836
0.17948
0.17948
0.16649
0.16557
0.16557
0.17157
0.17157
0.17458
0.17458
0.17442
0.18391
0.18936
0.19715
0.20109
0.20109
0.22951
0.21660
0.23143
0.22914
0.22359
0.23244
0.21682
0.23323
0.21527
0.21197
0.21279
0.20514
0.20734
0.20092
0.22744
0.22274
0.21191
0.21162
0.21173
0.18717
0.18717
0.18262
0.18262
0.18407
0.19131
0.19131
0.19131
0.18282
0.15893
0.17051
0.14922
0.14927
0.13262
0.13262
0.13262
0.13262
0.14285
0.14169
0.14285
0.14285
0.12834
0.12826
0.12829
0.12602
0.10497
0.09390
0.09356
0.09390
0.09643
0.08678
0.09862
0.10745
0.10974
0.11273
0.13029
0.13141
0.13141
0.11460
0.11159
0.09780
0.10480
0.10135
0.09144
0.11043
0.11807
0.11946
0.11974
0.11974
0.11974
0.11928
0.12309
0.11061
0.10058
0.10210
0.10210
0.10226
0.10098
0.10098
0.10250
0.10370
0.10370
0.10711
0.09149
0.09149
0.09149
0.09149
0.09121
0.09121
0.09139
0.09414
0.07904
0.09058
0.09074
0.08970
0.07992
0.07992
0.07915
0.07915
0.07922
0.07926
0.07922
0.08936
0.07471
0.07471
0.07671
0.07671
0.07382
0.06916
0.07747
0.07747
0.07747
0.08524
0.07242
0.08197
0.08197
0.06152
0.06716
0.06072
0.05154
0.05148
0.05154
0.06042
0.07060
0.08898
0.08887
0.08887
0.08887
0.09011
0.08509
0.08762
0.09315
0.09211
0.09222
0.09222
0.09222
0.09210
0.08933
0.08936
0.08975
0.09308
0.08084
0.09558
0.08361
0.08299
0.09252
0.09656
0.09506
0.09893
0.10088
0.10008
0.06997
0.06615
0.07231
0.06865
0.05461
0.07159
0.07159
0.07629
0.08634
0.08904
0.08904
0.08509
0.08644
0.07645
0.08440
0.09416
0.09963
0.09476
0.09423
0.07320
0.07295
0.10131
0.10062
0.10110
0.10110
0.10700
0.10512
0.12131
0.10079
0.11493
0.11478
0.10855
0.11666
0.11677
0.11115
0.10302
0.10325
0.10726
0.10726
0.10799
0.10798
0.10799
0.10799
0.11378
0.11246
0.12259
0.11317
0.11747
0.11747
0.11894
0.13544
0.17702
0.17658
0.15696
0.15688
0.15519
0.18711
0.19749
0.19700
0.19749
0.18986
0.20885
0.22710
0.22696
0.22951
0.22406
0.22406
0.22395
0.22246
0.22388
0.22385
0.22385
0.22383
0.22102
0.22102
0.22102
0.24345
0.23522
0.25107
0.24596
0.25216
0.29308
0.26643
0.26643
0.27798
0.27859
0.27280
0.27280
0.29660
0.29638
0.29660
0.30346
0.31465
0.31958
0.31081
0.30557
0.29199
0.29050
0.29892
0.30661
0.30641
0.30641
0.30641
0.29850
0.29959
0.29990
0.30413
0.27938
0.27888
0.28112
0.29055
0.28228
0.28605
0.28522
0.28671
0.28214
0.28207
0.28213
0.28344
0.28344
0.27749
0.28344
0.24836
0.24586
0.24607
0.24574
0.23883
0.26225
0.25246
0.25246
0.25247
0.24859
0.25721
0.25627
0.25627
0.22982
0.22828
0.22479
0.22837
0.21486
0.21375
0.21261
0.21263
0.21969
0.21969
0.21969
0.20882
0.20867
0.21799
0.21801
0.23058
0.22235
0.19589
0.19589
0.19589
0.19601
0.18146
0.15853
0.15853
0.16631
0.15867
0.15770
0.15739
0.15822
0.17129
0.17076
0.16925
0.17908
0.19317
0.18870
0.16898
0.16261
0.17082
0.17446
0.17383
0.19135
0.21124
0.22776
0.24428
0.24672
0.24671
0.23122
0.22098
0.24770
0.22219
0.23370
0.22569
0.22557
0.22557
0.21505
0.21505
0.22689
0.22852
0.24800
0.24976
0.25472
0.26448
0.26311
0.26448
0.29592
0.30035
0.30035
0.30229
0.31057
0.30479
0.30947
0.27728
0.27728
0.27456
0.28224
0.28463
0.27945
0.27939
0.28864
0.29721
0.31353
0.31353
0.31930
0.31825
0.31070
0.31963
0.33375
0.33768
0.34148
0.34734
0.34257
0.34788
0.34788
0.34052
0.34346
0.36753
0.36308
0.36561
0.36589
0.36855
0.37240
0.37240
0.37240
0.37240
0.37912
0.37912
0.37013
0.37014
0.36405
0.36405
0.36405
0.35169
0.35032
0.35126
0.35126
0.33320
0.32815
0.33036
0.31732
0.30070
0.28348
0.29134
0.28623
0.27787
0.28085
0.28111
0.28085
0.29763
0.28485
0.30299
0.30582
0.30291
0.30291
0.29664
0.30933
0.30933
0.30933
0.31848
0.31848
0.31844
0.32270
0.31911
0.31960
0.32040
0.32040
0.33673
0.33237
0.33559
0.33024
0.30131
0.30131
0.30131
0.29191
0.29249
0.28509
0.28433
0.28433
0.29755
0.29493
0.29496
0.29496
0.26684
0.25911
0.26005
0.25952
0.27878
0.27263
0.27526
0.27527
0.27526
0.27800
0.28617
0.27318
0.24610
0.23154
0.22525
0.22117
0.21715
0.23712
0.23719
0.22526
0.22649
0.22602
0.23450
0.21681
0.21681
0.21585
0.22044
0.24927
0.24969
0.25221
0.24386
0.24385
0.24969
0.24539
0.23617
0.24294
0.24371
0.23495
0.22852
0.22373
0.23462
0.23482
0.23446
0.24325
0.25639
0.25321
0.27237
0.26991
0.27666
0.26865
0.27506
0.27514
0.27514
0.27487
0.27436
0.29768
0.29768
0.27608
0.26963
0.26957
0.24673
0.22185
0.22185
0.20888
0.22977
0.23377
0.21770
0.21204
0.21717
0.21721
0.21526
0.22166
0.19969
0.20134
0.20134
0.20050
0.19104
0.19104
0.19104
0.17482
0.17482
0.17545
0.15817
0.15819
0.16540
0.16540
0.16727
0.17562
0.18494
0.19654
0.18459
0.19231
0.18997
0.19252
0.19356
0.19284
0.19356
0.19122
0.19270
0.19266
0.18266
0.16749
0.17882
0.17976
0.18831
0.19075
0.19075
0.18496
0.18494
0.18205
0.18539
0.19358
0.20273
0.21437
0.24131
0.25167
0.24880
0.24880
0.25108
0.24590
0.23329
0.24446
0.25545
0.24881
0.24620
0.24864
0.24845
0.24077
0.23864
0.22860
0.20320
0.20027
0.18240
0.17565
0.17780
0.17780
0.17450
0.17471
0.16124
0.17124
0.17896
0.19146
0.17918
0.13121
0.11538
0.12485
0.12440
0.10410
0.10165
0.10410
0.10962
0.10962
0.10275
0.10269
0.10916
0.11016
0.09195
0.07541
0.07535
0.07267
0.07027
0.06415
0.04999
0.05366
0.04892
0.04872
0.05571
0.05571
0.03168
0.00586
0.00000
0.00016
0.00016
0.00053
0.00001
0.00000
0.00000
0.00000
0.00000
0.00000
0.00000
0.00000
0.00000
0.00132
0.00132
0.00000
0.00000
0.00994
0.00571
0.00658
0.00849
0.00849
0.00026
0.00181
0.00085
0.00571
0.00566
0.00565
0.00194
0.00136
0.00000
0.00000
0.00000
0.00000
0.00148
0.00988
0.00772
0.00611
0.01478
0.01478
0.01478
0.01482
0.01478
0.01648
0.01648
0.01648
0.00368
0.00002
0.02210
0.02822
0.04481
0.04079
0.04079
0.04079
0.04079
0.08204
0.08204
0.06331
0.06021
0.07766
0.06878
0.06643
0.06275
0.05067
0.04705
0.02252
0.02250
0.02257
0.02257
0.01927
0.01927
0.01760
0.01757
0.01764
0.01757
0.01757
0.01759
0.01060
0.01897
0.00000
0.00052
0.00201
0.02207
0.04264
0.04130
0.04130
0.04978
0.05187
0.05188
0.04982
0.04149
0.02852
0.02645
0.00436
0.02327
0.02378
0.02378
0.03601
0.04236
0.03784
0.03784
0.03784
0.02306
0.01721
0.02245
0.04015
0.04015
0.04736
0.07485
0.07485
0.06500
0.06474
0.07183
0.08318
0.06889
0.06905
0.06154
0.05302
0.04722
0.04727
0.04386
0.04415
0.04252
0.04770
0.04951
0.05275
0.04770
0.04651
0.04652
0.04669
0.04858
0.02774
0.02774
0.02831
0.02278
0.04004
0.04252
0.05165
0.04316
0.03603
0.03603
0.03865
0.04834
0.04730
0.04355
0.04368
0.04150
0.04150
0.04524
0.04737
0.04727
0.04727
0.07224
0.07221
0.07224
0.07224
0.09592
0.09065
0.07986
0.07814
0.07534
0.07534
0.07534
0.10203
0.10752
0.12366
0.12015
0.12012
0.12044
0.14758
0.15473
0.15468
0.15496
0.15455
0.15695
0.15695
0.15660
0.15660
0.16501
0.16501
0.16501
0.16484
0.16180
0.19279
0.19631
0.19276
0.18962
0.15797
0.15800
0.18437
0.20190
0.19578
0.17251
0.15999
0.15708
0.13586
0.13883
0.13883
0.12473
0.12112
0.12112
0.12733
0.11155
0.14996
0.14150
0.14404
0.14778
0.14760
0.14277
0.14277
0.14277
0.13997
0.15626
0.18996
0.20305
0.18023
0.17492
0.16826
0.15773
0.15272
0.13806
0.13762
0.13806
0.12989
0.12954
0.13577
0.13679
0.11165
0.11059
0.11485
0.11618
0.12539
0.12539
0.13491
0.13491
0.13616
0.11379
0.10710
0.09381
0.09381
0.09615
0.08690
0.08690
0.08690
0.08690
0.08816
0.10720
0.10199
0.10207
0.11299
0.12186
0.12207
0.12205
0.11033
0.08019
0.08306
0.06147
0.05804
0.05774
0.05806
0.05806
0.05139
0.05139
0.03795
0.02125
0.02027
0.02495
0.02250
0.02339
0.01929
0.03661
0.04555
0.06197
0.06197
0.04226
0.03036
0.03016
0.02693
0.02693
0.03412
0.04483
0.06550
0.06550
0.07216
0.08189
0.07126
0.06071
0.05885
0.05888
0.06796
0.07699
0.09753
0.09755
0.10076
0.10076
0.08388
0.08409
0.08409
0.08409
0.08585
0.08549
0.09521
0.11480
0.11575
0.11792
0.11780
0.10325
0.10495
0.10511
0.10792
0.10792
0.10940
0.11672
0.11670
0.11670
0.12034
0.12663
0.12025
0.11307
0.11307
0.09946
0.09946
0.09737
0.09279
0.10170
0.09408
0.09025
0.10668
0.09123
0.09558
0.08971
0.10174
0.11743
0.11743
0.11743
0.09418
0.09951
0.09951
0.09689
0.07286
0.07834
0.07824
0.07711
0.07776
0.07803
0.07803
0.07804
0.07565
0.07286
0.07324
0.07286
0.08104
0.08569
0.08335
0.07494
0.07494
0.09150
0.08144
0.08040
0.08040
0.08040
0.07520
0.07744
0.10740
0.10488
0.09232
0.09509
0.09515
0.09440
0.09389
0.08383
0.07149
0.07149
0.07149
0.07993
0.07995
0.08735
0.09299
0.09513
0.09137
0.10301
0.10358
0.10314
0.09209
0.09143
0.06777
0.06866
0.08042
0.09120
0.09162
0.09162
0.09938
0.09712
0.09679
0.10087
0.10087
0.09446
0.08343
0.11529
0.11529
0.11111
0.11140
0.11111
0.13190
0.13873
0.12544
0.12863
0.11620
0.11546
0.10756
0.11286
0.11707
0.11541
0.11541
0.11471
0.11446
0.11637
0.11630
0.12701
0.12698
0.12803
0.11231
0.10636
0.10225
0.10190
0.11330
0.06573
0.06629
0.06353
0.08114
0.08114
0.07826
0.06777
0.06777
0.07004
0.05630
0.06410
0.07507
0.09212
0.09221
0.09221
0.09584
0.09612
0.07156
0.06973
0.05585
0.06062
0.06647
0.04857
0.05173
0.05180
0.06209
0.06923
0.06150
0.07443
0.07443
0.07567
0.06311
0.05373
0.03453
0.01524
0.01448
0.05105
0.04239
0.04140
0.06249
0.06249
0.04602
0.05600
0.02726
0.02728
0.02728
0.03115
0.03115
0.04593
0.04805
0.04831
0.04855
0.04767
0.04719
0.04966
0.06553
0.06198
0.06800
0.06800
0.06800
0.06800
0.08882
0.09508
0.09152
0.07948
0.07948
0.08015
0.08018
0.07124
0.07134
0.07134
0.07312
0.08722
0.09078
0.08684
0.08680
0.08684
0.09044
0.09156
0.06199
0.07051
0.05116
0.06235
0.06928
0.07151
0.05898
0.04870
0.02958
0.03184
0.02962
0.03636
0.03633
0.03627
0.05003
0.05225
0.05341
0.05365
0.06631
0.06622
0.06626
0.06652
0.06711
0.06621
0.06172
0.04662
0.04756
0.04756
0.06057
0.07107
0.10273
0.10293
0.10406
0.10469
0.11569
0.11569
0.11569
0.11569
0.11949
0.12066
0.09948
0.10082
0.10082
0.10454
0.10089
0.09813
0.11736
0.11251
0.11327
0.12311
0.12309
0.12311
0.13030
0.14000
0.14000
0.14000
0.13995
0.14000
0.15900
0.16086
0.16846
0.15812
0.15812
0.15812
0.15424
0.15013
0.16207
0.16537
0.17600
0.17510
0.17433
0.18064
0.17402
0.17384
0.17384
0.17384
0.17416
0.16971
0.15207
0.14717
0.15670
0.14822
0.14818
0.14276
0.14276
0.15542
0.11915
0.15576
0.15206
0.14497
0.13996
0.13965
0.13996
0.14000
0.12435
0.12961
0.12806
0.11932
0.12761
0.12518
0.13937
0.13937
0.16100
0.16100
0.18510
0.21781
0.22298
0.22056
0.21673
0.20762
0.20647
0.20008
0.20578
0.21650
0.20756
0.20644
0.20644
0.20033
0.20413
0.19542
0.18437
0.19298
0.19404
0.18927
0.18561
0.17934
0.18307
0.18249
0.18249
0.16706
0.16706
0.15141
0.15037
0.14087
0.14461
0.14968
0.15951
0.17141
0.17978
0.16519
0.16457
0.15199
0.15199
0.15126
0.15217
0.15010
0.15862
0.16601
0.16227
0.15433
0.14468
0.13518
0.14128
0.13849
0.13469
0.13490
0.13524
0.13370
0.13166
0.12324
0.12343
0.12115
0.11544
0.11546
0.11544
0.11549
0.12625
0.13831
0.15542
0.15568
0.17009
0.16156
0.18066
0.19029
0.18998
0.18998
0.18998
0.20043
0.20193
0.21623
0.21646
0.21648
0.21318
0.22042
0.20434
0.20517
0.19568
0.18173
0.15079
0.15728
0.16189
0.16241
0.14759
0.14759
0.14759
0.14759
0.14758
0.13636
0.13636
0.17060
0.18775
0.19464
0.19463
0.21957
0.21865
0.23166
0.23494
0.23816
0.23337
0.23869
0.24058
0.23746
0.23755
0.22517
0.24026
0.25491
0.25443
0.25807
0.25992
0.27439
0.27436
0.27871
0.28417
0.28444
0.29386
0.28725
0.30450
0.30444
0.30300
0.29212
0.30837
0.33121
0.33126
0.31705
0.31705
0.31705
0.31513
0.31004
0.31818
0.31820
0.31684
0.31684
0.31006
0.30950
0.33138
0.32278
0.31083
0.30904
0.30209
0.33129
0.33129
0.33129
0.35122
0.36290
0.35146
0.32279
0.32698
0.31121
0.31065
0.31058
0.31061
0.31294
0.32403
0.32214
0.32987
0.30708
0.29717
0.30396
0.29138
0.29138
0.29142
0.28757
0.27826
0.27824
0.27826
0.27826
0.27081
0.27073
0.27082
0.26425
0.25824
0.24710
0.22656
0.22434
0.22637
0.22155
0.21543
0.21548
0.21228
0.20832
0.20832
0.21830
0.21831
0.21830
0.21745
0.21830
0.21848
0.22145
0.22105
0.22104
0.21953
0.21269
0.23091
0.22912
0.25254
0.24952
0.24877
0.24877
0.23112
0.21875
0.20165
0.20317
0.20158
0.19659
0.20165
0.20422
0.21528
0.21528
0.21529
0.22642
0.21530
0.21530
0.24011
0.23953
0.22820
0.22760
0.23944
0.23944
0.23944
0.26155
0.27335
0.25810
0.27397
0.26476
0.26624
0.26558
0.26602
0.26644
0.26684
0.26712
0.28018
0.28529
0.28577
0.27214
0.26460
0.27480
0.29966
0.29968
0.29968
0.29974
0.29964
0.30316
0.30644
0.28848
0.29040
0.29783
0.29783
0.29779
0.29783
0.29008
0.25995
0.25986
0.25363
0.27080
0.25621
0.27472
0.27610
0.27679
0.27244
0.26003
0.25793
0.22384
0.22811
0.22880
0.22085
0.21756
0.21681
0.20902
0.20902
0.21041
0.20446
0.19605
0.20456
0.20450
0.21150
0.21830
0.21830
0.21097
0.21523
0.22396
0.22396
0.22451
0.21165
0.21215
0.21215
0.20025
0.20025
0.20572
0.22648
0.22630
0.22561
0.22648
0.22763
0.22648
0.22648
0.22820
0.23518
0.21727
0.21625
0.20973
0.19277
0.19168
0.19168
0.20521
0.18713
0.18715
0.19927
0.19927
0.19553
0.20107
0.22890
0.22960
0.20507
0.20508
0.21333
0.20571
0.20915
0.22416
0.22678
0.21990
0.23397
0.23720
0.24696
0.24042
0.24075
0.25668
0.25801
0.25817
0.25997
0.26747
0.26747
0.29114
0.26694
0.27373
0.28063
0.28644
0.27965
0.27965
0.27852
0.27196
0.24352
0.24778
0.24778
0.24724
0.25137
0.24519
0.24065
0.24004
0.24065
0.24065
0.22672
0.22672
0.23490
0.23741
0.21323
0.23190
0.22886
0.22886
0.22886
0.23311
0.23531
0.23779
0.24182
0.25218
0.25490
0.26502
0.26649
0.24826
0.25620
0.25549
0.25552
0.26621
0.28320
0.28259
0.26325
0.26325
0.26773
0.27259
0.27259
0.27261
0.26124
0.26362
0.25968
0.24510
0.24112
0.23928
0.23025
0.23025
0.23306
0.23483
0.23636
0.23784
0.21415
0.22849
0.22920
0.23482
0.21082
0.20555
0.21484
0.21422
0.22091
0.22765
0.22778
0.22847
0.23222
0.21622
0.21622
0.21143
0.21220
0.20681
0.22805
0.25283
0.25411
0.23702
0.20496
0.20059
0.18962
0.19102
0.18844
0.18714
0.18714
0.18146
0.19470
0.20220
0.16899
0.16915
0.16915
0.16915
0.16856
0.16941
0.18782
0.18460
0.18053
0.15255
0.15215
0.16125
0.14725
0.14725
0.14731
0.14287
0.14287
0.14045
0.13236
0.13236
0.13226
0.12840
0.12982
0.13829
0.13778
0.13753
0.12870
0.13069
0.14918
0.13859
0.13822
0.13859
0.14007
0.15174
0.17195
0.19352
0.18996
0.18880
0.18814
0.20310
0.20310
0.20991
0.20897
0.21254
0.21233
0.21369
0.21369
0.20906
0.23085
0.22795
0.22787
0.23118
0.23732
0.20503
0.21248
0.20053
0.21454
0.22363
0.20886
0.19821
0.19821
0.19851
0.19851
0.17903
0.19911
0.20239
0.19906
0.19837
0.22806
0.22615
0.22615
0.21712
0.21742
0.21151
0.19652
0.19652
0.19634
0.19906
0.19162
0.19162
0.18636
0.18137
0.18556
0.18574
0.19930
0.19853
0.19821
0.19853
0.18574
0.19187
0.17840
0.17417
0.18189
0.21074
0.21074
0.23035
0.23614
0.23655
0.23080
0.22577
0.22434
0.20983
0.20526
0.20569
0.22810
0.22810
0.23031
0.25374
0.26088
0.26297
0.26108
0.25656
0.26730
0.26263
0.26386
0.26380
0.26939
0.28540
0.27933
0.27493
0.25274
0.24720
0.25388
0.24969
0.23434
0.24466
0.23339
0.20479
0.20479
0.18733
0.19971
0.19900
0.19780
0.19408
0.18582
0.18395
0.18395
0.18922
0.18922
0.17296
0.17296
0.18483
0.18500
0.19294
0.17746
0.17718
0.18588
0.18585
0.19129
0.19129
0.19129
0.18408
0.17714
0.17713
0.17713
0.17713
0.16684
0.16646
0.16917
0.18070
0.18430
0.18179
0.19027
0.18546
0.18546
0.18546
0.17998
0.19578
0.19026
0.20009
0.19680
0.19680
0.19662
0.19680
0.19680
0.20776
0.21582
0.22092
0.22091
0.22092
0.21814
0.20080
0.18945
0.18932
0.17853
0.19650
0.20490
0.20250
0.21323
0.22239
0.21046
0.20891
0.19893
0.20404
0.20445
0.20487
0.24055
0.24070
0.24070
0.24070
0.23586
0.24177
0.24852
0.23224
0.23224
0.23224
0.23224
0.21009
0.19105
0.19173
0.19829
0.19829
0.19931
0.18967
0.19743
0.18514
0.18622
0.16496
0.16904
0.18061
0.17868
0.16437
0.15510
0.15983
0.14838
0.14665
0.13731
0.13774
0.13763
0.13314
0.14696
0.14573
0.15397
0.14940
0.16747
0.16753
0.18131
0.19579
0.19579
0.18689
0.18673
0.18691
0.18691
0.18012
0.18012
0.18012
0.18012
0.16111
0.16111
0.15511
0.15511
0.17226
0.14236
0.16989
0.18456
0.18465
0.17794
0.21348
0.23354
0.23037
0.24580
0.25379
0.25599
0.25599
0.24359
0.26023
0.26233
0.27068
0.26956
0.26942
0.26559
0.27910
0.27910
0.27910
0.27910
0.29350
0.29974
0.29997
0.29997
0.30096
0.31518
0.31643
0.31018
0.30819
0.32811
0.32811
0.32411
0.29046
0.30249
0.30670
0.30408
0.30408
0.31552
0.30746
0.30746
0.30746
0.30275
0.29681
0.31769
0.32162
0.34563
0.32703
0.33318
0.30996
0.30984
0.31503
0.31821
0.33438
0.32412
0.32393
0.33222
0.33222
0.33222
0.33089
0.33089
0.32678
0.32571
0.33236
0.31685
0.31783
0.31420
0.30956
0.30800
0.30081
0.30081
0.30081
0.29745
0.29675
0.30279
0.32018
0.31872
0.33032
0.32440
0.32440
0.32123
0.33331
0.33332
0.33472
0.33968
0.35154
0.35469
0.36409
0.36409
0.35741
0.35181
0.37751
0.36972
0.37508
0.38079
0.35831
0.35732
0.36841
0.37564
0.34004
0.32013
0.31513
0.31373
0.32066
0.33436
0.32351
0.32354
0.32351
0.32363
0.33454
0.32535
0.31402
0.31446
0.31244
0.29173
0.29330
0.29349
0.29349
0.28751
0.28751
0.29497
0.29929
0.30207
0.32247
0.29610
0.28677
0.29579
0.29476
0.28387
0.28765
0.29383
0.30745
0.30745
0.30745
0.29935
0.29726
0.28932
0.28941
0.28964
0.28478
0.27138
0.27736
0.27956
0.27518
0.27545
0.26473
0.26468
0.26473
0.25211
0.24563
0.24565
0.22884
0.24420
0.22652
0.23960
0.23982
0.23982
0.22015
0.22299
0.22100
0.22111
0.21173
0.21938
0.21938
0.21938
0.21900
0.21591
0.21591
0.20508
0.19593
0.18836
0.19166
0.19180
0.21060
0.21298
0.21255
0.20118
0.20118
0.20119
0.23074
0.23074
0.22642
0.22178
0.20937
0.20449
0.20509
0.19897
0.21068
0.21087
0.21087
0.20825
0.20774
0.21264
0.21264
0.21264
0.21264
0.21097
0.20764
0.20764
0.21789
0.21789
0.21788
0.23240
0.23240
0.23240
0.23099
0.23163
0.23146
0.21829
0.22928
0.22987
0.22572
0.22611
0.22611
0.23687
0.23262
0.24057
0.24564
0.26691
0.26686
0.26686
0.27884
0.30316
0.28676
0.30876
0.31698
0.31544
0.31730
0.32047
0.32047
0.30336
0.29793
0.29821
0.30791
0.30457
0.30562
0.31709
0.31709
0.32657
0.33784
0.33324
0.33154
0.33194
0.32256
0.33307
0.33522
0.32528
0.35235
0.35235
0.33995
0.32164
0.32970
0.31994
0.29500
0.28314
0.28540
0.28519
0.28508
0.28518
0.29465
0.30397
0.30982
0.32733
0.33333
0.32308
0.31555
0.30986
0.32324
0.31854
0.32142
0.32560
0.32558
0.29101
0.29142
0.28815
0.28855
0.30209
0.30209
0.30209
0.30209
0.31414
0.31426
0.31647
0.30489
0.31333
0.32662
0.33294
0.34135
0.34200
0.34273
0.34410
0.35848
0.36437
0.35949
0.35669
0.34265
0.34363
0.34363
0.32106
0.33310
0.33434
0.33462
0.32998
0.32919
0.31449
0.30817
0.29663
0.30170
0.30210
0.30463
0.30226
0.30226
0.30226
0.30091
0.30411
0.29061
0.29061
0.29081
0.28349
0.28007
0.28009
0.28007
0.26491
0.26454
0.24436
0.24392
0.24201
0.23848
0.21901
0.20798
0.23069
0.22141
0.22135
0.23114
0.22668
0.24419
0.25229
0.24694
0.25738
0.26306
0.27096
0.26605
0.26588
0.26585
0.26279
0.24344
0.24344
0.24393
0.24485
0.22660
0.22928
0.20832
0.19957
0.20354
0.20334
0.20354
0.20354
0.20034
0.19637
0.20502
0.15129
0.15284
0.14840
0.14839
0.14570
0.14385
0.14384
0.14303
0.14658
0.14657
0.14658
0.14658
0.13305
0.15077
0.13861
0.12989
0.14170
0.14394
0.12022
0.12028
0.11454
0.12477
0.12380
0.12380
0.12192
0.12197
0.12324
0.12282
0.12285
0.11810
0.11839
0.11820
0.11827
0.11827
0.13018
0.16197
0.15980
0.13672
0.14204
0.14181
0.13373
0.13390
0.14405
0.14602
0.14306
0.13949
0.13055
0.13058
0.12409
0.12837
0.12756
0.12554
0.12535
0.13875
0.12676
0.12676
0.11580
0.11576
0.10098
0.11307
0.11261
0.11318
0.12279
0.12419
0.12419
0.10852
0.10814
0.10814
0.10812
0.10923
0.11404
0.12525
0.11623
0.12009
0.12501
0.12501
0.11212
0.11641
0.11640
0.11640
0.11743
0.10712
0.13686
0.13762
0.13922
0.14466
0.15263
0.16702
0.18122
0.17571
0.17571
0.18254
0.16215
0.15911
0.14325
0.14822
0.15786
0.17299
0.17570
0.15402
0.15557
0.13720
0.14984
0.15014
0.14990
0.14880
0.16185
0.16177
0.15438
0.15625
0.16309
0.14821
0.14970
0.14814
0.14612
0.13453
0.13453
0.13453
0.14154
0.14548
0.14635
0.15253
0.15252
0.15254
0.15378
0.15244
0.14502
0.14334
0.15740
0.15740
0.15334
0.14396
0.14396
0.14420
0.12499
0.14212
0.13394
0.13875
0.14504
0.14170
0.14017
0.17943
0.18182
0.18575
0.18527
0.18253
0.20198
0.20410
0.17835
0.18249
0.18564
0.18921
0.18724
0.16759
0.16749
0.15554
0.14922
0.15152
0.16441
0.15765
0.16324
0.15385
0.14866
0.14861
0.14795
0.16578
0.16585
0.16648
0.16648
0.15409
0.15409
0.15409
0.15763
0.15886
0.15936
0.14070
0.14527
0.14030
0.14169
0.14242
0.14245
0.13937
0.13993
0.13993
0.11916
0.11276
0.11210
0.11197
0.12216
0.12509
0.12843
0.12864
0.12844
0.14396
0.15849
0.15849
0.15438
0.16324
0.16765
0.16765
0.15360
0.15156
0.16027
0.16779
0.16012
0.16262
0.15472
0.13746
0.12992
0.13125
0.13125
0.15719
0.17634
0.17634
0.17548
0.15295
0.15269
0.13928
0.13909
0.13928
0.14675
0.14721
0.18862
0.19077
0.19077
0.19177
0.18392
0.18392
0.18966
0.17655
0.17575
0.17574
0.18453
0.19239
0.19550
0.20013
0.20323
0.20837
0.20488
0.19646
0.19199
0.19199
0.19199
0.19199
0.19337
0.19457
0.18995
0.19102
0.18843
0.18675
0.18717
0.18717
0.17970
0.18271
0.16859
0.17187
0.19415
0.20488
0.19322
0.19322
0.19137
0.19499
0.19481
0.19334
0.19289
0.18528
0.18492
0.18528
0.18522
0.18881
0.18820
0.18746
0.16952
0.17276
0.16945
0.17893
0.17945
0.17941
0.17949
0.17949
0.18206
0.17959
0.17947
0.17949
0.17949
0.18709
0.18705
0.18711
0.18256
0.16405
0.17027
0.19879
0.18956
0.19017
0.19017
0.17817
0.14695
0.13299
0.13531
0.14183
0.14126
0.14576
0.16183
0.19865
0.19598
0.19886
0.19163
0.19163
0.19100
0.18933
0.19134
0.19123
0.19917
0.19917
0.19908
0.20306
0.19917
0.19915
0.19917
0.19922
0.20128
0.18524
0.18388
0.18524
0.18257
0.20861
0.20850
0.18962
0.17407
0.16985
0.16965
0.18505
0.18505
0.18942
0.18942
0.18942
0.18942
0.21799
0.22068
0.21736
0.21502
0.19331
0.18819
0.18872
0.20081
0.19432
0.18624
0.19033
0.20834
0.20808
0.20848
0.20847
0.19095
0.20178
0.21404
0.21984
0.20384
0.20824
0.20136
0.19990
0.17908
0.17908
0.19372
0.19031
0.14904
0.15450
0.14904
0.15413
0.15295
0.15222
0.14603
0.13385
0.14479
0.12370
0.12457
0.12389
0.12388
0.12389
0.14060
0.13320
0.13320
0.15312
0.15267
0.15267
0.13630
0.12867
0.10755
0.09464
0.09937
0.09708
0.09783
0.09665
0.08962
0.08135
0.08371
0.08324
0.08324
0.08712
0.09908
0.11872
0.11872
0.11445
0.11445
0.11654
0.13066
0.15150
0.14901
0.13087
0.15474
0.14901
0.14039
0.14164
0.13491
0.13491
0.13455
0.13082
0.11610
0.13268
0.12772
0.10258
0.10217
0.10021
0.09433
0.09066
0.10243
0.12936
0.13009
0.13009
0.11521
0.11521
0.11521
0.11522
0.11275
0.11135
0.10735
0.11149
0.13376
0.13901
0.14095
0.11011
0.11616
0.11871
0.11661
0.11033
0.10612
0.10071
0.07766
0.07791
0.08670
0.08670
0.09111
0.09111
0.09909
0.09092
0.09301
0.09232
0.08359
0.09899
0.11434
0.12557
0.10247
0.08760
0.08064
0.07354
0.06444
0.05801
0.07288
0.06783
0.07547
0.08746
0.08953
0.08831
0.11057
0.10881
0.11527
0.14781
0.17112
0.17112
0.17112
0.17112
0.17499
0.17228
0.17228
0.15477
0.14398
0.14396
0.14398
0.12704
0.12689
0.12692
0.12325
0.12325
0.11331
0.13062
0.14265
0.14269
0.14806
0.14808
0.13727
0.13179
0.13905
0.13930
0.16771
0.17931
0.20422
0.20427
0.20279
0.21029
0.21135
0.17475
0.18821
0.18820
0.18059
0.15060
0.16907
0.16907
0.16867
0.16874
0.16874
0.15597
0.15667
0.17735
0.19903
0.19530
0.19970
0.19673
0.19133
0.19393
0.19511
0.22145
0.22337
0.22674
0.22244
0.21908
0.21971
0.21971
0.22844
0.20446
0.19322
0.19322
0.19326
0.20277
0.18356
0.18803
0.21026
0.20981
0.20913
0.20981
0.19857
0.19839
0.19301
0.19305
0.19019
0.19266
0.20356
0.21233
0.21362
0.19780
0.19773
0.18886
0.18709
0.19356
0.20763
0.20792
0.20792
0.20792
0.20720
0.20648
0.21181
0.20964
0.20963
0.22100
0.22095
0.19966
0.19931
0.19895
0.20499
0.20476
0.20622
0.21368
0.21245
0.21245
0.20574
0.20586
0.20755
0.20692
0.20951
0.20951
0.21121
0.20628
0.22306
0.22296
0.22264
0.22390
0.22429
0.22429
0.22920
0.23358
0.23476
0.24857
0.24383
0.24316
0.23994
0.24183
0.24343
0.25162
0.25153
0.25622
0.25325
0.24092
0.23427
0.23216
0.21947
0.20685
0.20298
0.21534
0.21607
0.20679
0.20775
0.19687
0.20216
0.19331
0.18208
0.18208
0.18390
0.18487
0.19672
0.17572
0.17625
0.17861
0.17861
0.17862
0.17861
0.18091
0.18302
0.17238
0.18648
0.17934
0.18154
0.17928
0.17089
0.17125
0.16182
0.15766
0.15766
0.15766
0.15766
0.15766
0.16586
0.16586
0.16984
0.16984
0.16984
0.16993
0.17271
0.17246
0.17235
0.16906
0.17426
0.17426
0.16890
0.16874
0.16872
0.16874
0.18069
0.18324
0.18324
0.18324
0.19382
0.20035
0.19623
0.21234
0.20773
0.21806
0.27283
0.27420
0.26586
0.25110
0.24391
0.24370
0.24370
0.24370
0.24375
0.24354
0.24370
0.24355
0.24482
0.25590
0.25561
0.26303
0.26313
0.24931
0.24778
0.24722
0.26415
0.25250
0.25360
0.25360
0.24662
0.24468
0.23951
0.24176
0.24176
0.25004
0.25028
0.25974
0.26219
0.26107
0.26725
0.27049
0.27268
0.27353
0.27410
0.27405
0.27807
0.25419
0.25930
0.25778
0.25453
0.24585
0.24719
0.26283
0.28170
0.27836
0.30668
0.31170
0.29051
0.26828
0.26828
0.26099
0.25279
0.25228
0.26419
0.28393
0.27914
0.26688
0.26688
0.26688
0.24841
0.25751
0.24924
0.24905
0.25817
0.25605
0.25248
0.24514
0.22959
0.22962
0.21583
0.21485
0.21788
0.20743
0.21686
0.23027
0.22604
0.21984
0.21312
0.19317
0.19272
0.22635
0.24214
0.24214
0.24214
0.25147
0.25139
0.25147
0.25106
0.26660
0.26762
0.26762
0.26973
0.24683
0.24683
0.23744
0.24295
0.23370
0.23360
0.22120
0.22547
0.23709
0.20938
0.24022
0.24022
0.26188
0.27956
0.29614
0.29406
0.29137
0.30264
0.30471
0.30470
0.30470
0.30525
0.30087
0.30065
0.30731
0.30443
0.30259
0.30176
0.30173
0.30173
0.29465
0.30274
0.29075
0.28858
0.27886
0.30132
0.30196
0.29825
0.30196
0.29368
0.28207
0.28046
0.28045
0.29042
0.30123
0.30044
0.28800
0.28822
0.29982
0.28457
0.28589
0.28540
0.28607
0.28496
0.28004
0.28633
0.28633
0.28662
0.27973
0.28986
0.29039
0.29008
0.30566
0.31765
0.29790
0.30617
0.29133
0.28500
0.31432
0.31729
0.32510
0.32510
0.32510
0.30862
0.30403
0.31158
0.31082
0.31061
0.31082
0.30439
0.31276
0.31276
0.31760
0.33779
0.33325
0.33325
0.30412
0.31047
0.31047
0.31049
0.31887
0.31419
0.31419
0.31420
0.30778
0.30093
0.29593
0.29558
0.30849
0.30793
0.30596
0.29978
0.29964
0.30040
0.29474
0.31007
0.31007
0.31007
0.29613
0.28656
0.28656
0.28495
0.28495
0.30344
0.32829
0.35335
0.35336
0.37106
0.37135
0.37214
0.39743
0.39743
0.39904
0.38406
0.38069
0.37995
0.38637
0.37957
0.38043
0.37571
0.37571
0.37935
0.38116
0.37511
0.38116
0.38116
0.38109
0.35059
0.34454
0.36085
0.36999
0.41737
0.40521
0.40521
0.40475
0.40521
0.40521
0.40521
0.40521
0.40521
0.40281
0.40281
0.39374
0.39374
0.39412
0.38249
0.36276
0.36175
0.36255
0.36175
0.36175
0.36175
0.36175
0.36174
0.36838
0.36097
0.36688
0.36724
0.37048
0.34997
0.35510
0.36301
0.36430
0.34804
0.34874
0.35390
0.35360
0.35634
0.35634
0.35625
0.38880
0.38981
0.40087
0.40087
0.40248
0.43267
0.43109
0.41692
0.41696
0.42192
0.39252
0.37567
0.40695
0.41646
0.43258
0.43258
0.43258
0.43756
0.44548
0.45280
0.45280
0.42510
0.43847
0.43172
0.43170
0.43163
0.43165
0.43835
0.43888
0.42058
0.42058
0.42005
0.42058
0.42058
0.42058
0.41271
0.42817
0.43558
0.43550
0.43569
0.43558
0.43559
0.41390
0.42068
0.43070
0.43111
0.43150
0.43186
0.41997
0.41997
0.42909
0.41920
0.41403
0.41901
0.41901
0.40678
0.41161
0.40497
0.40497
0.40497
0.40497
0.40935
0.40935
0.39495
0.39506
0.40242
0.39149
0.41581
0.41557
0.39620
0.39626
0.39730
0.39620
0.39681
0.39307
0.39315
0.41450
0.41461
0.42341
0.42271
0.42280
0.42142
0.42157
0.44137
0.44930
0.43948
0.43255
0.43255
0.41051
0.41051
0.41767
0.40000
0.39395
0.39972
0.38872
0.38733
0.39276
0.38733
0.37677
0.34975
0.34517
0.36300
0.37382
0.34328
0.33506
0.33197
0.32882
0.32599
0.32598
0.32596
0.30512
0.29997
0.29551
0.29997
0.30581
0.31528
0.31128
0.31194
0.29880
0.32458
0.32440
0.32104
0.32224
0.31360
0.31343
0.31360
0.31360
0.31374
0.31341
0.31360
0.31360
0.31480
0.30476
0.28066
0.27684
0.27684
0.27620
0.28555
0.27976
0.28015
0.29579
0.29216
0.27461
0.29741
0.29699
0.30866
0.31020
0.31049
0.34742
0.34734
0.35110
0.35132
0.34217
0.32858
0.35030
0.34990
0.34999
0.34858
0.34848
0.34858
0.34065
0.32671
0.32122
0.31892
0.31769
0.31971
0.32011
0.32098
0.32166
0.32166
0.30546
0.30557
0.30614
0.28292
0.29056
0.30345
0.30295
0.30862
0.30346
0.29471
0.30397
0.30397
0.28931
0.26834
0.26834
0.26146
0.25997
0.28207
0.29445
0.29015
0.29024
0.29015
0.29667
0.29589
0.29568
0.30681
0.33665
0.33665
0.33694
0.34059
0.34603
0.34518
0.33804
0.33804
0.33804
0.33804
0.34076
0.33344
0.33285
0.33242
0.30850
0.29722
0.27319
0.31705
0.31937
0.31951
0.31951
0.32038
0.31944
0.32008
0.31581
0.32641
0.32006
0.31451
0.31959
0.31986
0.31996
0.31199
0.31177
0.31048
0.31048
0.30347
0.30344
0.30337
0.31361
0.31433
0.31433
0.31433
0.31231
0.33504
0.33120
0.32975
0.32975
0.32975
0.32975
0.32975
0.33003
0.33167
0.33167
0.33167
0.33167
0.33365
0.33166
0.33256
0.32239
0.31461
0.30711
0.29146
0.28265
0.27587
0.27627
0.27766
0.27766
0.27766
0.27766
0.28452
0.28452
0.28365
0.28360
0.27893
0.28250
0.27641
0.26820
0.27674
0.27674
0.29374
0.28986
0.28529
0.28958
0.28958
0.28575
0.29311
0.29311
0.28182
0.29161
0.28953
0.29247
0.28582
0.28582
0.28570
0.28701
0.30147
0.29155
0.28394
0.28748
0.28222
0.27267
0.27949
0.28124
0.28348
0.29818
0.28656
0.27415
0.30003
0.30030
0.29671
0.25978
0.25977
0.25978
0.26008
0.25267
0.25267
0.27183
0.27222
0.27219
0.27225
0.28702
0.27559
0.27823
0.27961
0.29185
0.31874
0.32107
0.32097
0.32516
0.32279
0.30690
0.29425
0.29500
0.29387
0.29355
0.29237
0.29754
0.30540
0.30850
0.30095
0.30044
0.30205
0.31725
0.31777
0.31775
0.31777
0.31570
0.34081
0.33453
0.33453
0.33453
0.31561
0.31561
0.30013
0.28645
0.28300
0.27952
0.27952
0.26592
0.25577
0.25577
0.23783
0.22934
0.24062
0.26096
0.26647
0.27345
0.27742
0.28499
0.28079
0.28872
0.28872
0.28855
0.28872
0.28181
0.28181
0.28181
0.28181
0.27063
0.27976
0.27682
0.27682
0.25885
0.27567
0.31887
0.31889
0.31258
0.30317
0.30251
0.25688
0.25672
0.25718
0.25718
0.25718
0.25718
0.26684
0.26706
0.26834
0.26172
0.27722
0.29303
0.29303
0.29249
0.27482
0.27482
0.27482
0.29089
0.28596
0.28775
0.27209
0.27607
0.25492
0.25536
0.25760
0.24256
0.24256
0.22348
0.18562
0.19789
0.19766
0.19766
0.18567
0.19230
0.19498
0.19230
0.19230
0.18311
0.18474
0.18005
0.17350
0.16691
0.15665
0.16934
0.16115
0.16115
0.16115
0.16115
0.16124
0.16115
0.15280
0.15359
0.15360
0.15359
0.15377
0.15389
0.15377
0.15377
0.13742
0.15864
0.13707
0.13621
0.14415
0.14415
0.15841
0.15400
0.15514
0.16266
0.17018
0.18507
0.18507
0.18513
0.16686
0.16686
0.17523
0.18304
0.17855
0.17855
0.17855
0.16197
0.17350
0.17339
0.17339
0.18919
0.20777
0.21518
0.21521
0.21520
0.21520
0.25112
0.22903
0.23011
0.22258
0.22238
0.21801
0.22431
0.19124
0.19124
0.20357
0.17390
0.17964
0.17964
0.18415
0.18487
0.18506
0.19012
0.19012
0.18798
0.19094
0.15505
0.16467
0.16555
0.16566
0.19769
0.19216
0.19546
0.19548
0.20373
0.20369
0.20373
0.20373
0.20373
0.20373
0.20409
0.23631
0.23587
0.23627
0.23480
0.22251
0.21499
0.21498
0.21247
0.21264
0.24327
0.24338
0.24338
0.24332
0.24338
0.24338
0.22967
0.22970
0.22880
0.23175
0.23413
0.22894
0.22106
0.22539
0.22539
0.22526
0.22539
0.22890
0.22958
0.22567
0.23357
0.22354
0.22160
0.22154
0.22161
0.21645
0.21613
0.20592
0.18352
0.19720
0.20309
0.20314
0.19465
0.22547
0.22940
0.22940
0.23262
0.25097
0.27039
0.27016
0.27136
0.27108
0.27095
0.27099
0.27099
0.27099
0.26772
0.26772
0.26697
0.26708
0.26890
0.27071
0.27909
0.27483
0.27359
0.23574
0.25294
0.22535
0.21474
0.21474
0.21478
0.23089
0.22691
0.22645
0.22141
0.22103
0.20877
0.21094
0.22806
0.23739
0.24585
0.23737
0.23844
0.21873
0.24117
0.23043
0.23609
0.24387
0.24168
0.24083
0.24083
0.24009
0.23215
0.23815
0.23821
0.25272
0.25491
0.25491
0.25680
0.25652
0.26080
0.26083
0.22113
0.22113
0.23525
0.23525
0.24843
0.24698
0.24704
0.25140
0.24613
0.23962
0.25422
0.25537
0.25663
0.22571
0.21044
0.20943
0.20943
0.19612
0.19612
0.18709
0.18709
0.18709
0.18709
0.18709
0.18709
0.18744
0.21239
0.20519
0.21150
0.22042
0.21974
0.23214
0.23207
0.23215
0.23215
0.23215
0.23215
0.21799
0.20807
0.20732
0.21160
0.19239
0.19454
0.21354
0.18339
0.17153
0.17410
0.16986
0.16662
0.17384
0.17384
0.16345
0.16247
0.16247
0.16247
0.16247
0.16247
0.15545
0.15507
0.15484
0.12299
0.12338
0.11910
0.11618
0.11617
0.11624
0.11618
0.10728
0.08953
0.08595
0.07395
0.08052
0.08111
0.08500
0.08772
0.08464
0.08296
0.07976
0.09089
0.10495
0.10495
0.10403
0.10403
0.11039
0.11050
0.10841
0.10841
0.10841
0.10519
0.10841
0.11331
0.11684
0.11810
0.12030
0.13042
0.13412
0.13401
0.13412
0.13412
0.12933
0.15808
0.16644
0.21595
0.20025
0.19215
0.19208
0.18974
0.18976
0.17839
0.19126
0.19315
0.21120
0.22205
0.22205
0.22205
0.22205
0.23788
0.24630
0.24317
0.25793
0.25794
0.24220
0.24737
0.24732
0.23939
0.24036
0.23940
0.23895
0.23384
0.22859
0.22520
0.23145
0.22826
0.24253
0.25147
0.25683
0.24582
0.24577
0.25845
0.26535
0.25183
0.25054
0.23764
0.22759
0.22938
0.24894
0.24881
0.24894
0.24894
0.23795
0.23909
0.25160
0.26568
0.27655
0.29516
0.28679
0.28679
0.27859
0.27859
0.27862
0.28567
0.29516
0.29663
0.29740
0.29464
0.29940
0.29940
0.29923
0.29830
0.30754
0.31793
0.35568
0.33953
0.34207
0.34207
0.34207
0.34209
0.34227
0.35272
0.35272
0.36478
0.36513
0.36497
0.38317
0.37579
0.37555
0.37555
0.36454
0.36445
0.36454
0.36506
0.36849
0.36849
0.36852
0.36852
0.34640
0.32838
0.33004
0.32997
0.34117
0.34317
0.34174
0.34031
0.34018
0.31045
0.31532
0.31847
0.30926
0.31447
0.29468
0.29692
0.30004
0.30077
0.30347
0.32622
0.33785
0.34142
0.34142
0.34142
0.35127
0.35137
0.36433
0.38017
0.35920
0.35912
0.38890
0.38914
0.38890
0.40534
0.40829
0.42085
0.41266
0.40399
0.38853
0.38817
0.38853
0.38404
0.38858
0.38261
0.38261
0.38261
0.38261
0.38261
0.35816
0.37621
0.35963
0.35963
0.36440
0.36442
0.37027
0.37027
0.36407
0.37082
0.36305
0.36714
0.36899
0.37599
0.35547
0.36996
0.33431
0.33431
0.33883
0.35415
0.33639
0.33374
0.33374
0.33128
0.33115
0.33115
0.33357
0.33362
0.33361
0.33442
0.33442
0.33442
0.34800
0.34806
0.34768
0.34768
0.34932
0.34301
0.34939
0.32998
0.34488
0.34488
0.34062
0.33510
0.35188
0.36574
0.37527
0.37527
0.36469
0.35521
0.35521
0.34214
0.34305
0.35041
0.34807
0.35019
0.35019
0.35181
0.34622
0.34533
0.34567
0.35142
0.34693
0.33454
0.33793
0.36714
0.36714
0.39583
0.39827
0.39827
0.38558
0.38542
0.38590
0.39531
0.38766
0.38989
0.38374
0.36400
0.36400
0.36400
0.38116
0.38117
0.37074
0.37017
0.36893
0.35626
0.35808
0.34563
0.34444
0.34360
0.34366
0.33785
0.33594
0.33594
0.33871
0.31634
0.31545
0.31547
0.34495
0.34263
0.33722
0.33722
0.33651
0.34484
0.34905
0.34794
0.34939
0.34939
0.34939
0.35194
0.35801
0.35747
0.34367
0.32504
0.32387
0.32635
0.32314
0.32310
0.32308
0.32314
0.33534
0.35047
0.35227
0.35311
0.35315
0.34702
0.34743
0.35705
0.35742
0.35742
0.35737
0.35229
0.35771
0.35702
0.36153
0.36153
0.36154
0.36065
0.38176
0.38208
0.37427
0.38884
0.38884
0.38544
0.37269
0.37269
0.37269
0.37273
0.37260
0.37269
0.36856
0.38425
0.36540
0.35620
0.32372
0.32518
0.30435
0.31804
0.32276
0.30968
0.30968
0.33215
0.35439
0.37388
0.37939
0.37197
0.37197
0.37181
0.36855
0.38460
0.38475
0.37519
0.37555
0.36689
0.36350
0.36344
0.36275
0.35945
0.35943
0.35943
0.33488
0.33830
0.33059
0.31832
0.32279
0.32279
0.32455
0.32455
0.33229
0.35427
0.35427
0.35427
0.35427
0.35955
0.34880
0.35095
0.36299
0.34969
0.35076
0.35059
0.35059
0.34930
0.35028
0.35046
0.34450
0.34451
0.33112
0.33015
0.31816
0.31579
0.31579
0.30329
0.30327
0.30329
0.30329
0.29740
0.29740
0.29820
0.29834
0.29429
0.28863
0.27153
0.27580
0.28558
0.28719
0.29873
0.28613
0.28613
0.28613
0.28884
0.28230
0.29655
0.29211
0.28856
0.29563
0.29603
0.29577
0.28002
0.27900
0.27844
0.28431
0.28431
0.27051
0.26562
0.26292
0.26554
0.28441
0.25352
0.25352
0.27631
0.27655
0.30063
0.30099
0.27464
0.27407
0.25410
0.27218
0.27682
0.29068
0.29028
0.29209
0.29209
0.29236
0.27798
0.27939
0.28493
0.28493
0.25335
0.26131
0.25636
0.26092
0.26921
0.23963
0.24111
0.22753
0.22655
0.22268
0.23883
0.23587
0.23521
0.22617
0.24059
0.24063
0.24051
0.24055
0.24041
0.23634
0.24035
0.27167
0.27594
0.28431
0.30021
0.29661
0.29611
0.30516
0.31391
0.31391
0.29884
0.30079
0.30105
0.30021
0.30196
0.31049
0.31053
0.31239
0.31568
0.32633
0.33294
0.34658
0.36617
0.38635
0.38568
0.39166
0.39166
0.38445
0.39921
0.38446
0.38268
0.41202
0.41085
0.42167
0.42513
0.42513
0.41716
0.39585
0.39958
0.39963
0.39982
0.39934
0.39760
0.40920
0.40920
0.40915
0.41015
0.40920
0.40183
0.38800
0.36940
0.37719
0.38899
0.38899
0.38899
0.38899
0.38271
0.38801
0.39396
0.39499
0.40304
0.37597
0.37571
0.36939
0.35701
0.35701
0.35234
0.35237
0.35230
0.35234
0.33455
0.33213
0.36760
0.36708
0.36961
0.36962
0.36979
0.36968
0.35942
0.35985
0.34615
0.33737
0.33737
0.34644
0.34587
0.34272
0.34221
0.33735
0.33634
0.33635
0.33634
0.34478
0.35683
0.36397
0.34976
0.34974
0.34976
0.34977
0.33974
0.34154
0.33203
0.34379
0.35050
0.34717
0.34717
0.34748
0.34743
0.35637
0.35078
0.35626
0.36466
0.37391
0.37401
0.36588
0.36588
0.36588
0.36536
0.35318
0.35386
0.34157
0.35294
0.36373
0.32857
0.32988
0.34590
0.35129
0.35117
0.35117
0.35117
0.35117
0.35117
0.35345
0.34906
0.38013
0.37439
0.37437
0.37578
0.37446
0.38571
0.39694
0.40004
0.39776
0.39177
0.39207
0.39100
0.39534
0.40387
0.41277
0.40391
0.39215
0.39623
0.39623
0.39800
0.40441
0.40097
0.40260
0.39993
0.41256
0.41491
0.41491
0.41490
0.41342
0.41342
0.41340
0.44355
0.42781
0.42986
0.43055
0.42798
0.40113
0.40150
0.40150
0.40643
0.40635
0.39574
0.39666
0.40796
0.42584
0.42704
0.42109
0.42279
0.43690
0.43693
0.43693
0.42641
0.45436
0.43858
0.45478
0.45500
0.45478
0.45478
0.45478
0.44322
0.44322
0.44688
0.43193
0.44458
0.44458
0.43958
0.44195
0.45096
0.45610
0.46037
0.46041
0.45164
0.45372
0.43844
0.43514
0.43518
0.42312
0.42312
0.42416
0.42019
0.42039
0.42302
0.42213
0.43506
0.43506
0.42036
0.40608
0.40766
0.42576
0.43650
0.43041
0.41323
0.41153
0.41899
0.42858
0.42439
0.43479
0.43509
0.43338
0.43225
0.43127
0.44249
0.45141
0.45046
0.45014
0.46000
0.44014
0.43897
0.43706
0.43736
0.42293
0.43871
0.44389
0.45367
0.45367
0.44638
0.46356
0.46233
0.46176
0.46381
0.44417
0.44451
0.44879
0.44503
0.45522
0.45581
0.44359
0.43888
0.43888
0.43440
0.43433
0.45121
0.45652
0.47237
0.45610
0.48207
0.48206
0.48178
0.48206
0.48206
0.48319
0.48201
0.49362
0.48268
0.50082
0.49629
0.50452
0.50459
0.50662
0.51998
0.52717
0.52341
0.52062
0.52062
0.47985
0.48313
0.47985
0.47412
0.47739
0.47503
0.46965
0.46123
0.46965
0.45539
0.45508
0.45922
0.44518
0.45370
0.45370
0.43447
0.40773
0.40203
0.40462
0.37564
0.37513
0.37817
0.37598
0.39284
0.39701
0.40173
0.39537
0.39534
0.37976
0.35568
0.36381
0.35373
0.36529
0.36504
0.38666
0.40178
0.39290
0.36285
0.34823
0.35793
0.33402
0.31503
0.29157
0.27159
0.27921
0.28998
0.28998
0.30084
0.30131
0.32523
0.31451
0.33302
0.33387
0.33378
0.33760
0.32404
0.32404
0.31895
0.32713
0.32916
0.31700
0.32059
0.31182
0.32193
0.32958
0.32958
0.33430
0.33446
0.33081
0.33802
0.33802
0.33736
0.33298
0.35615
0.33554
0.35500
0.35487
0.35500
0.35500
0.35500
0.35614
0.35946
0.34913
0.32275
0.31413
0.31413
0.32611
0.32641
0.32754
0.33310
0.33301
0.33301
0.33301
0.35204
0.35185
0.32883
0.33164
0.31785
0.31785
0.32232
0.32433
0.32469
0.34094
0.34047
0.34047
0.33933
0.33872
0.33933
0.34538
0.36317
0.36068
0.36317
0.36414
0.35663
0.35643
0.35663
0.35623
0.35623
0.35623
0.34201
0.34053
0.32835
0.32835
0.32837
0.32835
0.32275
0.32093
0.32394
0.32395
0.32394
0.32794
0.32794
0.32794
0.33431
0.33431
0.32134
0.32134
0.32829
0.31645
0.31645
0.31670
0.32277
0.31645
0.31645
0.31235
0.31263
0.32714
0.31049
0.32320
0.34412
0.31899
0.31899
0.31639
0.31153
0.31650
0.31650
0.32368
0.33024
0.33023
0.33032
0.32716
0.29707
0.28275
0.28362
0.28514
0.30135
0.30224
0.30195
0.29616
0.28979
0.30279
0.34882
0.35398
0.35398
0.34942
0.33744
0.31135
0.31371
0.30540
0.31296
0.30063
0.29463
0.27016
0.29082
0.31454
0.31000
0.30632
0.30629
0.30629
0.30629
0.30629
0.29835
0.30472
0.31237
0.30509
0.30534
0.30511
0.31956
0.32541
0.32494
0.33063
0.31168
0.30813
0.31027
0.32249
0.31977
0.31976
0.33517
0.33582
0.33511
0.33517
0.33707
0.33741
0.34110
0.34107
0.34517
0.32878
0.32351
0.32347
0.31457
0.31611
0.31604
0.33235
0.33341
0.31399
0.32982
0.32984
0.32984
0.32802
0.32807
0.32802
0.32415
0.31831
0.34573
0.34573
0.34573
0.34573
0.35884
0.35898
0.35898
0.35852
0.35898
0.35898
0.36473
0.36308
0.33589
0.33300
0.33300
0.32588
0.32601
0.31946
0.32333
0.33710
0.33900
0.33900
0.32806
0.33746
0.34830
0.34897
0.34847
0.35801
0.36153
0.35847
0.37002
0.37071
0.37975
0.37976
0.37977
0.37976
0.37938
0.36868
0.37656
0.37363
0.38383
0.37932
0.36417
0.36902
0.36503
0.36503
0.36507
0.36494
0.34088
0.34056
0.34088
0.34088
0.34088
0.36035
0.35979
0.35800
0.36518
0.36529
0.36044
0.37772
0.37958
0.37958
0.37958
0.37958
0.37304
0.40073
0.40204
0.40086
0.41280
0.40401
0.41047
0.41047
0.41047
0.41883
0.41883
0.41883
0.41883
0.41738
0.41738
0.41740
0.40656
0.37787
0.38848
0.40116
0.40287
0.41736
0.40397
0.41941
0.40440
0.40098
0.40160
0.40160
0.40160
0.41495
0.41495
0.39931
0.40917
0.42754
0.42301
0.42301
0.42301
0.42288
0.42301
0.42277
0.41993
0.42262
0.42262
0.43325
0.43793
0.43336
0.43336
0.43577
0.43538
0.43359
0.44394
0.42702
0.43067
0.43829
0.45091
0.47002
0.47515
0.47388
0.47388
0.49074
0.50993
0.52896
0.53542
0.53542
0.53542
0.53992
0.53992
0.52720
0.53505
0.53694
0.53695
0.53818
0.53809
0.53818
0.53295
0.53819
0.54548
0.54715
0.54379
0.54162
0.55321
0.54398
0.54332
0.54398
0.54636
0.55219
0.55219
0.56404
0.55281
0.55281
0.55421
0.55419
0.56762
0.58537
0.58277
0.58650
0.57566
0.59187
0.60306
0.62154
0.62938
0.61802
0.61310
0.60502
0.60125
0.60103
0.62212
0.62348
0.62351
0.62348
0.62348
0.63728
0.62548
0.62548
0.62149
0.64750
0.64750
0.63554
0.63286
0.60673
0.59203
0.59833
0.63527
0.63527
0.63878
0.63878
0.62310
0.62111
0.62111
0.62111
0.62115
0.63676
0.65107
0.65118
0.65118
0.65073
0.65118
0.65402
0.65387
0.65392
0.65019
0.65032
0.68027
0.68027
0.66618
0.65060
0.65060
0.65683
0.65683
0.68406
0.65107
0.65107
0.64531
0.62446
0.62449
0.62135
0.61397
0.61368
0.61397
0.61546
0.61335
0.59788
0.59788
0.55845
0.55635
0.54807
0.56795
0.58257
0.58113
0.57044
0.56962
0.56947
0.56962
0.56962
0.55753
0.57057
0.57042
0.56899
0.57324
0.58086
0.58936
0.58045
0.58972
0.58498
0.57393
0.57393
0.56965
0.57016
0.58822
0.58572
0.60445
0.60385
0.59686
0.60535
0.59533
0.58145
0.57768
0.57715
0.58149
0.57715
0.57715
0.55386
0.55197
0.53746
0.52298
0.52298
0.52308
0.52298
0.52298
0.50662
0.48629
0.48629
0.48513
0.48513
0.50636
0.50410
0.51059
0.51009
0.51381
0.51231
0.51279
0.51375
0.51280
0.51470
0.52678
0.53958
0.54261
0.51632
0.51257
0.51278
0.51278
0.51187
0.49965
0.49036
0.49036
0.50090
0.50944
0.50765
0.50773
0.52452
0.52634
0.53768
0.54352
0.54855
0.54326
0.52130
0.51781
0.52697
0.53051
0.53358
0.53150
0.53691
0.53879
0.53968
0.54492
0.54645
0.55018
0.55391
0.55391
0.55391
0.56671
0.56671
0.56620
0.56671
0.56410
0.58061
0.58654
0.60704
0.59160
0.59351
0.59351
0.59546
0.61349
0.60891
0.61201
0.61201
0.62513
0.62512
0.62517
0.63304
0.63013
0.63075
0.63377
0.63827
0.63827
0.65658
0.64949
0.66574
0.66574
0.66574
0.66574
0.66471
0.64789
0.64768
0.64768
0.64768
0.64768
0.63793
0.63810
0.63810
0.63810
0.64181
0.62259
0.62640
0.62911
0.62911
0.62911
0.62432
0.62709
0.64495
0.64494
0.64640
0.64645
0.65401
0.64813
0.64604
0.63702
0.66031
0.66491
0.66915
0.66417
0.66573
0.67304
0.65707
0.65288
0.65288
0.65327
0.64036
0.63284
0.60571
0.60551
0.62556
0.62649
0.61484
0.59332
0.59098
0.59669
0.55975
0.57197
0.57041
0.57188
0.58374
0.57401
0.55186
0.55186
0.54467
0.51440
0.50604
0.48927
0.49927
0.49027
0.49027
0.49027
0.48343
0.48627
0.48650
0.50082
0.51696
0.51427
0.50675
0.48738
0.48270
0.50548
0.51346
0.50837
0.52496
0.50130
0.50130
0.50132
0.50130
0.50130
0.49290
0.49280
0.49016
0.48596
0.48596
0.48596
0.48617
0.48596
0.48453
0.47259
0.48730
0.48730
0.47380
0.47084
0.45682
0.44444
0.43685
0.43808
0.44967
0.46302
0.46297
0.45560
0.43928
0.42714
0.40958
0.40958
0.41011
0.41023
0.40270
0.40733
0.41641
0.41632
0.43204
0.43948
0.43212
0.43378
0.43569
0.43788
0.43569
0.42190
0.43169
0.42112
0.41773
0.41978
0.40195
0.39595
0.40990
0.39927
0.39927
0.39927
0.39034
0.39084
0.37597
0.37936
0.37113
0.37121
0.39786
0.40725
0.39173
0.38299
0.37931
0.37899
0.38382
0.37051
0.39138
0.37577
0.39385
0.38753
0.39197
0.39933
0.39933
0.36571
0.35989
0.34360
0.36463
0.35262
0.37376
0.37530
0.37530
0.37455
0.37177
0.37191
0.37191
0.37191
0.37191
0.37077
0.37077
0.38072
0.36916
0.36916
0.38674
0.37969
0.38312
0.38303
0.36607
0.37001
0.35843
0.35387
0.33922
0.36835
0.38491
0.39769
0.39556
0.39556
0.38134
0.41690
0.39704
0.40011
0.39960
0.39350
0.37858
0.37794
0.36087
0.35179
0.33947
0.33885
0.33721
0.35985
0.36946
0.37012
0.38141
0.38159
0.38259
0.36978
0.37657
0.37350
0.37347
0.37668
0.37384
0.36823
0.34873
0.34873
0.34156
0.34229
0.34038
0.33961
0.34689
0.34315
0.32630
0.32630
0.34729
0.34729
0.34729
0.35725
0.35176
0.32269
0.32961
0.32941
0.32959
0.33178
0.33107
0.34896
0.34905
0.32698
0.33399
0.33399
0.34438
0.34547
0.32953
0.33513
0.31499
0.29962
0.29554
0.29362
0.29708
0.29708
0.29577
0.30263
0.29806
0.29567
0.29567
0.29567
0.28622
0.27892
0.25838
0.25897
0.25887
0.27083
0.27053
0.28196
0.28196
0.29933
0.29933
0.29470
0.31377
0.31242
0.31534
0.31315
0.32622
0.32622
0.31682
0.31681
0.30668
0.31070
0.31056
0.31667
0.31667
0.32639
0.32639
0.32509
0.32509
0.33035
0.31087
0.31275
0.31985
0.31974
0.31866
0.31734
0.31743
0.31734
0.32960
0.33820
0.34352
0.34580
0.34581
0.38104
0.36862
0.36862
0.36862
0.36862
0.36862
0.36862
0.38319
0.38344
0.38447
0.38333
0.40234
0.39885
0.39885
0.40592
0.39209
0.39209
0.39643
0.38962
0.38959
0.39124
0.39124
0.40407
0.40449
0.40450
0.40449
0.40449
0.39153
0.38682
0.38514
0.37442
0.37282
0.34809
