0.02064
0.02052
0.02227
0.02417
0.02349
0.01459
0.01574
0.01599
0.01574
0.01574
0.01235
0.01129
0.02144
0.04125
0.02832
0.02197
0.02602
0.03441
0.03441
0.03441
0.03441
0.03440
0.04822
0.05491
0.04922
0.05965
0.05596
0.05965
0.06446
0.05905
0.04370
0.05012
0.04938
0.06087
0.04579
0.04676
0.04739
0.04759
0.04559
0.08162
0.08158
0.07308
0.07308
0.06311
0.06311
0.10395
0.10892
0.12437
0.12437
0.13136
0.14284
0.17838
0.17838
0.17352
0.18511
0.18511
0.18511
0.19295
0.18127
0.19256
0.19256
0.19797
0.18082
0.17372
0.16554
0.17404
0.16752
0.16010
0.18346
0.18763
0.19220
0.18622
0.19660
0.19829
0.20681
0.19967
0.19475
0.19469
0.19882
0.20763
0.20763
0.22486
0.22214
0.21524
0.21524
0.21524
0.22737
0.22544
0.22185
0.22280
0.22280
0.21562
0.22488
0.24866
0.24864
0.24766
0.27239
0.23840
0.23851
0.20759
0.21182
0.19848
0.19876
0.19349
0.19000
0.19000
0.17905
0.17903
0.18025
0.15723
0.15754
0.15729
0.12713
0.12713
0.12950
0.12952
0.12940
0.13234
0.12383
0.12744
0.13455
0.13786
0.12576
0.12457
0.12457
0.12457
0.12436
0.12493
0.12193
0.13280
0.13280
0.13738
0.11182
0.11182
0.11427
0.12867
0.12833
0.12836
0.12989
0.14179
0.14605
0.15953
0.14353
0.14357
0.14343
0.12028
0.12597
0.12594
0.13068
0.14325
0.16069
0.16517
0.15833
0.15809
0.16599
0.16706
0.17813
0.19691
0.17813
0.18591
0.19347
0.18677
0.21989
0.22093
0.22111
0.22111
0.23410
0.23403
0.26319
0.26752
0.28111
0.28111
0.28582
0.27956
0.26100
0.25019
0.23658
0.24481
0.24375
0.23881
0.23881
0.23881
0.24292
0.24516
0.24516
0.24516
0.24516
0.23765
0.24760
0.24652
0.24516
0.24989
0.24989
0.26152
0.25998
0.26107
0.25833
0.25833
0.24484
0.24180
0.24247
0.24331
0.24741
0.24908
0.24908
0.24941
0.24908
0.25935
0.26307
0.26810
0.26765
0.25895
0.25912
0.22848
0.22514
0.22469
0.22993
0.22993
0.22993
0.22167
0.24245
0.22610
0.24010
0.25528
0.25441
0.25430
0.25774
0.24964
0.23524
0.22647
0.22645
0.22676
0.24183
0.24259
0.25186
0.25186
0.25288
0.24391
0.24689
0.24717
0.24689
0.22809
0.22809
0.22809
0.23848
0.24257
0.24257
0.25394
0.25187
0.24517
0.23273
0.24820
0.24820
0.25899
0.26509
0.26429
0.26429
0.26439
0.26431
0.26429
0.25661
0.25634
0.24118
0.24134
0.24134
0.24134
0.24923
0.25897
0.25897
0.25177
0.25415
0.25871
0.27700
0.27770
0.24361
0.24303
0.23279
0.23279
0.23279
0.20482
0.20482
0.23636
0.23952
0.23952
0.23949
0.25827
0.25807
0.25873
0.25037
0.24987
0.25013
0.26562
0.26886
0.26772
0.26803
0.26803
0.26543
0.25974
0.25743
0.27756
0.27756
0.29010
0.29958
0.30393
0.30391
0.30391
0.29441
0.29685
0.30659
0.30495
0.30481
0.30489
0.29708
0.30945
0.32458
0.33337
0.33942
0.32595
0.33693
0.33700
0.33693
0.33983
0.33785
0.34011
0.33442
0.33324
0.33765
0.33896
0.33896
0.33896
0.33968
0.33642
0.33642
0.33642
0.32551
0.32507
0.32302
0.33238
0.34033
0.33921
0.32641
0.33651
0.33648
0.31899
0.32887
0.33093
0.35391
0.34973
0.34885
0.35931
0.36828
0.35511
0.35471
0.37197
0.41055
0.37448
0.36800
0.36936
0.36843
0.36676
0.36503
0.34414
0.34010
0.36321
0.38978
0.38145
0.37954
0.35169
0.35275
0.35167
0.35167
0.35169
0.34561
0.34812
0.33871
0.36708
0.37840
0.35297
0.34906
0.34886
0.35499
0.35042
0.34665
0.34401
0.32767
0.32087
0.32102
0.33443
0.33522
0.33051
0.32132
0.32132
0.32132
0.30519
0.29213
0.30020
0.30020
0.30020
0.29164
0.29164
0.27949
0.26653
0.26653
0.27669
0.27077
0.27266
0.29087
0.31212
0.31212
0.31212
0.31212
0.32067
0.31978
0.31978
0.32079
0.31679
0.31861
0.29834
0.29834
0.30748
0.30902
0.31361
0.31361
0.31324
0.31324
0.31040
0.31017
0.30999
0.33669
0.33669
0.33482
0.33669
0.33964
0.34540
0.33380
0.33623
0.33296
0.33102
0.33102
0.32809
0.32461
0.32461
0.32461
0.32444
0.31775
0.31775
0.31773
0.31988
0.34778
0.35147
0.34778
0.34778
0.34287
0.33734
0.34322
0.34012
0.31329
0.31272
0.30403
0.30980
0.30740
0.30823
0.28420
0.28421
0.28979
0.29861
0.31560
0.31245
0.31261
0.31344
0.31337
0.31589
0.31605
0.30451
0.30419
0.30425
0.30026
0.30047
0.29286
0.28298
0.29155
0.29637
0.29445
0.29445
0.29443
0.29445
0.28845
0.28461
0.28186
0.27461
0.26755
0.27665
0.26297
0.27166
0.25351
0.25001
0.24565
0.24846
0.26385
0.26401
0.26376
0.26408
0.26201
0.26517
0.26214
0.25748
0.25748
0.24031
0.23869
0.23553
0.23458
0.23311
0.24554
0.24918
0.24918
0.24974
0.24737
0.24737
0.23291
0.23845
0.23859
0.23859
0.25145
0.24937
0.26470
0.26442
0.26442
0.26237
0.25505
0.24102
0.22859
0.22906
0.22879
0.21955
0.21729
0.21803
0.21782
0.21782
0.19289
0.18177
0.17555
0.18563
0.20276
0.21547
0.20920
0.21108
0.21072
0.20363
0.20836
0.19131
0.19121
0.19145
0.19342
0.18570
0.18479
0.18470
0.19454
0.19464
0.18243
0.18420
0.18413
0.17788
0.17733
0.20167
0.23023
0.22393
0.23487
0.23251
0.23251
0.25483
0.23151
0.22680
0.22149
0.24627
0.25142
0.25162
0.24722
0.24996
0.25466
0.24632
0.23934
0.22453
0.21421
0.22586
0.21272
0.21363
0.21363
0.21357
0.20120
0.19786
0.20292
0.20568
0.20568
0.20568
0.20662
0.19121
0.19456
0.20019
0.19543
0.18970
0.16991
0.19249
0.20726
0.20960
0.21406
0.20608
0.20608
0.20303
0.21944
0.22305
0.22454
0.22454
0.22417
0.20681
0.20329
0.21067
0.22002
0.21444
0.20733
0.20359
0.20177
0.20903
0.19934
0.19934
0.18498
0.19240
0.19240
0.20995
0.20894
0.20622
0.20619
0.20508
0.20619
0.21153
0.20346
0.19267
0.20024
0.20005
0.20055
0.21100
0.20421
0.20225
0.20695
0.22357
0.21642
0.21336
0.21336
0.21230
0.21527
0.21527
0.19033
0.18973
0.19128
0.19128
0.19128
0.19128
0.20071
0.20071
0.20037
0.19755
0.20613
0.19970
0.20013
0.16571
0.16118
0.15438
0.13899
0.12848
0.10569
0.10575
0.10533
0.11586
0.14254
0.14254
0.14730
0.14803
0.14803
0.14803
0.16303
0.16358
0.16609
0.16055
0.15542
0.14629
0.14820
0.13085
0.13740
0.14482
0.12996
0.12145
0.09235
0.09030
0.09043
0.08729
0.07542
0.07526
0.07540
0.07448
0.09283
0.10666
0.11033
0.11033
0.11577
0.08034
0.08242
0.09504
0.10907
0.08806
0.08806
0.08806
0.08804
0.08823
0.08823
0.08818
0.11724
0.11753
0.12518
0.13357
0.11253
0.11249
0.12397
0.09661
0.10126
0.08907
0.08529
0.08681
0.08588
0.08456
0.06305
0.07024
0.07516
0.09323
0.09302
0.09302
0.09654
0.10164
0.09883
0.09883
0.09883
0.09256
0.09256
0.09256
0.09171
0.11221
0.11203
0.11775
0.10805
0.09576
0.09576
0.09383
0.09429
0.10439
0.08981
0.08981
0.09987
0.11091
0.11091
0.10659
0.09307
0.09307
0.11158
0.11972
0.11972
0.12101
0.12064
0.11956
0.12064
0.12064
0.12064
0.08980
0.06412
0.06120
0.06136
0.06136
0.06136
0.06136
0.06136
0.07373
0.09113
0.10166
0.10381
0.12034
0.11595
0.10216
0.11529
0.11529
0.11793
0.12225
0.13049
0.13049
0.12330
0.12634
0.12676
0.12679
0.11395
0.11168
0.11094
0.13403
0.13923
0.16359
0.18360
0.18742
0.20857
0.20841
0.20808
0.20700
0.21720
0.21416
0.21397
0.19920
0.19890
0.19906
0.19027
0.19613
0.19582
0.20516
0.19341
0.19341
0.19341
0.19341
0.19341
0.19341
0.20927
0.20978
0.21256
0.21142
0.21208
0.21066
0.19388
0.20034
0.20032
0.19191
0.18395
0.18737
0.15677
0.15944
0.15983
0.17033
0.18258
0.18389
0.18374
0.18422
0.18336
0.18337
0.18336
0.18530
0.19390
0.19402
0.19397
0.18652
0.19278
0.15783
0.15739
0.14319
0.17155
0.16197
0.15811
0.16387
0.13221
0.13221
0.12408
0.12209
0.12433
0.12486
0.12433
0.12433
0.12566
0.12585
0.12945
0.13459
0.13828
0.14618
0.14701
0.13551
0.13555
0.13554
0.13555
0.11794
0.12221
0.11483
0.12899
0.12899
0.11919
0.11775
0.11915
0.10467
0.10542
0.09208
0.09188
0.09298
0.09340
0.07946
0.07114
0.07570
0.07572
0.07280
0.07568
0.08107
0.08144
0.07530
0.07884
0.08630
0.08545
0.08201
0.08201
0.06863
0.06808
0.05475
0.06431
0.06431
0.08871
0.07061
0.06542
0.06218
0.06552
0.04020
0.04116
0.02687
0.02383
0.02061
0.00861
0.00587
0.01792
0.01817
0.01817
0.01816
0.01815
0.01817
0.01532
0.01301
0.02885
0.03054
0.05907
0.05907
0.07064
0.07528
0.07383
0.07496
0.08768
0.08768
0.07320
0.07320
0.07982
0.07455
0.07457
0.08232
0.08232
0.08760
0.08780
0.06919
0.06950
0.07216
0.05865
0.05865
0.07974
0.06696
0.05530
0.05536
0.07690
0.08175
0.07208
0.07365
0.07392
0.09346
0.09346
0.08928
0.08339
0.10696
0.10696
0.11678
0.11704
0.11650
0.11681
0.13494
0.13481
0.13005
0.12796
0.14039
0.13932
0.11359
0.10755
0.12382
0.11730
0.10983
0.07911
0.07911
0.07913
0.06941
0.06941
0.06303
0.07317
0.07321
0.06321
0.05936
0.04283
0.04636
0.06259
0.04958
0.04958
0.03781
0.03781
0.03822
0.04729
0.02874
0.03961
0.03890
0.03505
0.03499
0.03505
0.04348
0.04852
0.04424
0.04171
0.04424
0.04424
0.04424
0.04308
0.04178
0.00822
0.00688
0.00684
0.00688
0.00363
0.02083
0.02016
0.01939
0.01858
0.01033
0.00837
0.00000
0.00000
0.00000
0.00000
0.00582
0.00735
0.01721
0.01738
0.01733
0.01738
0.02832
0.02411
0.03227
0.03227
0.03227
0.03796
0.03747
0.02889
0.02457
0.04125
0.04125
0.04122
0.04125
0.05014
0.06278
0.06278
0.06278
0.04660
0.04660
0.03410
0.04169
0.04298
0.04190
0.03935
0.01297
0.01545
0.01674
0.02059
0.02866
0.04176
0.04657
0.03619
0.03601
0.02965
0.01838
0.01433
0.01542
0.00288
0.00000
0.00000
0.02642
0.02648
0.02700
0.02684
0.06739
0.08908
0.07911
0.07911
0.06202
0.06102
0.07534
0.07534
0.07528
0.09041
0.09542
0.12112
0.12112
0.12112
0.12112
0.11657
0.12825
0.13163
0.12059
0.13337
0.13669
0.14592
0.17012
0.17082
0.14272
0.14506
0.14506
0.13714
0.13139
0.15455
0.15455
0.15455
0.15340
0.15337
0.15340
0.15340
0.15016
0.13038
0.12105
0.13862
0.13387
0.14081
0.14852
0.13513
0.13513
0.12925
0.11535
0.14715
0.14714
0.14875
0.15916
0.15998
0.18453
0.18386
0.20211
0.20214
0.20522
0.20576
0.19990
0.21141
0.21999
0.21090
0.21950
0.23520
0.24734
0.25563
0.23393
0.21235
0.19396
0.18701
0.17839
0.18081
0.18674
0.18560
0.16123
0.16404
0.16404
0.17965
0.18135
0.18135
0.19550
0.19550
0.18924
0.20713
0.20713
0.20748
0.20713
0.20713
0.20315
0.20975
0.21832
0.20929
0.21440
0.21270
0.21340
0.23424
0.23424
0.22937
0.23016
0.22931
0.22461
0.20870
0.18699
0.17460
0.17321
0.17793
0.17651
0.17651
0.18039
0.18039
0.16907
0.16744
0.17286
0.18398
0.18398
0.18398
0.19389
0.19447
0.17792
0.16698
0.16686
0.16698
0.17050
0.17050
0.17707
0.19537
0.19650
0.19655
0.19655
0.19655
0.19649
0.19120
0.18075
0.17083
0.17075
0.15680
0.15780
0.15364
0.15876
0.15876
0.15054
0.14723
0.13596
0.14955
0.15580
0.17854
0.17854
0.18185
0.17559
0.17559
0.17515
0.18884
0.20429
0.18113
0.18353
0.18353
0.17501
0.18060
0.15733
0.16414
0.17228
0.16742
0.15613
0.15970
0.16117
0.16783
0.16771
0.14849
0.15921
0.15921
0.16279
0.15982
0.16012
0.15943
0.17124
0.17131
0.17124
0.18620
0.18995
0.18995
0.16687
0.16677
0.18013
0.18181
0.21030
0.21697
0.22430
0.22883
0.22211
0.23264
0.24700
0.24981
0.27001
0.26223
0.27117
0.27083
0.26015
0.25972
0.25281
0.24866
0.25281
0.25281
0.25281
0.24931
0.25274
0.25274
0.26493
0.26493
0.27031
0.26493
0.28682
0.27865
0.27992
0.28260
0.28250
0.27878
0.27317
0.27064
0.29099
0.30132
0.29417
0.29418
0.29417
0.29317
0.28602
0.28707
0.27656
0.27963
0.27987
0.29172
0.29311
0.28729
0.28729
0.28638
0.28638
0.28613
0.28623
0.28593
0.28500
0.28995
0.29275
0.29275
0.29275
0.29275
0.30787
0.32835
0.32843
0.32215
0.32383
0.32254
0.31419
0.31359
0.32282
0.32283
0.32275
0.32024
0.34887
0.35511
0.35839
0.36279
0.36001
0.36192
0.36192
0.36192
0.38739
0.38739
0.37937
0.37891
0.36031
0.35950
0.37150
0.36974
0.36443
0.37751
0.38567
0.38714
0.38007
0.36303
0.36302
0.36302
0.36480
0.36158
0.33719
0.33208
0.32988
0.31863
0.32755
0.31986
0.31986
0.33915
0.35187
0.34967
0.36532
0.35469
0.35469
0.36234
0.36234
0.36232
0.36234
0.35710
0.35223
0.35074
0.35282
0.35276
0.35282
0.34079
0.33897
0.33897
0.32657
0.32882
0.34094
0.32809
0.32809
0.35032
0.38563
0.40191
0.40178
0.40060
0.36773
0.37328
0.36685
0.35856
0.34181
0.31460
0.31936
0.31358
0.31896
0.33321
0.33844
0.33618
0.34539
0.34690
0.33541
0.32166
0.29737
0.28124
0.28903
0.28897
0.28554
0.28934
0.29507
0.29485
0.29517
0.28008
0.27022
0.27514
0.26949
0.26949
0.27606
0.25778
0.25783
0.25474
0.26450
0.25788
0.22042
0.22002
0.22058
0.22042
0.20646
0.22080
0.22092
0.20928
0.21102
0.23377
0.23401
0.23377
0.22765
0.23645
0.23913
0.23913
0.23991
0.26056
0.28158
0.28277
0.28622
0.26886
0.26886
0.26476
0.24971
0.26965
0.26965
0.26965
0.26965
0.26965
0.26001
0.26001
0.25416
0.25397
0.24840
0.23739
0.24025
0.24062
0.24662
0.25720
0.25720
0.27252
0.27384
0.26833
0.26772
0.28196
0.27639
0.27689
0.27382
0.27460
0.26893
0.27473
0.28676
0.28662
0.29361
0.32545
0.33747
0.33853
0.33747
0.33298
0.33298
0.33172
0.33148
0.32865
0.34024
0.32704
0.31238
0.31218
0.31694
0.32556
0.32556
0.32921
0.31207
0.29615
0.28632
0.28886
0.28540
0.28540
0.28167
0.28232
0.29093
0.29093
0.29200
0.29143
0.28944
0.28595
0.28583
0.30338
0.30641
0.28092
0.28078
0.26660
0.25997
0.28005
0.28204
0.27564
0.28758
0.29220
0.29220
0.30280
0.31122
0.29417
0.30864
0.32469
0.32469
0.31721
0.33183
0.34961
0.34976
0.30923
0.30923
0.30422
0.30426
0.26160
0.26160
0.25220
0.24697
0.23805
0.24460
0.23910
0.24655
0.23907
0.22933
0.23436
0.21770
0.22418
0.20989
0.21058
0.20729
0.21835
0.22097
0.21212
0.21212
0.21519
0.19744
0.19645
0.18740
0.19048
0.18300
0.18300
0.18300
0.19323
0.17473
0.17479
0.17390
0.18142
0.17938
0.17907
0.17907
0.19574
0.18744
0.17731
0.17422
0.17430
0.16351
0.16248
0.17334
0.15892
0.15557
0.17465
0.15089
0.15089
0.16174
0.17195
0.16333
0.17380
0.17399
0.17062
0.16667
0.16785
0.16540
0.15759
0.16176
0.14030
0.14015
0.13312
0.13337
0.13316
0.13384
0.13419
0.14673
0.14499
0.13637
0.11611
0.11347
0.10973
0.11813
0.11803
0.13390
0.15146
0.15146
0.15146
0.14951
0.14890
0.15003
0.15702
0.15707
0.15744
0.15744
0.13922
0.13922
0.13922
0.13934
0.13169
0.13207
0.12854
0.15053
0.14482
0.14558
0.14525
0.14596
0.11315
0.11315
0.10430
0.10276
0.09606
0.09572
0.10129
0.11027
0.11027
0.11902
0.09597
0.10227
0.10693
0.10080
0.11041
0.11682
0.11933
0.11375
0.08290
0.07731
0.07684
0.08561
0.10554
0.10414
0.10444
0.10446
0.10444
0.12707
0.13647
0.13720
0.11958
0.13431
0.13203
0.14951
0.16607
0.13322
0.13012
0.12200
0.12642
0.12420
0.13493
0.13516
0.13583
0.13352
0.14058
0.14055
0.14846
0.14824
0.14828
0.15916
0.16610
0.14745
0.14745
0.14253
0.14253
0.14311
0.14341
0.15196
0.15201
0.15425
0.15607
0.16555
0.17126
0.15370
0.14284
0.14260
0.14896
0.14032
0.14315
0.13666
0.15106
0.17044
0.17664
0.15574
0.15182
0.15671
0.15679
0.15061
0.15063
0.13302
0.13781
0.13781
0.13980
0.15273
0.15364
0.15308
0.15362
0.14682
0.14373
0.14519
0.14519
0.15358
0.14732
0.16457
0.17289
0.17280
0.17321
0.17280
0.17280
0.16803
0.16827
0.16799
0.16799
0.16799
0.19572
0.19065
0.18980
0.19126
0.16653
0.17821
0.19618
0.19235
0.19250
0.19250
0.19357
0.19305
0.17902
0.17902
0.17902
0.17936
0.18299
0.17638
0.17654
0.17640
0.16953
0.15831
0.15830
0.14858
0.15524
0.16903
0.14798
0.15531
0.15799
0.14696
0.14062
0.14194
0.13725
0.12748
0.12760
0.10420
0.08251
0.08246
0.08251
0.08251
0.08251
0.09556
0.10099
0.13133
0.12435
0.11895
0.11921
0.13285
0.16287
0.16140
0.16140
0.14288
0.14499
0.13950
0.14235
0.16176
0.16177
0.16178
0.14205
0.15921
0.14663
0.14529
0.15235
0.15235
0.16730
0.16835
0.18274
0.18274
0.18989
0.17752
0.17752
0.17802
0.16546
0.15170
0.15170
0.15170
0.15170
0.15158
0.15021
0.15352
0.16112
0.17251
0.18334
0.17867
0.15547
0.14216
0.14216
0.11802
0.13624
0.13697
0.13658
0.13698
0.14951
0.15782
0.16592
0.16592
0.16613
0.16592
0.15338
0.15475
0.15158
0.15161
0.15154
0.15158
0.15158
0.13944
0.13945
0.13944
0.14931
0.15810
0.16387
0.15574
0.15565
0.15607
0.13997
0.15824
0.15263
0.15772
0.15637
0.15351
0.14698
0.14553
0.16285
0.17177
0.15147
0.15178
0.13390
0.14099
0.14094
0.14164
0.13432
0.14582
0.15078
0.14970
0.15884
0.18034
0.18034
0.18034
0.18034
0.17484
0.18290
0.18849
0.18103
0.18103
0.18093
0.19715
0.19931
0.19924
0.19300
0.20684
0.20397
0.18908
0.18948
0.19540
0.19667
0.18937
0.17699
0.17882
0.17882
0.17818
0.17882
0.18122
0.18116
0.18116
0.18901
0.15317
0.15311
0.15723
0.15735
0.15740
0.17962
0.18450
0.18958
0.20494
0.18780
0.16093
0.20624
0.20548
0.20818
0.20818
0.20802
0.20492
0.18013
0.17320
0.16550
0.16550
0.16550
0.18299
0.18274
0.18299
0.18789
0.18368
0.17115
0.17048
0.17962
0.17915
0.18251
0.18891
0.20903
0.20310
0.19812
0.20168
0.20448
0.21378
0.23673
0.24421
0.25069
0.25069
0.28689
0.28586
0.27706
0.27068
0.28898
0.27835
0.27489
0.27978
0.27385
0.26236
0.25318
0.25317
0.25682
0.25552
0.25552
0.25344
0.26955
0.29355
0.29355
0.29034
0.28492
0.28492
0.29917
0.27046
0.27131
0.24932
0.24947
0.25220
0.26593
0.26326
0.26265
0.26257
0.26257
0.27239
0.27824
0.27951
0.27685
0.27691
0.28312
0.28324
0.29106
0.29100
0.28689
0.27940
0.27951
0.30468
0.31429
0.31429
0.32386
0.31466
0.31198
0.31250
0.32898
0.33123
0.32859
0.32763
0.31777
0.31777
0.31777
0.32157
0.32078
0.32743
0.32743
0.32743
0.38561
0.38564
0.38561
0.38086
0.38126
0.38300
0.38302
0.37879
0.38855
0.38619
0.39713
0.39721
0.39735
0.38980
0.38227
0.38389
0.38389
0.39214
0.38766
0.38776
0.38769
0.40447
0.40447
0.40449
0.40447
0.38888
0.40175
0.39401
0.39401
0.39018
0.38575
0.39665
0.38797
0.38031
0.37866
0.37377
0.37354
0.36770
0.37713
0.38083
0.38083
0.38083
0.37029
0.37029
0.37029
0.37029
0.38557
0.40010
0.39246
0.39157
0.38951
0.38178
0.38178
0.38178
0.37816
0.35343
0.35258
0.35258
0.35258
0.34349
0.34968
0.36836
0.35406
0.34174
0.32774
0.31783
0.31783
0.31783
0.32707
0.32707
0.31578
0.30651
0.32237
0.32234
0.31421
0.30983
0.30971
0.31661
0.32018
0.32782
0.31965
0.31764
0.31764
0.31894
0.32095
0.31922
0.28849
0.29141
0.29141
0.31080
0.29942
0.29942
0.29016
0.28948
0.27627
0.27729
0.23466
0.23317
0.23319
0.29426
0.29428
0.29184
0.29161
0.29184
0.28208
0.30156
0.30165
0.30156
0.30155
0.28578
0.26158
0.29065
0.29577
0.29641
0.29597
0.29605
0.29068
0.29568
0.29978
0.30029
0.29427
0.27780
0.27874
0.28909
0.28909
0.29475
0.29266
0.29392
0.29392
0.29925
0.27639
0.29150
0.28719
0.27193
0.27285
0.26295
0.24256
0.24264
0.24229
0.23914
0.24264
0.25034
0.25034
0.25034
0.26804
0.27403
0.28157
0.26706
0.28925
0.28459
0.29065
0.28931
0.29236
0.30117
0.28952
0.28530
0.29781
0.30394
0.30080
0.30080
0.29483
0.29387
0.30040
0.30040
0.30040
0.30040
0.28675
0.30688
0.29727
0.31238
0.31964
0.31099
0.31101
0.31253
0.31253
0.31047
0.31684
0.32042
0.28954
0.27519
0.27992
0.25786
0.25786
0.25786
0.25769
0.25996
0.25996
0.26387
0.26727
0.26727
0.26250
0.27546
0.26128
0.27992
0.29377
0.28793
0.28792
0.28792
0.29573
0.29708
0.29728
0.31119
0.29139
0.28432
0.27705
0.27705
0.27828
0.27828
0.27828
0.29473
0.29473
0.29473
0.29923
0.30353
0.29891
0.31117
0.30130
0.30124
0.30328
0.31423
0.30423
0.30423
0.29232
0.28748
0.29131
0.30793
0.32557
0.32557
0.32557
0.32290
0.34073
0.34633
0.34679
0.34616
0.34638
0.34638
0.33844
0.33269
0.28992
0.29016
0.28418
0.27913
0.27759
0.27681
0.26918
0.27042
0.27028
0.26573
0.26573
0.27583
0.27597
0.28834
0.28797
0.28797
0.28658
0.28725
0.26866
0.26122
0.26122
0.25914
0.25725
0.25725
0.25725
0.25711
0.26933
0.27186
0.27186
0.28603
0.27778
0.27778
0.28874
0.28669
0.28669
0.28665
0.29581
0.29408
0.29719
0.28468
0.28114
0.30077
0.30279
0.29070
0.29263
0.29316
0.29316
0.30979
0.31049
0.31268
0.29793
0.31603
0.33455
0.32805
0.31717
0.29360
0.27707
0.27702
0.27716
0.28381
0.29090
0.31229
0.31080
0.32638
0.32212
0.31918
0.32034
0.31566
0.30965
0.31662
0.31662
0.31665
0.34554
0.34554
0.34706
0.32907
0.35215
0.35492
0.35492
0.35991
0.35991
0.35995
0.35991
0.35991
0.35991
0.34667
0.34909
0.34947
0.34909
0.34909
0.32418
0.28044
0.27871
0.28060
0.29077
0.29257
0.28818
0.29042
0.28689
0.30111
0.30111
0.29844
0.29402
0.28748
0.28689
0.29543
0.28536
0.26826
0.26944
0.27568
0.27626
0.28478
0.27137
0.27098
0.27049
0.27049
0.27049
0.27623
0.27933
0.29303
0.30473
0.30463
0.31044
0.30400
0.31278
0.30905
0.30860
0.31736
0.31736
0.32350
0.33917
0.34080
0.33875
0.33877
0.33875
0.33964
0.34243
0.32552
0.32554
0.32732
0.32705
0.29258
0.30367
0.30346
0.30367
0.30345
0.28552
0.28353
0.28358
0.29038
0.28649
0.28493
0.27934
0.27216
0.27087
0.27228
0.27228
0.29207
0.29207
0.29544
0.31199
0.28867
0.28931
0.30975
0.31490
0.32230
0.31178
0.31691
0.31677
0.31760
0.28324
0.29352
0.29290
0.29661
0.27578
0.28274
0.26986
0.26986
0.26986
0.27011
0.28197
0.27778
0.27615
0.30304
0.30250
0.31273
0.31326
0.31327
0.28892
0.28892
0.27979
0.27980
0.26559
0.27923
0.26908
0.26078
0.25772
0.24405
0.24405
0.21803
0.21803
0.21803
0.21644
0.21300
0.21800
0.22924
0.22556
0.22533
0.22535
0.22533
0.24093
0.24276
0.24276
0.24312
0.24696
0.25973
0.25944
0.25973
0.25874
0.23956
0.25493
0.25501
0.25453
0.25467
0.25356
0.24975
0.24087
0.23995
0.25295
0.25295
0.25631
0.25631
0.27046
0.27501
0.27555
0.26148
0.23377
0.25270
0.25270
0.23964
0.26615
0.26620
0.26620
0.25845
0.27050
0.28696
0.28696
0.26818
0.26465
0.26887
0.27713
0.26925
0.26925
0.26256
0.30531
0.32900
0.34378
0.35964
0.37397
0.37403
0.36164
0.35570
0.35570
0.35570
0.35570
0.35570
0.35570
0.37170
0.37170
0.36371
0.36372
0.37002
0.38496
0.35406
0.36272
0.39569
0.39897
0.38598
0.35865
0.36146
0.36038
0.36027
0.36513
0.35670
0.35670
0.35656
0.35105
0.34084
0.34008
0.34183
0.36103
0.37461
0.37461
0.37461
0.37492
0.37749
0.38048
0.36562
0.36534
0.37549
0.33728
0.32885
0.32886
0.34345
0.36313
0.36313
0.36313
0.36255
0.35358
0.34520
0.35358
0.35202
0.34897
0.34897
0.34897
0.32786
0.31524
0.31557
0.30432
0.31593
0.31015
0.30317
0.30876
0.30807
0.30780
0.30217
0.30155
0.27869
0.27768
0.27618
0.27634
0.30153
0.31430
0.30478
0.30478
0.30335
0.33733
0.32282
0.31187
0.31373
0.30381
0.28203
0.27750
0.27092
0.25267
0.26785
0.27491
0.27331
0.26780
0.24640
0.26164
0.25563
0.22775
0.22763
0.21903
0.22338
0.22203
0.22049
0.22710
0.24626
0.24026
0.24058
0.23676
0.22031
0.20594
0.19675
0.20754
0.20823
0.20642
0.20642
0.20207
0.18777
0.18724
0.18724
0.18928
0.19420
0.19915
0.19204
0.21859
0.22295
0.22432
0.20808
0.20819
0.20808
0.20603
0.19224
0.19224
0.18874
0.18042
0.18778
0.19749
0.20369
0.20927
0.20896
0.20013
0.20443
0.20012
0.20013
0.20847
0.21852
0.21369
0.21097
0.22888
0.22671
0.23616
0.24083
0.23279
0.23986
0.23234
0.23506
0.24113
0.23549
0.24491
0.25110
0.24273
0.24273
0.24104
0.23034
0.22588
0.22575
0.22166
0.22616
0.22614
0.23065
0.23270
0.22505
0.22531
0.23357
0.22166
0.22182
0.22068
0.23313
0.24582
0.26045
0.24619
0.28254
0.26019
0.26482
0.27203
0.27203
0.25980
0.26059
0.26059
0.25440
0.25836
0.25643
0.25643
0.25643
0.25225
0.25573
0.25621
0.25451
0.27056
0.27874
0.25478
0.26954
0.27912
0.27906
0.27908
0.28304
0.27722
0.27801
0.27999
0.27996
0.28208
0.28208
0.27127
0.25879
0.26662
0.26041
0.24780
0.23462
0.21335
0.21333
0.21020
0.19240
0.19295
0.20466
0.19375
0.18396
0.17812
0.17963
0.17433
0.17423
0.16961
0.16978
0.16975
0.16978
0.17435
0.18291
0.18284
0.18284
0.18284
0.18284
0.18285
0.18333
0.18333
0.18333
0.21514
0.21831
0.21884
0.21941
0.21351
0.22651
0.22682
0.22651
0.24823
0.24451
0.25619
0.25743
0.25720
0.25743
0.26755
0.28213
0.26665
0.29343
0.28838
0.28838
0.27918
0.27920
0.25781
0.26309
0.25458
0.25458
0.25476
0.25484
0.25940
0.25940
0.26293
0.24348
0.24352
0.24254
0.22380
0.21779
0.20944
0.21410
0.21353
0.21785
0.21723
0.21675
0.21675
0.21528
0.20600
0.20600
0.20598
0.19636
0.19552
0.19569
0.19572
0.19568
0.20711
0.20690
0.20624
0.20940
0.20940
0.18938
0.20895
0.20895
0.20895
0.20895
0.22462
0.23198
0.24289
0.24018
0.25190
0.25204
0.25204
0.24523
0.23140
0.21266
0.21212
0.21474
0.19917
0.25024
0.24001
0.24005
0.24781
0.25323
0.24968
0.24960
0.24944
0.24938
0.24960
0.24960
0.24960
0.24960
0.24959
0.24947
0.24961
0.25098
0.25179
0.25504
0.23975
0.22517
0.22517
0.23691
0.23698
0.23897
0.24839
0.24863
0.21809
0.21230
0.22104
0.22591
0.22591
0.22712
0.22411
0.23527
0.22469
0.22329
0.23270
0.23265
0.23361
0.25007
0.25007
0.25604
0.25075
0.25075
0.25908
0.26522
0.26333
0.26522
0.26522
0.26222
0.26222
0.27442
0.28011
0.30717
0.30716
0.31177
0.31640
0.31746
0.32096
0.32462
0.30320
0.30074
0.30540
0.30329
0.29423
0.29423
0.30198
0.31897
0.31897
0.31897
0.32985
0.32483
0.32419
0.32800
0.30727
0.28672
0.27913
0.27736
0.27539
0.27443
0.29440
0.30417
0.28592
0.28393
0.27547
0.29382
0.29690
0.31608
0.30855
0.32475
0.32511
0.32511
0.32611
0.32359
0.32734
0.34147
0.34147
0.34187
0.34110
0.35663
0.35056
0.36560
0.36636
0.36179
0.36366
0.35611
0.36543
0.35638
0.35919
0.36317
0.36371
0.35192
0.35188
0.35188
0.35664
0.35664
0.34489
0.34489
0.34444
0.35629
0.36588
0.36588
0.37213
0.38864
0.36155
0.35682
0.35671
0.35163
0.34928
0.36017
0.36125
0.36291
0.35582
0.35842
0.36967
0.37867
0.37798
0.37812
0.39657
0.40733
0.40481
0.40276
0.40768
0.39704
0.41809
0.39791
0.39945
0.41931
0.42715
0.43438
0.43438
0.43405
0.43017
0.43017
0.44621
0.43904
0.43904
0.43584
0.44790
0.44789
0.49907
0.49850
0.49276
0.49459
0.48538
0.48541
0.48541
0.51824
0.53125
0.52136
0.52155
0.52152
0.50968
0.51251
0.51921
0.51926
0.52533
0.54386
0.55048
0.54345
0.55658
0.54482
0.53803
0.53803
0.53803
0.53804
0.53803
0.53160
0.53364
0.51744
0.51050
0.50485
0.49550
0.49527
0.49533
0.50501
0.49111
0.48428
0.48763
0.49554
0.49604
0.49353
0.49349
0.49353
0.49080
0.48172
0.47117
0.46161
0.46882
0.46603
0.46160
0.47126
0.46225
0.47940
0.47867
0.48054
0.48050
0.48178
0.48050
0.48050
0.46970
0.47538
0.47473
0.48639
0.48639
0.48639
0.49089
0.50077
0.50512
0.51697
0.51218
0.52133
0.52133
0.52863
0.52284
0.50429
0.51750
0.49805
0.50912
0.50887
0.51297
0.51575
0.50731
0.50629
0.51269
0.51276
0.51365
0.51131
0.51365
0.51122
0.49191
0.50291
0.50920
0.50920
0.51467
0.51403
0.49725
0.48563
0.48569
0.50061
0.49070
0.48791
0.47280
0.47281
0.47347
0.47622
0.46102
0.47101
0.47315
0.47760
0.47681
0.47681
0.47681
0.47674
0.47483
0.47167
0.47167
0.47167
0.46391
0.44429
0.44429
0.44358
0.46497
0.46497
0.46497
0.45533
0.45541
0.45907
0.45895
0.44293
0.45206
0.45033
0.45086
0.45033
0.45023
0.45084
0.45040
0.45061
0.46320
0.45390
0.44421
0.44484
0.42105
0.44239
0.44298
0.43080
0.42979
0.43080
0.42946
0.43080
0.42561
0.43531
0.44215
0.43280
0.43523
0.43305
0.43305
0.43521
0.42014
0.42539
0.42930
0.42930
0.43055
0.42959
0.43260
0.45161
0.43594
0.43047
0.42921
0.42921
0.42921
0.42914
0.42151
0.42151
0.42141
0.41384
0.40038
0.40038
0.40928
0.40926
0.42521
0.42838
0.42872
0.43393
0.43353
0.45799
0.45799
0.46716
0.44850
0.46131
0.45365
0.44385
0.46009
0.47847
0.47847
0.47847
0.47847
0.47590
0.47516
0.47538
0.46248
0.46248
0.47691
0.46784
0.47445
0.47762
0.47830
0.47836
0.47836
0.46481
0.45320
0.45043
0.44858
0.45630
0.45616
0.44580
0.44857
0.44857
0.44828
0.44651
0.44505
0.44117
0.41738
0.43361
0.43026
0.43206
0.43733
0.42905
0.43588
0.43500
0.41886
0.43860
0.44844
0.44190
0.43243
0.44822
0.46062
0.45588
0.45612
0.47233
0.47019
0.47019
0.46605
0.46605
0.44545
0.45325
0.43650
0.43650
0.43603
0.44759
0.44827
0.44938
0.44953
0.46389
0.46008
0.46024
0.46008
0.46413
0.47849
0.47555
0.49697
0.49629
0.50940
0.50969
0.50940
0.50940
0.50263
0.50940
0.51796
0.51651
0.51915
0.51899
0.51677
0.51669
0.51677
0.49049
0.49027
0.49986
0.49018
0.48215
0.48869
0.48869
0.48824
0.48869
0.48869
0.48641
0.50190
0.50266
0.50476
0.50373
0.48481
0.47009
0.47330
0.46499
0.46061
0.45882
0.44495
0.44664
0.44495
0.44495
0.44495
0.46170
0.47027
0.47070
0.46379
0.45434
0.45283
0.46366
0.45884
0.46765
0.47156
0.47519
0.47519
0.46742
0.46721
0.46804
0.45998
0.46339
0.46559
0.45052
0.46010
0.45808
0.45447
0.44725
0.44025
0.43938
0.43938
0.43938
0.43938
0.45725
0.45791
0.45433
0.43639
0.43457
0.43639
0.44155
0.43485
0.44787
0.44756
0.43401
0.44558
0.45030
0.45175
0.45173
0.45173
0.45173
0.45382
0.45388
0.45382
0.45382
0.45383
0.43999
0.42964
0.44946
0.44942
0.44926
0.42294
0.42294
0.42294
0.42294
0.41505
0.41358
0.41220
0.41586
0.42707
0.42719
0.40880
0.40385
0.40237
0.40237
0.39601
0.39734
0.40584
0.41197
0.42672
0.41769
0.41959
0.41890
0.41277
0.41541
0.41626
0.42445
0.41895
0.40864
0.40631
0.41504
0.40548
0.39712
0.41345
0.39445
0.39494
0.37984
0.37983
0.37242
0.36107
0.36751
0.37271
0.37249
0.35339
0.35339
0.33077
0.31416
0.31444
0.32106
0.32132
0.30444
0.30501
0.29865
0.29716
0.29471
0.29720
0.29713
0.29732
0.30377
0.29590
0.29314
0.30290
0.30697
0.30340
0.31382
0.31179
0.31016
0.31959
0.31957
0.31959
0.30954
0.30422
0.30438
0.30723
0.30723
0.29550
0.27367
0.28704
0.28704
0.31338
0.31593
0.31593
0.32306
0.30074
0.28671
0.28671
0.28671
0.28315
0.29800
0.29800
0.29800
0.29676
0.30389
0.30753
0.30753
0.30656
0.32049
0.32043
0.33556
0.33596
0.32850
0.34096
0.33906
0.33906
0.33400
0.33407
0.34714
0.34517
0.34517
0.35219
0.33091
0.33091
0.32991
0.32347
0.32685
0.32642
0.32912
0.33005
0.32034
0.34035
0.34035
0.34020
0.34035
0.33183
0.33120
0.32098
0.32698
0.32377
0.33643
0.33603
0.33359
0.32460
0.29963
0.29486
0.29486
0.28381
0.27804
0.27804
0.27773
0.27773
0.27773
0.27569
0.26775
0.27601
0.27601
0.27601
0.27601
0.27827
0.26925
0.30348
0.30239
0.27179
0.28692
0.29387
0.29358
0.29758
0.29736
0.31664
0.31177
0.31177
0.31177
0.31177
0.29836
0.28563
0.28563
0.27812
0.27126
0.27126
0.27024
0.28272
0.27763
0.25457
0.27544
0.29870
0.28448
0.28392
0.28163
0.28392
0.27963
0.27228
0.27228
0.27657
0.27511
0.27472
0.25989
0.27301
0.27706
0.26029
0.26023
0.26489
0.26935
0.26751
0.26751
0.26753
0.27619
0.27921
0.28433
0.26054
0.25100
0.23905
0.23905
0.22524
0.21184
0.21606
0.21426
0.22581
0.22281
0.22798
0.23878
0.23622
0.25245
0.25329
0.25330
0.25330
0.25259
0.25144
0.24952
0.24952
0.24952
0.25833
0.26386
0.26386
0.26386
0.25647
0.25637
0.27413
0.27876
0.27877
0.28551
0.27527
0.26921
0.25147
0.24745
0.25642
0.25642
0.26877
0.26877
0.27949
0.28361
0.27975
0.28361
0.28361
0.30471
0.29136
0.29493
0.29948
0.30718
0.30718
0.30718
0.29034
0.29136
0.29051
0.29051
0.27940
0.27064
0.26808
0.27000
0.26848
0.28041
0.27544
0.27544
0.27546
0.28439
0.28827
0.29006
0.29881
0.30129
0.29657
0.29657
0.28589
0.28589
0.27781
0.28366
0.28371
0.28366
0.28983
0.29438
0.27794
0.25945
0.26933
0.26933
0.27699
0.27628
0.27909
0.27848
0.26792
0.26599
0.25591
0.26503
0.26772
0.26772
0.24726
0.23799
0.23799
0.24115
0.23269
0.23488
0.25082
0.25126
0.24816
0.24814
0.23477
0.23628
0.23243
0.23342
0.23402
0.25126
0.25511
0.29137
0.29137
0.28782
0.28106
0.26606
0.25916
0.23645
0.22822
0.24890
0.24494
0.23017
0.23016
0.23721
0.23721
0.24602
0.24350
0.24350
0.24350
0.24350
0.24445
0.24350
0.27118
0.26304
0.27092
0.25025
0.25771
0.26682
0.26726
0.26763
0.26411
0.26927
0.24922
0.23880
0.24420
0.24420
0.24870
0.24230
0.24698
0.25316
0.25317
0.25313
0.26506
0.26872
0.24193
0.24193
0.25020
0.25020
0.23704
0.23358
0.23351
0.24783
0.25059
0.26709
0.25410
0.24477
0.22742
0.21981
0.22235
0.22530
0.22546
0.24320
0.24361
0.24161
0.24152
0.23947
0.21711
0.21500
0.21500
0.20880
0.20878
0.21347
0.21804
0.17517
0.18013
0.18034
0.18040
0.20694
0.21972
0.21703
0.21535
0.21535
0.22670
0.23623
0.23634
0.26274
0.24900
0.24681
0.22355
0.21064
0.21263
0.22264
0.22552
0.22259
0.23567
0.22244
0.22354
0.22348
0.23410
0.23366
0.22786
0.22786
0.20818
0.20834
0.20900
0.18323
0.18323
0.18617
0.18108
0.17014
0.17008
0.17346
0.17346
0.17341
0.17051
0.17019
0.19285
0.19607
0.19592
0.19592
0.23315
0.23315
0.23315
0.22811
0.22827
0.22827
0.20094
0.19260
0.19354
0.17791
0.17852
0.15675
0.15675
0.15706
0.14139
0.14141
0.14143
0.12075
0.12694
0.12601
0.12588
0.12558
0.12601
0.12733
0.12648
0.13768
0.13682
0.14113
0.14200
0.14501
0.14556
0.14022
0.14022
0.14022
0.15398
0.13389
0.12155
0.13474
0.13474
0.13474
0.13474
0.14219
0.16498
0.16089
0.16089
0.14559
0.14088
0.13094
0.12518
0.12399
0.16655
0.16647
0.16647
0.16647
0.15624
0.13778
0.15016
0.15061
0.15149
0.15224
0.15232
0.15226
0.16401
0.15671
0.13650
0.13820
0.14522
0.14485
0.14485
0.14485
0.15512
0.13559
0.12282
0.08714
0.09554
0.09552
0.09552
0.09552
0.07340
0.08010
0.08366
0.08236
0.08273
0.08273
0.09524
0.10324
0.09378
0.09376
0.08907
0.08800
0.07970
0.07613
0.07621
0.07667
0.07513
0.08595
0.09940
0.09879
0.10005
0.07669
0.08105
0.08014
0.08068
0.09904
0.09904
0.10631
0.11345
0.11302
0.11442
0.13149
0.13621
0.15140
0.16976
0.18861
0.18855
0.18861
0.20311
0.23865
0.24180
0.24333
0.25911
0.25976
0.25911
0.24163
0.22448
0.22446
0.21530
0.20497
0.20663
0.20584
0.20584
0.19257
0.18707
0.18707
0.20136
0.23364
0.22791
0.24174
0.24175
0.22973
0.23739
0.24073
0.24399
0.24425
0.24350
0.24350
0.26431
0.28880
0.27856
0.28499
0.27990
0.26841
0.25446
0.24109
0.24057
0.24106
0.24596
0.25006
0.24785
0.26370
0.26384
0.27058
0.27058
0.27058
0.27058
0.27058
0.26608
0.24965
0.23291
0.23539
0.23226
0.23226
0.22995
0.22995
0.22995
0.22984
0.23464
0.24438
0.25005
0.25494
0.25494
0.25797
0.25809
0.25817
0.25809
0.24116
0.23832
0.22780
0.20565
0.20283
0.20285
0.20283
0.20344
0.22202
0.22341
0.22657
0.22726
0.22975
0.20853
0.22900
0.24244
0.24099
0.24099
0.24260
0.24054
0.22196
0.22407
0.22406
0.23961
0.23961
0.23191
0.23560
0.23909
0.23058
0.22979
0.22981
0.23254
0.26999
0.26995
0.27666
0.27623
0.27785
0.28769
0.28813
0.26771
0.26866
0.27116
0.28688
0.28502
0.29126
0.29016
0.29871
0.28126
0.28145
0.27904
0.28049
0.28049
0.28270
0.28319
0.27486
0.26931
0.26931
0.26931
0.27670
0.27670
0.27670
0.27672
0.28210
0.28428
0.33505
0.32731
0.32147
0.33824
0.32484
0.31618
0.31171
0.30724
0.30191
0.30019
0.29932
0.32402
0.32370
0.33351
0.32279
0.32821
0.32426
0.34377
0.34377
0.34377
0.34742
0.35415
0.35388
0.33483
0.33501
0.33708
0.34258
0.33420
0.33420
0.36053
0.36053
0.36112
0.37189
0.37000
0.37089
0.37089
0.37089
0.37067
0.37089
0.37089
0.36527
0.36231
0.38074
0.38340
0.37874
0.37252
0.38624
0.38094
0.38991
0.38320
0.35233
0.35178
0.33523
0.32247
0.33696
0.33835
0.33958
0.31825
0.33385
0.33391
0.33216
0.33391
0.33316
0.35073
0.35073
0.34462
0.37410
0.37005
0.36856
0.36354
0.35969
0.35972
0.35710
0.36698
0.36702
0.36514
0.35782
0.34894
0.34690
0.33452
0.33478
0.33478
0.33478
0.32662
0.32662
0.32141
0.32235
0.32235
0.32235
0.30123
0.30012
0.26870
0.26870
0.26946
0.27056
0.24398
0.25084
0.24032
0.24032
0.24033
0.24684
0.24717
0.24684
0.25626
0.25528
0.25518
0.25622
0.26181
0.26610
0.26548
0.26732
0.28979
0.34432
0.34956
0.35485
0.35485
0.36753
0.36753
0.36172
0.35581
0.35428
0.37186
0.35827
0.35501
0.36311
0.36129
0.37098
0.36742
0.36207
0.36837
0.37676
0.37676
0.38742
0.37737
0.37737
0.40021
0.37167
0.36808
0.37167
0.37257
0.38107
0.38107
0.38107
0.36111
0.36024
0.35763
0.35256
0.35035
0.34880
0.32564
0.33702
0.34846
0.33806
0.34171
0.32713
0.32713
0.32713
0.32701
0.34351
0.34391
0.35183
0.35776
0.36815
0.37110
0.37187
0.37628
0.37266
0.37268
0.36636
0.36636
0.36809
0.35387
0.35387
0.35924
0.35387
0.35387
0.35102
0.35177
0.36023
0.35571
0.35551
0.33825
0.33823
0.33887
0.33143
0.33446
0.32530
0.32581
0.32068
0.32886
0.34322
0.34085
0.34469
0.34469
0.34469
0.37331
0.37332
0.37322
0.38434
0.38436
0.37410
0.39074
0.39158
0.39047
0.39047
0.39578
0.41440
0.42509
0.42180
0.41414
0.41445
0.43126
0.42988
0.43146
0.43143
0.42321
0.43270
0.43270
0.43786
0.43786
0.44278
0.43304
0.43304
0.43304
0.46290
0.46290
0.46606
0.47658
0.47658
0.47658
0.48771
0.48771
0.48771
0.48934
0.50620
0.50733
0.51468
0.52343
0.49828
0.48662
0.48750
0.46835
0.47381
0.47381
0.47379
0.47381
0.48235
0.46949
0.46949
0.47547
0.46277
0.46275
0.46275
0.44212
0.43864
0.43300
0.42459
0.42307
0.43856
0.43110
0.43110
0.44087
0.44087
0.43605
0.43750
0.44622
0.44642
0.46206
0.46206
0.46206
0.46707
0.45707
0.45651
0.47412
0.48329
0.48950
0.48955
0.50691
0.50175
0.50685
0.51244
0.51244
0.51981
0.51278
0.51750
0.51467
0.51140
0.51583
0.51105
0.52249
0.52766
0.53021
0.53742
0.55669
0.55618
0.55042
0.55976
0.55981
0.56170
0.56170
0.55177
0.54181
0.53613
0.53999
0.56322
0.56142
0.56138
0.56387
0.56077
0.56100
0.56105
0.55637
0.55821
0.55179
0.55247
0.55941
0.56453
0.55885
0.55393
0.55393
0.55728
0.55737
0.54935
0.54935
0.55130
0.55130
0.54609
0.54190
0.54190
0.53028
0.54480
0.54159
0.55870
0.57378
0.56043
0.56043
0.56302
0.56735
0.57321
0.57330
0.60491
0.58363
0.58363
0.57401
0.56839
0.55621
0.56158
0.57389
0.57403
0.57403
0.57061
0.57160
0.57052
0.58264
0.58403
0.58752
0.58989
0.59673
0.57829
0.58838
0.58227
0.58228
0.58227
0.57094
0.56193
0.56741
0.56109
0.56109
0.55518
0.55350
0.55223
0.53208
0.53208
0.53545
0.53545
0.53100
0.53100
0.51464
0.51987
0.51752
0.51752
0.52536
0.52904
0.48881
0.49211
0.49211
0.49517
0.49273
0.49278
0.49447
0.48697
0.49887
0.49286
0.50733
0.49229
0.49220
0.49219
0.49275
0.45635
0.45636
0.45471
0.45491
0.45471
0.44430
0.44234
0.44892
0.44807
0.44136
0.42435
0.43407
0.42695
0.41404
0.40440
0.40251
0.40198
0.40122
0.39655
0.39474
0.37505
0.37463
0.37505
0.38051
0.38051
0.36712
0.37660
0.36961
0.37739
0.40909
0.40909
0.40909
0.40125
0.40125
0.41633
0.40856
0.40306
0.40275
0.40205
0.40245
0.40993
0.41296
0.43860
0.43864
0.43196
0.43269
0.43266
0.42408
0.44206
0.43902
0.43905
0.42957
0.42867
0.42867
0.42885
0.42867
0.43881
0.43358
0.43050
0.45653
0.45653
0.44014
0.44016
0.44016
0.45198
0.47152
0.46963
0.47261
0.45037
0.44919
0.45528
0.44248
0.44695
0.44694
0.44153
0.46180
0.47154
0.46487
0.47285
0.49804
0.48699
0.48848
0.48838
0.48848
0.48844
0.51787
0.52483
0.52492
0.52492
0.52492
0.52105
0.50844
0.51492
0.49745
0.49427
0.49888
0.50229
0.49290
0.48351
0.49010
0.48330
0.48434
0.47056
0.46649
0.45768
0.45768
0.45289
0.45259
0.44611
0.44401
0.44033
0.43423
0.43368
0.43311
0.43338
0.42985
0.42985
0.42747
0.42358
0.42439
0.42353
0.42141
0.42144
0.42141
0.42696
0.42697
0.41442
0.41442
0.41865
0.42297
0.41977
0.40074
0.41555
0.41607
0.41601
0.41722
0.42241
0.42381
0.42244
0.41638
0.41859
0.42316
0.44062
0.44342
0.45389
0.45457
0.45182
0.44256
0.44075
0.43770
0.43781
0.43957
0.42003
0.40738
0.41663
0.40872
0.41663
0.41663
0.41599
0.41034
0.41034
0.40353
0.40914
0.42099
0.41107
0.39843
0.38746
0.38746
0.37405
0.37409
0.39786
0.39786
0.41485
0.41489
0.41470
0.41286
0.41485
0.41289
0.41293
0.41264
0.41569
0.41565
0.41569
0.42127
0.42749
0.42262
0.42265
0.42265
0.41500
0.41500
0.41500
0.42775
0.43242
0.43242
0.45270
0.45357
0.47419
0.47485
0.49426
0.49470
0.51118
0.52213
0.52453
0.50653
0.49808
0.49808
0.50375
0.50312
0.48905
0.49308
0.48696
0.48676
0.49106
0.49227
0.49219
0.48992
0.49023
0.48105
0.48435
0.49150
0.49205
0.49156
0.50343
0.50481
0.49124
0.48058
0.48068
0.48257
0.47737
0.46701
0.46525
0.46613
0.47244
0.49223
0.49002
0.49244
0.49313
0.49214
0.49106
0.49214
0.49214
0.51609
0.50166
0.54348
0.52849
0.52849
0.52846
0.52849
0.53453
0.52423
0.52865
0.52337
0.52337
0.53329
0.51982
0.52986
0.51486
0.50670
0.53114
0.53111
0.51210
0.50062
0.49311
0.49848
0.49824
0.49842
0.49840
0.49842
0.49818
0.49795
0.49795
0.49795
0.49862
0.49806
0.48172
0.48928
0.47262
0.48627
0.51645
0.51407
0.48826
0.47035
0.47035
0.46846
0.46114
0.45077
0.45187
0.45187
0.45187
0.45187
0.45190
0.42456
0.39492
0.39213
0.41684
0.42675
0.42814
0.43125
0.42511
0.45553
0.44885
0.44885
0.45706
0.45675
0.44161
0.44161
0.45372
0.45374
0.45374
0.45374
0.46136
0.46136
0.46361
0.46702
0.44625
0.44950
0.43746
0.43746
0.43746
0.42392
0.43143
0.43143
0.43143
0.43143
0.42497
0.42497
0.42497
0.42497
0.44344
0.43695
0.43577
0.43583
0.42964
0.42968
0.43047
0.43522
0.44939
0.45381
0.45283
0.44640
0.45168
0.45116
0.45150
0.44454
0.43366
0.43653
0.40694
0.39822
0.40979
0.41417
0.43453
0.43431
0.43355
0.43549
0.44928
0.44807
0.47185
0.46114
0.46238
0.46366
0.46366
0.46372
0.48435
0.48436
0.48753
0.49254
0.49986
0.50095
0.50075
0.50467
0.50471
0.50944
0.50950
0.51644
0.51006
0.48722
0.48722
0.48687
0.48722
0.50214
0.50214
0.50169
0.50145
0.50830
0.50830
0.49848
0.49855
0.49290
0.48211
0.48218
0.48218
0.48213
0.49397
0.50016
0.48118
0.48584
0.48514
0.50696
0.50696
0.50696
0.51750
0.51619
0.51584
0.50955
0.50629
0.49254
0.48863
0.49145
0.48207
0.48205
0.53864
0.53988
0.53991
0.52717
0.52685
0.52484
0.52537
0.52794
0.52177
0.52569
0.54389
0.54434
0.54090
0.52116
0.51574
0.51775
0.50698
0.51685
0.53761
0.52447
0.52448
0.52968
0.52968
0.51801
0.52040
0.54078
0.55373
0.54552
0.54453
0.54965
0.54965
0.53324
0.52422
0.51428
0.51335
0.49183
0.49517
0.49783
0.47275
0.47275
0.46887
0.46526
0.47612
0.47574
0.47832
0.47758
0.48892
0.48895
0.47933
0.49676
0.50647
0.49677
0.49618
0.49617
0.49617
0.50502
0.50326
0.50502
0.50502
0.50502
0.50518
0.50502
0.51787
0.51787
0.52255
0.52300
0.51139
0.50967
0.51611
0.51689
0.51733
0.51861
0.50837
0.51009
0.49448
0.48971
0.48138
0.48657
0.48657
0.48665
0.48656
0.48790
0.48790
0.48388
0.48388
0.48388
0.48355
0.47126
0.47113
0.46246
0.46246
0.46012
0.44099
0.44038
0.44099
0.44099
0.45149
0.45149
0.46637
0.47778
0.47625
0.44419
0.44419
0.45807
0.45961
0.46146
0.46093
0.47235
0.47016
0.45764
0.45440
0.45069
0.45253
0.45253
0.44284
0.44913
0.45268
0.45418
0.45418
0.45304
0.47479
0.47479
0.48154
0.49086
0.47959
0.46593
0.45156
0.43799
0.43946
0.43946
0.43946
0.45300
0.46897
0.46897
0.47421
0.47423
0.46746
0.47625
0.47255
0.47994
0.46345
0.47407
0.49374
0.47312
0.49011
0.48019
0.49519
0.49164
0.50733
0.50562
0.50936
0.51044
0.49772
0.49772
0.51378
0.51340
0.51110
0.51340
0.51364
0.51306
0.51340
0.50675
0.49079
0.48972
0.49174
0.47982
0.46342
0.45538
0.45544
0.46427
0.46270
0.45120
0.45024
0.45465
0.45923
0.45923
0.46923
0.48757
0.48903
0.49325
0.46651
0.46673
0.46068
0.45398
0.45398
0.45086
0.45086
0.45085
0.42401
0.42210
0.41904
0.42024
0.41279
0.41303
0.41754
0.42138
0.42899
0.42977
0.42983
0.42925
0.41605
0.41814
0.40763
0.40770
0.40254
0.40605
0.39680
0.39156
0.39463
0.42703
0.41875
0.42513
0.40556
0.40073
0.39875
0.38967
0.39993
0.39993
0.39993
0.39993
0.41120
0.40070
0.41165
0.41165
0.41368
0.42708
0.43288
0.42746
0.42746
0.42741
0.41951
0.41733
0.41455
0.42040
0.42070
0.40465
0.38461
0.41115
0.41115
0.41115
0.39980
0.39791
0.40572
0.40572
0.40328
0.40555
0.42018
0.41229
0.40497
0.40497
0.40494
0.40497
0.40497
0.41306
0.41015
0.40792
0.40799
0.42089
0.42089
0.42089
0.40860
0.40810
0.40801
0.41714
0.43450
0.43446
0.43339
0.43486
0.43192
0.42122
0.42122
0.45036
0.44141
0.43870
0.43033
0.40760
0.40095
0.39852
0.42136
0.42607
0.43118
0.42044
0.42003
0.42054
0.40740
0.38621
0.38629
0.39236
0.39235
0.40049
0.40037
0.38934
0.38439
0.39423
0.39414
0.37783
0.38070
0.38978
0.39436
0.39247
0.37352
0.37876
0.37281
0.36413
0.36746
0.36413
0.36204
0.36971
0.38487
0.37223
0.37494
0.37282
0.36507
0.36527
0.34830
0.35059
0.35059
0.34778
0.34778
0.34778
0.35675
0.35250
0.33967
0.34239
0.34831
0.34831
0.34821
0.34833
0.34984
0.33837
0.35869
0.38009
0.37806
0.38846
0.38900
0.39651
0.39558
0.39931
0.42220
0.41853
0.43197
0.44189
0.43755
0.40589
0.38559
0.39175
0.39165
0.41364
0.41272
0.41272
0.41272
0.41712
0.41855
0.41899
0.40374
0.40815
0.41495
0.41479
0.42216
0.42216
0.41886
0.43323
0.44317
0.46954
0.47119
0.47057
0.47460
0.47461
0.47832
0.48047
0.48047
0.46395
0.46396
0.45966
0.46000
0.45991
0.46384
0.45758
0.45758
0.45758
0.45758
0.46414
0.45040
0.43912
0.45237
0.45650
0.45650
0.44731
0.44755
0.47103
0.45709
0.44373
0.44441
0.44725
0.44704
0.45270
0.44082
0.43944
0.42415
0.43033
0.40935
0.40935
0.41614
0.41614
0.43174
0.43498
0.43384
0.42746
0.42734
0.42751
0.43579
0.42767
0.42115
0.41851
0.41651
0.41687
0.39170
0.38466
0.37450
0.37461
0.37450
0.38807
0.38123
0.37528
0.37495
0.36870
0.36461
0.37447
0.37045
0.38100
0.38100
0.35687
0.35678
0.35342
0.35198
0.37384
0.37930
0.37986
0.36654
0.36654
0.36304
0.36397
0.37002
0.37002
0.37002
0.37186
0.37108
0.37120
0.34935
0.35223
0.35318
0.35272
0.35587
0.35645
0.35595
0.35595
0.35595
0.34608
0.32805
0.32858
0.31903
0.31903
0.31037
0.31205
0.31184
0.31205
0.29345
0.29263
0.27874
0.27875
0.28287
0.27556
0.27558
0.27529
0.27579
0.27558
0.27558
0.27405
0.27619
0.27070
0.23823
0.23823
0.20941
0.20941
0.19547
0.20534
0.19914
0.20921
0.21296
0.21296
0.18711
0.18569
0.17323
0.17323
0.18632
0.19227
0.21360
0.22868
0.22846
0.21499
0.21515
0.21501
0.21673
0.21752
0.22702
0.22702
0.22702
0.22316
0.22256
0.21923
0.20879
0.19856
0.19699
0.18393
0.18393
0.18393
0.18350
0.18393
0.18393
0.18663
0.18649
0.19682
0.18424
0.17028
0.16177
0.17533
0.17408
0.18374
0.19176
0.21116
0.21116
0.21497
0.21604
0.21604
0.19706
0.19859
0.20222
0.19766
0.19956
0.19766
0.20860
0.21145
0.21347
0.21741
0.21343
0.21455
0.21144
0.20516
0.20516
0.20465
0.20539
0.20431
0.19715
0.18561
0.19410
0.19485
0.19501
0.22147
0.22867
0.22591
0.20243
0.21316
0.21315
0.21375
0.21375
0.19560
0.19543
0.19562
0.19560
0.19560
0.17523
0.17523
0.16550
0.16967
0.17084
0.17083
0.17076
0.17076
0.22300
0.21410
0.21467
0.21467
0.21300
0.21516
0.21480
0.21484
0.21480
0.21480
0.21420
0.22720
0.22720
0.24457
0.23822
0.24794
0.26468
0.26468
0.26107
0.25057
0.23765
0.23770
0.23765
0.23772
0.26738
0.25795
0.25887
0.25119
0.26343
0.28273
0.28313
0.28273
0.28273
0.27528
0.27528
0.29612
0.29609
0.29816
0.29809
0.31945
0.31946
0.29726
0.28899
0.29032
0.27383
0.27336
0.26401
0.26961
0.26961
0.24499
0.22319
0.22319
0.24954
0.24954
0.24954
0.25294
0.25294
0.24669
0.25252
0.26657
0.25339
0.27526
0.27570
0.27555
0.27565
0.27570
0.26280
0.26236
0.26236
0.26046
0.27010
0.26726
0.27204
0.26779
0.24824
0.23497
0.23608
0.23501
0.23289
0.22464
0.22353
0.21802
0.25089
0.27417
0.27469
0.26946
0.27717
0.27481
0.26938
0.27930
0.27930
0.26007
0.26063
0.26063
0.26576
0.26721
0.25667
0.29925
0.29927
0.29654
0.32095
0.30226
0.30226
0.31085
0.30877
0.26970
0.26970
0.26349
0.25104
0.25764
0.26234
0.25762
0.25777
0.25602
0.25602
0.23437
0.23560
0.23633
0.23642
0.23642
0.23250
0.24710
0.24248
0.21965
0.21770
0.21331
0.20051
0.18777
0.18819
0.18765
0.17546
0.17441
0.17441
0.17441
0.17219
0.17119
0.17119
0.17110
0.17119
0.19924
0.19915
0.19408
0.19924
0.18330
0.17906
0.17010
0.16674
0.17030
0.17262
0.18200
0.18980
0.15539
0.17567
0.17567
0.16741
0.16741
0.16737
0.17391
0.16634
0.16080
0.15305
0.15305
0.15305
0.14843
0.13791
0.13811
0.13791
0.15035
0.15027
0.15035
0.15111
0.15048
0.16017
0.16031
0.16463
0.17191
0.16734
0.14405
0.14462
0.14428
0.14462
0.13834
0.16155
0.16155
0.18941
0.18139
0.17793
0.17793
0.17311
0.17918
0.18021
0.18021
0.18021
0.19361
0.19219
0.20429
0.19526
0.18192
0.16480
0.17188
0.17996
0.17996
0.19147
0.20913
0.21139
0.23017
0.22090
0.22116
0.21916
0.21397
0.19708
0.20364
0.20364
0.21610
0.21056
0.21669
0.24330
0.25145
0.25207
0.25263
0.25835
0.24004
0.21686
0.22903
0.22901
0.22903
0.22901
0.22741
0.22802
0.24105
0.22981
0.24092
0.23474
0.24528
0.24551
0.22927
0.22277
0.21206
0.21468
0.21626
0.22079
0.22079
0.22079
0.22229
0.21985
0.22542
0.21432
0.21290
0.20237
0.20237
0.20258
0.21643
0.21368
0.19727
0.20801
0.20801
0.20801
0.19790
0.20296
0.20296
0.18326
0.18326
0.17953
0.18699
0.18612
0.18256
0.17912
0.15956
0.16486
0.17334
0.18049
0.17441
0.17338
0.14979
0.15722
0.15302
0.16780
0.18063
0.17225
0.19031
0.18999
0.19140
0.17935
0.18346
0.16970
0.15108
0.15108
0.16229
0.17093
0.16096
0.16221
0.15760
0.15760
0.16501
0.15760
0.15762
0.15757
0.15715
0.15390
0.14498
0.14498
0.14643
0.14498
0.12658
0.12658
0.12658
0.12392
0.10762
0.10735
0.11547
0.11547
0.10419
0.10725
0.09895
0.10131
0.10643
0.10909
0.10909
0.10800
0.09998
0.10202
0.10202
0.11257
0.12117
0.11626
0.12538
0.12481
0.12481
0.12481
0.11417
0.11196
0.11196
0.11041
0.11446
0.11682
0.11682
0.12459
0.12473
0.10176
0.10226
0.09204
0.08893
0.11208
0.08736
0.08415
0.06954
0.06954
0.07321
0.05946
0.05167
0.05171
0.06618
0.04428
0.04435
0.04428
0.04428
0.03486
0.03323
0.05048
0.04495
0.05722
0.05516
0.06837
0.07274
0.07720
0.08381
0.08197
0.09989
0.07450
0.07078
0.08217
0.10623
0.10623
0.10648
0.09094
0.09094
0.09328
0.09690
0.10863
0.11613
0.10208
0.09486
0.07462
0.07347
0.08236
0.08236
0.07626
0.06223
0.06274
0.03417
0.01793
0.01888
0.02310
0.03055
0.03055
0.02835
0.02690
0.00000
0.00000
0.02004
0.02004
0.01463
0.01619
0.00772
0.01246
0.01246
0.01565
0.01719
0.03287
0.03274
0.03057
0.02958
0.02958
0.03008
0.03008
0.02324
0.03791
0.03799
0.03791
0.04604
0.06138
0.05322
0.04988
0.04557
0.04584
0.04939
0.04937
0.04945
0.05111
0.04008
0.04431
0.04431
0.03445
0.03445
0.03449
0.03449
0.01431
0.01059
0.01059
0.01059
0.02905
0.04085
0.04085
0.04263
0.04658
0.04762
0.04841
0.05921
0.07867
0.09609
0.11322
0.11322
0.11322
0.12812
0.12890
0.12501
0.11691
0.12983
0.12472
0.12660
0.13119
0.12663
0.13175
0.12615
0.12198
0.12253
0.12253
0.12253
0.11908
0.13693
0.12607
0.12607
0.12269
0.12192
0.11125
0.11326
0.15161
0.13808
0.14525
0.14570
0.17461
0.17378
0.17420
0.16012
0.16012
0.17655
0.17450
0.17450
0.17821
0.18094
0.18599
0.16964
0.16997
0.17001
0.15178
0.15178
0.14282
0.14079
0.13874
0.13241
0.11871
0.11445
0.11487
0.10461
0.10144
0.11348
0.11348
0.11966
0.11962
0.13762
0.12321
0.13086
0.13435
0.13435
0.14231
0.14227
0.14890
0.14854
0.13865
0.14893
0.14957
0.14892
0.17106
0.17473
0.17473
0.15978
0.13342
0.13112
0.13615
0.13109
0.15999
0.15183
0.15333
0.15409
0.15634
0.15624
0.15634
0.14910
0.14910
0.14138
0.14138
0.13905
0.12835
0.11920
0.13227
0.15008
0.15002
0.15002
0.15234
0.17273
0.18149
0.18197
0.17141
0.17143
0.17143
0.17143
0.17141
0.17548
0.19646
0.19478
0.20879
0.18959
0.19965
0.20824
0.20824
0.20066
0.20545
0.19221
0.19221
0.19200
0.19200
0.19200
0.24457
0.24442
0.23017
0.22148
0.21840
0.21840
0.21804
0.19563
0.18489
0.18614
0.18876
0.19608
0.19511
0.19511
0.21464
0.20238
0.20238
0.21332
0.21347
0.19555
0.19568
0.20101
0.20115
0.20115
0.20115
0.17575
0.17379
0.17707
0.17716
0.17214
0.17294
0.17238
0.18927
0.19828
0.18281
0.18281
0.18253
0.18281
0.17333
0.17360
0.17387
0.17387
0.17397
0.17387
0.15417
0.15995
0.16030
0.15662
0.15585
0.17051
0.18499
0.19508
0.20528
0.19939
0.21312
0.21379
0.21666
0.21919
0.21811
0.21954
0.21841
0.20447
0.20305
0.20293
0.21309
0.22796
0.23154
0.23154
0.23154
0.23150
0.24830
0.24652
0.23277
0.21912
0.20144
0.20111
0.24142
0.25115
0.24412
0.25111
0.25111
0.24000
0.23998
0.23384
0.19689
0.19689
0.18805
0.20070
0.20061
0.19817
0.19817
0.19817
0.19817
0.20259
0.20517
0.20545
0.20517
0.20517
0.20517
0.18770
0.18894
0.19549
0.19114
0.19114
0.19114
0.18691
0.18679
0.19506
0.20732
0.18328
0.18977
0.19050
0.19836
0.19858
0.22370
0.22370
0.22370
0.24851
0.24798
0.26128
0.25510
0.25510
0.25510
0.24839
0.24822
0.23421
0.23421
0.23107
0.23751
0.24765
0.24742
0.24742
0.24742
0.24463
0.22128
0.19779
0.19824
0.18368
0.19553
0.20594
0.21174
0.21159
0.21159
0.20075
0.21085
0.20371
0.19573
0.19519
0.19635
0.21109
0.20127
0.18181
0.19739
0.19393
0.20959
0.21070
0.21072
0.22440
0.22440
0.21227
0.22361
0.23558
0.23558
0.23469
0.25018
0.25342
0.25018
0.24983
0.22985
0.23350
0.23184
0.21988
0.21589
0.21144
0.21144
0.21144
0.19642
0.19732
0.19723
0.20196
0.22565
0.23079
0.24469
0.24928
0.21874
0.23591
0.23591
0.23591
0.23480
0.23480
0.22185
0.21285
0.21312
0.21311
0.20831
0.20806
0.21322
0.21817
0.21539
0.20035
0.18945
0.19419
0.19897
0.19913
0.19751
0.19931
0.21298
0.20396
0.20396
0.20396
0.19704
0.19709
0.18867
0.18795
0.19700
0.19700
0.20755
0.19910
0.21165
0.21797
0.19491
0.19200
0.18721
0.18749
0.18959
0.17243
0.17246
0.17909
0.18068
0.18063
0.18068
0.17641
0.16241
0.16627
0.17707
0.18004
0.16248
0.16516
0.17571
0.19173
0.19208
0.19161
0.16043
0.15993
0.15923
0.16678
0.16584
0.16485
0.18615
0.18651
0.19049
0.19049
0.19392
0.20106
0.18609
0.16940
0.15689
0.15137
0.15758
0.15671
0.15689
0.15689
0.15122
0.14435
0.14434
0.14221
0.15070
0.16436
0.16436
0.13162
0.14159
0.14159
0.14159
0.14909
0.14909
0.14909
0.14755
0.15246
0.15657
0.14873
0.14700
0.14801
0.15197
0.14101
0.14101
0.14102
0.12914
0.13477
0.12442
0.12015
0.12015
0.10851
0.09530
0.10331
0.10727
0.10727
0.09424
0.09620
0.10327
0.10014
0.10190
0.10726
0.11512
0.11542
0.11542
0.11618
0.11618
0.11618
0.11572
0.11572
0.11294
0.11587
0.11790
0.12014
0.12020
0.12074
0.13217
0.13413
0.15158
0.15158
0.15150
0.18692
0.17128
0.16302
0.16211
0.16883
0.14768
0.15416
0.15973
0.14635
0.14602
0.13922
0.13919
0.15525
0.15574
0.15574
0.13792
0.14319
0.14319
0.14318
0.14346
0.14879
0.15847
0.15847
0.16763
0.16597
0.16542
0.16553
0.17608
0.15847
0.14418
0.14412
0.14452
0.14928
0.15967
0.16387
0.14380
0.17425
0.17425
0.18398
0.16086
0.15801
0.16128
0.17850
0.19074
0.18483
0.18364
0.20043
0.18302
0.18427
0.16555
0.16955
0.18062
0.18062
0.18874
0.19438
0.19445
0.19445
0.18023
0.13459
0.11597
0.11935
0.10906
0.09219
0.09219
0.10848
0.12164
0.13426
0.12239
0.12239
0.13206
0.10533
0.09849
0.09894
0.09575
0.09585
0.09575
0.10857
0.11464
0.11514
0.11514
0.11514
0.11514
0.11514
0.12206
0.12270
0.12035
0.09579
0.08835
0.08748
0.08842
0.09378
0.08246
0.06847
0.06690
0.07678
0.08915
0.09022
0.09042
0.08099
0.06743
0.05908
0.05852
0.06456
0.06456
0.05406
0.05300
0.04216
0.04118
0.00011
0.00000
0.00000
0.00546
0.00522
0.00529
0.00000
0.00000
0.01291
0.01508
0.01499
0.00292
0.00292
0.00000
0.01121
0.01253
0.01253
0.00092
0.01726
0.01855
0.02708
0.04744
0.05298
0.04025
0.01604
0.01915
0.01715
0.01748
0.01489
0.01469
0.00816
0.00815
0.00000
0.00000
0.00000
0.00003
0.00881
0.00878
0.00881
0.02588
0.00341
0.03651
0.05606
0.05209
0.05610
0.04826
0.02593
0.00907
0.01627
0.02472
0.02529
0.02481
0.02499
0.02578
0.03930
0.02452
0.02447
0.02169
0.02787
0.02049
0.01957
0.03358
0.03361
0.01803
0.01739
0.03429
0.02099
0.02099
0.02099
0.02014
0.03036
0.01834
0.01836
0.01836
0.01043
0.02831
0.04222
0.04080
0.04080
0.03144
0.02439
0.02201
0.02394
0.02788
0.02738
0.04602
0.04919
0.04602
0.04540
0.04540
0.04540
0.04540
0.04705
0.03037
0.03255
0.05363
0.06208
0.06208
0.06208
0.07475
0.06577
0.05794
0.04946
0.05594
0.06482
0.06482
0.06862
0.07050
0.07245
0.10272
0.10321
0.10321
0.08254
0.08254
0.08254
0.08254
0.08234
0.08869
0.08971
0.08968
0.10196
0.10196
0.09643
0.08818
0.07360
0.07360
0.10345
0.11506
0.11399
0.11535
0.11530
0.11532
0.10553
0.10874
0.10941
0.12741
0.13978
0.13978
0.13026
0.13026
0.13026
0.12663
0.13453
0.13326
0.14168
0.14322
0.14326
0.14601
0.14601
0.14601
0.14601
0.14292
0.14046
0.14188
0.14699
0.14699
0.14699
0.13927
0.14566
0.12578
0.12578
0.12794
0.13985
0.13750
0.14457
0.13192
0.14409
0.13576
0.12889
0.12889
0.12889
0.12168
0.13515
0.10723
0.11069
0.11368
0.10296
0.10296
0.09890
0.06897
0.08360
0.08367
0.08367
0.08367
0.08350
0.06701
0.07386
0.06081
0.05183
0.05183
0.05515
0.05515
0.07112
0.07185
0.07185
0.07185
0.07185
0.07185
0.07185
0.06657
0.06668
0.06668
0.06668
0.05981
0.07849
0.07828
0.08690
0.08616
0.08602
0.07898
0.07898
0.07777
0.07566
0.07566
0.08439
0.07695
0.05959
0.05959
0.06377
0.05959
0.06342
0.07354
0.05988
0.05991
0.06774
0.06774
0.07455
0.08520
0.08705
0.08055
0.07750
0.08873
0.07822
0.06982
0.07348
0.07348
0.07064
0.09310
0.07303
0.05948
0.05193
0.04917
0.03234
0.03234
0.02793
0.00997
0.01060
0.00438
0.01202
0.00840
0.00840
0.00769
0.00000
0.00000
0.00808
0.01648
0.02297
0.02293
0.04735
0.04713
0.04736
0.04196
0.04196
0.02683
0.02927
0.03534
0.02980
0.02096
0.02711
0.03382
0.03409
0.03394
0.03394
0.03328
0.03394
0.01935
0.01922
0.01711
0.01182
0.01129
0.00820
0.02278
0.01024
0.01034
0.01034
0.01791
0.00424
0.00496
0.00484
0.00781
0.00000
0.00922
0.01464
0.01464
0.02172
0.02449
0.03517
0.03423
0.02959
0.02959
0.03237
0.03103
0.02961
0.02961
0.02961
0.02130
0.03267
0.03149
0.03267
0.02090
0.02090
0.02090
0.02090
0.02046
0.02094
0.02290
0.04183
0.01831
0.00393
0.01178
0.03469
0.04501
0.04898
0.04643
0.04875
0.03782
0.03782
0.03782
0.03782
0.03362
0.03888
0.02794
0.02623
0.00517
0.00517
0.00420
0.00334
0.00000
0.00539
0.00639
0.00562
0.01663
0.01589
0.01864
0.01859
0.01397
0.02246
0.02150
0.02245
0.03639
0.04313
0.04328
0.04328
0.04508
0.04326
0.04872
0.05817
0.05808
0.05827
0.06229
0.05610
0.05817
0.05788
0.05755
0.05755
0.05945
0.05264
0.05264
0.06176
0.05517
0.02929
0.04735
0.04735
0.05277
0.05277
0.06866
0.07091
0.08083
0.09758
0.12247
0.09783
0.10453
0.10806
0.10401
0.11706
0.12832
0.12224
0.12224
0.11751
0.12244
0.12237
0.11849
0.10462
0.10958
0.11205
0.11458
0.11458
0.11431
0.13198
0.09825
0.09872
0.08552
0.08189
0.10405
0.10075
0.09450
0.09381
0.09823
0.09823
0.10516
0.10610
0.11337
0.11773
0.14573
0.15099
0.13124
0.13124
0.12972
0.12463
0.11797
0.11769
0.11880
0.11765
0.12837
0.11986
0.08177
0.07679
0.07731
0.06577
0.05817
0.07141
0.07141
0.05878
0.04981
0.03636
0.03591
0.04097
0.01980
0.02135
0.02135
0.01858
0.01870
0.03164
0.03726
0.04747
0.04705
0.04747
0.03912
0.04683
0.03750
0.03750
0.03752
0.05501
0.05975
0.07499
0.07806
0.07208
0.07203
0.05677
0.05668
0.04989
0.04989
0.04989
0.05455
0.05354
0.05455
0.06900
0.08372
0.07900
0.07900
0.07444
0.07444
0.07807
0.06517
0.06660
0.06901
0.07914
0.07036
0.06041
0.04590
0.04590
0.04590
0.04691
0.04691
0.04691
0.03396
0.03128
0.03984
0.02486
0.03911
0.04032
0.04685
0.05701
0.07321
0.07719
0.08317
0.08327
0.07618
0.07187
0.07232
0.06944
0.07380
0.07099
0.07105
0.06928
0.07861
0.09146
0.09151
0.08649
0.07738
0.07754
0.07948
0.05277
0.05806
0.05678
0.05520
0.07098
0.07163
0.07190
0.07874
0.06209
0.06209
0.05875
0.06153
0.03058
0.03062
0.03062
0.04340
0.06666
0.05865
0.07779
0.09404
0.08179
0.06659
0.06606
0.06704
0.05435
0.05435
0.06098
0.06117
0.06833
0.06861
0.06368
0.08076
0.09359
0.10794
0.12049
0.13224
0.13544
0.13507
0.12473
0.12413
0.12914
0.13013
0.13013
0.13013
0.14018
0.14555
0.14641
0.14637
0.14641
0.17487
0.18683
0.19057
0.19100
0.19705
0.20681
0.19308
0.20319
0.20303
0.20303
0.20303
0.20425
0.20427
0.17594
0.15214
0.15312
0.15323
0.15319
0.15447
0.14683
0.13745
0.13965
0.13632
0.14406
0.14285
0.15910
0.15902
0.16030
0.15920
0.14773
0.14655
0.14773
0.14781
0.15306
0.14816
0.14816
0.15385
0.14561
0.14666
0.15075
0.14932
0.14932
0.14957
0.14052
0.13946
0.14024
0.13910
0.13925
0.13910
0.13346
0.12792
0.12384
0.12384
0.10910
0.10780
0.11087
0.12329
0.12525
0.11473
0.12056
0.10966
0.10320
0.09592
0.09611
0.09477
0.08469
0.08470
0.08470
0.08470
0.08387
0.10214
0.09699
0.08445
0.08439
0.07414
0.07425
0.07433
0.05865
0.06520
0.09218
0.10015
0.10048
0.11390
0.11731
0.11766
0.12167
0.11843
0.11826
0.11429
0.11970
0.11980
0.11338
0.11556
0.12260
0.12376
0.11964
0.11023
0.10576
0.11551
0.11551
0.11554
0.11549
0.11551
0.11551
0.11970
0.11970
0.11970
0.12742
0.11249
0.10141
0.08447
0.11309
0.11309
0.11197
0.11192
0.10689
0.11308
0.10717
0.10068
0.10068
0.09334
0.09952
0.12825
0.13558
0.13295
0.13295
0.12425
0.12339
0.12147
0.12177
0.12147
0.12147
0.11859
0.11859
0.11859
0.12379
0.13568
0.12109
0.13659
0.13060
0.13878
0.13861
0.15170
0.16463
0.16407
0.16669
0.16683
0.17774
0.18308
0.17805
0.18218
0.18308
0.15891
0.15869
0.15867
0.15869
0.15869
0.15186
0.16479
0.14947
0.16084
0.16080
0.16321
0.16321
0.16321
0.17780
0.17754
0.18083
0.17269
0.17034
0.18170
0.17426
0.18699
0.18375
0.16923
0.16265
0.16270
0.14882
0.13408
0.14009
0.14979
0.14979
0.16420
0.15936
0.18681
0.17006
0.16136
0.15938
0.15937
0.15908
0.16014
0.15744
0.15325
0.13241
0.11567
0.11632
0.11931
0.13421
0.13195
0.07985
0.08682
0.07575
0.07158
0.07180
0.05866
0.05858
0.02867
0.02879
0.01010
0.00731
0.01219
0.00004
0.00153
0.00446
0.01526
0.03493
0.03830
0.04802
0.04731
0.06752
0.06752
0.08835
0.10332
0.11240
0.11355
0.12583
0.11414
0.10065
0.09459
0.11670
0.10844
0.10477
0.11520
0.11808
0.14023
0.15053
0.15035
0.15075
0.15211
0.14714
0.16262
0.16263
0.16381
0.16261
0.16275
0.15153
0.14437
0.17160
0.18767
0.18881
0.15974
0.15975
0.17537
0.20124
0.20063
0.20834
0.21263
0.22806
0.22638
0.22581
0.22288
0.22528
0.22528
0.22128
0.23839
0.22454
0.22577
0.22089
0.21678
0.23063
0.23269
0.22343
0.22343
0.22336
0.23266
0.22524
0.20911
0.20768
0.19464
0.18729
0.20441
0.20441
0.20441
0.20441
0.20596
0.18989
0.19036
0.18410
0.19523
0.19812
0.19812
0.15118
0.15168
0.15150
0.14756
0.12449
0.11054
0.11044
0.11049
0.11049
0.11049
0.11644
0.14112
0.13851
0.14148
0.12812
0.12253
0.13278
0.13278
0.14269
0.14408
0.15988
0.17359
0.17975
0.17983
0.17687
0.18180
0.18180
0.17471
0.17434
0.16758
0.15547
0.14884
0.14884
0.14144
0.14223
0.14245
0.13893
0.12516
0.12346
0.13893
0.13893
0.15083
0.14217
0.13857
0.16605
0.14175
0.14413
0.14667
0.13642
0.13797
0.13797
0.13778
0.15605
0.18235
0.18518
0.17231
0.15094
0.15046
0.15094
0.18969
0.17321
0.16000
0.17293
0.17930
0.16076
0.17076
0.17404
0.17384
0.17784
0.18110
0.17962
0.18604
0.17928
0.17809
0.17089
0.17419
0.17437
0.17304
0.17304
0.21432
0.21432
0.20356
0.20503
0.20535
0.20356
0.19708
0.19792
0.19803
0.19792
0.20189
0.19534
0.19442
0.20000
0.20001
0.20001
0.19979
0.20001
0.20056
0.19489
0.19324
0.18268
0.19054
0.19054
0.18412
0.18497
0.18499
0.18808
0.18817
0.18753
0.18602
0.18631
0.19278
0.19447
0.19447
0.19490
0.18757
0.17943
0.17835
0.16508
0.18927
0.18927
0.18266
0.17856
0.17342
0.16176
0.16087
0.15963
0.15947
0.15872
0.15947
0.15947
0.14074
0.14059
0.12880
0.12880
0.12954
0.13456
0.13456
0.13059
0.13062
0.13062
0.15111
0.15109
0.14843
0.14030
0.14036
0.16370
0.15071
0.15868
0.15911
0.15097
0.13682
0.13727
0.12740
0.12017
0.13231
0.13231
0.14279
0.14309
0.14279
0.12355
0.12352
0.12522
0.12070
0.12431
0.13719
0.13372
0.13372
0.11901
0.13314
0.13586
0.14493
0.14491
0.17209
0.17231
0.16632
0.17983
0.19280
0.19280
0.18365
0.18365
0.18365
0.19091
0.19341
0.19866
0.19513
0.19495
0.19489
0.19091
0.19088
0.20304
0.20309
0.18626
0.18585
0.17048
0.17452
0.19172
0.19639
0.19356
0.19426
0.19426
0.19426
0.19904
0.19093
0.19082
0.19082
0.19082
0.18346
0.18346
0.18209
0.18209
0.18264
0.19173
0.19120
0.19173
0.18670
0.18111
0.18955
0.19954
0.22897
0.22889
0.26612
0.26623
0.25668
0.24712
0.24714
0.24714
0.25506
0.25506
0.25506
0.27019
0.26510
0.26423
0.26205
0.26507
0.28255
0.28255
0.27852
0.27847
0.27545
0.26500
0.25679
0.25672
0.25680
0.25679
0.24800
0.26287
0.26284
0.28076
0.26229
0.25616
0.23168
0.24108
0.24166
0.25283
0.24609
0.23321
0.22782
0.23603
0.20989
0.20611
0.20611
0.20294
0.20295
0.18919
0.18919
0.18919
0.19477
0.18116
0.18128
0.18128
0.18123
0.16764
0.17471
0.18012
0.19022
0.18547
0.18146
0.18497
0.18758
0.20117
0.21783
0.21827
0.22036
0.22270
0.22273
0.22270
0.21603
0.21377
0.21403
0.19677
0.19505
0.20787
0.21083
0.21370
0.20147
0.19201
0.21099
0.21138
0.21138
0.22092
0.21005
0.20779
0.18023
0.18125
0.16365
0.16365
0.16365
0.16803
0.14198
0.14205
0.15788
0.15799
0.15799
0.12307
0.13213
0.13257
0.13957
0.12547
0.12548
0.12662
0.12482
0.11460
0.11211
0.12586
0.12777
0.12775
0.12781
0.14130
0.13957
0.13928
0.15460
0.15481
0.17690
0.17149
0.18105
0.18244
0.18495
0.18560
0.15448
0.16128
0.15566
0.15091
0.15393
0.11875
0.10944
0.10827
0.09574
0.09574
0.11415
0.11493
0.12163
0.11625
0.12470
0.13226
0.11351
0.10868
0.10486
0.09032
0.10239
0.09040
0.09035
0.10764
0.09076
0.09025
0.08626
0.07825
0.08601
0.08601
0.10478
0.10485
0.09620
0.09620
0.09620
0.09239
0.08957
0.09560
0.11607
0.08486
0.08703
0.08845
0.08701
0.08199
0.08591
0.08947
0.06537
0.07810
0.09229
0.09227
0.09229
0.14183
0.13048
0.14338
0.11956
0.11629
0.11629
0.12719
0.12734
0.12319
0.12319
0.12326
0.12323
0.11831
0.11192
0.12002
0.12693
0.15123
0.14313
0.14291
0.14759
0.14841
0.14796
0.14800
0.15481
0.15770
0.17602
0.17490
0.16488
0.16627
0.16581
0.18070
0.17805
0.16016
0.16024
0.16614
0.19410
0.18421
0.18421
0.18785
0.18724
0.16644
0.16282
0.17762
0.17762
0.16992
0.17259
0.17129
0.17710
0.18449
0.18441
0.18624
0.18684
0.19278
0.19278
0.19034
0.19772
0.19772
0.20663
0.20663
0.19193
0.20718
0.20718
0.19865
0.19868
0.19162
0.20279
0.20550
0.20285
0.20279
0.19587
0.18777
0.17589
0.17475
0.17495
0.16461
0.15727
0.14139
0.12353
0.10498
0.10625
0.09764
0.11481
0.11566
0.10604
0.11773
0.12120
0.12172
0.12193
0.12608
0.13410
0.14225
0.14377
0.14225
0.14465
0.15071
0.14447
0.14183
0.13537
0.15405
0.14855
0.14848
0.16217
0.16022
0.17114
0.15959
0.15245
0.15587
0.15587
0.15587
0.15587
0.15593
0.15585
0.15587
0.15808
0.15808
0.14784
0.14945
0.14784
0.15284
0.14494
0.11628
0.10425
0.10425
0.10425
0.10425
0.10568
0.10425
0.08691
0.08673
0.08691
0.08656
0.08691
0.09327
0.09533
0.08597
0.08645
0.07953
0.06020
0.06102
0.06592
0.06312
0.06355
0.06331
0.05755
0.05755
0.06133
0.05647
0.04896
0.04723
0.03438
0.01146
0.01663
0.01603
0.03129
0.05067
0.05530
0.05421
0.04706
0.04706
0.05351
0.05686
0.05588
0.03756
0.02047
0.01956
0.02422
0.02224
0.00682
0.00700
0.00700
0.00905
0.00905
0.00031
0.00000
0.00000
0.00000
0.02359
0.02323
0.02323
0.02357
0.00000
0.02273
0.02428
0.02444
0.03358
0.01336
0.01062
0.01062
0.01062
0.04001
0.03629
0.03629
0.01079
0.00661
0.00859
0.00000
0.00000
0.01062
0.01340
0.00203
0.00699
0.01061
0.02541
0.02542
0.02366
0.02776
0.02695
0.02262
0.03867
0.04003
0.03835
0.04533
0.07444
0.08961
0.07170
0.07274
0.07210
0.08102
0.08102
0.08858
0.08771
0.08771
0.08789
0.08607
0.10103
0.10032
0.10101
0.10743
0.10752
0.10255
0.10255
0.10255
0.10255
0.10255
0.10255
0.08809
0.08551
0.08807
0.09495
0.09495
0.10299
0.09545
0.09545
0.09545
0.09772
0.07909
0.07048
0.07110
0.10515
0.10515
0.11257
0.10007
0.10008
0.10071
0.12284
0.12783
0.12285
0.12127
0.12673
0.12673
0.12710
0.12671
0.13271
0.13041
0.13051
0.16172
0.15706
0.15214
0.13796
0.14246
0.14569
0.14474
0.14521
0.14126
0.13866
0.11454
0.11986
0.10730
0.10730
0.10620
0.10620
0.09420
0.10144
0.10539
0.11312
0.11290
0.11091
0.11765
0.11440
0.11440
0.12507
0.12446
0.12194
0.10617
0.10021
0.10535
0.10849
0.10849
0.10853
0.09995
0.09369
0.09345
0.09345
0.09219
0.08346
0.08652
0.10654
0.09995
0.09995
0.09104
0.09106
0.08747
0.08907
0.10264
0.10264
0.12813
0.13001
0.14941
0.14727
0.14438
0.12942
0.12872
0.12658
0.12720
0.12701
0.12873
0.12658
0.12658
0.11895
0.11666
0.11666
0.10496
0.10496
0.12504
0.12549
0.12527
0.13758
0.13746
0.13756
0.13756
0.13738
0.10970
0.12557
0.12892
0.12140
0.13515
0.14714
0.15214
0.15492
0.14257
0.14082
0.14868
0.14868
0.14868
0.15152
0.14377
0.14622
0.14622
0.14622
0.14622
0.14622
0.13075
0.13075
0.13075
0.12798
0.13343
0.13366
0.14378
0.14454
0.14247
0.14247
0.14247
0.14836
0.15237
0.15237
0.16034
0.16056
0.16056
0.15962
0.15962
0.16113
0.13956
0.15587
0.17228
0.16895
0.16869
0.16863
0.16702
0.16833
0.17440
0.16421
0.14441
0.15143
0.15143
0.13586
0.12238
0.11981
0.10947
0.11166
0.11381
0.11378
0.11381
0.10292
0.10485
0.10904
0.10064
0.10088
0.09538
0.07526
0.08072
0.08473
0.08789
0.09042
0.09067
0.09270
0.09273
0.09306
0.08876
0.09263
0.08724
0.08111
0.08195
0.08936
0.07902
0.07758
0.07758
0.04734
0.07272
0.07910
0.09390
0.09828
0.11226
0.11697
0.11328
0.11192
0.12839
0.12839
0.10131
0.10158
0.10848
0.10164
0.10171
0.11028
0.09179
0.09153
0.11170
0.11170
0.10887
0.10695
0.11127
0.10375
0.10375
0.11657
0.09867
0.10078
0.11763
0.11327
0.11301
0.11301
0.11301
0.11301
0.13173
0.12770
0.12770
0.12770
0.12742
0.12690
0.12457
0.13124
0.13124
0.13732
0.13770
0.13770
0.15275
0.15168
0.17051
0.17051
0.17051
0.15319
0.14810
0.15393
0.14442
0.17453
0.17839
0.19018
0.21226
0.21223
0.21223
0.21223
0.22209
0.21743
0.19721
0.20169
0.20263
0.20916
0.20952
0.20356
0.21797
0.22236
0.22236
0.22236
0.20582
0.20582
0.20482
0.21222
0.21863
0.22562
0.23857
0.23532
0.23382
0.21671
0.22663
0.22663
0.21450
0.21413
0.22205
0.22818
0.24035
0.24137
0.25597
0.25606
0.25784
0.25769
0.25694
0.25581
0.25387
0.26115
0.26189
0.27965
0.27973
0.27962
0.27946
0.28238
0.27520
0.28734
0.28734
0.28340
0.27843
0.29088
0.29951
0.29363
0.28693
0.29824
0.30985
0.30985
0.31556
0.30857
0.30937
0.31720
0.30888
0.30685
0.30378
0.32519
0.32519
0.31856
0.30172
0.30160
0.30569
0.30178
0.30178
0.30178
0.30246
0.30220
0.30606
0.30607
0.29209
0.29488
0.30099
0.29201
0.27142
0.27314
0.28305
0.28309
0.28020
0.31472
0.30771
0.31186
0.31159
0.30847
0.30177
0.30188
0.30418
0.28256
0.27826
0.29330
0.29327
0.29189
0.29327
0.28838
0.28012
0.29648
0.31904
0.31097
0.31126
0.30528
0.30513
0.31029
0.31029
0.31406
0.30239
0.30250
0.30250
0.30257
0.30936
0.31226
0.32344
0.32327
0.32328
0.30325
0.31802
0.33415
0.33495
0.33187
0.33187
0.33187
0.33536
0.33536
0.32804
0.32804
0.34256
0.32551
0.32551
0.32410
0.32551
0.34230
0.33319
0.33303
0.33421
0.30444
0.29899
0.28952
0.29775
0.29702
0.29327
0.28927
0.28438
0.28438
0.27494
0.29443
0.30703
0.31851
0.32178
0.32731
0.33708
0.33708
0.34623
0.35309
0.34845
0.36153
0.37979
0.39120
0.40370
0.39711
0.39711
0.39711
0.39709
0.38068
0.39110
0.38612
0.37258
0.38897
0.40447
0.40426
0.39016
0.41302
0.41061
0.41083
0.41083
0.38680
0.39134
0.39125
0.39125
0.39127
0.39123
0.39390
0.40885
0.40037
0.41610
0.41231
0.42496
0.42496
0.41495
0.40991
0.38695
0.39297
0.38455
0.35998
0.35046
0.35069
0.35069
0.35069
0.36130
0.35116
0.35116
0.33442
0.32923
0.32947
0.33558
0.33432
0.33602
0.32572
0.30642
0.30489
0.30490
0.31337
0.30287
0.31593
0.31591
0.33821
0.34187
0.33989
0.34009
0.34009
0.32286
0.32099
0.32099
0.32571
0.30330
0.32089
0.32395
0.30366
0.30366
0.31238
0.30787
0.30634
0.29477
0.29815
0.29820
0.28974
0.30124
0.30124
0.30185
0.30054
0.30193
0.30193
0.30193
0.30193
0.31054
0.30584
0.30260
0.29523
0.29497
0.31081
0.30378
0.30263
0.30541
0.30573
0.30573
0.31312
0.31315
0.30838
0.32177
0.32215
0.31170
0.30624
0.30624
0.30624
0.30177
0.30145
0.30197
0.30479
0.30378
0.32426
0.32174
0.32179
0.31192
0.31886
0.31974
0.31981
0.31978
0.32255
0.31187
0.31181
0.31567
0.31567
0.32235
0.32235
0.32743
0.32830
0.31716
0.32084
0.33759
0.33428
0.33465
0.34996
0.37724
0.37724
0.37722
0.39436
0.40039
0.40029
0.40029
0.40029
0.40028
0.41098
0.41145
0.42341
0.40563
0.40538
0.40486
0.42240
0.42240
0.42018
0.44148
0.45901
0.43428
0.43456
0.44524
0.44621
0.45139
0.45107
0.45585
0.46314
0.45674
0.45162
0.42317
0.40612
0.40612
0.40745
0.39048
0.38955
0.38000
0.38139
0.37331
0.37821
0.35299
0.35298
0.35301
0.38455
0.38455
0.38455
0.38455
0.38522
0.39631
0.39027
0.40530
0.40233
0.36808
0.36830
0.37390
0.37201
0.36865
0.36865
0.36865
0.33535
0.34565
0.36487
0.36140
0.35341
0.35341
0.35319
0.35887
0.36842
0.36940
0.35133
0.36390
0.36223
0.36231
0.35022
0.34818
0.34997
0.33365
0.33323
0.31379
0.32175
0.32481
0.32481
0.32481
0.32002
0.33517
0.33518
0.33517
0.34580
0.34716
0.34716
0.33052
0.32655
0.32637
0.32637
0.31795
0.29499
0.26559
0.26741
0.26463
0.26340
0.27674
0.27597
0.30328
0.29730
0.29754
0.30823
0.32832
0.30907
0.30649
0.29786
0.30487
0.30487
0.30487
0.30956
0.30965
0.31027
0.30965
0.29855
0.29954
0.26826
0.27641
0.28153
0.28156
0.26531
0.26531
0.26531
0.26504
0.26350
0.25246
0.22033
0.21435
0.20733
0.21139
0.20674
0.20083
0.20083
0.20674
0.21170
0.21170
0.21170
0.21646
0.21666
0.19424
0.21316
0.21679
0.21683
0.20350
0.20350
0.20350
0.20081
0.20904
0.20904
0.20904
0.20904
0.21053
0.20260
0.21476
0.20609
0.20609
0.19973
0.19165
0.19411
0.17942
0.17568
0.17568
0.20270
0.20270
0.20270
0.20270
0.20600
0.20721
0.20404
0.20335
0.19843
0.20794
0.21891
0.21553
0.21553
0.21546
0.22252
0.22000
0.22000
0.22000
0.21028
0.22948
0.23415
0.23294
0.23290
0.23748
0.23868
0.21397
0.21400
0.21429
0.21397
0.22619
0.23776
0.22508
0.23368
0.23160
0.22223
0.21944
0.22360
0.23650
0.24907
0.24907
0.24421
0.24421
0.24421
0.25387
0.25561
0.26179
0.26179
0.26179
0.28080
0.28182
0.30160
0.30988
0.30585
0.31255
0.31256
0.33018
0.32825
0.32825
0.31142
0.31142
0.30302
0.31423
0.31313
0.32238
0.32086
0.30325
0.28884
0.30539
0.29747
0.33268
0.32534
0.32534
0.33433
0.33920
0.33944
0.33945
0.33946
0.34887
0.34656
0.34634
0.34656
0.35960
0.39198
0.40054
0.38703
0.39864
0.41056
0.39845
0.38694
0.38757
0.40798
0.40613
0.39238
0.36706
0.35156
0.35156
0.34845
0.34599
0.33693
0.33835
0.35538
0.37162
0.36256
0.36316
0.35463
0.35957
0.35237
0.34521
0.36370
0.34695
0.34878
0.34700
0.33333
0.33822
0.33822
0.33796
0.33695
0.33695
0.33768
0.33754
0.33785
0.33754
0.33754
0.33825
0.34673
0.37670
0.37192
0.36868
0.38276
0.36510
0.36518
0.35778
0.33757
0.32602
0.32922
0.32922
0.29293
0.26593
0.26660
0.29602
0.31627
0.30230
0.31952
0.31305
0.30582
0.30294
0.30496
0.30906
0.30728
0.30739
0.31304
0.31102
0.32158
0.32158
0.32158
0.30132
0.29599
0.29808
0.29808
0.26986
0.26158
0.25684
0.25435
0.25234
0.25234
0.23661
0.24747
0.24747
0.23964
0.23991
0.23227
0.23464
0.23826
0.23825
0.22919
0.21492
0.22099
0.21485
0.20850
0.20623
0.20609
0.19565
0.19129
0.19065
0.19844
0.18531
0.18415
0.17840
0.18262
0.17850
0.17850
0.17437
0.16585
0.16582
0.17220
0.17134
0.17643
0.16264
0.16264
0.16135
0.18006
0.17754
0.16119
0.16237
0.15457
0.17175
0.17178
0.19219
0.19250
0.19786
0.19858
0.19788
0.19788
0.18047
0.20015
0.20509
0.19268
0.18730
0.18310
0.18569
0.16462
0.15233
0.15024
0.14169
0.14169
0.16537
0.17109
0.19050
0.17052
0.18836
0.18836
0.17776
0.17940
0.18439
0.18440
0.18997
0.19980
0.19980
0.19980
0.19751
0.20590
0.21106
0.19890
0.20397
0.18340
0.15830
0.15596
0.15596
0.15439
0.13117
0.12654
0.11505
0.10783
0.10781
0.07113
0.09036
0.10901
0.10960
0.10951
0.12454
0.12661
0.13787
0.13686
0.13686
0.12886
0.12885
0.12746
0.12846
0.11870
0.11958
0.11758
0.14039
0.12081
0.11672
0.12821
0.12821
0.13896
0.12973
0.12973
0.12764
0.14224
0.14990
0.14653
0.14668
0.15025
0.14891
0.15025
0.15041
0.15025
0.15025
0.15025
0.15324
0.15155
0.15454
0.15454
0.15454
0.15454
0.16351
0.14173
0.13749
0.16011
0.16011
0.15172
0.15777
0.16018
0.19998
0.20925
0.20878
0.21001
0.21026
0.20855
0.21359
0.22078
0.22098
0.22115
0.21400
0.21400
0.21400
0.22221
0.19284
0.17740
0.17666
0.17569
0.19058
0.19808
0.19808
0.17924
0.18268
0.18287
0.18281
0.18386
0.20530
0.22315
0.21996
0.21108
0.20846
0.20846
0.20818
0.20814
0.20818
0.20818
0.21264
0.20372
0.20372
0.20529
0.20704
0.21143
0.21543
0.20595
0.20585
0.20585
0.18643
0.18711
0.19306
0.18518
0.17816
0.17781
0.17411
0.16879
0.14968
0.14964
0.16420
0.16511
0.16511
0.15233
0.15815
0.14522
0.15062
0.16083
0.15624
0.15624
0.16978
0.16978
0.16978
0.19140
0.19140
0.19186
0.19140
0.19140
0.19818
0.19335
0.21383
0.21213
0.18808
0.18897
0.18897
0.18897
0.18205
0.18369
0.19168
0.19266
0.21220
0.21228
0.22305
0.22325
0.22950
0.22922
0.22922
0.22981
0.24255
0.24589
0.24591
0.24240
0.23945
0.22819
0.24462
0.23778
0.23685
0.23652
0.24025
0.24069
0.24068
0.24338
0.24494
0.24498
0.24493
0.24498
0.25077
0.25205
0.22200
0.20937
0.19852
0.19469
0.18703
0.17937
0.19109
0.17470
0.17875
0.18984
0.18991
0.18994
0.20302
0.19571
0.20062
0.20169
0.20062
0.21458
0.19945
0.21952
0.21896
0.21537
0.21537
0.21533
0.21514
0.22272
0.20862
0.19758
0.20488
0.20483
0.20488
0.20488
0.20486
0.21636
0.22122
0.22116
0.22122
0.22122
0.22114
0.22122
0.23113
0.20805
0.19450
0.19453
0.19450
0.19449
0.18830
0.17506
0.17704
0.17704
0.18083
0.17180
0.15775
0.15331
0.14937
0.16540
0.15694
0.15297
0.15278
0.13206
0.11171
0.10537
0.10537
0.10514
0.10514
0.10978
0.11971
0.11737
0.11737
0.11737
0.11737
0.12401
0.12401
0.11649
0.09601
0.09641
0.08962
0.08225
0.08317
0.08530
0.08537
0.10448
0.09114
0.09616
0.09609
0.09609
0.09609
0.07107
0.09580
0.09495
0.09467
0.08408
0.09451
0.09467
0.08163
0.07970
0.08225
0.07852
0.06207
0.06356
0.06356
0.06356
0.06356
0.05409
0.05415
0.07546
0.08294
0.08709
0.09214
0.08994
0.08994
0.08994
0.08994
0.09785
0.04617
0.05526
0.04639
0.04653
0.04426
0.04425
0.02386
0.02195
0.02253
0.02265
0.03672
0.03447
0.03447
0.01972
0.00594
0.02038
0.02038
0.02977
0.01459
0.00000
0.00000
0.00000
0.02386
0.02522
0.02482
0.04552
0.04680
0.05021
0.05057
0.03539
0.03529
0.03578
0.02674
0.02669
0.01625
0.02674
0.02674
0.02674
0.01586
0.01917
0.02281
0.02281
0.01149
0.00715
0.00715
0.00756
0.00914
0.01985
0.02345
0.03240
0.03319
0.05261
0.04784
0.05083
0.02710
0.02495
0.01375
0.00000
0.00000
0.01612
0.00266
0.00266
0.00270
0.00539
0.01757
0.02350
0.02899
0.02890
0.02895
0.02899
0.03142
0.03182
0.05260
0.05376
0.05187
0.04894
0.04075
0.04505
0.04912
0.04815
0.05093
0.05059
0.05093
0.04755
0.04756
0.04756
0.05066
0.04900
0.04608
0.04130
0.02738
0.02731
0.02731
0.01316
0.01375
0.02563
0.04237
0.04199
0.04582
0.06177
0.05578
0.05578
0.05003
0.05344
0.05341
0.04096
0.04915
0.05193
0.05691
0.06194
0.04219
0.04278
0.04241
0.01952
0.01492
0.01736
0.00000
0.01800
0.02494
0.01892
0.01892
0.03340
0.03498
0.04483
0.06722
0.05024
0.06019
0.06021
0.06186
0.06854
0.05743
0.05750
0.05725
0.05536
0.08057
0.09972
0.09218
0.09218
0.09218
0.09237
0.10620
0.10909
0.11589
0.11072
0.11157
0.12917
0.11937
0.13140
0.13561
0.13561
0.13112
0.15015
0.18179
0.18179
0.18179
0.17806
0.17547
0.18416
0.18500
0.18416
0.17420
0.17420
0.17420
0.14760
0.14512
0.15028
0.15397
0.18101
0.16611
0.16611
0.18072
0.18171
0.19206
0.19206
0.16872
0.15652
0.15652
0.14916
0.15866
0.14327
0.14287
0.14246
0.12113
0.12113
0.11757
0.11747
0.11747
0.12972
0.12874
0.12652
0.13102
0.12377
0.12404
0.11342
0.11260
0.11523
0.10086
0.09354
0.09350
0.06813
0.06767
0.05495
0.05495
0.06594
0.05087
0.06712
0.06796
0.06796
0.06580
0.06482
0.06578
0.08290
0.08666
0.07736
0.05752
0.05782
0.05924
0.05257
0.05259
0.05744
0.07371
0.07410
0.07907
0.07886
0.07909
0.07940
0.07940
0.08529
0.08581
0.08581
0.08581
0.06588
0.06740
0.06773
0.05362
0.05518
0.05526
0.05526
0.05955
0.05103
0.07707
0.07699
0.06993
0.07064
0.07064
0.07860
0.07732
0.08535
0.08521
0.08957
0.08957
0.08957
0.09360
0.08552
0.07934
0.07918
0.07918
0.07817
0.07817
0.07838
0.07800
0.08800
0.08983
0.08983
0.11029
0.11457
0.11491
0.11491
0.11969
0.11038
0.11788
0.11898
0.11149
0.10498
0.10576
0.10493
0.10502
0.10498
0.10498
0.10498
0.11062
0.11055
0.09435
0.09435
0.08173
0.08175
0.08175
0.08175
0.06774
0.08924
0.08924
0.11692
0.10757
0.11449
0.11449
0.11449
0.12739
0.12649
0.11349
0.10802
0.11400
0.10893
0.10899
0.10899
0.10638
0.09015
0.09369
0.08771
0.07393
0.06653
0.06847
0.06847
0.06847
0.06206
0.07775
0.08520
0.08702
0.09554
0.09528
0.09799
0.13246
0.13058
0.13203
0.14815
0.13890
0.13896
0.15623
0.14729
0.14523
0.15674
0.14366
0.14373
0.14386
0.13362
0.13362
0.11264
0.13861
0.13678
0.14101
0.14496
0.13539
0.13445
0.12598
0.14340
0.16585
0.16446
0.16364
0.16576
0.18117
0.14378
0.11012
0.10977
0.11313
0.10754
0.10478
0.10118
0.10118
0.10118
0.08974
0.09814
0.09620
0.09385
0.09893
0.08720
0.09833
0.08400
0.08400
0.08262
0.08334
0.08214
0.07551
0.07645
0.06457
0.06474
0.05555
0.04323
0.03842
0.03949
0.03923
0.03949
0.04072
0.04072
0.04784
0.05633
0.05633
0.05633
0.05633
0.07976
0.08858
0.09497
0.08518
0.08531
0.08696
0.09657
0.10007
0.10389
0.12818
0.14817
0.13392
0.14876
0.13597
0.13597
0.16173
0.16810
0.17578
0.17495
0.18195
0.18191
0.18195
0.17785
0.18557
0.21228
0.20008
0.20008
0.18742
0.18721
0.17742
0.17742
0.17910
0.18105
0.17189
0.17232
0.19184
0.19200
0.19428
0.18271
0.15379
0.16184
0.14292
0.14270
0.15179
0.15762
0.18054
0.19535
0.19373
0.19509
0.17545
0.17545
0.17545
0.19055
0.19095
0.19594
0.19198
0.18953
0.18254
0.18722
0.20285
0.21656
0.22295
0.22527
0.22813
0.22518
0.23918
0.23918
0.23457
0.24696
0.24604
0.24040
0.24531
0.25384
0.25405
0.24256
0.24884
0.24887
0.24889
0.24688
0.24688
0.24840
0.24840
0.26123
0.26166
0.26166
0.26166
0.25238
0.25077
0.23971
0.23971
0.23971
0.24634
0.23098
0.23086
0.23367
0.23521
0.23490
0.23490
0.22671
0.21929
0.19017
0.17708
0.15938
0.15635
0.13988
0.14090
0.13988
0.15811
0.15787
0.16029
0.14511
0.14558
0.14550
0.14713
0.14705
0.14705
0.14763
0.13182
0.13132
0.13640
0.15019
0.15696
0.17354
0.17363
0.16851
0.15231
0.16162
0.14784
0.13649
0.14424
0.14424
0.14468
0.14448
0.14422
0.15578
0.15054
0.15054
0.16165
0.15792
0.16261
0.17781
0.17979
0.17979
0.17979
0.17979
0.17979
0.17774
0.16804
0.16789
0.18211
0.18214
0.18034
0.19302
0.19225
0.19689
0.20537
0.19742
0.20836
0.18857
0.18857
0.18858
0.17724
0.17151
0.18371
0.17191
0.14684
0.14685
0.14755
0.14563
0.16787
0.16845
0.16843
0.17988
0.18896
0.19729
0.18869
0.18930
0.20780
0.20762
0.19262
0.18875
0.18829
0.20632
0.21126
0.19511
0.19480
0.18630
0.17679
0.17689
0.18488
0.17124
0.17116
0.17116
0.16384
0.16456
0.15332
0.14922
0.16440
0.18102
0.17459
0.17321
0.19030
0.19222
0.18480
0.18534
0.18760
0.18804
0.18804
0.18706
0.18541
0.18957
0.18957
0.19519
0.19250
0.19250
0.20862
0.22042
0.19443
0.19639
0.17641
0.19524
0.20022
0.18516
0.18024
0.17503
0.15036
0.16244
0.15804
0.15556
0.15794
0.15125
0.15034
0.15251
0.15229
0.13674
0.13676
0.11183
0.10087
0.12559
0.12286
0.11935
0.13407
0.13389
0.12967
0.14117
0.14984
0.13016
0.14146
0.16153
0.16153
0.16153
0.17108
0.18690
0.18908
0.18038
0.18056
0.17933
0.18056
0.16283
0.16788
0.16945
0.16812
0.16789
0.16770
0.16777
0.16487
0.18158
0.17539
0.16319
0.15666
0.16584
0.16568
0.17021
0.19103
0.19340
0.19340
0.18280
0.18233
0.19690
0.19277
0.16799
0.14909
0.13982
0.13982
0.13982
0.12986
0.12573
0.13167
0.12195
0.11729
0.11547
0.11649
0.11533
0.12823
0.12751
0.11167
0.11213
0.12392
0.12384
0.12392
0.12283
0.12282
0.12533
0.12020
0.12748
0.13973
0.14494
0.14957
0.15123
0.15124
0.15053
0.14267
0.14294
0.14267
0.11875
0.12088
0.11633
0.11633
0.12891
0.13923
0.14115
0.14115
0.13670
0.13195
0.13196
0.13233
0.13196
0.13196
0.13842
0.15470
0.15696
0.15665
0.13643
0.14275
0.13278
0.15274
0.15274
0.16100
0.14036
0.14035
0.14448
0.14449
0.14449
0.13424
0.13509
0.13155
0.13140
0.13388
0.15264
0.15269
0.15269
0.15269
0.15269
0.15269
0.15269
0.13876
0.13824
0.13876
0.14199
0.14970
0.14970
0.13880
0.13929
0.14040
0.14096
0.13929
0.13977
0.17098
0.16029
0.16000
0.16015
0.16383
0.17064
0.16667
0.17287
0.15992
0.16096
0.16096
0.15991
0.15991
0.17467
0.16626
0.17306
0.16962
0.15543
0.15543
0.15543
0.15649
0.14683
0.13231
0.12409
0.12662
0.12231
0.12231
0.12231
0.12231
0.12410
0.12455
0.12493
0.12454
0.12118
0.11591
0.12756
0.12557
0.13131
0.13027
0.13637
0.14794
0.14783
0.15140
0.13211
0.13211
0.13254
0.15197
0.15343
0.15371
0.16037
0.16350
0.14245
0.14228
0.14228
0.14479
0.13856
0.13770
0.13771
0.14119
0.14115
0.14204
0.14115
0.14735
0.14896
0.14735
0.13183
0.12332
0.12622
0.11544
0.13065
0.13053
0.13059
0.14223
0.13955
0.13203
0.13019
0.14433
0.14433
0.14489
0.16355
0.15181
0.15181
0.12317
0.11375
0.11304
0.09910
0.09090
0.09003
0.08286
0.08286
0.07558
0.07895
0.08558
0.08753
0.07964
0.08571
0.08405
0.07246
0.06913
0.06865
0.06865
0.06506
0.06385
0.06347
0.04831
0.06021
0.06105
