0.00900
0.02520
0.02370
0.01316
0.01310
0.02187
0.02211
0.01890
0.03629
0.03146
0.05140
0.03796
0.03728
0.03728
0.03728
0.03425
0.04089
0.04089
0.05516
0.05381
0.06440
0.06044
0.08045
0.07683
0.06307
0.09783
0.07845
0.08380
0.08355
0.05194
0.05269
0.05701
0.05430
0.06466
0.07703
0.07703
0.07598
0.07369
0.06827
0.05002
0.05574
0.03223
0.03223
0.03223
0.01968
0.04082
0.04082
0.05282
0.04906
0.03966
0.03710
0.03710
0.05432
0.06426
0.06490
0.07932
0.08162
0.08382
0.04484
0.04484
0.04892
0.04892
0.06978
0.07234
0.05738
0.04376
0.04035
0.05584
0.05584
0.06858
0.06855
0.04915
0.03025
0.03025
0.01701
0.02083
0.02014
0.00592
0.00592
0.02294
0.02735
0.03473
0.04229
0.04132
0.04008
0.02831
0.02831
0.01916
0.02655
0.03202
0.03202
0.02341
0.02340
0.00068
0.00000
0.00176
0.00000
0.00000
0.00445
0.01780
0.01745
0.02749
0.02625
0.02872
0.03202
0.02856
0.04009
0.04306
0.06053
0.06429
0.05571
0.06556
0.06080
0.05441
0.05441
0.03906
0.03908
0.03980
0.05367
0.05115
0.04336
0.04214
0.02480
0.02498
0.04539
0.04525
0.05106
0.05008
0.05267
0.04960
0.04477
0.05422
0.05576
0.03674
0.03880
0.04099
0.05723
0.05723
0.05723
0.05723
0.06933
0.06933
0.08259
0.08322
0.08922
0.08239
0.08239
0.09100
0.08922
0.08922
0.09254
0.07670
0.07670
0.07172
0.07123
0.06344
0.05729
0.05413
0.05517
0.04414
0.04645
0.04896
0.04998
0.05937
0.04585
0.03135
0.03135
0.03135
0.03596
0.03253
0.03471
0.02871
0.03738
0.04916
0.04726
0.06201
0.07316
0.05797
0.05797
0.08111
0.09706
0.09822
0.09949
0.09425
0.11434
0.11434
0.11741
0.12432
0.12432
0.12600
0.11325
0.07645
0.07971
0.05427
0.06369
0.06369
0.07335
0.07335
0.07415
0.07601
0.12893
0.12129
0.12218
0.15088
0.15407
0.15101
0.14165
0.14165
0.14165
0.14165
0.10878
0.10289
0.09403
0.08133
0.08475
0.08475
0.08475
0.08467
0.06578
0.06985
0.06643
0.06504
0.05928
0.05216
0.06061
0.06206
0.06201
0.07444
0.07444
0.06285
0.06982
0.06654
0.05143
0.04823
0.04886
0.05694
0.05694
0.05694
0.05694
0.06974
0.06124
0.05592
0.05592
0.05929
0.06407
0.06351
0.05102
0.05548
0.05546
0.04723
0.04723
0.03188
0.03188
0.03188
0.03114
0.04157
0.03913
0.03910
0.02475
0.02455
0.01900
0.01924
0.01927
0.02755
0.04665
0.03528
0.03528
0.03528
0.02549
0.02684
0.02957
0.02957
0.02382
0.02361
0.02795
0.02446
0.03782
0.02737
0.02737
0.02737
0.02151
0.01620
0.03462
0.05327
0.05785
0.05785
0.05943
0.05043
0.06283
0.03137
0.03431
0.03708
0.03702
0.04530
0.04530
0.02475
0.02474
0.01981
0.02385
0.02809
0.02439
0.02941
0.02580
0.00444
0.02263
0.02260
0.02217
0.04813
0.04345
0.04846
0.07334
0.07334
0.05102
0.05226
0.05490
0.05490
0.07809
0.09481
0.10157
0.10157
0.09842
0.09400
0.09400
0.10409
0.09807
0.08740
0.08345
0.08351
0.06106
0.06922
0.03845
0.06861
0.04214
0.05364
0.05273
0.05273
0.05273
0.05286
0.05273
0.05273
0.05273
0.04831
0.05032
0.06239
0.05237
0.05241
0.04980
0.05152
0.05720
0.05512
0.06822
0.05255
0.04204
0.04055
0.04043
0.04958
0.04477
0.03614
0.02872
0.04084
0.04490
0.04286
0.05312
0.05271
0.05271
0.05280
0.05205
0.02678
0.02079
0.01978
0.02839
0.02839
0.02149
0.02132
0.01734
0.03165
0.03211
0.02713
0.02502
0.00645
0.00589
0.00603
0.00603
0.01358
0.01999
0.01465
0.00000
0.00000
0.00174
0.01696
0.02784
0.02784
0.03717
0.02163
0.02165
0.01932
0.01969
0.01932
0.01370
0.01327
0.01381
0.02069
0.02079
0.01316
0.01316
0.03384
0.02735
0.02748
0.02762
0.05139
0.05150
0.05161
0.05025
0.06209
0.04662
0.03978
0.03187
0.01729
0.01729
0.01479
0.00000
0.00000
0.00000
0.00124
0.00000
0.00000
0.00498
0.02282
0.02193
0.01294
0.01292
0.01294
0.00542
0.01329
0.00000
0.00024
0.00609
0.00998
0.01000
0.00555
0.00645
0.01144
0.01113
0.01113
0.03525
0.04223
0.03741
0.03745
0.03749
0.03741
0.03021
0.02968
0.04712
0.05546
0.05490
0.07252
0.07234
0.07761
0.07800
0.07822
0.08204
0.08204
0.08204
0.09081
0.08847
0.08840
0.08847
0.08166
0.11068
0.11061
0.09951
0.12178
0.11798
0.11917
0.11917
0.12698
0.12773
0.12185
0.09974
0.09990
0.09757
0.11834
0.11230
0.11043
0.11043
0.08380
0.08375
0.08927
0.09340
0.09563
0.09200
0.11172
0.11962
0.12107
0.12107
0.11987
0.12107
0.12107
0.10973
0.10975
0.10106
0.09274
0.10275
0.08204
0.06486
0.06798
0.06798
0.06459
0.06568
0.06738
0.06738
0.06773
0.09134
0.09026
0.09100
0.09082
0.05636
0.05636
0.05153
0.04129
0.04795
0.05155
0.07506
0.07506
0.07237
0.07195
0.07913
0.06897
0.06620
0.06910
0.06024
0.04182
0.05196
0.05200
0.05914
0.05775
0.06553
0.05442
0.05441
0.04895
0.04886
0.04886
0.04724
0.05288
0.06125
0.06585
0.05374
0.05374
0.04057
0.04467
0.04517
0.03504
0.02938
0.02953
0.02955
0.02953
0.02963
0.02953
0.03737
0.04663
0.06158
0.06151
0.05717
0.05717
0.04535
0.04703
0.04500
0.04698
0.04070
0.03605
0.03208
0.05472
0.04840
0.03594
0.03594
0.03587
0.03594
0.01784
0.01784
0.01784
0.01092
0.03119
0.03119
0.03119
0.05625
0.03984
0.03054
0.02616
0.02616
0.02616
0.02544
0.01659
0.00000
0.02718
0.02695
0.03809
0.04785
0.03343
0.03329
0.03204
0.03179
0.04151
0.04594
0.04358
0.05245
0.03995
0.05115
0.06165
0.06351
0.07280
0.07293
0.07510
0.07122
0.07189
0.06822
0.04533
0.04443
0.04491
0.05054
0.08037
0.07983
0.07913
0.07524
0.07377
0.08216
0.07603
0.06256
0.05261
0.05650
0.05650
0.04682
0.03939
0.04244
0.03973
0.03822
0.04922
0.06866
0.06848
0.06848
0.06848
0.07779
0.08064
0.08064
0.08909
0.08927
0.09732
0.13156
0.13125
0.13125
0.13125
0.13125
0.15234
0.15386
0.15233
0.15233
0.16933
0.14944
0.14944
0.14763
0.11271
0.10058
0.09368
0.10058
0.09497
0.09416
0.09977
0.10547
0.10584
0.10632
0.10632
0.10632
0.10632
0.10700
0.08764
0.08763
0.07728
0.07728
0.07728
0.06433
0.06737
0.06112
0.06535
0.06882
0.06894
0.06133
0.06014
0.06014
0.06014
0.07447
0.07329
0.06956
0.06171
0.03634
0.03839
0.02806
0.03449
0.03449
0.03440
0.03393
0.02436
0.01855
0.01140
0.01140
0.00000
0.00859
0.01653
0.00000
0.00000
0.00000
0.00000
0.00000
0.00019
0.00689
0.00183
0.01046
0.01082
0.00314
0.00685
0.00004
0.01124
0.02322
0.02188
0.02080
0.02080
0.02716
0.03146
0.01921
0.00617
0.02906
0.02906
0.03375
0.03019
0.03019
0.04294
0.04294
0.03037
0.02647
0.03240
0.03240
0.03240
0.03240
0.04179
0.04245
0.02854
0.03589
0.02377
0.02377
0.03201
0.03201
0.03201
0.02110
0.03704
0.03704
0.03704
0.02783
0.04203
0.04203
0.02749
0.02749
0.03498
0.03721
0.03721
0.03721
0.03718
0.03206
0.01994
0.02265
0.00886
0.00886
0.00319
0.00000
0.00844
0.00820
0.01518
0.03042
0.02683
0.04318
0.04314
0.06670
0.07527
0.05782
0.05782
0.06655
0.06655
0.06636
0.06520
0.06890
0.06890
0.08290
0.05781
0.06675
0.06675
0.05747
0.05747
0.08162
0.07905
0.07905
0.07654
0.07654
0.06647
0.07623
0.10493
0.12063
0.11725
0.13651
0.14403
0.14403
0.13099
0.12272
0.10023
0.10930
0.09835
0.09835
0.09203
0.08358
0.08326
0.07558
0.07449
0.07744
0.07780
0.08586
0.08873
0.10856
0.10856
0.10556
0.10565
0.10154
0.09695
0.07606
0.09244
0.08496
0.08497
0.10595
0.10323
0.09898
0.09898
0.09898
0.10573
0.11169
0.10573
0.09314
0.10230
0.10170
0.10170
0.09556
0.10807
0.09848
0.08911
0.06842
0.06368
0.09100
0.09090
0.09276
0.10094
0.10150
0.08608
0.08599
0.08608
0.07855
0.07449
0.07680
0.07594
0.07575
0.07591
0.10120
0.10121
0.10209
0.08673
0.08673
0.08673
0.11125
0.11477
0.09622
0.08280
0.08564
0.08570
0.09745
0.08740
0.08740
0.08740
0.10160
0.08544
0.11176
0.11109
0.11109
0.11112
0.11465
0.08854
0.08862
0.09626
0.10275
0.09753
0.09753
0.09642
0.09753
0.10647
0.10179
0.10115
0.09622
0.09636
0.07696
0.07636
0.07728
0.07828
0.09489
0.09574
0.09387
0.11358
0.12556
0.13480
0.13300
0.13757
0.12672
0.12841
0.10890
0.10553
0.10193
0.11252
0.10596
0.10596
0.10596
0.10596
0.11377
0.11098
0.08220
0.08768
0.08768
0.10671
0.12107
0.12107
0.13626
0.13705
0.13581
0.12571
0.10608
0.10608
0.09495
0.09487
0.08862
0.08878
0.08929
0.09799
0.09861
0.10058
0.11495
0.10119
0.09649
0.10263
0.10350
0.10802
0.13308
0.11808
0.11327
0.11139
0.11685
0.13379
0.13513
0.13387
0.13379
0.15490
0.15591
0.14264
0.13864
0.14408
0.11808
0.09783
0.09783
0.10626
0.10628
0.10625
0.12114
0.12114
0.12151
0.10947
0.11104
0.11111
0.11111
0.11111
0.11111
0.11743
0.11807
0.11196
0.10622
0.10678
0.10741
0.10826
0.10792
0.11784
0.10743
0.10743
0.10721
0.10790
0.11072
0.11072
0.11072
0.11072
0.09723
0.09082
0.09082
0.09573
0.09582
0.09582
0.08186
0.08195
0.08195
0.09466
0.09664
0.08466
0.08077
0.07914
0.08498
0.08501
0.07980
0.08651
0.08850
0.08850
0.09164
0.09222
0.09222
0.08083
0.08088
0.09149
0.09175
0.09171
0.09839
0.09927
0.09143
0.10934
0.13428
0.13839
0.13839
0.13839
0.13839
0.14073
0.14188
0.15345
0.15345
0.15345
0.14889
0.14569
0.16179
0.16162
0.15692
0.15782
0.16717
0.17933
0.18490
0.17909
0.18118
0.17855
0.18370
0.19322
0.19326
0.18500
0.19049
0.18721
0.16904
0.16904
0.16199
0.16199
0.14519
0.15336
0.15522
0.17440
0.18860
0.18327
0.18306
0.18231
0.18048
0.18814
0.16731
0.16886
0.16886
0.16886
0.16886
0.17409
0.17534
0.17404
0.17335
0.18200
0.18186
0.19178
0.19259
0.19249
0.19262
0.22570
0.23206
0.21772
0.21772
0.21971
0.21173
0.20825
0.20825
0.22021
0.21044
0.22031
0.20274
0.20551
0.20551
0.20551
0.21757
0.22087
0.22092
0.20436
0.20436
0.20436
0.21161
0.20411
0.20389
0.21320
0.22612
0.23183
0.21583
0.21583
0.21572
0.21548
0.19744
0.19740
0.19749
0.19749
0.19749
0.19815
0.19749
0.19749
0.19976
0.20112
0.17610
0.18028
0.18028
0.18246
0.18608
0.18638
0.20571
0.20634
0.20628
0.21605
0.21605
0.21629
0.21075
0.20994
0.20993
0.20460
0.17706
0.20334
0.20342
0.20328
0.20293
0.18264
0.18264
0.17779
0.17741
0.17741
0.14706
0.14706
0.14707
0.14406
0.11619
0.11619
0.12606
0.12387
0.13708
0.13708
0.13278
0.13944
0.13071
0.13071
0.13694
0.11523
0.11571
0.11340
0.08396
0.07932
0.06193
0.05654
0.05654
0.05655
0.05632
0.05654
0.04147
0.04168
0.04147
0.04147
0.03482
0.03482
0.03689
0.04821
0.04910
0.05704
0.02214
0.01201
0.01847
0.01843
0.01140
0.02093
0.00767
0.00515
0.00483
0.00476
0.00000
0.00000
0.00000
0.02706
0.02706
0.02706
0.02421
0.02612
0.05457
0.06480
0.06478
0.06478
0.04876
0.09751
0.09751
0.10902
0.10902
0.10892
0.10908
0.10919
0.08786
0.08574
0.07518
0.07310
0.07750
0.06191
0.07290
0.07129
0.06957
0.06997
0.06780
0.06073
0.07349
0.06816
0.07787
0.09202
0.09202
0.09202
0.08941
0.07531
0.07016
0.07427
0.07427
0.05929
0.07786
0.08749
0.08759
0.08540
0.07799
0.06581
0.06945
0.07428
0.07035
0.06722
0.06719
0.05910
0.05823
0.05871
0.06443
0.06418
0.06430
0.06399
0.08167
0.08859
0.08681
0.07207
0.07207
0.07207
0.08960
0.08947
0.08959
0.08960
0.08903
0.08960
0.09136
0.09136
0.11001
0.10806
0.11987
0.10452
0.10427
0.10045
0.08887
0.09034
0.08251
0.08941
0.09711
0.08460
0.07591
0.06118
0.06120
0.05142
0.05142
0.04746
0.04136
0.03417
0.03415
0.03417
0.03417
0.03257
0.03208
0.01098
0.01338
0.01714
0.01918
0.02153
0.01366
0.01452
0.01827
0.00000
0.01295
0.00783
0.00091
0.00307
0.00307
0.00045
0.00893
0.02234
0.03092
0.02330
0.02295
0.03079
0.02011
0.02329
0.03574
0.05799
0.06330
0.05099
0.04770
0.03852
0.02672
0.02671
0.02692
0.04333
0.03572
0.04063
0.04275
0.04275
0.04275
0.04275
0.04275
0.04275
0.04808
0.04808
0.04791
0.04808
0.04313
0.04311
0.03511
0.02773
0.02773
0.03400
0.00992
0.00961
0.00261
0.02310
0.04417
0.04692
0.06419
0.07561
0.07599
0.06524
0.08111
0.07605
0.07477
0.07001
0.08849
0.08847
0.06271
0.05887
0.05887
0.06620
0.05257
0.05257
0.06022
0.07695
0.06825
0.06872
0.06295
0.06295
0.06295
0.06100
0.05706
0.05706
0.05706
0.05351
0.07680
0.06064
0.06320
0.05604
0.05604
0.05622
0.05600
0.05823
0.05867
0.05869
0.07896
0.07877
0.07877
0.05415
0.05163
0.05109
0.03671
0.04206
0.02194
0.03739
0.01540
0.01540
0.02417
0.02417
0.01613
0.01613
0.01720
0.01714
0.01720
0.01720
0.01595
0.01906
0.02400
0.00901
0.00820
0.00879
0.01068
0.00168
0.00015
0.00155
0.00397
0.00000
0.00676
0.01480
0.02252
0.02745
0.01843
0.01586
0.01586
0.02052
0.01402
0.01914
0.01679
0.01655
0.01881
0.01879
0.01594
0.03705
0.02671
0.02260
0.02203
0.02418
0.02277
0.02766
0.02872
0.03454
0.02156
0.00978
0.00000
0.00000
0.00000
0.00637
0.00698
0.00728
0.00001
0.00000
0.00000
0.00000
0.00000
0.00000
0.00006
0.01357
0.00919
0.00919
0.00000
0.00977
0.00977
0.00000
0.00406
0.00467
0.01343
0.00000
0.00061
0.00016
0.00000
0.00000
0.00711
0.01624
0.00605
0.01278
0.00539
0.00003
0.00000
0.00000
0.00008
0.00001
0.00029
0.00458
0.01237
0.00972
0.00656
0.00921
0.00000
0.00885
0.00827
0.00927
0.00927
0.00326
0.01243
0.01510
0.02072
0.02246
0.03027
0.02173
0.02173
0.03273
0.03717
0.03329
0.02906
0.00719
0.01164
0.01164
0.00112
0.01955
0.03167
0.03167
0.03350
0.03918
0.01847
0.03353
0.02615
0.01977
0.03431
0.03502
0.02998
0.03050
0.02673
0.03456
0.02633
0.02633
0.03404
0.03795
0.03688
0.03777
0.04094
0.03422
0.01686
0.01042
0.02579
0.02027
0.02955
0.03699
0.01723
0.02402
0.01905
0.03067
0.00631
0.00875
0.01445
0.01433
0.01568
0.01571
0.00450
0.00443
0.02164
0.02566
0.02566
0.02552
0.03220
0.03220
0.03692
0.03705
0.06227
0.06022
0.07359
0.07101
0.06955
0.06960
0.10100
0.09289
0.07175
0.08083
0.07691
0.08235
0.10640
0.11731
0.11745
0.13972
0.14238
0.14079
0.14079
0.14079
0.13817
0.12994
0.13380
0.13444
0.13131
0.13290
0.13232
0.10164
0.11700
0.12982
0.12309
0.11794
0.11797
0.10932
0.10747
0.12343
0.12433
0.09917
0.10117
0.10149
0.10145
0.10560
0.10534
0.11295
0.09893
0.09329
0.07395
0.08566
0.08732
0.10374
0.08905
0.07790
0.07146
0.05583
0.05863
0.08971
0.08737
0.08628
0.07295
0.09011
0.08858
0.08762
0.06444
0.07613
0.07688
0.09066
0.07765
0.07765
0.09139
0.11660
0.12748
0.10430
0.10093
0.13751
0.14308
0.15217
0.15217
0.17016
0.17858
0.17890
0.17878
0.20453
0.21021
0.20383
0.20383
0.20382
0.18994
0.16431
0.17045
0.16543
0.16643
0.16643
0.16601
0.16603
0.16991
0.16179
0.16604
0.16396
0.17194
0.12980
0.14076
0.13845
0.13648
0.14469
0.15222
0.15222
0.15133
0.14748
0.14732
0.14732
0.13922
0.14049
0.15556
0.15556
0.17606
0.17366
0.18906
0.18562
0.19412
0.20232
0.17544
0.17404
0.17982
0.17294
0.17279
0.17271
0.16168
0.15891
0.14861
0.14141
0.12758
0.13102
0.14133
0.12628
0.12823
0.12241
0.12241
0.12415
0.13023
0.14193
0.14145
0.14159
0.13545
0.13735
0.12042
0.11151
0.11151
0.10502
0.10434
0.10434
0.10434
0.10988
0.13450
0.12293
0.12290
0.12217
0.12304
0.11615
0.13321
0.14617
0.15994
0.13979
0.11524
0.12825
0.13634
0.14051
0.14090
0.14050
0.12118
0.12904
0.14296
0.13531
0.12581
0.12521
0.12356
0.12408
0.12100
0.10938
0.10531
0.11845
0.11995
0.11449
0.10609
0.10609
0.09759
0.09807
0.10348
0.10371
0.10398
0.12693
0.11176
0.09857
0.09852
0.08294
0.08287
0.08287
0.07943
0.07344
0.09274
0.09352
0.09496
0.08659
0.08445
0.06969
0.06966
0.06969
0.04877
0.05121
0.05972
0.05972
0.05972
0.05449
0.05205
0.06568
0.06594
0.07686
0.09771
0.10042
0.10042
0.10115
0.11070
0.10780
0.11299
0.11336
0.08324
0.07196
0.08574
0.08574
0.08673
0.09392
0.09901
0.10268
0.09196
0.08005
0.07519
0.06530
0.06533
0.07524
0.05963
0.07081
0.08804
0.09158
0.09158
0.07259
0.06220
0.07872
0.07913
0.07865
0.08807
0.09209
0.08614
0.08498
0.09947
0.09520
0.10987
0.10987
0.11420
0.11623
0.11855
0.11269
0.12087
0.12070
0.12363
0.12724
0.12724
0.12981
0.12137
0.11106
0.10435
0.10435
0.09100
0.08886
0.07230
0.06896
0.06896
0.08695
0.08471
0.09647
0.09727
0.09628
0.08702
0.08235
0.08987
0.10776
0.08942
0.08947
0.09615
0.08233
0.08225
0.07057
0.08246
0.06645
0.05043
0.04854
0.07585
0.05764
0.05764
0.05765
0.05777
0.06659
0.06094
0.05314
0.06330
0.05659
0.04433
0.04305
0.02076
0.00496
0.03285
0.03814
0.03806
0.04784
0.05989
0.04422
0.03466
0.03565
0.03558
0.03555
0.02811
0.02811
0.02272
0.00625
0.00625
0.00625
0.00145
0.00000
0.00216
0.00000
0.00344
0.00000
0.00000
0.00495
0.00580
0.00580
0.00000
0.00293
0.00293
0.00000
0.02913
0.02913
0.02913
0.04662
0.04288
0.04755
0.04070
0.04051
0.04070
0.04032
0.05583
0.05843
0.06277
0.06276
0.06645
0.03672
0.03604
0.03274
0.04293
0.04832
0.02913
0.02837
0.03038
0.02564
0.03038
0.03038
0.03038
0.02735
0.05544
0.05395
0.05400
0.04917
0.04899
0.04899
0.03531
0.03531
0.02160
0.02155
0.02160
0.02160
0.01208
0.04616
0.04665
0.04527
0.03956
0.02651
0.02651
0.03231
0.03151
0.05026
0.05026
0.05295
0.05295
0.07320
0.07977
0.07977
0.06797
0.06974
0.06685
0.08174
0.07347
0.08006
0.07076
0.06603
0.05982
0.04816
0.04750
0.04767
0.04951
0.06229
0.06228
0.06228
0.06228
0.06780
0.05852
0.05441
0.06174
0.06028
0.05731
0.06191
0.06191
0.06716
0.07162
0.08311
0.08308
0.07348
0.08629
0.08383
0.07985
0.06580
0.04875
0.05135
0.04641
0.04414
0.02846
0.02192
0.02192
0.02183
0.02174
0.02192
0.02934
0.03573
0.04228
0.04955
0.04955
0.04752
0.04620
0.04620
0.04620
0.02826
0.02340
0.02791
0.02673
0.00941
0.01314
0.01314
0.02297
0.02078
0.03367
0.03841
0.03123
0.03520
0.03525
0.02075
0.01796
0.00000
0.00407
0.00644
0.00644
0.00340
0.02115
0.02115
0.02115
0.00521
0.00525
0.00663
0.01535
0.01827
0.01827
0.02037
0.02020
0.02004
0.02445
0.01977
0.01973
0.00623
0.00623
0.00680
0.00000
0.00024
0.00000
0.01116
0.00000
0.00000
0.00000
0.00016
0.00408
0.01108
0.01221
0.01235
0.01250
0.01091
0.02519
0.05601
0.05533
0.06987
0.06374
0.06374
0.10009
0.11815
0.11795
0.13078
0.12998
0.13034
0.13213
0.12837
0.13096
0.13330
0.13330
0.13330
0.12383
0.12348
0.12383
0.12478
0.12176
0.12266
0.14900
0.13702
0.14327
0.13135
0.11183
0.11183
0.11183
0.11183
0.14590
0.15525
0.13867
0.13088
0.12734
0.13983
0.13659
0.13630
0.13630
0.13630
0.13630
0.11936
0.11936
0.11936
0.10727
0.10803
0.11592
0.13262
0.10715
0.11185
0.12254
0.12261
0.12246
0.12530
0.13381
0.13381
0.13789
0.13789
0.13377
0.13004
0.13960
0.12940
0.13004
0.12972
0.12825
0.11694
0.11709
0.11664
0.11694
0.12211
0.12139
0.10912
0.13188
0.13304
0.12907
0.12007
0.12015
0.11830
0.12585
0.14112
0.14112
0.13694
0.13341
0.13410
0.13414
0.13330
0.13497
0.14169
0.14940
0.14902
0.14902
0.16217
0.16033
0.16757
0.16602
0.15078
0.15527
0.15410
0.15429
0.15080
0.15243
0.15243
0.15242
0.13964
0.14391
0.13310
0.09382
0.09428
0.09519
0.09311
0.09428
0.09435
0.09428
0.08700
0.08700
0.08700
0.06500
0.05575
0.05868
0.05872
0.04411
0.04296
0.04296
0.04296
0.04296
0.04296
0.04578
0.02809
0.04117
0.04042
0.04707
0.04711
0.05220
0.04344
0.04314
0.05093
0.05026
0.06012
0.06012
0.06781
0.06781
0.06240
0.04800
0.04809
0.06572
0.06873
0.06846
0.06693
0.07030
0.06896
0.06896
0.05937
0.07607
0.06825
0.06825
0.06794
0.04889
0.05231
0.07141
0.06342
0.06656
0.06672
0.06238
0.06235
0.06235
0.06858
0.06530
0.08079
0.08040
0.09286
0.08912
0.08291
0.08291
0.07273
0.07273
0.08585
0.09768
0.11467
0.11467
0.11467
0.11467
0.11598
0.11598
0.11646
0.12045
0.12047
0.12456
0.12107
0.12258
0.12674
0.12669
0.13220
0.12640
0.12640
0.10556
0.09839
0.09830
0.10198
0.08690
0.11112
0.10558
0.09241
0.09074
0.09273
0.08897
0.09406
0.09406
0.08937
0.10498
0.10056
0.09786
0.09015
0.11397
0.11397
0.11397
0.11397
0.11397
0.10622
0.11350
0.11397
0.13625
0.13777
0.12742
0.12742
0.13296
0.13296
0.11856
0.14092
0.13037
0.13610
0.15003
0.14377
0.14609
0.14019
0.14019
0.14019
0.13214
0.13277
0.13277
0.13267
0.13503
0.12940
0.11959
0.11959
0.11838
0.11582
0.11012
0.09109
0.09170
0.08359
0.08329
0.08909
0.10448
0.10448
0.10448
0.10940
0.09762
0.09754
0.08728
0.08299
0.08301
0.06810
0.06817
0.06817
0.06062
0.06063
0.04691
0.03208
0.00795
0.01369
0.01089
0.00688
0.00243
0.00308
0.00308
0.00131
0.00763
0.00572
0.00631
0.00630
0.02966
0.01853
0.01853
0.02219
0.03047
0.01751
0.01751
0.02078
0.03283
0.03287
0.02733
0.00417
0.00802
0.00492
0.00923
0.00000
0.01066
0.00894
0.03389
0.03984
0.03984
0.03488
0.03491
0.02423
0.02130
0.02275
0.02883
0.02848
0.02299
0.03115
0.02441
0.01312
0.00563
0.00162
0.01824
0.01824
0.01483
0.03480
0.05078
0.06455
0.06464
0.05199
0.05862
0.06429
0.06387
0.04518
0.04344
0.03953
0.04335
0.06674
0.06216
0.06216
0.06216
0.06216
0.05698
0.06218
0.06216
0.03984
0.04602
0.04310
0.04464
0.05186
0.05725
0.05452
0.05530
0.06294
0.07597
0.07597
0.08231
0.08233
0.07886
0.07867
0.09484
0.08090
0.06028
0.03230
0.04019
0.03093
0.01868
0.05969
0.05969
0.05512
0.05969
0.07986
0.08026
0.06909
0.06591
0.05588
0.04953
0.06121
0.06116
0.04892
0.06178
0.03877
0.04257
0.04146
0.04063
0.04346
0.03210
0.03074
0.04534
0.05485
0.04572
0.04931
0.05104
0.04865
0.04857
0.04928
0.06130
0.05767
0.05769
0.05771
0.05771
0.05810
0.05711
0.05594
0.06014
0.06920
0.06920
0.06920
0.06920
0.06920
0.08111
0.08218
0.08221
0.08221
0.07577
0.07266
0.07280
0.07859
0.07086
0.07086
0.07315
0.07024
0.07237
0.06678
0.06678
0.09529
0.09360
0.08310
0.08150
0.08175
0.09707
0.10696
0.10971
0.09318
0.09545
0.09176
0.10253
0.09320
0.08848
0.08376
0.06992
0.05886
0.05886
0.06108
0.05886
0.05887
0.06043
0.05879
0.06320
0.05814
0.05814
0.06584
0.05113
0.04485
0.05119
0.07435
0.07435
0.06682
0.08016
0.08048
0.05493
0.05535
0.06731
0.06800
0.06731
0.06729
0.06239
0.06239
0.06239
0.05510
0.05032
0.03227
0.03824
0.04705
0.04570
0.02986
0.02977
0.01775
0.01366
0.00664
0.02624
0.03192
0.03190
0.03192
0.04260
0.05608
0.06343
0.06264
0.06270
0.07205
0.07205
0.07205
0.07205
0.07205
0.07205
0.07217
0.06593
0.05086
0.04247
0.04247
0.06575
0.05896
0.04436
0.04437
0.03974
0.03974
0.04394
0.04089
0.04122
0.03131
0.03358
0.03358
0.03303
0.03322
0.02068
0.02562
0.01785
0.01664
0.01062
0.00000
0.00007
0.00000
0.00519
0.00526
0.01779
0.01779
0.00165
0.00296
0.00098
0.00014
0.00624
0.00000
0.00000
0.00000
0.00812
0.00801
0.01049
0.00000
0.02871
0.03069
0.02722
0.03435
0.03435
0.01645
0.01649
0.06249
0.06119
0.06116
0.06116
0.05045
0.05048
0.05050
0.05125
0.06022
0.05376
0.05376
0.05376
0.05376
0.04589
0.05578
0.07753
0.07753
0.07111
0.08117
0.08234
0.07775
0.08830
0.10158
0.10174
0.10822
0.10824
0.10163
0.10267
0.09208
0.09324
0.12351
0.12381
0.13410
0.13442
0.13333
0.12079
0.12079
0.12079
0.12079
0.12761
0.12679
0.13210
0.13388
0.13388
0.13388
0.15615
0.16250
0.16103
0.15896
0.15896
0.15442
0.13005
0.13135
0.13135
0.13100
0.11680
0.11143
0.11683
0.12060
0.12100
0.13056
0.12324
0.12290
0.13607
0.13607
0.13447
0.13001
0.14218
0.13459
0.13472
0.13432
0.13432
0.13399
0.14311
0.13724
0.13723
0.12407
0.11233
0.14394
0.14397
0.13157
0.16025
0.16412
0.16358
0.16343
0.16358
0.16080
0.16106
0.14037
0.12936
0.13833
0.12909
0.14379
0.13869
0.13869
0.13869
0.13869
0.14342
0.14724
0.13876
0.13725
0.13876
0.13838
0.14540
0.14580
0.14589
0.14745
0.14745
0.15917
0.16538
0.16529
0.16054
0.16931
0.16581
0.17411
0.19380
0.17864
0.17773
0.19227
0.19202
0.16347
0.16382
0.15267
0.14283
0.14283
0.14283
0.12169
0.12169
0.12478
0.11669
0.12376
0.14115
0.13597
0.14257
0.14257
0.14257
0.14257
0.14257
0.14380
0.14966
0.15060
0.15495
0.14739
0.14733
0.15778
0.16392
0.17791
0.17791
0.15842
0.16184
0.16184
0.16637
0.15631
0.15768
0.15917
0.15768
0.15266
0.15266
0.15266
0.15291
0.13848
0.13596
0.13195
0.13187
0.13138
0.13523
0.14631
0.14619
0.14619
0.13988
0.13988
0.14137
0.14138
0.14920
0.17278
0.17234
0.17768
0.17341
0.18692
0.19754
0.19546
0.18383
0.18234
0.18165
0.17005
0.16906
0.17007
0.17015
0.17005
0.16178
0.14265
0.14265
0.14523
0.14525
0.15355
0.14783
0.15161
0.15716
0.13053
0.13061
0.14681
0.14681
0.14278
0.14272
0.12630
0.12191
0.15239
0.14864
0.14233
0.15120
0.13546
0.13557
0.12670
0.11511
0.09047
0.08018
0.08549
0.08382
0.09533
0.11565
0.11290
0.10311
0.12795
0.12595
0.12595
0.12595
0.12732
0.12436
0.12741
0.10763
0.09659
0.10824
0.11059
0.11059
0.10740
0.11631
0.11572
0.10475
0.10157
0.10157
0.10195
0.10184
0.09409
0.09392
0.09283
0.09283
0.09137
0.10741
0.10740
0.10074
0.09601
0.08312
0.08356
0.09203
0.08197
0.08048
0.09999
0.09517
0.06970
0.06479
0.05950
0.04999
0.04698
0.04588
0.03310
0.02817
0.03606
0.04637
0.04087
0.04547
0.03580
0.03476
0.03913
0.05514
0.05569
0.03982
0.04364
0.04345
0.06538
0.07485
0.06189
0.06211
0.06211
0.06211
0.05487
0.04291
0.04291
0.04291
0.04283
0.05647
0.05090
0.05415
0.04796
0.03371
0.03048
0.04149
0.04248
0.04989
0.04720
0.05528
0.05277
0.03895
0.03497
0.04527
0.06219
0.07577
0.08216
0.07302
0.06254
0.08222
0.08512
0.07912
0.07919
0.08115
0.06694
0.06535
0.06689
0.06694
0.03359
0.04150
0.04680
0.03937
0.05331
0.05331
0.05137
0.05331
0.05331
0.05331
0.04170
0.04175
0.04175
0.01311
0.01274
0.00000
0.00000
0.00000
0.00000
0.00106
0.00000
0.00000
0.00000
0.00623
0.00623
0.00000
0.00000
0.00000
0.00000
0.00548
0.00000
0.00003
0.00121
0.00004
0.00000
0.01094
0.01838
0.00000
0.00000
0.02751
0.02545
0.03707
0.03744
0.02760
0.02760
0.04724
0.04724
0.04724
0.02815
0.02984
0.02815
0.02136
0.02129
0.02121
0.02309
0.02341
0.01769
0.01769
0.00000
0.01568
0.00000
0.00124
0.00000
0.01418
0.01442
0.00842
0.01011
0.01108
0.01009
0.02912
0.01591
0.02063
0.02064
0.03570
0.05183
0.04734
0.03726
0.04026
0.04629
0.03389
0.04723
0.04652
0.04156
0.05589
0.04897
0.05135
0.05303
0.05308
0.07109
0.06797
0.06797
0.06797
0.07396
0.07396
0.07396
0.06257
0.05666
0.04163
0.03690
0.04671
0.04532
0.02838
0.03162
0.02690
0.02502
0.02690
0.02690
0.03159
0.01681
0.02531
0.03801
0.04617
0.03787
0.03787
0.03814
0.03814
0.03814
0.02729
0.02756
0.01351
0.00454
0.00116
0.00336
0.00199
0.00136
0.00068
0.00068
0.01088
0.00748
0.00000
0.00267
0.02092
0.00000
0.00002
0.00000
0.00000
0.00000
0.00000
0.00000
0.00206
0.00350
0.00000
0.00312
0.00600
0.03521
0.03507
0.03353
0.03353
0.04313
0.02912
0.03730
0.01845
0.01280
0.02221
0.03264
0.05675
0.05660
0.05987
0.06000
0.05982
0.05982
0.05999
0.04666
0.04671
0.03251
0.03251
0.03131
0.03251
0.03251
0.04317
0.04317
0.02635
0.03282
0.03511
0.03470
0.04044
0.05240
0.07005
0.07027
0.06470
0.04830
0.04510
0.03959
0.03860
0.00969
0.00969
0.01918
0.04378
0.04671
0.03011
0.02806
0.03220
0.03972
0.03972
0.04104
0.06717
0.06934
0.07341
0.05098
0.03379
0.03379
0.03979
0.02676
0.02552
0.02566
0.04271
0.02403
0.01585
0.01585
0.01065
0.00002
0.00771
0.00323
0.00108
0.00878
0.00960
0.01087
0.00000
0.00000
0.01313
0.01925
0.02723
0.02398
0.04294
0.04432
0.01684
0.01684
0.01415
0.02696
0.02611
0.02611
0.01042
0.02889
0.03927
0.03572
0.03141
0.03141
0.03504
0.04411
0.04411
0.04502
0.04490
0.03676
0.03951
0.04387
0.04279
0.04297
0.04279
0.04279
0.04279
0.03973
0.02849
0.03939
0.03228
0.03231
0.01893
0.01859
0.00203
0.00000
0.00000
0.00010
0.01783
0.00584
0.00599
0.00580
0.00305
0.00298
0.01499
0.03754
0.05435
0.07175
0.06451
0.06014
0.06869
0.06869
0.08378
0.08369
0.08369
0.08369
0.08195
0.07020
0.07020
0.06941
0.06941
0.06941
0.04851
0.04827
0.05001
0.05001
0.06414
0.05542
0.05686
0.06451
0.07136
0.06612
0.07714
0.07714
0.07714
0.08740
0.07015
0.08577
0.08073
0.07856
0.07857
0.07393
0.07420
0.07393
0.05484
0.05203
0.03706
0.03945
0.03937
0.03265
0.03717
0.03716
0.03717
0.03566
0.03248
0.02808
0.03214
0.04102
0.03641
0.04214
0.03548
0.03700
0.03356
0.01849
0.01938
0.03246
0.03647
0.04384
0.03536
0.03552
0.03442
0.03442
0.04402
0.04464
0.05978
0.06347
0.05538
0.06073
0.06076
0.06076
0.06076
0.06076
0.04656
0.03050
0.03050
0.03049
0.04736
0.04697
0.04610
0.04697
0.04623
0.04637
0.04660
0.03915
0.03566
0.05418
0.08578
0.07021
0.07812
0.07716
0.06655
0.06937
0.06444
0.06482
0.09242
0.08746
0.08752
0.08752
0.05171
0.05121
0.04457
0.03603
0.04428
0.04522
0.04404
0.04430
0.03500
0.00000
0.00001
0.00142
0.00118
0.00077
0.00000
0.00000
0.00473
0.00479
0.00473
0.00853
0.00853
0.01276
0.01255
0.01278
0.02042
0.03341
0.03210
0.03210
0.04017
0.05526
0.03669
0.03553
0.03539
0.05159
0.05759
0.05689
0.02340
0.02312
0.04810
0.04940
0.04859
0.04875
0.04883
0.04259
0.05481
0.05015
0.04273
0.04984
0.05014
0.04971
0.04282
0.04951
0.04447
0.04531
0.03403
0.03403
0.04146
0.03521
0.03465
0.04311
0.04553
0.05213
0.05092
0.02976
0.02424
0.01582
0.01582
0.01515
0.01515
0.00002
0.00000
0.02052
0.02716
0.01614
0.02688
0.01536
0.01092
0.00119
0.00540
0.00540
0.00586
0.00533
0.00883
0.00108
0.00121
0.00549
0.01017
0.01662
0.01755
0.03060
0.03060
0.03053
0.03060
0.02792
0.02792
0.01951
0.00813
0.00517
0.02174
0.00832
0.00060
0.01666
0.02922
0.02925
0.04586
0.04586
0.04589
0.04819
0.04868
0.04618
0.04691
0.04693
0.04737
0.00540
0.03853
0.04577
0.02920
0.04831
0.04994
0.05267
0.05351
0.05039
0.05039
0.05039
0.03456
0.02028
0.01999
0.06680
0.06483
0.06671
0.07307
0.06348
0.06365
0.07049
0.06746
0.08093
0.08361
0.09769
0.09957
0.09323
0.09932
0.09434
0.08772
0.08772
0.10292
0.10292
0.11393
0.12275
0.13092
0.13251
0.13387
0.13109
0.11249
0.10716
0.08557
0.08586
0.09619
0.09815
0.09120
0.08750
0.07789
0.06908
0.05332
0.04646
0.07723
0.09351
0.08986
0.08590
0.08593
0.08593
0.09225
0.08374
0.07303
0.07090
0.07694
0.08028
0.07893
0.09064
0.07145
0.07145
0.06784
0.07155
0.07113
0.06829
0.06829
0.07157
0.06528
0.05994
0.04985
0.04077
0.04159
0.04146
0.04136
0.03940
0.02683
0.02683
0.01310
0.01360
0.01173
0.00498
0.02788
0.02870
0.02870
0.04383
0.04383
0.04383
0.04383
0.04383
0.04898
0.04893
0.04900
0.03472
0.04996
0.04958
0.05851
0.05982
0.05127
0.05133
0.05170
0.05232
0.03379
0.04212
0.10468
0.10171
0.08725
0.07536
0.07706
0.09051
0.09053
0.08819
0.09051
0.08938
0.06051
0.04747
0.05323
0.05282
0.05686
0.06427
0.09281
0.11388
0.11400
0.11405
0.11404
0.11066
0.12106
0.11455
0.11455
0.11111
0.11111
0.10886
0.11565
0.08470
0.08684
0.07686
0.07686
0.04961
0.04181
0.07050
0.06866
0.07064
0.07064
0.05307
0.05307
0.05307
0.04936
0.05270
0.05682
0.05275
0.07280
0.05553
0.06591
0.05814
0.04236
0.04236
0.04341
0.03854
0.03255
0.02982
0.01164
0.01084
0.02792
0.02554
0.01890
0.03088
0.04200
0.04880
0.05147
0.06024
0.05908
0.06040
0.06760
0.06776
0.07559
0.07684
0.07214
0.06298
0.02534
0.00487
0.00622
0.01879
0.01879
0.02189
0.00839
0.00826
0.00898
0.00898
0.02962
0.02562
0.02678
0.03049
0.03606
0.05117
0.05109
0.04356
0.03659
0.03659
0.03530
0.02928
0.02925
0.03906
0.04542
0.06274
0.06274
0.06276
0.06281
0.06274
0.05895
0.04005
0.04633
0.04262
0.03396
0.04608
0.04608
0.04608
0.04217
0.03990
0.03709
0.04057
0.02327
0.02104
0.01080
0.01080
0.01080
0.01765
0.01872
0.01956
0.02136
0.02136
0.02787
0.02369
0.02140
0.03112
0.03945
0.04779
0.04552
0.04873
0.05139
0.05182
0.04984
0.04996
0.04465
0.04538
0.03248
0.02295
0.02295
0.01540
0.01444
0.01540
0.01540
0.04285
0.03998
0.04269
0.06917
0.07375
0.07452
0.06882
0.06882
0.06882
0.06509
0.05160
0.05798
0.06934
0.06934
0.04832
0.03085
0.03166
0.03721
0.02984
0.02502
0.02540
0.03357
0.03351
0.03534
0.04331
0.04512
0.04084
0.07046
0.06431
0.04691
0.05700
0.06980
0.06980
0.06996
0.06869
0.06996
0.04955
0.05937
0.03807
0.05435
0.05489
0.06326
0.09303
0.08724
0.06466
0.06446
0.05572
0.05661
0.05947
0.05947
0.03658
0.04347
0.05480
0.05492
0.05273
0.05284
0.04943
0.05931
0.05023
0.05023
0.04332
0.05333
0.05332
0.05068
0.03300
0.02730
0.03945
0.04279
0.04279
0.02314
0.03547
0.05245
0.05248
0.05245
0.05242
0.06283
0.06275
0.09663
0.09663
0.08053
0.08501
0.09760
0.09959
0.09044
0.09044
0.09072
0.10435
0.10431
0.10435
0.10435
0.12891
0.13792
0.13650
0.15171
0.15171
0.13296
0.12378
0.12374
0.11856
0.09980
0.10038
0.10038
0.10038
0.10078
0.09249
0.09236
0.09130
0.09235
0.07767
0.06301
0.05855
0.06019
0.05891
0.06490
0.06632
0.07005
0.08588
0.08530
0.10400
0.10400
0.10412
0.10665
0.10437
0.10437
0.09612
0.08190
0.07642
0.07642
0.08964
0.08962
0.09028
0.11370
0.12234
0.12234
0.12248
0.10901
0.10869
0.10901
0.12709
0.12707
0.12709
0.12709
0.12770
0.13345
0.14210
0.13395
0.14160
0.14430
0.14694
0.14700
0.15472
0.14447
0.14447
0.12725
0.12645
0.12661
0.14264
0.12740
0.11784
0.11790
0.11157
0.11157
0.11999
0.12371
0.13370
0.14103
0.15018
0.14968
0.13515
0.15226
0.14308
0.14553
0.12482
0.12560
0.13799
0.13141
0.12931
0.12684
0.11151
0.10394
0.10408
0.10620
0.09049
0.08798
0.09823
0.11718
0.11596
0.11155
0.11157
0.10690
0.09120
0.09835
0.08361
0.08779
0.08315
0.07927
0.08186
0.05970
0.05761
0.05612
0.04607
0.04633
0.05397
0.05393
0.05073
0.05418
0.05431
0.03689
0.03155
0.03222
0.03222
0.02598
0.01245
0.01471
0.01425
0.01566
0.02672
0.00995
0.00999
0.00999
0.00999
0.00999
0.00999
0.01087
0.02412
0.02595
0.02665
0.02437
0.01314
0.01314
0.02267
0.00461
0.00461
0.00000
0.01075
0.01295
0.00093
0.00000
0.00000
0.00000
0.00475
0.00468
0.01533
0.01186
0.01984
0.02377
0.04482
0.03494
0.05244
0.05244
0.05044
0.02809
0.02731
0.03020
0.02398
0.03040
0.03604
0.03604
0.03056
0.03210
0.02869
0.02884
0.03513
0.03541
0.03539
0.03539
0.02224
0.01925
0.01816
0.01966
0.01974
0.01966
0.02824
0.02058
0.03328
0.03843
0.03843
0.05520
0.05643
0.05789
0.05467
0.05476
0.06517
0.06525
0.06496
0.06517
0.07081
0.06256
0.06067
0.06067
0.05918
0.07992
0.07992
0.07992
0.07560
0.07105
0.07445
0.07266
0.07407
0.06678
0.06674
0.07642
0.07330
0.06689
0.05734
0.05787
0.05016
0.04970
0.04962
0.05212
0.05205
0.04524
0.04514
0.04565
0.04514
0.04514
0.04514
0.04514
0.05249
0.05249
0.04408
0.03237
0.03239
0.06164
0.06407
0.06400
0.06407
0.06904
0.06885
0.05707
0.05738
0.05707
0.08366
0.08107
0.10094
0.10197
0.10559
0.11429
0.11402
0.10263
0.09236
0.09539
0.10118
0.10118
0.10654
0.12767
0.14118
0.13803
0.13811
0.14058
0.15690
0.15091
0.15014
0.15622
0.15928
0.15928
0.16001
0.15757
0.17190
0.17221
0.15796
0.15935
0.19509
0.18258
0.18247
0.20346
0.21220
0.19149
0.19310
0.20620
0.20595
0.19240
0.16883
0.18958
0.18033
0.17999
0.17894
0.17836
0.17894
0.17379
0.17392
0.17528
0.17764
0.17663
0.16983
0.16983
0.16983
0.17379
0.17356
0.16910
0.16671
0.16671
0.16175
0.16164
0.16163
0.18096
0.14366
0.14366
0.12598
0.13867
0.13721
0.10180
0.10180
0.10180
0.10011
0.10322
0.11801
0.07781
0.09002
0.09002
0.08965
0.09083
0.09899
0.09906
0.09906
0.10861
0.10861
0.10117
0.07799
0.07812
0.07812
0.04665
0.04693
0.02801
0.01790
0.00000
0.00000
0.00000
0.00011
0.00000
0.00068
0.00546
0.00535
0.00162
0.01678
0.01863
0.03757
0.04551
0.04573
0.04573
0.04578
0.05250
0.06481
0.07764
0.08082
0.08082
0.08082
0.07961
0.08082
0.08082
0.07274
0.05615
0.05420
0.06991
0.08091
0.08120
0.08091
0.09324
0.09324
0.09364
0.09324
0.09181
0.08241
0.08329
0.06864
0.08867
0.09673
0.09668
0.09668
0.08741
0.09668
0.09918
0.09676
0.09562
0.08957
0.06508
0.06968
0.04251
0.04242
0.05155
0.05692
0.05995
0.06724
0.05246
0.05179
0.05179
0.05596
0.03534
0.05978
0.05287
0.05576
0.06197
0.06197
0.06240
0.06197
0.06197
0.05621
0.05621
0.04000
0.02993
0.02993
0.02805
0.02790
0.02793
0.02793
0.01949
0.01966
0.02646
0.03828
0.03973
0.03828
0.02286
0.02286
0.03337
0.03352
0.01932
0.01370
0.00791
0.00000
0.00000
0.00952
0.00141
0.00141
0.00105
0.00141
0.00156
0.00134
0.01677
0.01163
0.01754
0.02529
0.02498
0.02498
0.02498
0.04083
0.04083
0.04042
0.04083
0.03158
0.03057
0.03057
0.02663
0.02663
0.01896
0.01795
0.01681
0.02472
0.00720
0.01166
0.01447
0.01185
0.01136
0.01136
0.01136
0.01136
0.01136
0.01945
0.00778
0.00780
0.01309
0.01309
0.02313
0.02338
0.02313
0.06079
0.07635
0.07147
0.07128
0.06780
0.06295
0.05822
0.05968
0.06624
0.06906
0.07178
0.07178
0.08360
0.08086
0.08086
0.07187
0.07085
0.07098
0.07098
0.05963
0.06731
0.07862
0.07862
0.07349
0.07344
0.07392
0.07430
0.07434
0.07434
0.08948
0.07723
0.08598
0.10437
0.09098
0.09092
0.07950
0.07950
0.08522
0.08293
0.08454
0.08446
0.08605
0.07312
0.08226
0.05992
0.05992
0.05506
0.05508
0.05490
0.05490
0.05490
0.06260
0.07380
0.07380
0.07380
0.06538
0.05030
0.04685
0.04724
0.05209
0.04185
0.04801
0.03894
0.03844
0.04084
0.02834
0.02816
0.02782
0.01992
0.01628
0.02529
0.02865
0.02865
0.02448
0.02006
0.00224
0.00580
0.01231
0.00850
0.00848
0.00887
0.00850
0.01182
0.00005
0.00000
0.00868
0.00323
0.02024
0.02143
0.04001
0.02870
0.02875
0.02868
0.02446
0.02814
0.04476
0.09439
0.06607
0.05474
0.05406
0.06231
0.06404
0.05876
0.07024
0.06718
0.06397
0.06447
0.06393
0.05569
0.03675
0.03665
0.03676
0.04340
0.03485
0.02790
0.02112
0.02110
0.01156
0.00929
0.00311
0.00000
0.00962
0.00157
0.01284
0.01284
0.01284
0.00716
0.00743
0.00000
0.00000
0.00000
0.00166
0.00166
0.00588
0.00830
0.00162
0.00368
0.00000
0.00000
0.01746
0.01741
0.00377
0.00369
0.00377
0.00377
0.02319
0.01216
0.00818
0.00692
0.03495
0.03381
0.05703
0.06965
0.07891
0.07891
0.06737
0.06349
0.04028
0.03508
0.04429
0.04486
0.02898
0.04789
0.06446
0.06446
0.06446
0.05242
0.08030
0.09255
0.08803
0.08803
0.10099
0.10114
0.10099
0.10099
0.10097
0.10104
0.09032
0.09521
0.08881
0.08884
0.08881
0.10733
0.11092
0.11092
0.08079
0.08084
0.11968
0.11737
0.10464
0.10458
0.11011
0.11903
0.11407
0.12240
0.12585
0.12772
0.13145
0.13145
0.13145
0.10524
0.10617
0.10525
0.10053
0.10476
0.10476
0.09785
0.09819
0.09785
0.10773
0.09179
0.11121
0.12327
0.12327
0.12834
0.12937
0.13358
0.10527
0.10527
0.07614
0.07614
0.05848
0.05806
0.05792
0.05806
0.05806
0.05806
0.06053
0.05806
0.05820
0.05417
0.05665
0.02732
0.02115
0.02248
0.00000
0.02640
0.03029
0.03029
0.02758
0.01561
0.01579
0.01539
0.01564
0.01561
0.04067
0.04067
0.04067
0.03931
0.04042
0.04963
0.03338
0.03572
0.04164
0.00336
0.00000
0.00000
0.00000
0.01370
0.00274
0.02126
0.01829
0.01829
0.01828
0.02953
0.02226
0.03502
0.04175
0.04175
0.04188
0.03388
0.03393
0.03325
0.03343
0.03863
0.03863
0.06576
0.05911
0.07275
0.07275
0.06519
0.08156
0.09492
0.07428
0.05715
0.05213
0.05715
0.05715
0.05507
0.06528
0.06471
0.06482
0.06482
0.07985
0.07448
0.06412
0.05446
0.04754
0.04881
0.03127
0.02693
0.02681
0.03193
0.03605
0.04146
0.04147
0.06389
0.06071
0.06411
0.06632
0.06632
0.06632
0.07720
0.08283
0.08291
0.07339
0.06777
0.06013
0.03179
0.03329
0.03455
0.02953
0.03018
0.02172
0.01157
0.02404
0.02363
0.01153
0.03190
0.03233
0.03334
0.05058
0.05144
0.05660
0.05879
0.05616
0.05545
0.04781
0.04781
0.05596
0.07124
0.07124
0.06315
0.07124
0.08295
0.08546
0.07683
0.05527
0.05527
0.05185
0.05185
0.02540
0.02540
0.02668
0.03354
0.03363
0.02432
0.02320
0.01849
0.01847
0.01847
0.01812
0.01803
0.01804
0.01804
0.00289
0.00289
0.00321
0.00289
0.00283
0.00289
0.00291
0.01417
0.01876
0.01757
0.03539
0.03196
0.05193
0.04454
0.04476
0.03931
0.04156
0.04140
0.02139
0.00573
0.02155
0.03171
0.03396
0.02232
0.03191
0.03191
0.04880
0.04914
0.03962
0.04163
0.04386
0.04294
0.05476
0.06180
0.05345
0.05530
0.05530
0.05766
0.07655
0.07137
0.04864
0.04987
0.04902
0.05559
0.05873
0.05873
0.05475
0.05475
0.03904
0.04706
0.03848
0.03892
0.03377
0.03718
0.02440
0.02440
0.00201
0.00000
0.01516
0.01516
0.01514
0.00008
0.00000
0.00000
0.00168
0.00000
0.02578
0.01541
0.01538
0.02273
0.01592
0.02273
0.02771
0.02689
0.02985
0.02985
0.02356
0.03112
0.01499
0.01499
0.02568
0.03206
0.03206
0.04621
0.03206
0.04398
0.03082
0.01756
0.01760
0.00000
0.00714
0.00714
0.01434
0.02502
0.04106
0.05580
0.05562
0.02040
0.00006
0.01099
0.00950
0.00957
0.00950
0.01719
0.02563
0.02731
0.00356
0.00000
0.00000
0.00529
0.01286
0.01303
0.00649
0.00649
0.00646
0.00652
0.00383
0.00000
0.00000
0.00012
0.00716
0.00716
0.00716
0.00903
0.01195
0.01767
0.02844
0.02844
0.02844
0.02814
0.01430
0.00108
0.00000
0.00001
0.00000
0.00000
0.00226
0.03544
0.04096
0.04001
0.04625
0.04045
0.04045
0.03939
0.06092
0.05499
0.05499
0.05181
0.05954
0.06343
0.06877
0.07192
0.08224
0.07095
0.07269
0.06331
0.06329
0.09133
0.09003
0.09002
0.08276
0.07841
0.05771
0.04469
0.05004
0.05004
0.04971
0.04982
0.03700
0.00653
0.00653
0.00670
0.01022
0.01025
0.01057
0.01453
0.02366
0.02904
0.05166
0.03839
0.03314
0.03281
0.02878
0.02561
0.02593
0.01252
0.01829
0.01887
0.01975
0.02148
0.02002
0.01890
0.01891
0.01891
0.00000
0.00373
0.00000
0.01697
0.01384
0.01582
0.01582
0.01898
0.00789
0.00565
0.00551
0.00551
0.00928
0.03422
0.03482
0.03486
0.03489
0.03486
0.03377
0.02878
0.00984
0.00984
0.00984
0.00984
0.00989
0.00984
0.00446
0.00988
0.02196
0.00969
0.01345
0.01345
0.01350
0.03869
0.05845
0.05822
0.07510
0.07690
0.08559
0.09229
0.09143
0.09171
0.09204
0.07950
0.07665
0.07530
0.06205
0.08538
0.08538
0.08538
0.08538
0.02901
0.04074
0.04139
0.05603
0.05142
0.06621
0.06629
0.06629
0.06787
0.06787
0.06787
0.06778
0.04821
0.04836
0.04669
0.04669
0.05700
0.06933
0.06453
0.04822
0.04460
0.04375
0.05099
0.05476
0.05476
0.08462
0.08461
0.08014
0.07845
0.07716
0.08483
0.08423
0.09188
0.09206
0.10384
0.10385
0.10385
0.10417
0.12346
0.12346
0.12401
0.15587
0.14628
0.14232
0.13390
0.13366
0.13215
0.14190
0.14241
0.15888
0.13974
0.14584
0.14650
0.14650
0.14650
0.15855
0.15857
0.15859
0.14443
0.09616
0.08785
0.10319
0.10053
0.10053
0.10062
0.11049
0.12107
0.11470
0.13729
0.12429
0.12429
0.09408
0.09408
0.08688
0.07395
0.07071
0.07076
0.06719
0.04198
0.04980
0.04293
0.02937
0.03576
0.03037
0.01224
0.00875
0.01255
0.02338
0.00783
0.01226
0.00034
0.00005
0.01130
0.03099
0.01295
0.01295
0.00253
0.00254
0.00033
0.00000
0.00200
0.00222
0.00000
0.00000
0.00185
0.00177
0.00445
0.02074
0.02015
0.03233
0.03234
0.03906
0.04370
0.03555
0.03555
0.03555
0.00000
0.00007
0.00000
0.00000
0.00000
0.01976
0.04423
0.07175
0.06023
0.05905
0.06561
0.05943
0.04815
0.05090
0.07329
0.07328
0.07328
0.07328
0.07328
0.08368
0.09984
0.10918
0.10112
0.07890
0.07890
0.07890
0.08108
0.09364
0.09052
0.09387
0.09403
0.09403
0.10287
0.10285
0.10889
0.11557
0.11563
0.11557
0.11430
0.11430
0.11430
0.12159
0.12160
0.12159
0.12877
0.10942
0.09992
0.10831
0.08982
0.08965
0.11003
0.11003
0.11252
0.11197
0.11197
0.11197
0.11318
0.11237
0.10325
0.10325
0.10325
0.10325
0.11202
0.08632
0.08652
0.08652
0.10369
0.10280
0.10296
0.10126
0.10789
0.12149
0.12289
0.12731
0.12507
0.11107
0.12315
0.12315
0.12948
0.12587
0.12576
0.12617
0.12663
0.13223
0.14122
0.14141
0.14141
0.14141
0.15175
0.15963
0.15963
0.13103
0.13038
0.13040
0.12313
0.12520
0.12351
0.12580
0.13486
0.13460
0.13486
0.13984
0.12819
0.12817
0.12753
0.09717
0.09071
0.08767
0.07524
0.07521
0.07521
0.07521
0.05229
0.05236
0.06201
0.06194
0.06230
0.06235
0.05985
0.06014
0.05789
0.04823
0.05061
0.04508
0.04026
0.03792
0.03792
0.03791
0.02549
0.02549
0.02078
0.02412
0.00792
0.01013
0.01867
0.01867
0.05065
0.04917
0.03427
0.02924
0.03468
0.02051
0.02030
0.02030
0.01341
0.01982
0.02694
0.01849
0.01736
0.01168
0.00985
0.00000
0.00242
0.01874
0.00300
0.00411
0.02086
0.02173
0.02173
0.02962
0.02962
0.01754
0.00412
0.00405
0.00000
0.00000
0.00021
0.03240
0.03152
0.02818
0.02181
0.02246
0.05974
0.04935
0.05515
0.04129
0.03814
0.03814
0.04730
0.04708
0.04733
0.03671
0.05443
0.05898
0.05898
0.04997
0.04997
0.04997
0.03980
0.06870
0.08067
0.07598
0.07488
0.08138
0.08397
0.07462
0.07460
0.05827
0.05637
0.05741
0.05672
0.05666
0.05666
0.06605
0.06605
0.06272
0.05050
0.05050
0.04390
0.04465
0.04910
0.05675
0.04417
0.04417
0.05645
0.08224
0.08154
0.07981
0.06636
0.07548
0.07548
0.07334
0.07344
0.04854
0.05959
0.06655
0.06649
0.06629
0.09185
0.09187
0.09578
0.10779
0.10779
0.10779
0.10779
0.10765
0.12708
0.11860
0.08730
0.08496
0.08496
0.10060
0.08452
0.08728
0.06260
0.06911
0.06754
0.08048
0.08029
0.07124
0.08504
0.10600
0.09683
0.08759
0.09435
0.10249
0.10291
0.10291
0.09369
0.09375
0.10236
0.09418
0.11120
0.11041
0.11278
0.11278
0.12434
0.11806
0.11809
0.11809
0.11491
0.10617
0.10617
0.08900
0.08573
0.08210
0.08412
0.08685
0.11471
0.10624
0.09821
0.09428
0.09428
0.09428
0.08718
0.09118
0.09438
0.09659
0.09798
0.09706
0.09711
0.07213
0.07216
0.08473
0.08394
0.08612
0.08829
0.08622
0.07669
0.07588
0.07588
0.07588
0.07498
0.07578
0.07593
0.05338
0.05301
0.05469
0.06044
0.04739
0.05151
0.06533
0.08338
0.09101
0.08859
0.08921
0.08973
0.08972
0.08973
0.08942
0.08942
0.08950
0.08713
0.08717
0.08011
0.11278
0.11719
0.10769
0.10818
0.11258
0.11663
0.11304
0.11295
0.10179
0.10389
0.11552
0.11533
0.10460
0.09909
0.09493
0.12356
0.12347
0.12347
0.12167
0.13518
0.12880
0.12031
0.11857
0.12904
0.12755
0.13625
0.12672
0.12114
0.13790
0.14593
0.14349
0.13735
0.14182
0.14182
0.13812
0.13749
0.13294
0.13294
0.13683
0.12549
0.12157
0.09666
0.09666
0.09636
0.09666
0.09795
0.09156
0.09033
0.07642
0.07028
0.06964
0.05696
0.01830
0.01824
0.01598
0.01799
0.01701
0.00948
0.00283
0.00194
0.00205
0.00404
0.02179
0.01770
0.02251
0.05179
0.05145
0.03417
0.02480
0.02420
0.02522
0.03516
0.03740
0.03751
0.04333
0.04661
0.02930
0.02823
0.03998
0.06814
0.06466
0.06478
0.07712
0.07712
0.05141
0.04342
0.05368
0.05286
0.04778
0.04644
0.04535
0.04535
0.03849
0.03849
0.03849
0.03849
0.03849
0.03871
0.04706
0.06743
0.06720
0.05931
0.07210
0.06002
0.05332
0.05234
0.02795
0.02795
0.02903
0.01880
0.00298
0.01816
0.02317
0.01505
0.01494
0.01483
0.01556
0.01844
0.01943
0.03062
0.03343
0.01697
0.00636
0.00580
0.00003
0.00000
0.00071
0.00000
0.00000
0.00000
0.00240
0.00000
0.00094
0.00094
0.00139
0.00139
0.00137
0.00830
0.00830
0.01780
0.01522
0.01522
0.01522
0.01879
0.01684
0.02119
0.01260
0.01598
0.01598
0.01589
0.01928
0.02707
0.02806
0.02797
0.02797
0.02867
0.02867
0.04277
0.04277
0.00404
0.00421
0.00381
0.00441
0.01403
0.01403
0.01403
0.01403
0.02328
0.02328
0.02328
0.03992
0.03843
0.03063
0.03904
0.03937
0.05338
0.08641
0.06079
0.05415
0.04685
0.03879
0.01165
0.00348
0.01583
0.00736
0.02068
0.02302
0.02244
0.02244
0.01617
0.00117
0.00287
0.00367
0.00365
0.01358
0.01763
0.03079
0.04655
0.04853
0.04916
0.04125
0.03742
0.03848
0.03954
0.03958
0.03958
0.04075
0.04211
0.04990
0.04990
0.04882
0.02734
0.03657
0.03656
0.02895
0.02403
0.03115
0.00760
0.01180
0.01409
0.00864
0.04508
0.05249
0.05249
0.04365
0.05029
0.06264
0.05144
0.04864
0.04936
0.06706
0.06908
0.06638
0.06684
0.08545
0.08545
0.08545
0.09982
0.07931
0.07907
0.08067
0.08648
0.08632
0.10856
0.10856
0.10679
0.11418
0.11418
0.13387
0.13387
0.12134
0.11546
0.11599
0.10050
0.09874
0.07433
0.06670
0.06782
0.07170
0.07146
0.06212
0.05601
0.05622
0.04360
0.01555
0.02558
0.05104
0.05091
0.05093
0.03572
0.03706
0.04461
0.04517
0.04409
0.04012
0.03872
0.04543
0.04193
0.04193
0.04697
0.05800
0.05310
0.07093
0.07093
0.06853
0.06871
0.05112
0.02427
0.01418
0.03042
0.04080
0.04062
0.02923
0.03527
0.03208
0.03312
0.04678
0.04678
0.04678
0.05804
0.05804
0.05985
0.05995
0.06018
0.05746
0.05675
0.05675
0.07384
0.07384
0.07384
0.08041
0.07746
0.07745
0.07732
0.07745
0.07666
0.06206
0.05931
0.06112
0.06857
0.05819
0.05258
0.04827
0.05060
0.03895
0.03924
0.03924
0.03924
0.03221
0.03502
0.03502
0.03795
0.03161
0.03606
0.03606
0.04986
0.06019
0.08600
0.08793
0.09252
0.08947
0.09390
0.09390
0.09310
0.09789
0.09781
0.09789
0.10410
0.10395
0.10259
0.10260
0.10262
0.10278
0.09382
0.09399
0.09395
0.08702
0.07122
0.07971
0.07982
0.07891
0.07970
0.07971
0.06993
0.07145
0.06993
0.07165
0.07165
0.07165
0.05303
0.05040
0.04446
0.04587
0.03688
0.03717
0.03711
0.03688
0.03711
0.03709
0.04007
0.03995
0.04944
0.05847
0.05847
0.04654
0.04268
0.04139
0.05283
0.04807
0.04807
0.04883
0.03526
0.04073
0.04960
0.04974
0.06191
0.06166
0.06222
0.04730
0.03700
0.03437
0.03437
0.01432
0.00000
0.00882
0.01249
0.03126
0.01984
0.02609
0.02440
0.01819
0.00987
0.01010
0.01010
0.01090
0.01858
0.01849
0.01849
0.02752
0.03230
0.03230
0.03966
0.04260
0.04704
0.05906
0.05906
0.05910
0.02450
0.02450
0.02577
0.02134
0.02033
0.03082
0.00955
0.00955
0.00000
0.00000
0.00243
0.01961
0.01814
0.01818
0.01818
0.03407
0.03406
0.03406
0.01521
0.01545
0.01331
0.02534
0.02915
0.02676
0.02676
0.02649
0.03142
0.03142
0.03322
0.03220
0.01092
0.00200
0.00283
0.01956
0.01956
0.02005
0.01692
0.04085
0.05421
0.05477
0.05306
0.04965
0.05011
0.03442
0.03388
0.02374
0.00839
0.00839
0.01143
0.02010
0.02010
0.00419
0.01138
0.01776
0.01771
0.01776
0.01614
0.00000
0.00083
0.00000
0.00139
0.02866
0.03096
0.03097
0.03103
0.00790
0.00790
0.01303
0.01019
0.01479
0.01470
0.01019
0.00874
0.01470
0.01268
0.01263
0.03349
0.04980
0.04965
0.04965
0.04965
0.04965
0.04965
0.06654
0.06654
0.06654
0.06649
0.06587
0.06619
0.07586
0.07969
0.08533
0.09468
0.10399
0.10108
0.10108
0.11421
0.11421
0.10736
0.11008
0.11008
0.10861
0.10297
0.10297
0.11057
0.11057
0.11057
0.10026
0.09769
0.09769
0.09770
0.09778
0.08620
0.08632
0.08620
0.08635
0.08632
0.09126
0.09126
0.10161
0.12825
0.12501
0.12368
0.12291
0.11421
0.11111
0.11111
0.10950
0.10950
0.11857
0.10637
0.11573
0.12052
0.09991
0.08974
0.07534
0.08103
0.08679
0.07866
0.09082
0.08899
0.08899
0.08933
0.06752
0.07494
0.07453
0.07453
0.07453
0.06703
0.07152
0.06494
0.07399
0.07792
0.08152
0.09004
0.09408
0.07787
0.08141
0.10418
0.10503
0.12206
0.12206
0.12206
0.11826
0.11001
0.09874
0.09874
0.09892
0.10346
0.11461
0.08131
0.06440
0.06440
0.06350
0.05745
0.05702
0.06672
0.05153
0.04125
0.04125
0.04125
0.04492
0.04286
0.02996
0.02462
0.03152
0.02929
0.02744
0.03905
0.03905
0.03648
0.03649
0.00170
0.03552
0.03552
0.06005
0.05857
0.02851
0.02074
0.00290
0.00000
0.00000
0.00000
0.00068
0.00068
0.00068
0.00451
0.00509
0.00017
0.00000
0.01956
0.00722
0.02617
0.02851
0.02745
0.01760
0.02200
0.02200
0.02034
0.02705
0.02705
0.02705
0.02705
0.02705
0.03098
0.02823
0.04859
0.04859
0.04859
0.04859
0.05965
0.08604
0.09395
0.09245
0.09303
0.08735
0.09156
0.09332
0.09867
0.10587
0.10618
0.10467
0.10587
0.11582
0.11432
0.11546
0.11546
0.11546
0.11546
0.13553
0.14899
0.14614
0.13470
0.13473
0.12837
0.12604
0.13441
0.12123
0.12123
0.12046
0.12047
0.13795
0.13870
0.13945
0.13207
0.12072
0.11999
0.11680
0.10311
0.08574
0.09634
0.12479
0.12507
0.12507
0.14496
0.13254
0.13244
0.13254
0.13612
0.12995
0.13045
0.13145
0.13143
0.13105
0.13275
0.13111
0.11266
0.13128
0.11070
0.10227
0.10189
0.10082
0.10072
0.10366
0.08976
0.08695
0.08395
0.08686
0.12684
0.11787
0.11802
0.11802
0.11904
0.11396
0.11393
0.11396
0.13658
0.13150
0.13150
0.12993
0.13150
0.12283
0.13234
0.13234
0.13269
0.11868
0.12650
0.11880
0.12366
0.13398
0.11457
0.11324
0.11448
0.10620
0.11243
0.10620
0.10620
0.11298
0.11076
0.11955
0.11402
0.11537
0.11959
0.11952
0.11965
0.11965
0.11968
0.13368
0.13484
0.13035
0.12907
0.13918
0.12505
0.12813
0.13437
0.14049
0.14049
0.15291
0.16432
0.16187
0.14912
0.14933
0.14912
0.13156
0.12049
0.12049
0.11988
0.12386
0.12361
0.12386
0.12559
0.12962
0.13360
0.13697
0.13979
0.16683
0.17532
0.17811
0.17816
0.17816
0.18433
0.18793
0.18880
0.18865
0.19472
0.19579
0.18223
0.17133
0.17974
0.18036
0.18038
0.17213
0.17242
0.17242
0.16870
0.16132
0.15991
0.15237
0.15238
0.15239
0.13573
0.13546
0.14094
0.14370
0.14359
0.14920
0.13759
0.13759
0.14024
0.14157
0.14152
0.13961
0.12864
0.13400
0.12439
0.13097
0.11162
0.11064
0.11063
0.10596
0.09151
0.09151
0.09179
0.06487
0.03960
0.03955
0.03955
0.04034
0.04117
0.04439
0.04335
0.04439
0.05751
0.06262
0.06262
0.07155
0.05434
0.03704
0.03704
0.02411
0.03123
0.03535
0.03621
0.03621
0.05054
0.05054
0.04863
0.03110
0.03379
0.04521
0.04506
0.04521
0.02713
0.02713
0.01495
0.05023
0.05023
0.05023
0.05023
0.05011
0.03607
0.04661
0.04706
0.04385
0.04395
0.07023
0.06798
0.06037
0.07255
0.07929
0.07096
0.06298
0.06434
0.06672
0.06669
0.07060
0.07060
0.07279
0.08252
0.08880
0.08880
0.08241
0.07592
0.06563
0.04305
0.04273
0.04273
0.03935
0.03137
0.01739
0.00516
0.00799
0.00799
0.01770
0.01613
0.01592
0.01592
0.02751
0.02751
0.01495
0.04182
0.03976
0.03980
0.03322
0.03406
0.01053
0.00793
0.00002
0.00100
0.00000
0.00000
0.00000
0.00391
0.00617
0.00000
0.00000
0.00010
0.00707
0.00700
0.00707
0.00019
0.00007
0.00000
0.00000
0.00001
0.00005
0.00107
0.00621
0.00612
0.00612
0.00009
0.00000
0.01812
0.01815
0.02672
0.03355
0.03022
0.03017
0.03019
0.03897
0.03772
0.03323
0.02083
0.01708
0.03448
0.02634
0.02593
0.03247
0.02232
0.02633
0.01507
0.01756
0.01507
0.01507
0.01646
0.01646
0.02035
0.02035
0.02035
0.04702
0.04719
0.05045
0.05494
0.08194
0.08922
0.08272
0.08368
0.08830
0.08790
0.08680
0.08981
0.10324
0.09495
0.08882
0.09229
0.09178
0.09183
0.09169
0.07749
0.09460
0.09470
0.09470
0.10761
0.09640
0.08114
0.08078
0.09427
0.09296
0.08989
0.07331
0.07513
0.07667
0.05676
0.04379
0.05262
0.05262
0.07191
0.07191
0.08100
0.07424
0.07361
0.06154
0.06154
0.08458
0.08453
0.08108
0.07440
0.06730
0.05255
0.07594
0.07594
0.07605
0.08496
0.06488
0.06486
0.06448
0.06612
0.06318
0.07151
0.07411
0.07745
0.08474
0.09879
0.09887
0.09747
0.09878
0.10514
0.10509
0.09764
0.10919
0.10919
0.10919
0.10919
0.11041
0.11069
0.10490
0.11956
0.14154
0.13887
0.14191
0.13493
0.14424
0.14270
0.14208
0.14913
0.14312
0.10671
0.08894
0.09280
0.09972
0.09707
0.08747
0.08731
0.08731
0.09464
0.09809
0.06823
0.06486
0.09495
0.10937
0.09782
0.09959
0.11301
0.11308
0.10390
0.10470
0.10861
0.11731
0.11888
0.13233
0.13243
0.13243
0.13243
0.13800
0.13045
0.14378
0.14378
0.14391
0.14378
0.14407
0.13611
0.13521
0.13330
0.13698
0.13071
0.11460
0.11422
0.11414
0.11416
0.11408
0.11266
0.11547
0.11547
0.12355
0.12127
0.12127
0.12051
0.12136
0.11614
0.09770
0.08756
0.08843
0.08740
0.09960
0.09475
0.09515
0.09475
0.09017
0.10044
0.10044
0.11054
0.11288
0.12857
0.12342
0.12342
0.12686
0.14552
0.14322
0.14173
0.15251
0.15401
0.11024
0.11221
0.12593
0.12337
0.13442
0.14345
0.12739
0.12740
0.14057
0.11911
0.10018
0.09793
0.09798
0.09791
0.11454
0.11054
0.08603
0.08482
0.08604
0.06888
0.06888
0.06874
0.06972
0.07376
0.07628
0.08052
0.08052
0.08715
0.08709
0.08216
0.08216
0.08430
0.08430
0.07465
0.07381
0.07518
0.07518
0.09104
0.08417
0.08629
0.08468
0.09449
0.09538
0.10037
0.11395
0.11587
0.12543
0.12542
0.12214
0.12674
0.10134
0.09516
0.09614
0.09622
0.09622
0.09206
0.09206
0.10208
0.09933
0.09850
0.09521
0.09187
0.09296
0.10046
0.10046
0.09738
0.09696
0.07886
0.07896
0.07577
0.07530
0.08076
0.08076
0.08042
0.07965
0.06787
0.07648
0.09250
0.09757
0.09762
0.09202
0.07516
0.07505
0.07594
0.07516
0.07516
0.09250
0.09230
0.08119
0.08080
0.07607
0.06846
0.06654
0.06259
0.06266
0.06263
0.07010
0.07403
0.06730
0.06495
0.05903
0.05917
0.07426
0.07580
0.05410
0.05103
0.05030
0.05526
0.05526
0.05644
0.05737
0.05736
0.05764
0.05415
0.05069
0.05069
0.06039
0.06588
0.07695
0.07695
0.08056
0.08550
0.09453
0.10536
0.10187
0.09962
0.10098
0.10098
0.09561
0.10079
0.10098
0.10164
0.10098
0.10133
0.09520
0.10683
0.11547
0.11218
0.11517
0.11517
0.10316
0.09073
0.09204
0.10124
0.11420
0.09455
0.12210
0.12210
0.12055
0.13032
0.13032
0.13032
0.14261
0.14255
0.14546
0.14370
0.14370
0.14229
0.12883
0.12957
0.12957
0.13518
0.13518
0.12764
0.12843
0.12210
0.14106
0.12280
0.12176
0.13216
0.13225
0.13141
0.13694
0.10854
0.10640
0.10161
0.10247
0.12757
0.12449
0.12751
0.13148
0.14274
0.14276
0.14288
0.15282
0.15337
0.14058
0.15726
0.16228
0.16506
0.16555
0.16573
0.15544
0.14131
0.13986
0.12099
0.12518
0.12518
0.12528
0.13629
0.13501
0.13453
0.13656
0.14614
0.14357
0.13492
0.12125
0.12492
0.12492
0.11883
0.14126
0.14776
0.14281
0.14550
0.14135
0.13300
0.14045
0.13742
0.13428
0.13379
0.12040
0.13299
0.13299
0.11250
0.09358
0.09507
0.09161
0.10874
0.10470
0.10498
0.11463
0.10422
0.09954
0.09960
0.10222
0.10222
0.08910
0.08380
0.08959
0.08785
0.08880
0.08880
0.08880
0.08880
0.10191
0.08933
0.08933
0.07605
0.04523
0.04523
0.03809
0.04166
0.06848
0.08801
0.05447
0.04261
0.04822
0.04647
0.04658
0.06111
0.06111
0.06195
0.06107
0.06111
0.04370
0.04370
0.07016
0.05852
0.06056
0.06054
0.05441
0.05441
0.05531
0.06679
0.05323
0.03653
0.03654
0.03832
0.07091
0.06998
0.06868
0.06995
0.07672
0.07812
0.07695
0.07777
0.07956
0.07956
0.08159
0.07662
0.07955
0.07263
0.07256
0.06637
0.04763
0.05209
0.05002
0.05002
0.05057
0.07404
0.06445
0.06396
0.05878
0.08432
0.08295
0.08363
0.08488
0.07750
0.07750
0.08388
0.09060
0.07919
0.07925
0.08103
0.08289
0.08103
0.08359
0.08373
0.08370
0.07862
0.07868
0.07885
0.07868
0.07868
0.05992
0.06074
0.06074
0.07264
0.07264
0.07264
0.07143
0.07823
0.06269
0.06269
0.06269
0.06269
0.05561
0.06498
0.07116
0.07601
0.06924
0.04228
0.02317
0.02350
0.02626
0.02629
0.03507
0.02710
0.04891
0.05976
0.03712
0.02856
0.02556
0.02252
0.00818
0.00244
0.00638
0.00000
0.00995
0.01132
0.01132
0.01144
0.01132
0.01415
0.00000
0.00038
0.00000
0.00008
0.00000
0.00610
0.00000
0.01313
0.01313
0.00639
0.02141
0.01520
0.01520
0.01664
0.02957
0.02972
0.01034
0.00000
0.01090
0.02484
0.04039
0.04039
0.03591
0.00237
0.00687
0.01300
0.01401
0.02266
0.01409
0.01580
0.02837
0.02837
0.03054
0.04572
0.04710
0.05382
0.03351
0.02082
0.02085
0.01416
0.00826
0.01050
0.00598
0.01185
0.03652
0.03563
0.04117
0.04239
0.04369
0.03434
0.03434
0.02928
0.01957
0.01626
0.01127
0.01126
0.00856
0.00844
0.01468
0.01429
0.00000
0.00000
0.00345
0.00002
0.00000
0.00007
0.00922
0.02654
0.02667
0.03913
0.03250
0.03648
0.03020
0.02929
0.02765
0.03627
0.03288
0.03986
0.02087
0.01819
0.02349
0.02301
0.02297
0.02062
0.02092
0.02823
0.02891
0.02826
0.02826
0.04121
0.03971
0.04118
0.03450
0.04481
0.04371
0.03283
0.04102
0.04102
0.04362
0.03194
0.03192
0.02940
0.02948
0.02940
0.01579
0.02682
0.01232
0.01169
0.01169
0.01169
0.01155
0.02775
0.02885
0.03409
0.04599
0.07698
0.07141
0.06188
0.06729
0.06916
0.08061
0.09070
0.08601
0.08626
0.10615
0.11390
0.11412
0.11390
0.11390
0.09857
0.07315
0.06977
0.07344
0.07611
0.07599
0.07130
0.08865
0.08865
0.06821
0.06708
0.08415
0.08359
0.08334
0.08343
0.05470
0.04651
0.04651
0.03764
0.04180
0.04191
0.04191
0.03366
0.04054
0.04747
0.05716
0.05716
0.05679
0.05716
0.05737
0.05754
0.05710
0.07715
0.06894
0.06894
0.06294
0.04596
0.06205
0.06343
0.06036
0.05343
0.05943
0.04894
0.04894
0.02131
0.01383
0.01386
0.01378
0.00424
0.00396
0.00357
0.01918
0.03695
0.03385
0.02802
0.02637
0.02841
0.02890
0.02495
0.01901
0.01716
0.00541
0.00541
0.00294
0.00294
0.00301
0.00478
0.00478
0.01364
0.01398
0.01364
0.02895
0.02428
0.03039
0.03408
0.02553
0.02531
0.02802
0.02918
0.03739
0.04004
0.04155
0.04015
0.03549
0.03549
0.01523
0.01523
0.01397
0.01411
0.01405
0.01327
0.01840
0.01841
0.01841
0.00724
0.00782
0.01169
0.01169
0.01160
0.00852
0.01460
0.02905
0.02905
0.03546
0.03017
0.03003
0.02946
0.04443
0.03309
0.03366
0.03369
0.03396
0.03396
0.05221
0.05603
0.06009
0.06009
0.06185
0.05739
0.08485
0.07704
0.07701
0.06588
0.08336
0.08336
0.08503
0.08715
0.08217
0.07061
0.07705
0.06511
0.06759
0.05623
0.08557
0.08130
0.08577
0.08576
0.08947
0.09079
0.09553
0.09503
0.09985
0.09985
0.08639
0.09108
0.09584
0.09586
0.07260
0.07144
0.05456
0.05456
0.04636
0.04699
0.07194
0.07233
0.07725
0.07712
0.06981
0.05748
0.05748
0.05748
0.05748
0.05749
0.05235
0.05202
0.05319
0.05550
0.05419
0.04318
0.04318
0.04063
0.02329
0.01672
0.03084
0.02709
0.02724
0.02724
0.03291
0.03054
0.03612
0.03474
0.03474
0.05165
0.04490
0.04585
0.03448
0.03448
0.03449
0.02736
0.03341
0.00081
0.02682
0.01800
0.00673
0.00683
0.02365
0.01701
0.02403
0.01626
0.01653
0.01653
0.00124
0.00123
0.01335
0.01563
0.00261
0.00863
0.00006
0.00000
0.00000
0.00000
0.00507
0.00000
0.00000
0.01001
0.00813
0.01637
0.01638
0.00123
0.00000
0.00000
0.00000
0.01741
0.01245
0.00398
0.00432
0.01127
0.01126
0.02968
0.03046
0.02697
0.02697
0.02105
0.02856
0.02723
0.07846
0.07988
0.08607
0.08439
0.09558
0.09558
0.09558
0.08647
0.08425
0.08378
0.08957
0.08957
0.07914
0.09828
0.09541
0.09549
0.09115
0.08973
0.08949
0.08450
0.08767
0.08767
0.08645
0.10134
0.09850
0.09828
0.07722
0.07803
0.07722
0.07709
0.06766
0.07205
0.06194
0.05633
0.04862
0.03486
0.03843
0.03225
0.02081
0.02502
0.02502
0.02502
0.03169
0.04403
0.04058
0.04118
0.05681
0.05722
0.05811
0.05832
0.05820
0.06947
0.07714
0.07396
0.06128
0.05862
0.06065
0.06880
0.07356
0.07349
0.06188
0.04754
0.05305
0.05224
0.05585
0.05606
0.05716
0.06354
0.06069
0.07227
0.05904
0.06843
0.06837
0.07681
0.02895
0.00000
0.00284
0.00284
0.00000
0.00000
0.01262
0.04411
0.04411
0.04303
0.04643
0.02618
0.02555
0.01931
0.02428
0.02412
0.01627
0.00000
0.00000
0.00000
0.00000
0.00000
0.00338
0.01374
0.01070
0.00104
0.00188
0.00102
0.00217
0.00921
0.00000
0.02071
0.01313
0.00635
0.00251
0.00000
0.00002
0.00999
0.00999
0.00000
0.02286
0.02287
0.02286
0.02445
0.04523
0.04480
0.05818
0.05827
0.05781
0.05365
0.05365
0.05365
0.04952
0.04961
0.04925
0.05744
0.02938
0.04676
0.05949
0.05825
0.04464
0.02642
0.02646
0.03432
0.03432
0.03947
0.03933
0.03933
0.03495
0.03445
0.02765
0.03445
0.03714
0.03713
0.05584
0.05651
0.05683
0.05556
0.05520
0.06149
0.05965
0.05965
0.07170
0.07397
0.06699
0.05573
0.05040
0.04651
0.09819
0.09866
0.10690
0.09406
0.11942
0.11921
0.12980
0.11553
0.12194
0.11266
0.11247
0.12250
0.11139
0.11259
0.11668
0.12602
0.09475
0.09461
0.09619
0.08462
0.09407
0.08997
0.09315
0.09078
0.07289
0.07489
0.07155
0.07053
0.07053
0.09748
0.10515
0.10612
0.10650
0.13645
0.13756
0.16012
0.15253
0.15277
0.13442
0.12878
0.12926
0.13143
0.13073
0.12196
0.10411
0.10394
0.10394
0.10550
0.08643
0.08859
0.08688
0.09030
0.09861
0.10333
0.09946
0.10979
0.12029
0.11919
0.11663
0.13246
0.12354
0.12970
0.11887
0.13391
0.13829
0.15844
0.16561
0.12936
0.12675
0.15382
0.14661
0.15497
0.15410
0.15501
0.15502
0.15501
0.15501
0.17055
0.16347
0.15217
0.15628
0.14485
0.14485
0.13182
0.13071
0.12982
0.13922
0.14127
0.15768
0.16095
0.16095
0.15964
0.16646
0.14366
0.14875
0.15060
0.15378
0.15631
0.14234
0.14234
0.14231
0.14291
0.12577
0.11941
0.10925
0.10925
0.09052
0.08386
0.08347
0.08386
0.10816
0.09173
0.09173
0.09848
0.09838
0.09132
0.09325
0.09288
0.08480
0.08515
0.08340
0.09417
0.08193
0.08782
0.07621
0.07621
0.07621
0.07621
0.07621
0.07912
0.07948
0.09084
0.09950
0.09941
0.09076
0.11760
0.11687
0.10847
0.10553
0.09309
0.08791
0.07918
0.08470
0.08384
0.05742
0.05742
0.05742
0.05505
0.05145
0.05985
0.05657
0.05658
0.05823
0.05823
0.04077
0.02478
0.02972
0.04011
0.04006
0.04428
0.04428
0.05670
0.07399
0.07474
0.08306
0.08297
0.08306
0.08312
0.11074
0.10900
0.10629
0.08321
0.08322
0.08843
0.07791
0.06925
0.08522
0.08535
0.08533
0.05971
0.07276
0.07183
0.07720
0.06054
0.04999
0.04286
0.04523
0.03232
0.03232
0.01969
0.02119
0.02131
0.01619
0.01807
0.01964
0.02175
0.04399
0.04712
0.04712
0.04181
0.04192
0.04181
0.04181
0.04181
0.04181
0.04079
0.01950
0.01950
0.01950
0.02031
0.00723
0.01886
0.01829
0.01974
0.05081
0.05081
0.05521
0.05311
0.05763
0.05311
0.05311
0.05311
0.05975
0.05266
0.05330
0.07801
0.09131
0.09227
0.09127
0.09127
0.08828
0.07117
0.07117
0.06172
0.06865
0.06826
0.05552
0.04510
0.04476
0.04417
0.04410
0.04390
0.04417
0.04417
0.03572
0.02571
0.02842
0.02876
0.02837
0.04504
0.04482
0.04064
0.04064
0.04217
0.03944
0.03945
0.03933
0.04072
0.05043
0.05066
0.05489
0.06793
0.08671
0.07629
0.07629
0.07629
0.08339
0.07313
0.07386
0.03894
0.04005
0.03894
0.03894
0.04348
0.04348
0.04344
0.06378
0.06207
0.06798
0.06383
0.07525
0.07525
0.05473
0.05473
0.05475
0.05473
0.02615
0.03233
0.02977
0.02977
0.05632
0.04476
0.05481
0.04271
0.04275
0.04271
0.05071
0.04940
0.04923
0.04942
0.04916
0.04029
0.03460
0.04731
0.04534
0.04014
0.03899
0.03903
0.03877
0.04965
0.04970
0.05693
0.06063
0.07669
0.07669
0.08350
0.08633
0.09274
0.10842
0.09851
0.08908
0.09119
0.09087
0.09675
0.09303
0.07849
0.09484
0.05564
0.07073
0.06780
0.07717
0.08558
0.08974
0.08308
0.09006
0.09475
0.10242
0.10405
0.10209
0.11121
0.10087
0.10634
0.11854
0.11291
0.09293
0.09417
0.10168
0.09126
0.11502
0.11541
0.11503
0.10847
0.10950
0.10844
0.10844
0.11759
0.11759
0.09629
0.09448
0.12442
0.11280
0.11447
0.11171
0.12960
0.16346
0.13083
0.12524
0.12524
0.12628
0.12727
0.13356
0.12789
0.11763
0.11179
0.11179
0.11130
0.10833
0.11076
0.11096
0.11076
0.10908
0.10901
0.10910
0.10895
0.08510
0.09477
0.08598
0.08480
0.09538
0.08870
0.07544
0.02995
0.02995
0.02870
0.03251
0.05310
0.05310
0.04905
0.04905
0.07976
0.07986
0.07982
0.07444
0.07402
0.07444
0.08901
0.09713
0.09713
0.10739
0.10747
0.11043
0.10973
0.09792
0.09405
0.08439
0.08125
0.05641
0.05641
0.05981
0.03427
0.04838
0.05663
0.05385
0.05663
0.05663
0.05991
0.05991
0.02968
0.03002
0.04583
0.03462
0.04941
0.03420
0.03770
0.03529
0.04247
0.03869
0.04319
0.04706
0.04706
0.04706
0.03911
0.03631
0.03628
0.04376
0.05417
0.05445
0.04573
0.06490
0.06493
0.06077
0.06077
0.06349
0.06693
0.01871
0.01724
0.01873
0.01898
0.00875
0.00875
0.00000
0.00136
0.00136
0.01023
0.01023
0.01617
0.01861
0.00429
0.00411
0.00000
0.00000
0.00000
0.00000
0.00027
0.00182
0.00202
0.00014
0.00087
0.00014
0.00014
0.00517
0.02448
0.02448
0.02448
0.03298
0.03298
0.03392
0.04722
0.04725
0.04725
0.05902
0.05913
0.06848
0.05323
0.05101
0.05478
0.06247
0.07411
0.07411
0.07862
0.08024
0.07374
0.08316
0.08702
0.08295
0.08518
0.09208
0.09208
0.10384
0.10182
0.09331
0.09128
0.09659
0.09602
0.07863
0.07863
0.08300
0.08114
0.08953
0.09003
0.09003
0.08308
0.09121
0.09088
0.09121
0.08582
0.09574
0.09562
0.09556
0.10294
0.07388
0.07388
0.07384
0.07603
0.08311
0.08311
0.08935
0.10950
0.12101
0.12101
0.12262
0.12262
0.11693
0.09656
0.09362
0.09351
0.08192
0.08192
0.08764
0.08964
0.08477
0.08636
0.10225
0.10346
0.10345
0.10345
0.08967
0.08310
0.07808
0.09755
0.10070
0.09755
0.09277
0.08997
0.08997
0.08997
0.07491
0.07458
0.07491
0.08947
0.08439
0.07572
0.07629
0.09060
0.08160
0.08350
0.08548
0.08393
0.08107
0.08134
0.09556
0.11950
0.11950
0.11517
0.12390
0.13431
0.12190
0.12080
0.13758
0.14116
0.14411
0.13828
0.13711
0.15500
0.15794
0.13820
0.12770
0.10133
0.10133
0.10133
0.10336
0.10337
0.10587
0.11292
0.12563
0.13044
0.12821
0.13775
0.12941
0.10897
0.11400
0.11272
0.11932
0.12755
0.13473
0.10044
0.09653
0.10974
0.08728
0.07621
0.07991
0.09120
0.10051
0.10268
0.10076
0.08968
0.09055
0.09055
0.11703
0.11707
0.08577
0.08104
0.08104
0.08104
0.08708
0.08714
0.09564
0.09805
0.09814
0.09858
0.09805
0.09993
0.09067
0.09788
0.09788
0.09802
0.07828
0.07082
0.06778
0.07175
0.06320
0.06381
0.06513
0.07597
0.08288
0.06880
0.07939
0.07965
0.05691
0.05157
0.07348
0.06007
0.06015
0.06884
0.06883
0.06874
0.06883
0.06238
0.05622
0.05623
0.05732
0.05323
0.05323
0.05323
0.04754
0.05063
0.04744
0.05894
0.05862
0.05888
0.06580
0.06575
0.09273
0.08223
0.07089
0.07962
0.07729
0.07641
0.07753
0.08420
0.09934
0.10402
0.10402
0.10281
0.10409
0.11899
0.11016
0.11244
0.11707
0.12020
0.14345
0.15080
0.16167
0.12227
0.10843
0.11684
0.11372
0.11352
0.11303
0.11303
0.11311
0.10290
0.10261
0.10261
0.09052
0.09042
0.09042
0.10088
0.08949
0.06740
0.07471
0.07423
0.07514
0.07514
0.08196
0.10628
0.10628
0.10628
0.10176
0.10196
0.11243
0.11243
0.10793
0.11602
0.11597
0.11602
0.12274
0.12272
0.12272
0.12274
0.09679
0.09679
0.06629
0.07235
0.08115
0.08140
0.08023
0.07566
0.10668
0.10055
0.10747
0.11130
0.12060
0.12067
0.12044
0.11599
0.12056
0.11088
0.11077
0.10836
0.09410
0.09410
0.09415
0.14110
0.14045
0.14034
0.14496
0.14347
0.14345
0.14222
0.12889
0.12889
0.12891
0.12895
0.12461
0.13821
0.12939
0.12937
0.12759
0.13168
0.12697
0.12740
0.12698
0.12632
0.11844
0.11844
0.10914
0.10361
0.10960
0.10201
0.10201
0.10201
0.09469
0.08178
0.09014
0.08584
0.08592
0.08800
0.08914
0.08879
0.09083
0.10000
0.09187
0.06542
0.06537
0.07891
0.07888
0.07541
0.09614
0.08480
0.08669
0.09514
0.08137
0.08306
0.08362
0.08362
0.06235
0.05737
0.05789
0.05834
0.05222
0.06333
0.06276
0.06401
0.07198
0.06895
0.07456
0.06050
0.06089
0.07039
0.06588
0.05702
0.05635
0.04452
0.04452
0.04452
0.03974
0.04140
0.05100
0.05100
0.03751
0.03268
0.04262
0.05326
0.05331
0.05307
0.05112
0.05290
0.05290
0.05290
0.05290
0.07231
0.07231
0.07231
0.07726
0.10596
0.10712
0.10713
0.11993
0.10955
0.10819
0.09495
0.08969
0.08973
0.08286
0.10421
0.10617
0.12195
0.12670
0.12670
0.13750
0.15892
0.15805
0.15499
0.16418
0.14061
0.14061
0.14061
0.13006
0.12926
0.12486
0.12318
0.12390
0.12433
0.12311
0.12185
0.12185
0.11180
0.10695
0.10133
0.10028
0.10132
0.10109
0.09055
0.08408
0.06938
0.08948
0.09172
0.09337
0.11113
0.12220
0.12696
0.11629
0.10271
0.10342
0.09024
0.09474
0.07905
0.08140
0.08140
0.08115
0.09348
0.09348
0.08371
0.05927
0.06020
0.05785
0.06379
0.06379
0.08526
0.09760
0.08038
0.08084
0.10391
0.10318
0.10229
0.11517
0.11929
0.11929
0.13776
0.11940
0.11940
0.12460
0.12545
0.12502
0.13547
0.14068
0.14433
0.14439
0.12385
0.11309
0.13165
0.14301
0.16070
0.16648
0.15378
0.15711
0.17610
0.17630
0.17630
0.16090
0.15613
0.16612
0.16639
0.16664
0.16664
0.17553
0.18611
0.17563
0.17594
0.17563
0.17563
0.16163
0.15675
0.15657
0.16986
0.15337
0.15337
0.16393
0.16469
0.18619
0.20100
0.17756
0.17215
0.17618
0.18040
0.17594
0.17325
0.18694
0.18698
0.19661
0.19968
0.20387
0.20387
0.19868
0.19922
0.19896
0.23222
0.23157
0.21472
0.22237
0.20196
0.21902
0.20678
0.20679
0.21203
0.21047
0.19793
0.19395
0.19685
0.19167
0.20610
0.20610
0.20368
0.17631
0.17901
0.18212
0.18718
0.16851
0.15968
0.17695
0.17695
0.17695
0.18797
0.17105
0.17105
0.19490
0.15694
0.15438
0.15725
0.16097
0.17823
0.18129
0.18129
0.14908
0.13842
0.13842
0.14328
0.14328
0.14166
0.16536
0.15138
0.14002
0.14793
0.14771
0.12310
0.12310
0.11782
0.11727
0.11621
0.13208
0.11786
0.11576
0.11481
0.10647
0.11695
0.11718
0.13546
0.13460
0.12544
0.14271
0.14271
0.16330
0.14473
0.14479
0.14403
0.14453
0.15221
0.14617
0.15278
0.15254
0.15254
0.17298
0.17737
0.16518
0.16312
0.16206
0.16312
0.17817
0.17817
0.17817
0.17817
0.16666
0.18088
0.18088
0.17631
0.19700
0.19042
0.19038
0.19043
0.19915
0.21472
0.21142
0.21535
0.21141
0.21139
0.19000
0.18911
0.18008
0.17978
0.16942
0.15092
0.15951
0.15973
0.15824
0.15573
0.13288
0.12333
0.13579
0.13575
0.13923
0.12100
0.12100
0.14150
0.14977
0.14977
0.14977
0.14312
0.14312
0.13317
0.13163
0.12850
0.12867
0.12864
0.13181
0.13871
0.15535
0.15467
0.15118
0.14049
0.15325
0.14900
0.13878
0.17261
0.16932
0.17464
0.15172
0.13041
0.13353
0.11201
0.12730
0.13057
0.10657
0.10657
0.10797
0.09334
0.09131
0.05726
0.04651
0.04544
0.04533
0.04880
0.04837
0.04652
0.04304
0.04276
0.01751
0.01751
0.01748
0.03031
0.02894
0.03031
0.03031
0.03017
0.03017
0.04404
0.05089
0.05196
0.01395
0.00000
0.00000
0.01857
0.02766
0.01489
0.00389
0.01158
0.01152
0.01158
0.02443
0.02352
0.03139
0.02985
0.02985
0.02961
0.03204
0.01364
0.02864
0.02678
0.01742
0.05837
0.04491
0.02620
0.02387
0.02879
0.02882
0.02882
0.01798
0.02106
0.02385
0.02265
0.02361
0.02349
0.03793
0.02708
0.02722
0.02708
0.04142
0.03889
0.03747
0.04826
0.06436
0.07196
0.07218
0.07218
0.08398
0.09123
0.09791
0.09791
0.10010
0.12009
0.12086
0.11804
0.13026
0.11872
0.11916
0.11609
0.11623
0.13896
0.13896
0.16014
0.16076
0.16635
0.15972
0.15688
0.15409
0.13352
0.13352
0.15189
0.14544
0.14703
0.15812
0.15812
0.15812
0.18240
0.17690
0.17690
0.17291
0.17554
0.18130
0.17579
0.17570
0.17579
0.20019
0.18810
0.16756
0.17406
0.16955
0.17680
0.17680
0.18117
0.18117
0.17681
0.16957
0.15761
0.13256
0.13249
0.15210
0.15193
0.15303
0.12094
0.11219
0.10347
0.09227
0.09084
0.09423
0.09709
0.09816
0.09253
0.09253
0.09253
0.09056
0.10337
0.10354
0.10007
0.10750
0.09746
0.09255
0.08196
0.07699
0.07777
0.07713
0.05688
0.06068
0.06068
0.06068
0.08129
0.07945
0.07432
0.08372
0.09336
0.09336
0.10163
0.10642
0.10595
0.08842
0.10582
0.10668
0.10801
0.10138
0.10126
0.10129
0.10085
0.08591
0.08581
0.08581
0.08387
0.08109
0.06402
0.06110
0.06110
0.06300
0.06300
0.07656
0.06631
0.06631
0.06867
0.06868
0.08436
0.08760
0.09438
0.08480
0.08480
0.08362
0.08351
0.08154
0.08154
0.10197
0.09897
0.09897
0.08970
0.09646
0.09650
0.09597
0.09650
0.09650
0.09785
0.10346
0.10349
0.11306
0.11306
0.11306
0.11723
0.14373
0.14780
0.16696
0.16695
0.18021
0.18021
0.18396
0.16286
0.16286
0.17497
0.17480
0.17193
0.17213
0.15689
0.16415
0.14448
0.14448
0.16615
0.16615
0.17070
0.17305
0.16165
0.15933
0.16269
0.16130
0.16153
0.16358
0.15629
0.15650
0.17808
0.18778
0.17731
0.16786
0.17560
0.17560
0.17576
0.17560
0.18841
0.19325
0.19624
0.18147
0.19205
0.16947
0.15987
0.17379
0.17517
0.16431
0.14800
0.14800
0.14800
0.14853
0.15327
0.14388
0.14487
0.14389
0.14341
0.14387
0.14387
0.14667
0.12236
0.12029
0.12029
0.12074
0.12029
0.12174
0.12174
0.13156
0.14582
0.14130
0.15788
0.15773
0.16295
0.14878
0.14620
0.13582
0.12924
0.13252
0.13950
0.14529
0.13983
0.13985
0.13983
0.13586
0.13507
0.13324
0.13507
0.14583
0.17018
0.17882
0.18039
0.16722
0.16901
0.17112
0.17108
0.17470
0.17979
0.16736
0.16748
0.16748
0.16718
0.16658
0.16626
0.18721
0.19778
0.19829
0.18593
0.18867
0.19336
0.18122
0.16732
0.16750
0.16622
0.16752
0.17108
0.17051
0.16959
0.16915
0.15639
0.15343
0.14924
0.15023
0.15218
0.15294
0.12712
0.10854
0.09066
0.08462
0.07708
0.07861
0.07359
0.06556
0.06556
0.06556
0.08955
0.08958
0.08308
0.07412
0.06724
0.06091
0.06091
0.06432
0.06652
0.06259
0.06259
0.06259
0.06254
0.06013
0.06823
0.05464
0.03831
0.04072
0.04339
0.04339
0.03837
0.04810
0.06282
0.04171
0.04171
0.04546
0.04753
0.05233
0.04940
0.04331
0.04259
0.04259
0.04116
0.04312
0.03070
0.03070
0.04545
0.03796
0.02978
0.04305
0.04303
0.04304
0.04271
0.06235
0.04153
0.04144
0.05996
0.06680
0.06465
0.05487
0.05752
0.05925
0.06400
0.06400
0.06739
0.06298
0.06117
0.06157
0.07381
0.08227
0.08191
0.07876
0.07943
0.07252
0.07252
0.05236
0.06759
0.06759
0.06576
0.06492
0.05480
0.05894
0.04764
0.04763
0.03863
0.03863
0.05102
0.02514
0.00150
0.00148
0.01254
0.01254
0.01156
0.01104
0.03840
0.05637
0.06428
0.07641
0.07501
0.08548
0.09236
0.09236
0.07497
0.07501
0.08499
0.09012
0.10250
0.10243
0.10243
0.10243
0.10243
0.09186
0.08908
0.08861
0.09026
0.10684
0.08219
0.07751
0.08491
0.08549
0.08482
0.06205
0.08711
0.07203
0.04341
0.04198
0.03398
0.03503
0.03503
0.02083
0.02089
0.02198
0.00496
0.00321
0.00077
0.00000
0.01000
0.01000
0.01000
0.00962
0.00992
0.00990
0.00992
0.01905
0.02274
0.03051
0.03041
0.03483
0.03681
0.03681
0.03681
0.03270
0.03353
0.03353
0.03296
0.03340
0.03353
0.04981
0.05278
0.04976
0.05280
0.05412
0.05621
0.06534
0.07283
0.05802
0.04311
0.04291
0.04184
0.04451
0.04359
0.04359
0.05549
0.03525
0.01854
0.01476
0.00886
0.00897
0.00841
0.00000
0.01189
0.00924
0.00924
0.00400
0.00931
0.01170
0.01381
0.01106
0.00933
0.02454
0.02621
0.03560
0.04357
0.03058
0.02325
0.02325
0.02325
0.02365
0.01606
0.01638
0.03042
0.04271
0.04271
0.03960
0.04271
0.04271
0.03379
0.03819
0.04282
0.04534
0.05495
0.05393
0.03291
0.01289
0.01289
0.01289
0.01884
0.01795
0.01795
0.01854
0.01403
0.01911
0.04480
0.01741
0.01705
0.01693
0.02650
0.03022
0.04783
0.04783
0.04136
0.04203
0.05288
0.06708
0.06719
0.07791
0.07778
0.07952
0.07952
0.08787
0.07410
0.06453
0.06956
0.06968
0.06956
0.06608
0.06258
0.04373
0.04133
0.04099
0.04099
0.04099
0.06528
0.06879
0.05899
0.08681
0.10171
0.08176
0.08738
0.10033
0.09637
0.09775
0.09783
0.09775
0.09814
0.08955
0.08564
0.08720
0.08699
0.09549
0.08987
0.09316
0.10184
0.10338
0.10027
0.10395
0.07624
0.07657
0.07658
0.10268
0.09495
0.08879
0.07562
0.07549
0.08361
0.07247
0.07246
0.07246
0.04378
0.04276
0.04690
0.04970
0.04923
0.05573
0.07751
0.08624
0.09194
0.07384
0.06275
0.06278
0.05642
0.05341
0.05280
0.05280
0.03192
0.03623
0.03409
0.03623
0.04195
0.04195
0.06852
0.06852
0.06483
0.07147
0.07715
0.07798
0.06195
0.06962
0.07524
0.07804
0.06365
0.06663
0.06661
0.06620
0.06634
0.04623
0.04631
0.04631
0.04631
0.04631
0.04107
0.03043
0.03242
0.02513
0.02508
0.02508
0.02511
0.03029
0.02997
0.02997
0.03001
0.02543
0.02011
0.02029
0.02715
0.02718
0.02715
0.01464
0.00357
0.01840
0.01707
0.00850
0.01876
0.00692
0.01016
0.00050
0.00004
0.00013
0.00390
0.00099
0.01314
0.02810
0.02722
0.01521
0.01514
0.02451
0.04478
0.03272
0.03268
0.02310
0.02317
0.01975
0.02310
0.01532
0.02678
0.02762
0.03407
0.01724
0.00944
0.03424
0.03725
0.04437
0.06973
0.07302
0.06973
0.07404
0.04572
0.04089
0.05033
0.05271
0.04491
0.05242
0.05242
0.04364
0.03939
0.01716
0.01716
0.00171
0.00235
0.00516
0.00000
0.00000
0.00000
0.00981
0.01498
0.01657
0.00674
0.00674
0.00000
0.00372
0.00000
0.00000
0.00000
0.00411
0.00536
0.01142
0.01678
0.01696
0.01137
0.00000
0.00592
0.00000
0.02203
0.02206
0.02014
0.01845
0.01652
0.03095
0.03095
0.01102
0.00504
0.00804
0.00804
0.00510
0.00211
0.00211
0.00602
0.00275
0.02534
0.02599
0.00688
0.01085
0.02047
0.02148
0.02024
0.00000
0.00083
0.01189
0.00014
0.00834
0.00000
0.00034
0.00166
0.00915
0.00000
0.01438
0.01438
0.01089
0.01089
0.01409
0.02922
0.01882
0.01772
0.01768
0.01235
0.03413
0.03413
0.02976
0.02976
0.02976
0.01179
0.01179
0.01179
0.01179
0.03243
0.03227
0.02348
0.02635
0.01908
0.02971
0.02971
0.00817
0.01335
0.00853
0.01282
0.01484
0.01484
0.01484
0.01484
0.02267
0.03986
0.03183
0.03071
0.02691
0.03065
0.03068
0.03059
0.04134
0.04104
0.04126
0.02780
0.02768
0.03768
0.05471
0.06492
0.08487
0.08487
0.09565
0.09563
0.09386
0.11188
0.11057
0.11367
0.09476
0.09220
0.10144
0.10363
0.12276
0.10290
0.10588
0.10740
0.11252
0.11220
0.11220
0.09534
0.08949
0.08949
0.06720
0.05567
0.05845
0.07701
0.07715
0.07701
0.07701
0.09058
0.09058
0.09877
0.09862
0.09871
0.09510
0.09510
0.09510
0.10093
0.11127
0.11273
0.11706
0.11666
0.11726
0.11926
0.11447
0.10993
0.12259
0.12021
0.10328
0.10787
0.10787
0.09544
0.10028
0.10153
0.10153
0.08838
0.08838
0.08838
0.08915
0.08928
0.07577
0.07590
0.07577
0.08601
0.09757
0.08718
0.08718
0.07007
0.06710
0.06710
0.07143
0.06433
0.06433
0.06433
0.06483
0.06503
0.05765
0.06089
0.05340
0.04855
0.04481
0.04751
0.04957
0.04957
0.05077
0.04958
0.04652
0.04738
0.04738
0.04738
0.04738
0.06330
0.06355
0.06355
0.08376
0.10006
0.10276
0.10276
0.10381
0.09301
0.09685
0.10324
0.10076
0.09074
0.09654
0.08917
0.09139
0.09146
0.09235
0.09139
0.07789
0.08294
0.07888
0.08572
0.09004
0.07210
0.07647
0.07647
0.06972
0.08424
0.07917
0.07917
0.07917
0.07262
0.07328
0.07895
0.08886
0.08751
0.07735
0.07735
0.06637
0.06551
0.06571
0.06404
0.06228
0.07016
0.07060
0.07060
0.06999
0.05346
0.05343
0.04959
0.07673
0.07676
0.08321
0.06054
0.06206
0.05739
0.07392
0.07818
0.08276
0.09788
0.09355
0.09355
0.09355
0.08488
0.06483
0.06776
0.06773
0.06465
0.06472
0.09937
0.09702
0.10470
0.10640
0.10654
0.09767
0.09417
0.09399
0.07226
0.05898
0.06314
0.05301
0.05293
0.06729
0.07023
0.05696
0.05696
0.06416
0.05327
0.06484
0.04094
0.03238
0.02514
0.03171
0.03171
0.03764
0.03764
0.03387
0.02371
0.02371
0.02395
0.01072
0.00860
0.01177
0.00816
0.00000
0.02599
0.02302
0.01419
0.02615
0.02612
0.01778
0.01795
0.01751
0.01431
0.01334
0.00314
0.00331
0.00003
0.00446
0.00418
0.00286
0.00624
0.00000
0.00383
0.00342
0.00000
0.01804
0.01804
0.01997
0.02250
0.01511
0.00065
0.00654
0.00000
0.00000
0.00000
0.00000
0.00435
0.00443
0.00440
0.00000
0.00398
0.00846
0.01039
0.01039
0.00000
0.00000
0.00788
0.01195
0.01833
0.01771
0.02508
0.02827
0.01907
0.01908
0.02190
0.03238
0.03916
0.04653
0.03377
0.04933
0.05665
0.06824
0.07123
0.07123
0.07146
0.06928
0.06979
0.06718
0.06246
0.06246
0.05445
0.05279
0.05281
0.03685
0.02869
0.05230
0.04179
0.04395
0.03692
0.03956
0.03956
0.02667
0.02788
0.02817
0.02084
0.02089
0.00797
0.01072
0.01000
0.01064
0.01966
0.02449
0.02450
0.02450
0.00934
0.01001
0.01001
0.02123
0.02123
0.02388
0.02388
0.02427
0.00915
0.00860
0.00013
0.01805
0.01729
0.01130
0.01863
0.02397
0.04816
0.04816
0.03064
0.03016
0.03018
0.00305
0.00305
0.00000
0.00326
0.00326
0.00326
0.00326
0.00000
0.00000
0.01058
0.01057
0.01862
0.01870
0.02181
0.01515
0.02019
0.01515
0.02831
0.02607
0.02608
0.02608
0.03848
0.03848
0.03848
0.03848
0.02927
0.02918
0.02921
0.04107
0.04107
0.01596
0.00855
0.00902
0.01766
0.01766
0.01826
0.02002
0.01995
0.02002
0.03979
0.03979
0.03421
0.00054
0.00000
0.00000
0.00000
0.00301
0.00301
0.01994
0.01943
0.01625
0.01622
0.01639
0.02399
0.02399
0.02399
0.02399
0.00609
0.00607
0.01905
0.03229
0.03589
0.04054
0.04054
0.03775
0.03828
0.03270
0.05102
0.05065
0.05338
0.04693
0.06407
0.06190
0.05157
0.05158
0.05470
0.06816
0.07352
0.07352
0.07744
0.07778
0.07778
0.07665
0.07778
0.06289
0.07309
0.08112
0.07876
0.07444
0.07901
0.07626
0.08057
0.05774
0.04381
0.04382
0.04280
0.04237
0.04235
0.04254
0.04254
0.02288
0.01646
0.01625
0.01937
0.01975
0.01975
0.01864
0.02148
0.02218
0.02218
0.03123
0.03545
0.03545
0.03591
0.03310
0.02485
0.01365
0.01717
0.01572
0.03730
0.03730
0.05655
0.06525
0.05376
0.05368
0.05368
0.07065
0.05769
0.05818
0.05665
0.06641
0.05970
0.07496
0.07498
0.07007
0.06950
0.07136
0.07136
0.05521
0.05491
0.05521
0.05518
0.05227
0.06672
0.07386
0.09123
0.09350
0.09350
0.10176
0.10097
0.10097
0.10111
0.10703
0.11610
0.10451
0.11256
0.11791
0.10134
0.10351
0.10132
0.10132
0.10151
0.13121
0.13121
0.12995
0.13645
0.13645
0.13644
0.10556
0.10258
0.09194
0.07306
0.07871
0.07864
0.07072
0.06808
0.06632
0.06632
0.06632
0.06632
0.06632
0.06486
0.06322
0.08826
0.08826
0.08826
0.10762
0.10762
0.10762
0.11427
0.11919
0.09205
0.07270
0.06949
0.06949
0.08195
0.08231
0.09038
0.09045
0.09045
0.09578
0.09577
0.08692
0.08852
0.09927
0.09934
0.09919
0.11106
0.10109
0.08756
0.09887
0.09887
0.11545
0.11053
0.11379
0.10151
0.11521
0.11828
0.12071
0.12116
0.12536
0.13502
0.13820
0.11125
0.11824
0.11824
0.10156
0.09724
0.09780
0.11507
0.12255
0.12255
0.11419
0.11271
0.11200
0.11208
0.11019
0.11913
0.13936
0.13936
0.12551
0.11494
0.11932
0.11258
0.13324
0.11539
0.11596
0.11596
0.11596
0.11424
0.10512
0.10512
0.08862
0.08257
0.10343
0.06914
0.05809
0.06032
0.06515
0.06515
0.06515
0.06244
0.06809
0.07950
0.09159
0.11234
0.09652
0.06002
0.04135
0.04204
0.05249
0.05148
0.06197
0.06225
0.04773
0.04773
0.03640
0.03819
0.03819
0.03821
0.03819
0.02897
0.02219
0.00507
0.00507
0.00502
0.00107
0.00036
0.00241
0.00254
0.02467
0.02467
0.00001
0.01430
0.00000
0.00000
0.00000
0.02634
0.02127
0.01454
0.00898
0.00877
0.00877
0.00143
0.00000
0.00000
0.00278
0.00000
0.00014
0.00291
0.00790
0.00832
0.00422
0.00017
0.00015
0.00736
0.00015
0.01400
0.01400
0.00330
0.00330
0.00585
0.03232
0.03151
0.02377
0.02537
0.02375
0.04070
0.05375
0.02406
0.02264
0.01629
0.00910
0.00002
0.00173
0.00000
0.00000
0.00000
0.01646
0.00839
0.02353
0.00324
0.00358
0.00256
0.00358
0.00079
0.00000
0.00007
0.00000
0.00484
0.00074
0.00074
0.00000
0.00000
0.00000
0.00452
0.00423
0.02798
0.02804
0.01926
0.02191
0.02191
0.03901
0.03743
0.05171
0.05141
0.05745
0.07804
0.07042
0.04426
0.04595
0.05440
0.05404
0.05102
0.03971
0.05317
0.04730
0.05933
0.05881
0.05993
0.06737
0.05365
0.05378
0.05365
0.03992
0.03037
0.04305
0.04305
0.06089
0.06089
0.06353
0.05281
0.05192
0.05192
0.04571
0.02762
0.02560
0.02533
0.02217
0.00997
0.00997
0.01697
0.01782
0.00000
0.00846
0.00000
0.00000
0.00031
0.00003
0.01694
0.01764
0.01764
0.01764
0.01764
0.01366
0.01371
