0.01010
0.01367
0.01064
0.00243
0.00000
0.00243
0.00000
0.03242
0.02181
0.00663
0.00000
0.00001
0.00000
0.00788
0.00788
0.01149
0.02748
0.02566
0.04218
0.07418
0.07418
0.05195
0.05195
0.05195
0.05192
0.04849
0.05690
0.06488
0.08234
0.07720
0.08022
0.08111
0.08531
0.08531
0.07263
0.07901
0.07884
0.06778
0.05899
0.05207
0.04378
0.04037
0.04023
0.04378
0.04378
0.04814
0.04486
0.04369
0.04369
0.06242
0.06248
0.05566
0.06722
0.06722
0.07321
0.07357
0.07321
0.07321
0.07316
0.06148
0.04982
0.05345
0.03806
0.03806
0.03806
0.03032
0.03031
0.03031
0.03031
0.03731
0.04473
0.04261
0.03836
0.02538
0.02296
0.00918
0.03092
0.03485
0.03485
0.03999
0.03357
0.03358
0.01434
0.01434
0.00012
0.01628
0.02148
0.00025
0.00586
0.02652
0.02646
0.02833
0.02789
0.02827
0.02677
0.02776
0.03650
0.04130
0.03252
0.02603
0.02603
0.01450
0.02337
0.01845
0.01485
0.02366
0.01191
0.00972
0.02781
0.02781
0.02781
0.05970
0.06963
0.09142
0.07983
0.07921
0.09016
0.09044
0.08986
0.09044
0.09106
0.09975
0.10341
0.11184
0.10927
0.09723
0.10525
0.10525
0.10525
0.12624
0.12624
0.14225
0.12677
0.13606
0.15204
0.15588
0.13398
0.13398
0.13671
0.13822
0.14181
0.19002
0.19002
0.18700
0.20114
0.20132
0.18419
0.20155
0.19771
0.20648
0.20856
0.20856
0.20856
0.20015
0.20015
0.20107
0.21219
0.20583
0.20234
0.20584
0.20756
0.20756
0.20756
0.20142
0.18978
0.19341
0.19490
0.20427
0.20513
0.20419
0.20513
0.20730
0.20730
0.20998
0.21243
0.21553
0.21244
0.21244
0.20895
0.20891
0.21274
0.19655
0.19655
0.20179
0.20890
0.21031
0.21097
0.21031
0.21022
0.21089
0.20929
0.16490
0.16430
0.16442
0.17528
0.17329
0.17706
0.17619
0.18186
0.16542
0.18505
0.18642
0.18186
0.16351
0.16225
0.17203
0.19282
0.19276
0.18539
0.17068
0.16954
0.17389
0.17062
0.17057
0.18284
0.20012
0.19960
0.17675
0.17482
0.17473
0.17482
0.17482
0.17482
0.17482
0.17286
0.17482
0.17482
0.17960
0.15898
0.16036
0.16352
0.16352
0.16337
0.16772
0.16786
0.17060
0.17142
0.17142
0.17142
0.18134
0.14543
0.14536
0.14537
0.14558
0.14638
0.14637
0.14731
0.14138
0.14138
0.14138
0.12790
0.12800
0.12800
0.10670
0.10747
0.12248
0.14100
0.13918
0.13614
0.10617
0.10919
0.11118
0.11261
0.11813
0.11491
0.10591
0.09073
0.11014
0.12290
0.12768
0.12768
0.12768
0.12768
0.11752
0.11752
0.12030
0.10875
0.09927
0.09303
0.10015
0.09016
0.08720
0.06536
0.06536
0.06536
0.05070
0.05060
0.04060
0.04060
0.04060
0.04061
0.04060
0.03975
0.03727
0.03714
0.02758
0.02758
0.02758
0.02149
0.00484
0.00669
0.00648
0.00000
0.00000
0.00000
0.01169
0.01171
0.02043
0.03139
0.03037
0.04243
0.04764
0.04764
0.05354
0.05048
0.04582
0.04480
0.02899
0.00141
0.00000
0.00023
0.00945
0.00877
0.01127
0.00363
0.00363
0.00051
0.01034
0.03244
0.03928
0.06000
0.06000
0.07369
0.07130
0.04997
0.04936
0.03313
0.01612
0.00645
0.00475
0.00458
0.00000
0.00000
0.00000
0.00000
0.00000
0.01165
0.00437
0.01571
0.01546
0.00451
0.00464
0.02087
0.00767
0.00767
0.01559
0.00614
0.01472
0.01574
0.01448
0.01799
0.02143
0.02139
0.02138
0.01842
0.00000
0.00000
0.00000
0.00000
0.00000
0.00000
0.00000
0.00000
0.00321
0.00384
0.00366
0.00366
0.00000
0.00000
0.01037
0.00469
0.00923
0.00923
0.00956
0.00923
0.01790
0.02182
0.02078
0.00950
0.00447
0.00004
0.00748
0.00776
0.01349
0.00159
0.00490
0.00984
0.00984
0.00984
0.00984
0.00984
0.00000
0.00000
0.00801
0.01744
0.01476
0.00000
0.00687
0.00000
0.00000
0.00000
0.00000
0.00227
0.00227
0.00000
0.00062
0.00607
0.00598
0.02088
0.00617
0.00617
0.00401
0.01672
0.02308
0.00000
0.00000
0.00000
0.00000
0.00000
0.00000
0.00000
0.00581
0.02242
0.02216
0.02216
0.01723
0.01942
0.00434
0.01643
0.02828
0.02918
0.02918
0.02918
0.02916
0.02918
0.02918
0.02916
0.02918
0.04336
0.04028
0.03968
0.07406
0.08758
0.09564
0.09564
0.07916
0.07168
0.07333
0.07333
0.07333
0.07333
0.06804
0.07076
0.06162
0.06849
0.06052
0.06561
0.06411
0.06411
0.06239
0.06239
0.06239
0.06266
0.03855
0.05416
0.04660
0.05356
0.05461
0.05461
0.05461
0.05460
0.05461
0.05305
0.06689
0.05247
0.05256
0.05259
0.05259
0.05259
0.04411
0.06373
0.06870
0.08036
0.08036
0.07393
0.07410
0.07333
0.08912
0.06642
0.06560
0.04762
0.05913
0.05913
0.05913
0.06153
0.06146
0.06043
0.06134
0.06787
0.06444
0.05772
0.05840
0.07424
0.07639
0.08978
0.08978
0.08978
0.08525
0.06020
0.06099
0.04761
0.04761
0.04443
0.04413
0.04412
0.02265
0.02106
0.03978
0.04716
0.04626
0.04626
0.05827
0.06199
0.04789
0.04432
0.06583
0.06482
0.06482
0.03374
0.03374
0.02830
0.02620
0.02774
0.03999
0.03649
0.01973
0.01320
0.01325
0.01864
0.01776
0.02604
0.03588
0.05653
0.05655
0.05653
0.05309
0.06518
0.05418
0.05447
0.05481
0.05481
0.07164
0.06038
0.05035
0.05035
0.06404
0.05888
0.05377
0.05810
0.05712
0.05718
0.05712
0.05712
0.04906
0.04902
0.04911
0.05007
0.04128
0.03084
0.03650
0.03661
0.02039
0.02054
0.00860
0.00860
0.00860
0.00780
0.00379
0.01719
0.01680
0.00627
0.01245
0.02320
0.02501
0.00000
0.03204
0.03204
0.05757
0.05611
0.03889
0.03891
0.01949
0.00423
0.00000
0.00000
0.00000
0.00595
0.00595
0.00595
0.00741
0.04001
0.03588
0.03392
0.03641
0.03228
0.03047
0.02603
0.02963
0.03563
0.04591
0.05065
0.05203
0.02958
0.05417
0.05457
0.05715
0.08436
0.06500
0.04121
0.04703
0.03942
0.04128
0.04572
0.04571
0.04514
0.04514
0.04508
0.03310
0.03841
0.03841
0.03841
0.03841
0.04374
0.03772
0.03202
0.02278
0.02278
0.03160
0.03492
0.03517
0.03934
0.05567
0.05674
0.05695
0.05444
0.02713
0.02713
0.02664
0.04947
0.05932
0.05258
0.04829
0.04829
0.04831
0.02492
0.02839
0.02686
0.02945
0.03106
0.06028
0.06028
0.06028
0.05816
0.06151
0.03446
0.02741
0.04371
0.04655
0.05403
0.06335
0.06588
0.07158
0.07158
0.07158
0.06511
0.05702
0.07021
0.06084
0.07087
0.04955
0.05625
0.03387
0.03890
0.03857
0.05439
0.05439
0.05439
0.05051
0.03458
0.03464
0.03590
0.03601
0.03590
0.03547
0.03029
0.01958
0.02427
0.05405
0.06398
0.06286
0.06281
0.06967
0.08460
0.10017
0.10828
0.11286
0.08430
0.09858
0.09877
0.10257
0.08885
0.08891
0.08861
0.08767
0.06594
0.05961
0.03714
0.03715
0.03714
0.04699
0.05235
0.06676
0.05432
0.05432
0.05535
0.05038
0.05274
0.04975
0.05562
0.05987
0.05107
0.04975
0.04774
0.04317
0.02908
0.00934
0.00000
0.00000
0.00000
0.00000
0.03741
0.05104
0.05465
0.05933
0.04087
0.05341
0.03443
0.03010
0.03010
0.03576
0.03180
0.02845
0.02267
0.01942
0.01942
0.01927
0.03507
0.05764
0.05778
0.04788
0.04743
0.03738
0.03720
0.02942
0.02946
0.04754
0.05361
0.05412
0.03903
0.01817
0.01616
0.03800
0.03367
0.03367
0.03367
0.02844
0.00318
0.00009
0.00740
0.00830
0.00597
0.00597
0.00597
0.00597
0.01278
0.01467
0.01467
0.02466
0.03078
0.00185
0.00779
0.00000
0.00000
0.00000
0.02927
0.02759
0.03080
0.03080
0.03080
0.02562
0.02155
0.02030
0.00736
0.01408
0.01034
0.03279
0.03441
0.04723
0.03240
0.03241
0.04120
0.04474
0.04474
0.05086
0.05051
0.03961
0.03666
0.03747
0.04745
0.05202
0.04656
0.04656
0.03554
0.02241
0.02297
0.01702
0.00625
0.00000
0.01045
0.01035
0.01819
0.00104
0.00000
0.00000
0.00010
0.00000
0.00000
0.01157
0.00266
0.00266
0.00266
0.01849
0.01811
0.01561
0.03162
0.03162
0.01800
0.00501
0.00000
0.02619
0.02618
0.02879
0.05220
0.05220
0.04160
0.04651
0.03957
0.03957
0.05985
0.06181
0.05993
0.05993
0.06347
0.06089
0.06089
0.05215
0.07043
0.05078
0.05078
0.06012
0.05450
0.08114
0.05824
0.05938
0.05938
0.04520
0.03417
0.04683
0.03606
0.03159
0.04489
0.03918
0.03918
0.03917
0.03441
0.02807
0.05053
0.02196
0.01798
0.02829
0.02827
0.02928
0.05067
0.06616
0.06778
0.05971
0.05690
0.05972
0.05972
0.06390
0.06836
0.06698
0.06027
0.06035
0.06027
0.06027
0.05618
0.05958
0.07506
0.05201
0.05058
0.05060
0.04916
0.04903
0.04903
0.03714
0.03714
0.02947
0.03979
0.02591
0.02591
0.02732
0.02486
0.02591
0.02809
0.02487
0.03404
0.02270
0.02273
0.00921
0.01417
0.01421
0.01716
0.02598
0.02598
0.02569
0.02606
0.02572
0.03720
0.02762
0.02762
0.02436
0.02762
0.02762
0.02513
0.02513
0.03094
0.02962
0.04611
0.05122
0.03761
0.02251
0.01256
0.03519
0.02874
0.03776
0.04014
0.04014
0.01860
0.01872
0.01837
0.01726
0.02399
0.02399
0.02068
0.02058
0.02051
0.03617
0.04418
0.04417
0.05062
0.03987
0.03987
0.01275
0.01311
0.01312
0.01311
0.01200
0.00000
0.00000
0.04271
0.03348
0.03154
0.00534
0.00980
0.01045
0.00991
0.01416
0.01416
0.01416
0.01049
0.00009
0.00000
0.00000
0.00232
0.00205
0.00206
0.00000
0.00980
0.02036
0.00970
0.00923
0.00145
0.00141
0.00110
0.03246
0.03475
0.03724
0.03655
0.02712
0.02783
0.00709
0.01215
0.00125
0.00000
0.00045
0.00000
0.00860
0.03198
0.02043
0.01015
0.01015
0.01603
0.00832
0.00254
0.01252
0.01579
0.01404
0.01797
0.01797
0.01797
0.02038
0.01876
0.01857
0.01797
0.02086
0.02363
0.01229
0.04787
0.05417
0.06147
0.03990
0.03984
0.03639
0.05518
0.07633
0.06692
0.07943
0.07195
0.07270
0.08278
0.08281
0.08362
0.08813
0.08922
0.07339
0.08541
0.08627
0.08704
0.08704
0.09634
0.10570
0.10278
0.10461
0.09781
0.11946
0.11947
0.12793
0.13038
0.11962
0.11845
0.11845
0.11845
0.10014
0.11070
0.10014
0.08978
0.07663
0.07374
0.05401
0.05292
0.05538
0.05636
0.03709
0.04601
0.04600
0.04572
0.04572
0.02791
0.02901
0.01659
0.03017
0.03142
0.03142
0.03142
0.03142
0.02426
0.02144
0.02144
0.02144
0.01651
0.01492
0.01433
0.00500
0.00939
0.00929
0.00931
0.05023
0.05022
0.03782
0.03782
0.03180
0.00261
0.01505
0.01189
0.01204
0.01250
0.03371
0.00761
0.00593
0.01102
0.00973
0.00839
0.00385
0.00175
0.01302
0.01236
0.00000
0.00000
0.00000
0.00000
0.00058
0.00000
0.00000
0.00000
0.00787
0.01334
0.02188
0.02189
0.03433
0.03433
0.03432
0.03762
0.03761
0.04152
0.03884
0.03586
0.03885
0.02916
0.02072
0.01488
0.02409
0.03976
0.06141
0.05639
0.04949
0.06345
0.08140
0.09065
0.07879
0.09903
0.10167
0.09452
0.10925
0.11170
0.11170
0.12564
0.12052
0.11216
0.11216
0.11239
0.11231
0.11216
0.11216
0.11342
0.11297
0.13515
0.13521
0.12896
0.12756
0.10854
0.10854
0.11049
0.11049
0.11534
0.11775
0.10314
0.09709
0.10723
0.11310
0.11389
0.10940
0.10921
0.12477
0.12432
0.13638
0.13811
0.13811
0.13811
0.13811
0.13905
0.12794
0.12516
0.12631
0.11787
0.12753
0.13306
0.13306
0.13065
0.11799
0.15091
0.14354
0.14356
0.14354
0.14354
0.13240
0.13240
0.12942
0.13266
0.14104
0.12542
0.13607
0.13619
0.13223
0.13223
0.13265
0.13685
0.15074
0.15797
0.15587
0.15235
0.14690
0.14604
0.18563
0.20123
0.19992
0.20173
0.20173
0.20173
0.19555
0.19361
0.19374
0.22451
0.22459
0.19774
0.18837
0.17021
0.19289
0.19154
0.19095
0.19156
0.19439
0.18330
0.18330
0.17821
0.18494
0.18891
0.17700
0.17700
0.17700
0.17700
0.18997
0.18347
0.17446
0.17889
0.17664
0.16900
0.17379
0.17476
0.17602
0.16191
0.17602
0.17602
0.18273
0.17900
0.15505
0.16113
0.16106
0.16481
0.17231
0.17460
0.16809
0.15505
0.16278
0.16278
0.16711
0.17594
0.17312
0.19291
0.18313
0.13581
0.13581
0.12354
0.14255
0.14876
0.13356
0.11469
0.08114
0.07890
0.05642
0.05927
0.05944
0.06135
0.06135
0.06135
0.06135
0.06557
0.05536
0.06406
0.06438
0.06776
0.07495
0.07494
0.07490
0.06111
0.06879
0.07373
0.07280
0.07212
0.06820
0.06191
0.05507
0.04965
0.04965
0.04218
0.04965
0.02956
0.01780
0.03621
0.03622
0.03621
0.03621
0.03654
0.05327
0.06100
0.05694
0.03978
0.03458
0.01877
0.02777
0.04042
0.03776
0.01946
0.01946
0.01943
0.01271
0.01331
0.01303
0.02251
0.02028
0.01867
0.00773
0.00773
0.00916
0.00062
0.00377
0.00377
0.02764
0.02737
0.01616
0.00316
0.00316
0.01189
0.01332
0.02906
0.01979
0.02099
0.02681
0.02233
0.01104
0.01104
0.02310
0.02476
0.02457
0.02334
0.02476
0.01404
0.01670
0.01264
0.01264
0.01140
0.01292
0.01417
0.01295
0.00709
0.00000
0.00059
0.00000
0.00928
0.00000
0.00000
0.00000
0.02728
0.02720
0.02152
0.03225
0.03225
0.03831
0.04100
0.03468
0.02763
0.02763
0.01798
0.01798
0.01798
0.01502
0.00891
0.01502
0.01465
0.01439
0.00810
0.02755
0.02014
0.01999
0.01633
0.01579
0.01667
0.01702
0.00661
0.02516
0.02516
0.02796
0.03763
0.04160
0.05070
0.02458
0.02614
0.02692
0.02692
0.02483
0.02316
0.02316
0.02115
0.02124
0.02187
0.02248
0.02248
0.01430
0.02131
0.02131
0.03613
0.03469
0.02868
0.02867
0.02867
0.05561
0.05324
0.07124
0.07221
0.06976
0.08910
0.09490
0.09482
0.09482
0.10665
0.08745
0.09775
0.09787
0.09784
0.10608
0.11407
0.11834
0.11820
0.11956
0.13761
0.13169
0.11531
0.07620
0.08273
0.08292
0.06980
0.06980
0.06980
0.06980
0.06355
0.04812
0.04731
0.04547
0.04506
0.06932
0.07392
0.06895
0.06870
0.06089
0.06407
0.06349
0.06349
0.06349
0.06540
0.07406
0.08580
0.07924
0.08445
0.08773
0.07821
0.08035
0.08960
0.08912
0.08881
0.08985
0.07264
0.07258
0.06179
0.06955
0.06983
0.06576
0.05506
0.05459
0.05253
0.03958
0.05409
0.07149
0.07583
0.07583
0.07422
0.06002
0.05369
0.05369
0.06582
0.07421
0.05993
0.06354
0.06276
0.07995
0.07933
0.07901
0.08329
0.06633
0.08536
0.09638
0.11290
0.11580
0.11601
0.12624
0.10637
0.08950
0.08960
0.09942
0.10635
0.10585
0.10554
0.08764
0.07848
0.07848
0.07586
0.07584
0.09678
0.10585
0.09346
0.09745
0.13010
0.11798
0.11764
0.11435
0.12133
0.13522
0.12067
0.12067
0.12067
0.12067
0.12159
0.10892
0.09493
0.10791
0.10814
0.10791
0.10791
0.10756
0.10791
0.10791
0.07750
0.07785
0.07750
0.07770
0.07777
0.07787
0.08410
0.07787
0.06395
0.02503
0.04610
0.04463
0.04876
0.05057
0.04432
0.03890
0.03347
0.03347
0.03021
0.02428
0.02294
0.02422
0.03583
0.03227
0.03001
0.02174
0.03659
0.04462
0.04093
0.03939
0.03997
0.04784
0.04791
0.05344
0.05652
0.05167
0.05171
0.04827
0.05338
0.05137
0.07828
0.07828
0.07585
0.07588
0.07865
0.07865
0.05851
0.04976
0.04957
0.02458
0.01788
0.03024
0.03042
0.03305
0.03318
0.02711
0.02711
0.03409
0.03045
0.03299
0.04272
0.02735
0.03448
0.01515
0.01532
0.01822
0.01654
0.00680
0.02341
0.00000
0.00175
0.02044
0.01899
0.03858
0.03814
0.03233
0.01011
0.00870
0.00870
0.01761
0.01697
0.01681
0.01887
0.02353
0.00002
0.00000
0.00564
0.00331
0.00000
0.00000
0.00000
0.00963
0.00776
0.01955
0.02029
0.02072
0.03348
0.03669
0.02643
0.03489
0.02097
0.02921
0.03716
0.03180
0.00491
0.00225
0.00000
0.00000
0.00301
0.02374
0.02598
0.02684
0.02598
0.02034
0.02147
0.02063
0.00868
0.01579
0.00000
0.00985
0.00985
0.01786
0.01709
0.02252
0.02125
0.00592
0.01692
0.00106
0.00000
0.01543
0.00913
0.02068
0.02095
0.03811
0.03861
0.04277
0.04269
0.04269
0.04263
0.05023
0.05021
0.05021
0.04378
0.05375
0.05705
0.06044
0.04663
0.06184
0.06199
0.06815
0.06817
0.06815
0.08687
0.08141
0.08090
0.08090
0.10448
0.10448
0.10159
0.07486
0.06756
0.06496
0.05778
0.04534
0.05225
0.05208
0.04939
0.04939
0.04939
0.04939
0.04939
0.05967
0.05344
0.06744
0.07008
0.06985
0.07953
0.07947
0.07225
0.07797
0.06848
0.06988
0.07348
0.07402
0.07402
0.09057
0.08128
0.07351
0.07649
0.07653
0.08711
0.08711
0.08711
0.08731
0.09070
0.07116
0.08331
0.08410
0.08665
0.08665
0.08659
0.10076
0.10736
0.09842
0.08395
0.08395
0.06866
0.06866
0.06490
0.05151
0.04937
0.07093
0.06973
0.08219
0.08211
0.09240
0.10788
0.10640
0.10475
0.10475
0.10475
0.11501
0.11676
0.11450
0.14438
0.14171
0.14438
0.14438
0.14438
0.14438
0.14438
0.14510
0.14631
0.14438
0.12119
0.11371
0.11371
0.11374
0.11232
0.10479
0.09663
0.08269
0.07410
0.06666
0.05945
0.05374
0.05815
0.06734
0.04918
0.04918
0.03426
0.03790
0.03201
0.03474
0.02266
0.02766
0.01750
0.00000
0.00711
0.00823
0.00902
0.01691
0.01702
0.00862
0.04240
0.04240
0.04280
0.04280
0.03476
0.05163
0.07370
0.07371
0.05756
0.05338
0.02300
0.04233
0.02206
0.01205
0.01205
0.01806
0.02913
0.02913
0.03633
0.05006
0.05013
0.04218
0.04187
0.04187
0.02921
0.02921
0.03505
0.03506
0.01804
0.01804
0.01285
0.01691
0.00854
0.01025
0.00854
0.00854
0.00670
0.00809
0.00000
0.00006
0.00312
0.00312
0.02113
0.04146
0.03954
0.03954
0.03954
0.03954
0.04979
0.04665
0.03296
0.04407
0.03683
0.03845
0.05031
0.03466
0.02817
0.02857
0.02857
0.01890
0.00000
0.00591
0.00000
0.00000
0.00000
0.00000
0.00017
0.00848
0.00794
0.00866
0.00009
0.00156
0.00156
0.02177
0.04201
0.04201
0.04201
0.04234
0.04360
0.04621
0.03460
0.03460
0.03099
0.02147
0.02445
0.01433
0.01433
0.01433
0.00000
0.00087
0.00761
0.00753
0.00000
0.00000
0.00000
0.00000
0.00000
0.00536
0.00000
0.00000
0.00042
0.00000
0.00075
0.02188
0.01511
0.01129
0.01092
0.01129
0.01129
0.00138
0.00000
0.00702
0.00348
0.00080
0.00000
0.00000
0.00000
0.01032
0.00927
0.01538
0.00868
0.00000
0.01520
0.03106
0.03106
0.01565
0.02170
0.02685
0.03664
0.03664
0.03238
0.02303
0.02451
0.01536
0.02573
0.02366
0.03947
0.04208
0.05052
0.07231
0.07234
0.06270
0.07253
0.09765
0.09953
0.09872
0.09655
0.09014
0.09014
0.08739
0.07193
0.05281
0.03120
0.03639
0.03639
0.05796
0.08152
0.08146
0.09166
0.09021
0.09200
0.09200
0.10557
0.10715
0.11242
0.10798
0.10791
0.11052
0.10535
0.10535
0.10055
0.10908
0.10899
0.10942
0.11524
0.11127
0.11127
0.10143
0.09225
0.09225
0.09270
0.09432
0.08357
0.10705
0.11535
0.11535
0.11535
0.14772
0.13350
0.14667
0.14667
0.12213
0.12213
0.15450
0.16464
0.16290
0.16290
0.16299
0.16101
0.15673
0.14995
0.16483
0.15356
0.15345
0.15053
0.14732
0.14732
0.14732
0.15787
0.15706
0.15856
0.15743
0.15856
0.15852
0.15983
0.15939
0.15939
0.14389
0.14149
0.14450
0.13560
0.12985
0.14013
0.14013
0.13118
0.13809
0.15576
0.15121
0.15301
0.13381
0.13920
0.13863
0.11658
0.11462
0.11522
0.13339
0.13315
0.13286
0.13315
0.13315
0.13502
0.12068
0.13171
0.13171
0.13171
0.12459
0.12526
0.12509
0.12526
0.11073
0.11137
0.11760
0.11147
0.12155
0.10523
0.10295
0.10450
0.10408
0.11256
0.11285
0.11267
0.12275
0.12396
0.12396
0.12208
0.12396
0.12126
0.12853
0.11999
0.09213
0.09653
0.07988
0.06197
0.07936
0.08140
0.08686
0.08443
0.06511
0.05175
0.05172
0.05602
0.06554
0.06764
0.06998
0.06902
0.06903
0.06347
0.04960
0.04960
0.06532
0.07447
0.08972
0.07692
0.07692
0.05672
0.05095
0.05095
0.05913
0.07653
0.07653
0.08134
0.07805
0.07336
0.06867
0.07373
0.06896
0.07614
0.06896
0.08051
0.07514
0.05680
0.05412
0.03856
0.03856
0.03856
0.05730
0.06084
0.06566
0.06538
0.06538
0.06652
0.06651
0.05490
0.05437
0.05490
0.05490
0.05490
0.05651
0.05323
0.04023
0.05398
0.06751
0.08697
0.08543
0.08662
0.07659
0.07656
0.07631
0.07703
0.07082
0.07082
0.06762
0.05790
0.07587
0.08670
0.09296
0.09790
0.09840
0.09848
0.10820
0.11508
0.10437
0.11162
0.11118
0.10992
0.12587
0.13471
0.14241
0.15501
0.14114
0.13993
0.13993
0.13993
0.13993
0.12665
0.15284
0.14652
0.15116
0.15116
0.15365
0.18648
0.18821
0.18639
0.18665
0.18665
0.18335
0.18541
0.18592
0.19316
0.16676
0.17650
0.15666
0.15666
0.15740
0.15308
0.14783
0.13983
0.13920
0.13983
0.14707
0.14171
0.14948
0.14947
0.15077
0.15058
0.15214
0.15216
0.15576
0.17340
0.17310
0.17136
0.17520
0.16545
0.17330
0.13245
0.13245
0.13414
0.11931
0.10574
0.09735
0.09735
0.09735
0.09257
0.11211
0.11789
0.10913
0.11008
0.10738
0.10399
0.10355
0.11042
0.13062
0.13057
0.13595
0.15177
0.15036
0.15177
0.15177
0.15177
0.15177
0.15443
0.16090
0.16090
0.15348
0.14819
0.16243
0.16249
0.16618
0.16253
0.16253
0.16725
0.16929
0.18316
0.18164
0.14767
0.12870
0.10897
0.10149
0.11293
0.11586
0.11317
0.11317
0.12713
0.12924
0.13013
0.13012
0.12441
0.12308
0.12304
0.12265
0.12446
0.12445
0.12036
0.12499
0.10670
0.09138
0.09138
0.09138
0.09133
0.09138
0.07185
0.07185
0.07658
0.08069
0.09326
0.08431
0.08853
0.09129
0.10846
0.08206
0.08001
0.08371
0.08326
0.08370
0.06363
0.07006
0.09090
0.08720
0.08183
0.07808
0.07370
0.07949
0.07410
0.07420
0.05855
0.05857
0.05860
0.05868
0.05766
0.04058
0.03715
0.03089
0.02614
0.02593
0.02614
0.03170
0.02394
0.00000
0.00582
0.00582
0.00000
0.00000
0.00000
0.00000
0.00000
0.00485
0.00469
0.00361
0.01528
0.01735
0.01735
0.01069
0.02855
0.02855
0.02372
0.02084
0.01654
0.01654
0.01129
0.01131
0.01124
0.00510
0.00397
0.00397
0.01038
0.03438
0.02837
0.00961
0.01425
0.01455
0.01414
0.00660
0.00000
0.02244
0.01867
0.00249
0.00669
0.01397
0.00005
0.00000
0.03058
0.02941
0.02941
0.02213
0.04172
0.00000
0.00000
0.00000
0.00000
0.02269
0.01621
0.01024
0.00997
0.00007
0.00000
0.00598
0.01334
0.02158
0.01710
0.01376
0.01991
0.02454
0.02155
0.01834
0.01834
0.02652
0.02652
0.02497
0.02415
0.02370
0.02415
0.01782
0.01356
0.00726
0.00132
0.00229
0.00981
0.00000
0.00013
0.00000
0.00000
0.00014
0.00597
0.00847
0.02583
0.02619
0.04208
0.04208
0.04810
0.03902
0.02915
0.02915
0.03392
0.04015
0.02346
0.01173
0.01916
0.01888
0.01916
0.01916
0.01916
0.02649
0.02248
0.04289
0.04298
0.04298
0.03719
0.03472
0.03487
0.03461
0.03459
0.03300
0.02797
0.03697
0.02825
0.02938
0.02664
0.05447
0.05207
0.04353
0.04036
0.02744
0.03427
0.03427
0.03427
0.04182
0.04782
0.04438
0.04438
0.03872
0.02061
0.02521
0.01950
0.03658
0.03447
0.03260
0.03233
0.02854
0.02433
0.02904
0.02904
0.02798
0.03990
0.04177
0.04235
0.04235
0.04325
0.04270
0.03907
0.04261
0.03866
0.07165
0.07173
0.05166
0.06123
0.06154
0.06211
0.04968
0.06250
0.05433
0.05359
0.04999
0.04987
0.06291
0.06291
0.06291
0.06304
0.06588
0.06588
0.05357
0.05342
0.05342
0.05525
0.04822
0.04822
0.04822
0.04833
0.04642
0.04642
0.03968
0.03969
0.02708
0.03871
0.03871
0.05000
0.05003
0.05043
0.06347
0.06347
0.07609
0.08243
0.08226
0.08223
0.07918
0.06514
0.05966
0.05969
0.05986
0.06820
0.06766
0.07229
0.07229
0.07229
0.07629
0.06612
0.06612
0.07783
0.07790
0.07783
0.09359
0.07638
0.04136
0.04022
0.04039
0.04670
0.04660
0.04660
0.04660
0.05899
0.05887
0.07685
0.07178
0.06157
0.04300
0.04054
0.04054
0.04054
0.01585
0.01585
0.01585
0.04433
0.02969
0.03134
0.04498
0.06166
0.06276
0.06182
0.06186
0.05368
0.06031
0.06031
0.06891
0.06652
0.06652
0.06652
0.07738
0.07393
0.05488
0.06124
0.06046
0.06394
0.06395
0.05811
0.05813
0.05811
0.05811
0.05852
0.06200
0.04612
0.05411
0.05411
0.05411
0.06045
0.06045
0.06170
0.07063
0.06759
0.07436
0.05176
0.06158
0.05130
0.06264
0.03262
0.03090
0.03262
0.02939
0.03407
0.02915
0.01341
0.00186
0.00000
0.01408
0.00000
0.00883
0.00000
0.01014
0.01449
0.01433
0.01450
0.01569
0.01568
0.01771
0.02893
0.00871
0.01180
0.00000
0.00139
0.00569
0.00000
0.00057
0.00000
0.00007
0.00000
0.00676
0.00683
0.00680
0.00000
0.00001
0.00007
0.00023
0.00000
0.01195
0.01548
0.01486
0.04952
0.03148
0.03145
0.03199
0.03067
0.04080
0.04047
0.03516
0.03721
0.03722
0.01641
0.02026
0.01819
0.02634
0.02634
0.02634
0.04202
0.02643
0.04226
0.02598
0.02598
0.02732
0.02732
0.01786
0.00630
0.03502
0.03502
0.03482
0.03295
0.02977
0.02653
0.01959
0.04301
0.04275
0.04301
0.04301
0.04590
0.03085
0.03057
0.03057
0.03057
0.03057
0.01150
0.00130
0.00000
0.00000
0.00005
0.02677
0.02677
0.02677
0.02797
0.02343
0.03138
0.03169
0.02243
0.02242
0.03878
0.03099
0.01248
0.02601
0.03853
0.03853
0.02104
0.02345
0.02354
0.02354
0.02360
0.02097
0.02831
0.02831
0.02668
0.01054
0.00178
0.01464
0.01478
0.00898
0.00898
0.02269
0.02287
0.04591
0.04783
0.06384
0.06465
0.06693
0.07873
0.08746
0.08741
0.10947
0.10647
0.10640
0.12563
0.12563
0.12563
0.13616
0.13265
0.14068
0.13837
0.13827
0.14244
0.14244
0.14244
0.12420
0.12397
0.12420
0.12792
0.10308
0.10095
0.10291
0.08722
0.08696
0.09411
0.08769
0.08694
0.09089
0.09946
0.09946
0.09774
0.10659
0.06406
0.06464
0.06465
0.05500
0.06596
0.03533
0.02595
0.02598
0.02595
0.02595
0.03522
0.03528
0.03659
0.03345
0.02387
0.01079
0.00011
0.00622
0.00622
0.00000
0.00000
0.00000
0.00000
0.00196
0.00982
0.00982
0.00982
0.01420
0.02757
0.03134
0.04533
0.04533
0.02875
0.03969
0.04389
0.06371
0.06496
0.06454
0.06003
0.05959
0.06003
0.06730
0.06003
0.03918
0.03918
0.06481
0.06076
0.04317
0.03394
0.04471
0.04471
0.04758
0.04755
0.05440
0.04699
0.03870
0.02735
0.02730
0.02735
0.02738
0.03239
0.03534
0.02317
0.02555
0.01545
0.01464
0.00996
0.00780
0.00779
0.00779
0.00779
0.00000
0.00000
0.00027
0.00039
0.00000
0.00000
0.01126
0.01305
0.01675
0.01243
0.02204
0.04137
0.03541
0.03541
0.04195
0.03978
0.03340
0.03345
0.03487
0.03345
0.03345
0.01337
0.00000
0.00041
0.00000
0.01429
0.00000
0.00108
0.00108
0.00132
0.00108
0.00000
0.00000
0.00446
0.00022
0.02648
0.02083
0.02049
0.02049
0.01389
0.01433
0.00493
0.00618
0.01875
0.02231
0.02231
0.02564
0.03110
0.03108
0.03110
0.03110
0.03128
0.03110
0.03858
0.03840
0.03840
0.06204
0.06202
0.06085
0.06085
0.07217
0.06997
0.08959
0.08760
0.08760
0.08804
0.09756
0.09756
0.10043
0.10099
0.07141
0.04086
0.03620
0.03145
0.03178
0.03147
0.01509
0.01509
0.01312
0.01312
0.02386
0.02386
0.00671
0.00000
0.00127
0.01465
0.00788
0.02047
0.02049
0.00000
0.00838
0.00432
0.00610
0.00000
0.00000
0.00000
0.00960
0.01170
0.01177
0.01177
0.01141
0.00783
0.00771
0.00716
0.01672
0.03370
0.02835
0.04277
0.02297
0.02348
0.02059
0.02059
0.01524
0.01038
0.00514
0.01384
0.02503
0.02484
0.01650
0.01638
0.01638
0.02776
0.04250
0.04284
0.04137
0.04177
0.04137
0.03436
0.04258
0.03283
0.03277
0.03309
0.03704
0.02982
0.02115
0.01410
0.01407
0.01389
0.01462
0.01462
0.00795
0.00683
0.00683
0.00109
0.00107
0.00000
0.00000
0.00000
0.00014
0.00000
0.01738
0.03525
0.04961
0.03095
0.03095
0.03095
0.03095
0.03507
0.05751
0.07987
0.07776
0.07776
0.07612
0.07165
0.07172
0.07230
0.05689
0.05372
0.03744
0.03776
0.02678
0.02678
0.04076
0.04073
0.05110
0.05110
0.07920
0.07920
0.06249
0.07423
0.07622
0.09244
0.09241
0.09244
0.13511
0.13468
0.12335
0.12335
0.12335
0.13481
0.12280
0.12259
0.12564
0.12562
0.11674
0.12001
0.11995
0.11995
0.11393
0.10680
0.10762
0.13569
0.11365
0.13439
0.13466
0.13786
0.14845
0.13828
0.13755
0.13744
0.13744
0.13820
0.14754
0.15433
0.15593
0.15292
0.15292
0.14357
0.14418
0.14418
0.14418
0.13730
0.13488
0.13542
0.12032
0.12813
0.13228
0.13420
0.13243
0.13995
0.13931
0.13847
0.13823
0.11361
0.12609
0.12609
0.13731
0.13731
0.15480
0.15506
0.14808
0.15996
0.15668
0.15798
0.15662
0.15878
0.16049
0.16049
0.14308
0.13394
0.14330
0.13209
0.13227
0.12229
0.12582
0.11268
0.10097
0.10520
0.10521
0.10519
0.09146
0.07816
0.07816
0.07816
0.07816
0.08170
0.04933
0.04066
0.05678
0.05678
0.07260
0.07895
0.07594
0.07786
0.08592
0.08758
0.07255
0.05277
0.07755
0.08159
0.07818
0.07818
0.07905
0.07818
0.09862
0.11212
0.11482
0.10273
0.10273
0.09401
0.11404
0.11883
0.11860
0.11926
0.11926
0.11926
0.09370
0.09800
0.09761
0.05520
0.05634
0.05631
0.05932
0.05966
0.05477
0.04914
0.05288
0.04645
0.04649
0.04200
0.04200
0.04200
0.03901
0.03448
0.03382
0.03723
0.04470
0.04282
0.03441
0.03167
0.02957
0.03319
0.02083
0.02792
0.02658
0.02655
0.02658
0.03429
0.03645
0.03905
0.03944
0.03944
0.03944
0.02861
0.02856
0.03385
0.03271
0.02844
0.03333
0.04906
0.05466
0.05466
0.05466
0.04090
0.04090
0.04297
0.04491
0.04961
0.05033
0.04642
0.02532
0.01770
0.00933
0.02430
0.02168
0.04100
0.02423
0.02388
0.02994
0.02994
0.02994
0.01779
0.02097
0.01300
0.01300
0.01300
0.01300
0.01307
0.00507
0.00507
0.00507
0.00506
0.00000
0.01183
0.00000
0.00263
0.00000
0.01224
0.01224
0.01375
0.00000
0.00000
0.00000
0.01496
0.02999
0.02971
0.04379
0.04377
0.04483
0.03645
0.03645
0.03645
0.03645
0.04000
0.02425
0.02970
0.02943
0.02857
0.02262
0.02262
0.02094
0.02094
0.04359
0.06224
0.06218
0.06153
0.06153
0.06029
0.05040
0.05040
0.04959
0.05284
0.05228
0.05284
0.05195
0.05818
0.05781
0.02810
0.04015
0.04029
0.04026
0.03596
0.04067
0.03627
0.03596
0.04812
0.04762
0.03915
0.03240
0.04006
0.06145
0.05886
0.05886
0.02051
0.03867
0.04078
0.04536
0.07075
0.07190
0.06443
0.06931
0.04857
0.04857
0.04218
0.03349
0.05496
0.04730
0.04411
0.03553
0.03526
0.03552
0.03504
0.03847
0.05018
0.04934
0.04439
0.04423
0.04256
0.04921
0.03507
0.04352
0.03832
0.01569
0.02193
0.03310
0.02603
0.02590
0.02454
0.04371
0.04397
0.04110
0.04110
0.04741
0.04314
0.04628
0.04625
0.04246
0.04534
0.05707
0.05646
0.05646
0.06241
0.04546
0.04546
0.04546
0.05733
0.08365
0.10317
0.10298
0.10298
0.10298
0.10883
0.10883
0.10772
0.09777
0.09128
0.07684
0.07681
0.06477
0.06259
0.08393
0.07175
0.05585
0.06918
0.05055
0.05052
0.04517
0.03302
0.03078
0.03148
0.03160
0.03078
0.03078
0.02957
0.03256
0.03633
0.03633
0.03869
0.04060
0.01746
0.00994
0.00697
0.01104
0.01100
0.02446
0.02452
0.01563
0.01059
0.01059
0.00994
0.01374
0.02813
0.02559
0.02514
0.03204
0.03225
0.03225
0.02300
0.02130
0.02246
0.02475
0.02652
0.00370
0.03108
0.03108
0.03108
0.02696
0.05080
0.03234
0.03239
0.03239
0.04110
0.04001
0.06407
0.04594
0.03301
0.03302
0.02477
0.05191
0.04205
0.03035
0.02490
0.03868
0.04251
0.02007
0.01703
0.03120
0.04816
0.04678
0.05242
0.04164
0.06739
0.07883
0.07196
0.07690
0.07690
0.08420
0.08421
0.08420
0.08428
0.07957
0.07957
0.07957
0.07957
0.07957
0.10183
0.10219
0.10037
0.10116
0.10063
0.10037
0.10462
0.10713
0.10713
0.10590
0.10712
0.12063
0.11133
0.11164
0.11165
0.12935
0.12435
0.12541
0.12870
0.12870
0.12870
0.12321
0.12286
0.11782
0.11782
0.12738
0.12711
0.14210
0.14082
0.14082
0.14422
0.13229
0.13660
0.13661
0.14122
0.14847
0.13886
0.11537
0.11249
0.11477
0.11477
0.12413
0.10296
0.10310
0.08628
0.07850
0.07850
0.08400
0.08397
0.08341
0.07843
0.07842
0.07842
0.07842
0.10674
0.10350
0.09029
0.10192
0.11148
0.11474
0.12756
0.13509
0.13236
0.13236
0.12998
0.12888
0.12888
0.12844
0.11068
0.10233
0.10236
0.09435
0.07668
0.08030
0.07984
0.08356
0.08356
0.08089
0.08072
0.08000
0.08563
0.10769
0.10920
0.10920
0.12660
0.12487
0.12485
0.12459
0.11474
0.12465
0.11316
0.11364
0.12638
0.12659
0.12638
0.12603
0.12597
0.12949
0.12597
0.12597
0.12597
0.13076
0.13067
0.13197
0.13215
0.13184
0.12163
0.10399
0.08595
0.06911
0.06949
0.06462
0.06462
0.06096
0.06096
0.05918
0.06626
0.07218
0.05851
0.06122
0.05732
0.04696
0.04618
0.04805
0.04990
0.06199
0.06416
0.06992
0.06643
0.06646
0.06864
0.04951
0.04061
0.02865
0.04059
0.04052
0.03843
0.03896
0.03995
0.03339
0.02911
0.04874
0.04874
0.04034
0.02980
0.02980
0.03270
0.03078
0.03357
0.03615
0.03593
0.03585
0.03600
0.03594
0.04822
0.06455
0.08372
0.07304
0.05390
0.05390
0.04893
0.05564
0.05564
0.05573
0.05621
0.05912
0.05880
0.07301
0.07761
0.07500
0.07606
0.07503
0.07503
0.06506
0.05825
0.06152
0.05092
0.03133
0.01821
0.01821
0.01818
0.01638
0.01638
0.00839
0.00253
0.00354
0.00398
0.00149
0.00726
0.00726
0.01224
0.00553
0.00085
0.00099
0.00006
0.00000
0.00628
0.00000
0.00000
0.00000
0.00000
0.02801
0.03200
0.03437
0.03437
0.03437
0.02795
0.00042
0.00042
0.00043
0.00000
0.00007
0.00000
0.00646
0.00646
0.01513
0.00196
0.01683
0.00000
0.00000
0.00000
0.00000
0.01701
0.01678
0.01678
0.01600
0.00892
0.00929
0.00921
0.00929
0.00930
0.00429
0.01527
0.01527
0.01396
0.00000
0.00490
0.00750
0.00000
0.00000
0.00134
0.00000
0.00184
0.00184
0.00000
0.00186
0.00000
0.01726
0.01684
0.02536
0.02153
0.02775
0.02615
0.02612
0.02620
0.01999
0.01999
0.01999
0.02405
0.02587
0.02393
0.03209
0.02463
0.03905
0.03950
0.03330
0.03075
0.03204
0.01136
0.00525
0.00682
0.01059
0.01002
0.01386
0.02752
0.03353
0.03353
0.03359
0.03211
0.03211
0.03211
0.04088
0.05351
0.05884
0.05474
0.06052
0.04178
0.04294
0.04276
0.04278
0.05416
0.05451
0.05451
0.05456
0.05451
0.05453
0.07057
0.06843
0.06843
0.07265
0.07367
0.07119
0.08331
0.08326
0.08326
0.06930
0.05485
0.05090
0.05244
0.05241
0.05251
0.05151
0.05165
0.05883
0.04894
0.04894
0.05245
0.05968
0.06345
0.07601
0.04316
0.03919
0.04197
0.04197
0.04456
0.04361
0.04987
0.07026
0.07026
0.05515
0.05515
0.04015
0.04015
0.05686
0.04824
0.07199
0.06604
0.06699
0.06699
0.06696
0.06699
0.07119
0.07613
0.08950
0.09877
0.09344
0.09339
0.07513
0.05956
0.05540
0.05437
0.05365
0.05566
0.05548
0.05574
0.06224
0.06226
0.07102
0.05619
0.06171
0.05992
0.05606
0.06747
0.07383
0.10049
0.09944
0.08828
0.08386
0.08258
0.08258
0.09454
0.10792
0.10666
0.10647
0.10657
0.10647
0.09625
0.09601
0.09761
0.07604
0.06035
0.05984
0.05987
0.05985
0.05128
0.05138
0.05244
0.05091
0.06557
0.07674
0.08960
0.11077
0.11516
0.12392
0.12781
0.12822
0.11501
0.11501
0.08820
0.08446
0.07666
0.07667
0.08019
0.08868
0.07434
0.10044
0.10036
0.10044
0.10044
0.09237
0.09148
0.09147
0.09147
0.06968
0.06927
0.04957
0.05464
0.06263
0.05913
0.05209
0.05209
0.05244
0.05209
0.05209
0.04729
0.04401
0.06819
0.06945
0.08670
0.08182
0.05288
0.06496
0.07415
0.07606
0.08472
0.08455
0.09621
0.10886
0.10059
0.09160
0.10596
0.09568
0.09568
0.09969
0.09328
0.09382
0.10767
0.09433
0.07071
0.05559
0.05538
0.05550
0.05424
0.06599
0.06797
0.08056
0.08383
0.08088
0.08085
0.08085
0.08114
0.09280
0.10137
0.10877
0.10877
0.12122
0.11784
0.12315
0.11528
0.12051
0.11731
0.10853
0.10853
0.11074
0.09645
0.08476
0.08142
0.09310
0.09494
0.10068
0.10076
0.10076
0.13031
0.13020
0.13020
0.13118
0.13663
0.13304
0.13305
0.13305
0.13305
0.14088
0.13179
0.14033
0.14337
0.14458
0.14464
0.14458
0.14304
0.14304
0.12769
0.12536
0.12506
0.12777
0.12784
0.11915
0.11921
0.12357
0.10575
0.10581
0.10577
0.11204
0.12399
0.12002
0.12002
0.10620
0.09811
0.08311
0.08717
0.08717
0.06002
0.07065
0.04893
0.03682
0.03058
0.02668
0.03204
0.03117
0.02949
0.02342
0.02070
0.02060
0.01409
0.00001
0.00001
0.00007
0.00000
0.00001
0.00000
0.00142
0.00323
0.00087
0.00106
0.00003
0.00000
0.00000
0.00077
0.00000
0.00000
0.00000
0.00000
0.00000
0.01361
0.00494
0.01889
0.01393
0.01736
0.02433
0.03330
0.03796
0.03845
0.05361
0.05272
0.06759
0.07607
0.07609
0.07949
0.07081
0.07020
0.04832
0.06017
0.06740
0.05162
0.05162
0.06393
0.06430
0.04786
0.04759
0.06690
0.05839
0.04907
0.03799
0.02648
0.02644
0.04592
0.04739
0.03781
0.02304
0.02412
0.03527
0.03959
0.02649
0.03413
0.05208
0.05208
0.04991
0.05546
0.03878
0.03706
0.03685
0.03706
0.03706
0.02578
0.00000
0.00000
0.00000
0.00036
0.00000
0.02341
0.02341
0.02185
0.00149
0.01300
0.00105
0.00011
0.00180
0.00286
0.00045
0.00033
0.00000
0.00625
0.00000
0.00000
0.00319
0.00000
0.00000
0.02469
0.01927
0.01974
0.03360
0.03270
0.03435
0.03742
0.04656
0.04660
0.04653
0.02385
0.01810
0.01120
0.01691
0.00000
0.00409
0.01701
0.02435
0.00000
0.00000
0.01260
0.01398
0.01260
0.01189
0.03242
0.05023
0.04454
0.04495
0.05899
0.04737
0.04737
0.04536
0.03498
0.01540
0.01727
0.01737
0.01734
0.01823
0.01728
0.01737
0.01070
0.01011
0.00007
0.00084
0.00009
0.00034
0.02077
0.02008
0.01441
0.00004
0.00029
0.00759
0.00000
0.00568
0.00568
0.01314
0.01314
0.01345
0.01294
0.01345
0.01345
0.01345
0.03148
0.02278
0.02168
0.02509
0.03249
0.03249
0.02795
0.02889
0.03070
0.01372
0.02123
0.02123
0.02361
0.00699
0.00695
0.00695
0.03148
0.01488
0.01519
0.01404
0.01453
0.01309
0.01309
0.01040
0.01041
0.01199
0.01199
0.01199
0.01165
0.01199
0.01199
0.01199
0.01461
0.01418
0.01741
0.01602
0.02009
0.02009
0.02009
0.00299
0.01748
0.01301
0.02210
0.02210
0.01662
0.02190
0.02190
0.02190
0.02950
0.02603
0.02609
0.03482
0.03799
0.03799
0.02879
0.03229
0.03229
0.02657
0.02657
0.01912
0.01900
0.02528
0.02996
0.01438
0.00403
0.02164
0.00659
0.01034
0.00636
0.02734
0.02625
0.02316
0.02316
0.02316
0.04059
0.03970
0.04653
0.03734
0.03734
0.04918
0.04380
0.04652
0.05613
0.05612
0.04491
0.04492
0.06296
0.06411
0.05460
0.05449
0.05755
0.04439
0.03604
0.03604
0.03098
0.02736
0.02736
0.02714
0.03164
0.03164
0.05467
0.07839
0.07823
0.07839
0.06355
0.07253
0.08594
0.08873
0.08873
0.08971
0.09412
0.08912
0.08885
0.08884
0.08345
0.08095
0.09571
0.08055
0.08023
0.07358
0.07358
0.07360
0.04654
0.04654
0.04656
0.02412
0.02758
0.03118
0.02700
0.01853
0.02032
0.03825
0.05504
0.06238
0.04885
0.03451
0.03451
0.03453
0.03453
0.04610
0.04615
0.04615
0.05331
0.06026
0.03787
0.03763
0.03483
0.03182
0.03032
0.03182
0.03264
0.04347
0.03862
0.03862
0.03313
0.03324
0.03307
0.03313
0.03313
0.03508
0.02574
0.02574
0.02924
0.02497
0.02634
0.05062
0.06390
0.06322
0.05972
0.05620
0.05191
0.05959
0.05972
0.07376
0.07376
0.06986
0.08410
0.08407
0.08407
0.07800
0.07624
0.08241
0.06724
0.06674
0.06674
0.06674
0.05972
0.07892
0.07708
0.07713
0.09010
0.09010
0.09010
0.08612
0.08783
0.07188
0.07137
0.05729
0.05729
0.10265
0.09505
0.07936
0.07936
0.08909
0.09601
0.10525
0.10585
0.10585
0.09900
0.09672
0.08995
0.09234
0.09234
0.09234
0.09234
0.08677
0.07571
0.08235
0.07878
0.07101
0.07067
0.07096
0.09961
0.08862
0.08872
0.08872
0.08872
0.09990
0.09387
0.07561
0.07561
0.07561
0.07561
0.08194
0.07960
0.07525
0.05368
0.05368
0.04475
0.04475
0.04942
0.04328
0.04328
0.07155
0.04819
0.04819
0.05018
0.04939
0.04894
0.06150
0.06135
0.02134
0.05892
0.04944
0.04944
0.04944
0.04797
0.06583
0.05949
0.05949
0.06217
0.07833
0.05895
0.07682
0.07682
0.07474
0.07113
0.07491
0.06840
0.07518
0.07518
0.06002
0.06989
0.07019
0.09101
0.09434
0.08994
0.09379
0.12423
0.12451
0.10886
0.11330
0.11116
0.08758
0.07693
0.07732
0.07005
0.05981
0.05981
0.06138
0.06138
0.06125
0.06138
0.07512
0.06020
0.06120
0.04690
0.04690
0.04272
0.04451
0.05136
0.03169
0.02977
0.02364
0.03880
0.04295
0.04295
0.04305
0.04489
0.05166
0.05209
0.04631
0.04070
0.04079
0.05485
0.05350
0.06444
0.06441
0.07029
0.05484
0.05484
0.05484
0.06323
0.06018
0.06018
0.06266
0.04251
0.06005
0.03794
0.04520
0.04520
0.04666
0.04666
0.04666
0.04666
0.04666
0.05176
0.06025
0.02607
0.02652
0.02439
0.02439
0.03195
0.03195
0.03195
0.03220
0.02541
0.03098
0.03215
0.02149
0.02075
0.01379
0.01340
0.00277
0.02543
0.02543
0.04145
0.04924
0.05236
0.04363
0.01826
0.02122
0.03305
0.03938
0.03709
0.02837
0.05489
0.05489
0.04787
0.04859
0.04063
0.03873
0.04374
0.05918
0.07159
0.08737
0.08729
0.07668
0.09308
0.06568
0.06281
0.06203
0.07412
0.07557
0.07557
0.05273
0.06469
0.06683
0.06113
0.05967
0.07047
0.06244
0.06144
0.05039
0.05059
0.04106
0.05307
0.05823
0.04425
0.04390
0.04402
0.04412
0.04396
0.03935
0.03934
0.03935
0.04758
0.06720
0.06737
0.06722
0.07545
0.07983
0.06549
0.05045
0.05045
0.05045
0.04917
0.04917
0.05816
0.05408
0.02645
0.04066
0.03861
0.03861
0.03934
0.03861
0.03879
0.03112
0.03131
0.01444
0.01452
0.01153
0.01098
0.01705
0.01802
0.01703
0.02637
0.01595
0.02291
0.02721
0.02470
0.02419
0.00000
0.00000
0.00078
0.00465
0.01030
0.02037
0.01886
0.01749
0.00960
0.00960
0.00960
0.00556
0.00764
0.00764
0.00789
0.00789
0.00572
0.00160
0.01855
0.01925
0.02239
0.02239
0.01895
0.01725
0.01258
0.01403
0.01085
0.01221
0.00000
0.00010
0.02760
0.01523
0.01960
0.01397
0.01397
0.01731
0.01731
0.02116
0.02279
0.06575
0.06641
0.06670
0.07344
0.06966
0.05886
0.07889
0.07789
0.09331
0.09332
0.09333
0.10876
0.10167
0.09335
0.09727
0.09727
0.09727
0.09927
0.09927
0.10832
0.10832
0.11661
0.11661
0.11467
0.11467
0.11467
0.11706
0.13390
0.14455
0.15402
0.14157
0.13637
0.13637
0.13637
0.12684
0.12551
0.12429
0.13677
0.12908
0.12778
0.13105
0.13937
0.14015
0.14571
0.13483
0.13487
0.10594
0.09718
0.09560
0.09718
0.09718
0.08986
0.09225
0.09153
0.09153
0.09204
0.10363
0.10363
0.11585
0.11581
0.11613
0.10423
0.10750
0.09880
0.10458
0.10756
0.10959
0.10142
0.10142
0.10787
0.10787
0.10787
0.10780
0.10787
0.11410
0.11073
0.11058
0.09167
0.09167
0.09644
0.10052
0.09721
0.09721
0.09426
0.08621
0.08616
0.07625
0.07701
0.07186
0.07600
0.07600
0.07601
0.07600
0.07600
0.08000
0.06535
0.05815
0.05815
0.04825
0.04812
0.04394
0.06383
0.05179
0.03615
0.02017
0.00219
0.02246
0.01741
0.01750
0.01330
0.01330
0.01330
0.00060
0.00000
0.00681
0.00679
0.01834
0.01810
0.02112
0.00117
0.00119
0.00114
0.00000
0.00000
0.00095
0.00000
0.00000
0.01919
0.00470
0.00000
0.00000
0.00056
0.00071
0.00000
0.00000
0.00000
0.00000
0.00354
0.00579
0.00481
0.00481
0.00296
0.00079
0.01225
0.01252
0.01135
0.01135
0.00444
0.00444
0.01532
0.00000
0.00515
0.00000
0.00000
0.00000
0.00797
0.01420
0.00116
0.00688
0.01781
0.00546
0.00381
0.00134
0.00689
0.02631
0.02637
0.02635
0.02637
0.02591
0.04764
0.04221
0.05087
0.05087
0.06753
0.07484
0.08148
0.11400
0.11662
0.10256
0.10233
0.10247
0.08621
0.08621
0.08999
0.08997
0.08991
0.08999
0.09034
0.08828
0.08782
0.07472
0.06562
0.06562
0.07777
0.07793
0.07793
0.07793
0.07776
0.07270
0.07752
0.08131
0.07848
0.07092
0.07266
0.08024
0.08788
0.06987
0.06982
0.07016
0.06484
0.05436
0.05527
0.04884
0.07098
0.07379
0.04934
0.05365
0.05365
0.05365
0.05365
0.05219
0.05219
0.06257
0.04632
0.04334
0.04334
0.05627
0.05668
0.05945
0.06668
0.05289
0.04325
0.05494
0.05500
0.06231
0.06247
0.05338
0.04099
0.04081
0.02211
0.00695
0.00730
0.01200
0.00113
0.00228
0.00017
0.00000
0.01872
0.01035
0.01035
0.01035
0.00373
0.01032
0.02139
0.01696
0.01196
0.02473
0.01921
0.02028
0.02028
0.01661
0.00000
0.00000
0.00000
0.01266
0.00986
0.01272
0.01347
0.02516
0.01866
0.01943
0.01966
0.01943
0.00304
0.00072
0.00008
0.00797
0.01131
0.01778
0.01409
0.01409
0.01032
0.00000
0.00000
0.00000
0.01297
0.02398
0.02371
0.03584
0.02731
0.03269
0.03307
0.02822
0.02727
0.02391
0.03696
0.02110
0.02534
0.03980
0.04018
0.04228
0.03542
0.03543
0.03542
0.04055
0.03962
0.03962
0.04506
0.04506
0.05326
0.03345
0.04102
0.04651
0.03994
0.03488
0.03488
0.03270
0.02026
0.02043
0.02043
0.02043
0.02043
0.00841
0.00766
0.00711
0.00695
0.00695
0.00000
0.00009
0.00000
0.00000
0.00120
0.00000
0.00000
0.00171
0.00171
0.00000
0.00000
0.00001
0.00000
0.00481
0.00000
0.00000
0.00000
0.00648
0.00648
0.01502
0.01502
0.01605
0.01512
0.01512
0.02247
0.02247
0.02311
0.02311
0.01756
0.01743
0.01309
0.00000
0.00000
0.00000
0.00168
0.00000
0.00315
0.00240
0.00000
0.00000
0.00153
0.00024
0.01040
0.01204
0.02474
0.02474
0.02024
0.01864
0.02321
0.03171
0.03544
0.03083
0.04926
0.07320
0.07190
0.05713
0.06245
0.05396
0.06220
0.06220
0.05944
0.06194
0.08280
0.08046
0.08050
0.08046
0.08629
0.08629
0.05427
0.03625
0.02687
0.02567
0.03216
0.01962
0.00919
0.03802
0.03184
0.03419
0.03508
0.03340
0.03340
0.03340
0.03341
0.03340
0.02901
0.04226
0.04545
0.04386
0.04545
0.07506
0.06866
0.06013
0.05928
0.04194
0.02266
0.02034
0.02106
0.02011
0.00883
0.00883
0.00892
0.01700
0.01749
0.01917
0.02018
0.01885
0.00057
0.02240
0.01064
0.01083
0.01083
0.00000
0.00225
0.02619
0.05233
0.05232
0.04016
0.03281
0.03456
0.02737
0.02871
0.05100
0.05162
0.03369
0.02785
0.02785
0.02176
0.03770
0.03694
0.04661
0.06162
0.06418
0.06418
0.07114
0.07110
0.08072
0.08063
0.09307
0.10907
0.10907
0.10907
0.12150
0.11887
0.10921
0.08864
0.08859
0.07808
0.07801
0.07836
0.09500
0.09782
0.09706
0.09773
0.09706
0.12747
0.11514
0.11514
0.10055
0.09741
0.09673
0.09741
0.09962
0.09962
0.09344
0.10306
0.09056
0.10667
0.10052
0.11716
0.11793
0.12696
0.12696
0.11877
0.12096
0.12194
0.11640
0.11640
0.08713
0.10001
0.09712
0.10441
0.10569
0.10569
0.12288
0.12312
0.12416
0.12224
0.12224
0.12255
0.12932
0.12656
0.11538
0.11656
0.11655
0.12558
0.12798
0.13162
0.12254
0.13866
0.15306
0.15454
0.15306
0.15306
0.15627
0.15881
0.15695
0.13041
0.12821
0.13041
0.11949
0.11351
0.11436
0.11351
0.10034
0.10034
0.10034
0.08237
0.09518
0.09509
0.09518
0.09670
0.09670
0.08823
0.12039
0.10483
0.10487
0.10460
0.10129
0.10875
0.09507
0.07202
0.07242
0.07511
0.07396
0.06275
0.06275
0.06362
0.06080
0.06122
0.06106
0.07862
0.09272
0.10056
0.10056
0.10056
0.08901
0.08617
0.09773
0.09514
0.08559
0.06538
0.06538
0.09405
0.12129
0.11818
0.11814
0.11802
0.12436
0.12443
0.11385
0.11277
0.11442
0.10939
0.10189
0.08983
0.08989
0.09033
0.08989
0.09920
0.10123
0.10353
0.09071
0.08364
0.08387
0.09141
0.09141
0.12591
0.12585
0.12570
0.15556
0.15556
0.17333
0.16967
0.17032
0.15957
0.14913
0.15331
0.14170
0.12856
0.13331
0.11829
0.11091
0.10838
0.10824
0.08399
0.08399
0.08343
0.08703
0.08715
0.10084
0.10108
0.10115
0.10051
0.09089
0.07992
0.08748
0.08286
0.07985
0.07993
0.09683
0.11012
0.12286
0.12286
0.13210
0.10681
0.11103
0.13331
0.10005
0.10036
0.10005
0.09995
0.07873
0.05990
0.07578
0.07577
0.07308
0.05715
0.05715
0.06646
0.05403
0.03613
0.02367
0.02186
0.02186
0.02056
0.02090
0.02251
0.01093
0.01093
0.00144
0.01370
0.01009
0.01280
0.01280
0.01273
0.02599
0.02586
0.02588
0.02589
0.02589
0.02122
0.02718
0.02366
0.03067
0.03067
0.06146
0.06146
0.06447
0.06445
0.06785
0.06558
0.05660
0.06637
0.07340
0.07967
0.07096
0.06186
0.06334
0.05882
0.07201
0.07352
0.07604
0.07604
0.07431
0.06174
0.04181
0.04512
0.00000
0.00689
0.00640
0.00000
0.00616
0.00005
0.02477
0.01993
0.02477
0.02477
0.01652
0.01629
0.01067
0.02266
0.03373
0.03115
0.03139
0.01883
0.01884
0.00517
0.00000
0.00187
0.00000
0.00000
0.01513
0.01750
0.01750
0.02947
0.02577
0.02983
0.03668
0.03617
0.03144
0.03575
0.06376
0.06376
0.06376
0.06359
0.06379
0.06376
0.06376
0.07319
0.07449
0.08790
0.08625
0.07035
0.10470
0.09808
0.09126
0.10090
0.08818
0.09023
0.10178
0.10014
0.09958
0.10937
0.12166
0.10711
0.10711
0.12599
0.13107
0.14728
0.14766
0.14802
0.14766
0.12621
0.12638
0.12763
0.12380
0.14702
0.14702
0.13627
0.15488
0.15546
0.15547
0.15547
0.14509
0.13241
0.11858
0.12137
0.13789
0.12245
0.12155
0.12077
0.10051
0.09075
0.09268
0.09143
0.09143
0.10722
0.11357
0.10543
0.11105
0.10262
0.10115
0.10330
0.10264
0.09148
0.08163
0.08534
0.10546
0.10551
0.10551
0.10863
0.11255
0.11626
0.13509
0.11185
0.11426
0.11185
0.11237
0.11269
0.10394
0.10451
0.10508
0.10508
0.11328
0.12210
0.12210
0.10912
0.11629
0.14250
0.14231
0.13533
0.13533
0.13178
0.14561
0.15458
0.15805
0.15805
0.16321
0.17980
0.18230
0.19307
0.20166
0.19308
0.19186
0.19183
0.19254
0.19502
0.19502
0.19432
0.17556
0.17556
0.16280
0.17728
0.16017
0.16328
0.16328
0.14678
0.16868
0.16868
0.17538
0.17239
0.17233
0.17220
0.17106
0.15806
0.15947
0.16031
0.15434
0.16100
0.17857
0.17651
0.17650
0.17650
0.16365
0.16656
0.16278
0.17680
0.18138
0.18138
0.17298
0.17251
0.17303
0.17297
0.17440
0.16977
0.17106
0.15356
0.14205
0.13182
0.13687
0.13771
0.16672
0.16515
0.16266
0.15167
0.15536
0.15536
0.15536
0.15587
0.15587
0.15003
0.17829
0.17829
0.16115
0.16891
0.17645
0.17645
0.17645
0.16272
0.15280
0.15435
0.15476
0.15686
0.15892
0.16724
0.18647
0.16900
0.18585
0.17628
0.17630
0.17625
0.14030
0.14035
0.13873
0.13655
0.14747
0.15024
0.15406
0.16999
0.16998
0.16998
0.14427
0.14427
0.14021
0.14482
0.14486
0.16795
0.16759
0.16760
0.16760
0.16762
0.15919
0.15236
0.15339
0.16098
0.17210
0.18980
0.19837
0.17467
0.17470
0.17468
0.17470
0.17470
0.16366
0.16366
0.16899
0.15497
0.14750
0.12966
0.12966
0.13514
0.13689
0.14602
0.14642
0.14308
0.14742
0.14909
0.13808
0.12350
0.09393
0.09372
0.09372
0.09372
0.09765
0.09617
0.09792
0.09242
0.09242
0.08551
0.09209
0.09573
0.10523
0.09495
0.09457
0.09794
0.10226
0.13033
0.12945
0.12916
0.10187
0.10290
0.08900
0.10163
0.11079
0.10095
0.10093
0.10097
0.09044
0.07643
0.07937
0.06280
0.06619
0.08528
0.08697
0.10027
0.09128
0.09128
0.09887
0.10830
0.10375
0.10367
0.09570
0.08492
0.08494
0.08405
0.08405
0.11409
0.10995
0.11004
0.12334
0.12215
0.12215
0.13350
0.13350
0.15188
0.13580
0.14917
0.14915
0.14917
0.14877
0.14200
0.13501
0.14473
0.14865
0.15027
0.14157
0.12797
0.11917
0.11917
0.12586
0.12751
0.12821
0.15009
0.13833
0.14875
0.13118
0.12206
0.12899
0.12718
0.12718
0.12718
0.12704
0.11897
0.13492
0.13870
0.12721
0.13018
0.13039
0.13661
0.13640
0.12815
0.14002
0.14814
0.15184
0.15400
0.15400
0.14298
0.14298
0.14370
0.14298
0.15751
0.16393
0.15009
0.16332
0.16471
0.15409
0.15690
0.15993
0.15267
0.15267
0.15267
0.15267
0.15267
0.13599
0.13024
0.16080
0.16326
0.15286
0.15827
0.15851
0.15816
0.15816
0.15816
0.14872
0.15521
0.15521
0.13147
0.10474
0.09496
0.09607
0.11599
0.10522
0.09361
0.08362
0.08682
0.08056
0.09000
0.08704
0.07667
0.06002
0.06002
0.05990
0.02944
0.03961
0.02865
0.02864
0.03611
0.02769
0.04228
0.03313
0.03309
0.03309
0.03309
0.03309
0.03300
0.01257
0.00839
0.01059
0.00000
0.00000
0.00000
0.00981
0.00981
0.00986
0.01404
0.01465
0.00000
0.00003
0.01043
0.01477
0.01907
0.03136
0.03136
0.01900
0.01603
0.00615
0.00103
0.00000
0.01631
0.00000
0.00040
0.00875
0.00807
0.00803
0.00918
0.00531
0.00047
0.00664
0.02366
0.02236
0.03446
0.05082
0.05226
0.05226
0.05626
0.05626
0.05626
0.04988
0.05694
0.07142
0.07119
0.07122
0.07119
0.06073
0.06073
0.03945
0.03867
0.02006
0.01884
0.02982
0.03383
0.02755
0.01786
0.02652
0.02628
0.03246
0.03676
0.03655
0.03313
0.03326
0.02919
0.01766
0.01994
0.02584
0.01956
0.02792
0.03062
0.03062
0.03062
0.02927
0.02663
0.03336
0.03323
0.03323
0.06267
0.05171
0.05073
0.05073
0.06391
0.06481
0.06348
0.07909
0.06609
0.06523
0.05515
0.05632
0.04399
0.04399
0.04379
0.04201
0.02854
0.01579
0.01817
0.00751
0.01507
0.01475
0.00833
0.00301
0.00192
0.01364
0.00448
0.00448
0.00448
0.00786
0.02880
0.02825
0.02825
0.02829
0.02801
0.01531
0.00891
0.00543
0.00543
0.00523
0.00438
0.00583
0.00002
0.01339
0.00707
0.00708
0.02172
0.04845
0.04259
0.04151
0.04303
0.06200
0.04740
0.04740
0.04740
0.04740
0.04735
0.04771
0.04740
0.04529
0.04259
0.04005
0.04945
0.04575
0.04218
0.04677
0.04631
0.04772
0.04772
0.05479
0.04288
0.04754
0.02551
0.02646
0.03176
0.03176
0.03176
0.03152
0.02499
0.06411
0.05655
0.05655
0.05156
0.05156
0.06877
0.06530
0.04323
0.03626
0.03465
0.04018
0.04105
0.04139
0.03071
0.01563
0.01563
0.01563
0.00895
0.02097
0.02097
0.02097
0.01548
0.02998
0.01998
0.02015
0.04619
0.04619
0.04522
0.05169
0.04021
0.01050
0.01804
0.03465
0.03665
0.04769
0.04769
0.04547
0.03807
0.02968
0.03088
0.02968
0.02968
0.02982
0.02968
0.02968
0.02968
0.02968
0.03103
0.03112
0.03112
0.03108
0.04822
0.03680
0.03792
0.04222
0.03029
0.02665
0.01724
0.03188
0.04116
0.05799
0.06049
0.06049
0.06049
0.04723
0.04723
0.05333
0.05329
0.05333
0.05138
0.06167
0.06234
0.05965
0.05129
0.04464
0.04593
0.04593
0.04510
0.04593
0.04839
0.05593
0.05593
0.05580
0.05574
0.06557
0.08210
0.08283
0.08288
0.08288
0.08778
0.07564
0.07610
0.06498
0.06667
0.06470
0.06470
0.06470
0.05154
0.04666
0.03217
0.03222
0.04733
0.03193
0.03077
0.03376
0.03376
0.01988
0.00000
0.00000
0.02587
0.02596
0.02747
0.01554
0.01792
0.01554
0.01554
0.01554
0.01554
0.01245
0.01013
0.00000
0.00003
0.00564
0.00564
0.00305
0.00311
0.00000
0.00000
0.01448
0.01682
0.02647
0.02656
0.02962
0.02635
0.01347
0.01956
0.01776
0.01761
0.02496
0.02524
0.04204
0.04204
0.04204
0.00000
0.00000
0.00015
0.00045
0.02487
0.02494
0.00266
0.00295
0.00829
0.00125
0.00065
0.00000
0.00305
0.00305
0.00001
0.00000
0.01042
0.01042
0.03882
0.03337
0.02813
0.02813
0.02683
0.01308
0.00364
0.00658
0.00565
0.00000
0.00000
0.00277
0.00251
0.01868
0.01925
0.01925
0.01925
0.01925
0.01229
0.01068
0.01068
0.02755
0.03101
0.01655
0.02328
0.02907
0.03698
0.04407
0.04407
0.04407
0.04407
0.02948
0.02948
0.04402
0.04402
0.03286
0.05060
0.04967
0.04985
0.05836
0.06658
0.07037
0.07037
0.07151
0.07151
0.07190
0.06922
0.07123
0.06562
0.06263
0.06240
0.06240
0.06268
0.07270
0.08200
0.06843
0.06045
0.06009
0.06045
0.07162
0.06964
0.07649
0.08528
0.07660
0.08147
0.03542
0.04791
0.04791
0.06254
0.06067
0.06107
0.04541
0.04591
0.05343
0.05343
0.05343
0.03946
0.02688
0.02688
0.01620
0.01500
0.01499
0.01701
0.00380
0.00379
0.00383
0.00347
0.00383
0.00383
0.00383
0.00374
0.01093
0.01323
0.01704
0.01804
0.00219
0.00219
0.00000
0.00000
0.01110
0.02267
0.02271
0.02625
0.02029
0.03228
0.03228
0.03228
0.01833
0.01855
0.01855
0.00912
0.00921
0.00615
0.01620
0.01101
0.01101
0.01727
0.01727
0.01063
0.01063
0.01923
0.01923
0.03285
0.03541
0.03126
0.03126
0.03488
0.04712
0.03697
0.03892
0.03576
0.04010
0.04010
0.03679
0.03357
0.03090
0.02024
0.01627
0.04629
0.05060
0.05060
0.05419
0.04427
0.02795
0.02768
0.03552
0.03546
0.03545
0.03545
0.04440
0.05806
0.07638
0.08169
0.08169
0.07842
0.09065
0.09088
0.07390
0.08516
0.08517
0.08652
0.10194
0.10282
0.10552
0.12485
0.12910
0.12910
0.12910
0.12120
0.11295
0.10369
0.10333
0.11055
0.09731
0.09589
0.09084
0.08297
0.08457
0.08935
0.08935
0.08935
0.10205
0.11788
0.11780
0.10529
0.12240
0.12258
0.10774
0.10638
0.11207
0.10015
0.08084
0.08080
0.08856
0.09443
0.08553
0.08927
0.08919
0.08432
0.08427
0.08692
0.08750
0.07558
0.07562
0.07562
0.07361
0.08459
0.05301
0.04234
0.04565
0.02976
0.02976
0.01863
0.02042
0.05168
0.05096
0.04397
0.05438
0.06555
0.06255
0.06255
0.05717
0.05762
0.05778
0.05776
0.05767
0.05767
0.06443
0.06443
0.06443
0.06371
0.05893
0.05869
0.05874
0.05869
0.05869
0.05490
0.07836
0.07435
0.08986
0.09491
0.11031
0.09887
0.09887
0.09820
0.07922
0.07922
0.07922
0.07911
0.07922
0.09393
0.08404
0.07990
0.07963
0.06323
0.04981
0.04991
0.05279
0.05212
0.04419
0.05331
0.05331
0.05212
0.05237
0.05671
0.05486
0.05486
0.08770
0.08410
0.08899
0.09821
0.13690
0.15222
0.14509
0.14507
0.12719
0.13582
0.11607
0.11594
0.11820
0.11820
0.13185
0.12132
0.11943
0.12125
0.13946
0.13946
0.13946
0.13520
0.12770
0.13869
0.13882
0.14551
0.13595
0.12657
0.16273
0.16265
0.16233
0.16273
0.14894
0.14889
0.14889
0.14889
0.14889
0.14568
0.13906
0.14350
0.14492
0.15042
0.15040
0.15042
0.13610
0.13135
0.13238
0.12418
0.12943
0.12364
0.12148
0.10891
0.10891
0.11587
0.10855
0.09304
0.08309
0.09028
0.08987
0.05482
0.06722
0.06723
0.05998
0.05576
0.04771
0.02921
0.01871
0.01871
0.02037
0.02031
0.03277
0.03261
0.04347
0.04347
0.04347
0.04508
0.04508
0.03234
0.03198
0.03508
0.02704
0.01330
0.01330
0.01356
0.01966
0.02825
0.04385
0.04406
0.04379
0.05613
0.05620
0.05620
0.04949
0.04949
0.05716
0.06267
0.06285
0.08176
0.09712
0.10291
0.10263
0.11151
0.10783
0.11689
0.10781
0.10855
0.11667
0.10090
0.11015
0.11036
0.12201
0.12655
0.12025
0.11975
0.12344
0.12344
0.13240
0.13240
0.13240
0.13503
0.12599
0.11518
0.11973
0.11980
0.12892
0.11753
0.11783
0.10472
0.10197
0.11411
0.12503
0.11059
0.10353
0.10408
0.09080
0.09080
0.09058
0.11325
0.11749
0.09471
0.09471
0.09471
0.10370
0.10083
0.09926
0.10397
0.10158
0.09748
0.09748
0.09748
0.09562
0.10825
0.10301
0.09454
0.07417
0.09151
0.09118
0.07688
0.08392
0.08392
0.07980
0.07980
0.07980
0.07721
0.07721
0.08221
0.08254
0.06489
0.08091
0.08091
0.08643
0.08253
0.08228
0.08254
0.05398
0.06356
0.06058
0.06968
0.08025
0.06872
0.06872
0.07275
0.06218
0.01562
0.03037
0.03947
0.03890
0.03907
0.03907
0.03907
0.05346
0.06645
0.05929
0.05902
0.05929
0.06893
0.06870
0.07471
0.07471
0.06459
0.07762
0.07511
0.07761
0.07762
0.05808
0.06137
0.05772
0.05773
0.05773
0.06349
0.05377
0.05213
0.04314
0.04846
0.04234
0.04234
0.03493
0.03493
0.03493
0.03027
0.03229
0.04277
0.04277
0.03291
0.04317
0.04472
0.04447
0.02854
0.03825
0.04103
0.04768
0.04746
0.04796
0.04598
0.05780
0.05774
0.05846
0.05832
0.05905
0.05832
0.06433
0.04846
0.05854
0.04513
0.06771
0.06767
0.05795
0.05730
0.07595
0.08169
0.08169
0.08316
0.10177
0.11391
0.09450
0.09849
0.10240
0.08819
0.08819
0.08816
0.11180
0.11166
0.10575
0.09849
0.09683
0.09964
0.09586
0.09623
0.10044
0.10997
0.10979
0.10979
0.11808
0.10681
0.11135
0.11286
0.11501
0.11501
0.11504
0.08410
0.06625
0.07121
0.07548
0.08901
0.08957
0.08872
0.08892
0.09926
0.10126
0.10841
0.10899
0.10535
0.10841
0.10888
0.10841
0.10661
0.10527
0.10623
0.09672
0.09933
0.10398
0.09454
0.09454
0.10138
0.09546
0.10126
0.10364
0.10337
0.09192
0.09215
0.09648
0.09214
0.08554
0.08890
0.09199
0.09182
0.09220
0.09198
0.07933
0.07913
0.07913
0.08489
0.10237
0.08497
0.08497
0.07138
0.07093
0.10023
0.09465
0.10189
0.10189
0.10895
0.10895
0.10918
0.12742
0.11013
0.12450
0.12450
0.12493
0.12168
0.12243
0.12251
0.14184
0.15703
0.15714
0.13946
0.10557
0.10557
0.08952
0.07647
0.06882
0.06940
0.09820
0.08194
0.08910
0.09044
0.08297
0.09921
0.09191
0.08317
0.09391
0.09537
0.09339
0.09335
0.09334
0.07837
0.09141
0.09128
0.09951
0.09974
0.10496
0.10361
0.11816
0.11816
0.10617
0.10968
0.11181
0.10451
0.10269
0.11344
0.11189
0.10588
0.09250
0.09250
0.09250
0.10397
0.10131
0.09988
0.10289
0.10998
0.12203
0.12015
0.11988
0.11645
0.10918
0.10352
0.10614
0.10352
0.11342
0.11526
0.09851
0.09851
0.09851
0.09927
0.11694
0.12171
0.14464
0.12935
0.12935
0.10644
0.08055
0.08055
0.08553
0.08535
0.08535
0.08503
0.08242
0.05355
0.05441
0.03523
0.03517
0.02538
0.03597
0.03599
0.03599
0.03657
0.03701
0.03701
0.03368
0.03204
0.03307
0.03777
0.03861
0.03861
0.03649
0.00000
0.00967
0.02152
0.01941
0.01941
0.01631
0.01631
0.04134
0.04817
0.04490
0.04490
0.04540
0.06179
0.06309
0.03577
0.02174
0.00850
0.00727
0.00727
0.00000
0.00033
0.00309
0.00946
0.00441
0.00441
0.00507
0.00613
0.03954
0.03457
0.02372
0.02701
0.02625
0.01757
0.01708
0.01231
0.01355
0.01944
0.01944
0.01944
0.01944
0.01856
0.01971
0.02003
0.01971
0.01078
0.01078
0.01419
0.02041
0.02041
0.02043
0.03500
0.01289
0.01289
0.00434
0.00431
0.00450
0.00230
0.00215
0.00215
0.01496
0.01496
0.00000
0.00000
0.00176
0.00010
0.00135
0.01733
0.02906
0.03083
0.05483
0.04867
0.05105
0.06427
0.07251
0.08404
0.07150
0.07150
0.06641
0.06697
0.06697
0.07070
0.07550
0.06391
0.06290
0.06388
0.06341
0.06358
0.08355
0.08274
0.07097
0.06026
0.06447
0.07072
0.07690
0.08315
0.08315
0.08315
0.08291
0.08315
0.09458
0.09460
0.09736
0.07320
0.07329
0.07724
0.04601
0.05216
0.03502
0.03502
0.03740
0.03740
0.03740
0.03740
0.03208
0.03187
0.01501
0.00942
0.00389
0.00321
0.00000
0.00000
0.01024
0.01024
0.00228
0.00758
0.02594
0.02379
0.02100
0.01202
0.01202
0.01359
0.01855
0.03567
0.02611
0.04133
0.04133
0.04133
0.04162
0.03864
0.02332
0.02370
0.02332
0.04135
0.04135
0.04135
0.03276
0.03276
0.03779
0.06171
0.06153
0.06312
0.06371
0.06431
0.07821
0.07822
0.07183
0.08750
0.05268
0.06214
0.06471
0.07887
0.11870
0.11939
0.11932
0.11932
0.11932
0.11215
0.10795
0.11125
0.09855
0.10758
0.11115
0.10559
0.11092
0.11271
0.12492
0.15399
0.14324
0.15124
0.14066
0.13982
0.13492
0.13492
0.13124
0.10777
0.10777
0.10575
0.10171
0.10171
0.07822
0.07891
0.08012
0.08583
0.10296
0.10294
0.11216
0.08605
0.08726
0.08987
0.09120
0.08134
0.08022
0.08022
0.08713
0.10586
0.10031
0.10074
0.09798
0.11845
0.11845
0.10482
0.07922
0.07922
0.07457
0.05232
0.05370
0.06367
0.06371
0.06371
0.06449
0.07943
0.08031
0.07943
0.07924
0.07466
0.06854
0.06823
0.07001
0.08095
0.08100
0.08092
0.08100
0.08437
0.07808
0.07811
0.06889
0.07655
0.07657
0.06116
0.06872
0.06745
0.06849
0.06700
0.06700
0.06708
0.05851
0.05851
0.05848
0.06291
0.06633
0.06729
0.07859
0.06576
0.07443
0.06873
0.06836
0.07030
0.07030
0.05701
0.05743
0.05089
0.05093
0.05102
0.05089
0.05577
0.06765
0.07351
0.07820
0.09520
0.08411
0.08411
0.09494
0.08965
0.08050
0.08719
0.08209
0.08209
0.09435
0.09505
0.09620
0.09637
0.09620
0.08743
0.10472
0.09784
0.10320
0.09988
0.07936
0.08239
0.07408
0.07266
0.08196
0.07092
0.06793
0.04634
0.04627
0.05203
0.06425
0.06425
0.04729
0.04729
0.05258
0.06667
0.06918
0.06918
0.06166
0.06746
0.06693
0.07548
0.07546
0.07054
0.07054
0.06750
0.07096
0.06645
0.09122
0.10419
0.10404
0.10417
0.10704
0.10822
0.10825
0.10164
0.10157
0.10157
0.05589
0.05589
0.05173
0.05173
0.05808
0.06701
0.06687
0.06687
0.05970
0.05970
0.06442
0.08498
0.09516
0.09322
0.09573
0.05591
0.05575
0.07839
0.07838
0.06243
0.09774
0.11752
0.11749
0.11749
0.09957
0.10076
0.09919
0.10772
0.11671
0.11996
0.11996
0.11996
0.10825
0.13305
0.13662
0.11665
0.08990
0.08767
0.08915
0.10355
0.10196
0.10196
0.09232
0.08366
0.07909
0.08934
0.08998
0.08934
0.08934
0.08945
0.09452
0.08942
0.06446
0.06791
0.06791
0.07897
0.07987
0.07061
0.07061
0.07709
0.07486
0.07482
0.07487
0.07713
0.07715
0.06808
0.06851
0.06851
0.09811
0.10980
0.09624
0.09372
0.09372
0.09587
0.10349
0.09439
0.10247
0.12676
0.12676
0.12682
0.12512
0.13700
0.13662
0.12488
0.12984
0.11579
0.10878
0.10881
0.10842
0.10135
0.10137
0.10491
0.11177
0.09421
0.10182
0.09568
0.09532
0.09532
0.09541
0.11012
0.11541
0.10548
0.10548
0.09015
0.09581
0.10265
0.10968
0.13462
0.13462
0.15344
0.15344
0.15344
0.16131
0.15138
0.14098
0.16942
0.16942
0.14587
0.15758
0.13611
0.11802
0.10897
0.09986
0.09815
0.09695
0.08210
0.07790
0.07833
0.09525
0.08795
0.06917
0.06917
0.05725
0.06741
0.06741
0.06741
0.05495
0.05495
0.05495
0.05496
0.05495
0.06364
0.06364
0.08384
0.08259
0.06889
0.04870
0.04896
0.04792
0.04699
0.04457
0.04520
0.04045
0.05188
0.05372
0.05547
0.05536
0.06992
0.06248
0.06280
0.06275
0.05671
0.06280
0.06280
0.05164
0.05164
0.04981
0.06692
0.06488
0.07231
0.07231
0.07576
0.07200
0.07153
0.07138
0.07685
0.07670
0.07658
0.07670
0.07347
0.07980
0.07979
0.07979
0.07979
0.07979
0.07984
0.07979
0.08501
0.08822
0.07193
0.07201
0.07201
0.07201
0.07251
0.07319
0.04940
0.04317
0.03516
0.03516
0.03516
0.03494
0.03317
0.03516
0.04075
0.05601
0.04726
0.04306
0.03509
0.04436
0.03581
0.03324
0.02795
0.06208
0.05195
0.05195
0.02917
0.02931
0.03112
0.03848
0.04226
0.04231
0.04258
0.04241
0.04226
0.04225
0.05680
0.06008
0.06044
0.04959
0.04456
0.04510
0.04890
0.04990
0.04361
0.04318
0.04275
0.04272
0.04305
0.03547
0.03547
0.03691
0.05158
0.06060
0.05714
0.05401
0.04200
0.04163
0.04675
0.04675
0.02402
0.02400
0.02400
0.02930
0.02505
0.01073
0.00452
0.00446
0.02602
0.05577
0.05559
0.03978
0.06080
0.05755
0.06610
0.06610
0.06218
0.06218
0.08295
0.08295
0.08701
0.08975
0.06949
0.07224
0.09234
0.08383
0.08278
0.05556
0.05115
0.05893
0.06303
0.05940
0.05951
0.07084
0.06897
0.06683
0.06119
0.05299
0.05418
0.05418
0.04643
0.05655
0.05490
0.04196
0.04196
0.04154
0.02696
0.02696
0.03198
0.03204
0.04435
0.05034
0.04391
0.04858
0.07256
0.08338
0.09012
0.07234
0.07644
0.08733
0.11116
0.11923
0.11923
0.11923
0.09374
0.10294
0.09849
0.09954
0.08085
0.08300
0.07602
0.07234
0.08207
0.08211
0.08423
0.07957
0.06336
0.06276
0.05666
0.05275
0.06407
0.05912
0.06894
0.06902
0.06117
0.07736
0.05512
0.05866
0.03452
0.04996
0.05008
0.04011
0.04011
0.04123
0.03808
0.03848
0.03808
0.04217
0.03215
0.02567
0.03877
0.03990
0.03390
0.02772
0.03543
0.04018
0.03183
0.00884
0.01229
0.01564
0.00833
0.02020
0.02020
0.00000
0.00000
0.00275
0.00443
0.00542
0.00000
0.00079
0.00110
0.02181
0.02177
0.03085
0.05556
0.05567
0.01500
0.01562
0.02142
0.02164
0.02164
0.02164
0.01993
0.01620
0.00953
0.02345
0.02113
0.03365
0.02053
0.01577
0.01249
0.00000
0.00000
0.01037
0.00872
0.00738
0.00703
0.00708
0.00428
0.00194
0.00000
0.00007
0.00000
0.00724
0.00806
0.00000
0.00000
0.00000
0.00000
0.00000
0.00000
0.00571
0.00488
0.00122
0.00122
0.00122
0.00904
0.00904
0.01092
0.02846
0.02867
0.02867
0.04848
0.04848
0.05051
0.05051
0.05051
0.05051
0.05052
0.05051
0.05145
0.05522
0.05525
0.04530
0.04539
0.04539
0.03857
0.06617
0.06361
0.06360
0.06521
0.07136
0.07244
0.08103
0.07500
0.07015
0.06935
0.06850
0.08580
0.07951
0.07947
0.07935
0.09059
0.10984
0.08235
0.08235
0.08235
0.08238
0.07881
0.07881
0.07881
0.07210
0.07942
0.07826
0.06679
0.05084
0.04392
0.04405
0.04417
0.03284
0.04006
0.03835
0.01852
0.01858
0.00620
0.00280
0.00942
0.00971
0.00677
0.00001
0.00000
0.00003
0.00000
0.00000
0.00000
0.00000
0.00000
0.00505
0.00213
0.00213
0.00000
0.00000
0.00000
0.00000
0.00000
0.00051
0.00000
0.01152
0.02538
0.01928
0.01926
0.01924
0.03094
0.03460
0.05769
0.05769
0.03392
0.02927
0.03554
0.03922
0.03035
0.02949
0.02896
0.01855
0.01855
0.01855
0.02992
0.00802
0.00802
0.00000
0.00148
0.00019
0.00000
0.00000
0.00000
0.00893
0.01106
0.01241
0.01323
0.01323
0.01079
0.01128
0.00819
0.00931
0.01400
0.01400
0.02549
0.02303
0.02172
0.01901
0.02549
0.02304
0.01254
0.01324
0.01676
0.00080
0.00000
0.00157
0.00356
0.00213
0.01182
0.00683
0.00681
0.00300
0.00877
0.00000
0.00000
0.00566
0.01715
0.01884
0.01351
0.01355
0.00000
0.00426
0.03508
0.03508
0.03508
0.02468
0.03230
0.04541
0.03760
0.02049
0.05323
0.06015
0.05991
0.07594
0.07577
0.08445
0.08151
0.08938
0.09363
0.08563
0.08843
0.08031
0.06052
0.06052
0.06677
0.07948
0.09587
0.09587
0.09858
0.11311
0.11313
0.11484
0.11313
0.10889
0.10616
0.10617
0.10511
0.09597
0.09597
0.07902
0.08853
0.08843
0.06312
0.06128
0.06128
0.06133
0.06038
0.06036
0.05208
0.05747
0.05813
0.07481
0.07633
0.07942
0.07843
0.07783
0.07689
0.09285
0.08475
0.08764
0.08606
0.07542
0.07667
0.07744
0.07814
0.07741
0.08404
0.08127
0.09115
0.09233
0.07715
0.07729
0.07729
0.07459
0.08203
0.08173
0.08212
0.07731
0.07363
0.08331
0.08331
0.08061
0.08331
0.08339
0.08395
0.08400
0.08244
0.07580
0.07670
0.07455
0.07648
0.06112
0.06593
0.06589
0.06589
0.08171
0.09310
0.08060
0.06346
0.06303
0.05866
0.05585
0.05873
0.05876
0.06839
0.06842
0.07482
0.11397
0.11071
0.11071
0.11333
0.12450
0.12449
0.12450
0.12526
0.13232
0.15014
0.15014
0.15015
0.15349
0.14479
0.16128
0.16128
0.16128
0.15564
0.16580
0.16958
0.16980
0.16958
0.16352
0.16010
0.16010
0.16010
0.16010
0.14234
0.13569
0.14090
0.14090
0.16546
0.14319
0.12114
0.12996
0.12996
0.14488
0.14488
0.18071
0.17356
0.17356
0.17607
0.16595
0.15407
0.15266
0.15224
0.15769
0.15880
0.16074
0.16086
0.16074
0.14669
0.14075
0.13518
0.13249
0.12559
0.10397
0.09817
0.08231
0.08240
0.07567
0.07567
0.07567
0.06524
0.05713
0.09362
0.10527
0.10267
0.10097
0.10083
0.10083
0.09866
0.10093
0.08730
0.10690
0.12140
0.14012
0.13590
0.12353
0.11930
0.11882
0.12293
0.12293
0.11553
0.12825
0.15650
0.15763
0.15764
0.17984
0.19115
0.19073
0.19109
0.20690
0.21307
0.21322
0.21322
0.20992
0.21193
0.21189
0.20094
0.20094
0.19977
0.19981
0.19981
0.20452
0.20476
0.20476
0.20476
0.22747
0.22747
0.24160
0.22455
0.22455
0.23769
0.21093
0.17372
0.15199
0.15186
0.14487
0.14056
0.13924
0.13923
0.13716
0.14541
0.14668
0.16108
0.17524
0.15535
0.15462
0.15535
0.14243
0.14181
0.14160
0.14834
0.14851
0.13961
0.13231
0.11925
0.12871
0.13304
0.12824
0.12824
0.13195
0.13195
0.13856
0.13856
0.13856
0.14090
0.14331
0.14331
0.14331
0.14331
0.14386
0.14765
0.14804
0.14765
0.15680
0.15673
0.15100
0.15291
0.14015
0.13776
0.14096
0.14096
0.13910
0.13897
0.13912
0.11701
0.11650
0.11679
0.13202
0.12969
0.13244
0.13717
0.14779
0.16759
0.16746
0.14999
0.15016
0.15016
0.14226
0.12475
0.12478
0.12460
0.09897
0.09897
0.09835
0.10643
0.09240
0.09336
0.08388
0.08267
0.08097
0.07880
0.07874
0.06513
0.07963
0.08295
0.09029
0.09027
0.08112
0.06585
0.06122
0.05641
0.04227
0.02123
0.02123
0.02729
0.03226
0.03237
0.04151
0.03681
0.02964
0.03752
0.03748
0.03634
0.03523
0.06171
0.07206
0.07044
0.07206
0.07205
0.07205
0.04616
0.03767
0.03767
0.03767
0.03774
0.03223
0.04667
0.04746
0.04445
0.06260
0.06260
0.08085
0.06247
0.04706
0.05531
0.04346
0.04399
0.04891
0.05140
0.05108
0.06029
0.05845
0.07537
0.07871
0.07872
0.08508
0.09036
0.11166
0.11250
0.11160
0.10608
0.10614
0.10614
0.08862
0.08862
0.08927
0.08870
0.09799
0.09681
0.09587
0.09210
0.09210
0.09184
0.09210
0.09240
0.09240
0.08977
0.09747
0.09378
0.08862
0.07740
0.07282
0.06515
0.06515
0.05818
0.05808
0.07857
0.08144
0.07858
0.07858
0.07795
0.06266
0.06266
0.07392
0.07390
0.07387
0.08394
0.07521
0.07715
0.06054
0.05757
0.05779
0.07816
0.06329
0.06125
0.06429
0.06489
0.06991
0.06770
0.06731
0.05262
0.06226
0.06005
0.06012
0.07470
0.06187
0.05635
0.04613
0.04985
0.04631
0.04631
0.04631
0.04631
0.04485
0.03190
0.02426
0.01164
0.01164
0.01162
0.00623
0.00001
0.02147
0.01606
0.01606
0.04074
0.03105
0.04065
0.04318
0.04298
0.03981
0.03721
0.02651
0.00380
0.00059
0.00998
0.02066
0.01493
0.01655
0.02096
0.03037
0.03051
0.02266
0.05496
0.04930
0.04588
0.03652
0.03919
0.03919
0.00910
0.03181
0.03138
0.03287
0.02537
0.02537
0.02537
0.02537
0.02906
0.03479
0.02255
0.03137
0.03348
0.03616
0.05005
0.04997
0.04997
0.06446
0.08537
0.08516
0.07580
0.07545
0.07557
0.10764
0.10753
0.11169
0.11169
0.12152
0.12887
0.12337
0.11295
0.10962
0.09449
0.09466
0.09466
0.09464
0.08655
0.09127
0.09059
0.09327
0.08367
0.09234
0.08431
0.08106
0.09234
0.08768
0.07899
0.07899
0.05232
0.04983
0.04506
0.03970
0.03771
0.01553
0.00668
0.01553
0.01553
0.02439
0.03220
0.03016
0.01834
0.01592
0.02329
0.01470
0.02333
0.02321
0.01715
0.00927
0.00927
0.03044
0.02949
0.04310
0.05645
0.06797
0.06797
0.06117
0.06173
0.06485
0.06056
0.06984
0.07585
0.07585
0.06905
0.06909
0.08316
0.06653
0.06653
0.06634
0.06658
0.06653
0.06811
0.06605
0.04446
0.04231
0.04183
0.07401
0.06765
0.07351
0.07226
0.07226
0.07226
0.08962
0.08962
0.10258
0.10244
0.11046
0.11324
0.11243
0.12033
0.10892
0.10577
0.10568
0.10577
0.09309
0.10450
0.10560
0.08900
0.08755
0.08900
0.08900
0.08900
0.07722
0.04836
0.04085
0.04394
0.04394
0.04394
0.04394
0.04250
0.05787
0.05789
0.06664
0.06664
0.08583
0.08584
0.09850
0.09715
0.10006
0.10006
0.10409
0.10895
0.10105
0.08818
0.08709
0.08709
0.08876
0.08695
0.07553
0.07538
0.08415
0.08425
0.08175
0.07206
0.07920
0.08612
0.07883
0.05901
0.05605
0.05706
0.05651
0.05618
0.05064
0.05140
0.05140
0.05147
0.06783
0.06784
0.06152
0.07112
0.07150
0.06709
0.07277
0.08510
0.08510
0.07360
0.07360
0.07037
0.07334
0.07360
0.07360
0.07026
0.07026
0.07026
0.05770
0.05770
0.05835
0.04348
0.08084
0.12218
0.12218
0.11535
0.13239
0.12521
0.12521
0.14212
0.14232
0.13127
0.13060
0.13470
0.13475
0.12659
0.13010
0.12789
0.12411
0.11094
0.11077
0.11094
0.09066
0.09106
0.09076
0.09739
0.09474
0.09309
0.11484
0.11417
0.10677
0.12165
0.11454
0.10910
0.10274
0.09617
0.11812
0.12156
0.11377
0.11377
0.13418
0.13420
0.13423
0.12790
0.12792
0.10128
0.10130
0.10130
0.09025
0.09672
0.09038
0.06631
0.07796
0.07766
0.06627
0.06634
0.01686
0.02221
0.03834
0.02778
0.02321
0.03090
0.03063
0.03063
0.03065
0.03063
0.03063
0.00227
0.00000
0.00000
0.00000
0.00357
0.00000
0.00994
0.00688
0.00790
0.01367
0.02170
0.02143
0.02136
0.00980
0.00959
0.00694
0.00313
0.00090
0.00085
0.00000
0.00056
0.00357
0.00434
0.00492
0.00213
0.00909
0.00000
0.00250
0.00250
0.00250
0.00000
0.01090
0.00306
0.01256
0.01532
0.02916
0.02965
0.02965
0.03276
0.05140
0.05033
0.05303
0.05041
0.05033
0.05033
0.06084
0.06084
0.05880
0.04355
0.04712
0.04732
0.04732
0.05299
0.05299
0.05093
0.04170
0.02510
0.02669
0.02690
0.01889
0.01495
0.01971
0.02193
0.02194
0.02207
0.02652
0.02301
0.02301
0.02284
0.02301
0.02301
0.00976
0.00961
0.01127
0.01127
0.03240
0.03242
0.03243
0.00289
0.00341
0.00328
0.01555
0.01514
0.01530
0.01366
0.01415
0.01630
0.02482
0.02482
0.02161
0.01824
0.00089
0.00290
0.00290
0.00000
0.00000
0.00000
0.02300
0.02971
0.02961
0.02324
0.02500
0.02040
0.02040
0.02567
0.00002
0.00000
0.00000
0.00326
0.01933
0.01873
0.03854
0.05051
0.05049
0.05049
0.04231
0.04141
0.05220
0.05790
0.05388
0.05388
0.06375
0.05438
0.04325
0.05087
0.04053
0.04025
0.03878
0.04072
0.04901
0.03235
0.04765
0.05503
0.06182
0.06182
0.06971
0.06776
0.06971
0.06446
0.04177
0.03534
0.03534
0.00991
0.02403
0.02339
0.02979
0.03088
0.02214
0.03434
0.03169
0.03426
0.03426
0.03802
0.03802
0.03796
0.03823
0.03969
0.03309
0.03306
0.03306
0.02893
0.03050
0.03050
0.06284
0.06250
0.06257
0.06156
0.06126
0.06105
0.06167
0.05160
0.04647
0.04013
0.05672
0.05676
0.08449
0.10040
0.09448
0.10466
0.09396
0.09683
0.09869
0.11189
0.10503
0.10503
0.10627
0.10458
0.09728
0.07909
0.07270
0.07263
0.07263
0.07263
0.07256
0.07263
0.07263
0.07263
0.07263
0.07263
0.06538
0.06812
0.07246
0.07248
0.07250
0.07673
0.08675
0.07285
0.05813
0.05819
0.07280
0.07979
0.08080
0.08087
0.07226
0.04618
0.06020
0.06249
0.06002
0.05185
0.05185
0.05185
0.04710
0.04809
0.04218
0.04350
0.04374
0.04199
0.04547
0.04547
0.04547
0.03605
0.01707
0.01831
0.00238
0.00227
0.00225
0.01402
0.01422
0.02528
0.03519
0.03185
0.02754
0.01307
0.01269
0.01298
0.02348
0.02632
0.01994
0.03177
0.03417
0.03163
0.03177
0.03407
0.04389
0.03055
0.06377
0.06350
0.06308
0.06308
0.06308
0.08391
0.08289
0.08255
0.08951
0.09029
0.07783
0.12538
0.11760
0.11235
0.11305
0.11146
0.11141
0.10419
0.10419
0.10419
0.09759
0.09671
0.09100
0.10603
0.10603
0.10346
0.11650
0.12634
0.12634
0.12634
0.13856
0.15386
0.13537
0.16139
0.15589
0.15755
0.15823
0.17286
0.17306
0.18807
0.21251
0.21993
0.22534
0.22885
0.23582
0.22806
0.22894
0.22408
0.22408
0.20945
0.21700
0.22778
0.22487
0.21357
0.20312
0.19435
0.19428
0.18496
0.17528
0.18322
0.18688
0.17144
0.17144
0.16757
0.16755
0.16746
0.17518
0.17479
0.17553
0.17227
0.18499
0.18495
0.18487
0.18495
0.18495
0.14194
0.15177
0.15177
0.15177
0.15177
0.15549
0.15549
0.17153
0.17811
0.15168
0.15526
0.14495
0.15516
0.14014
0.15047
0.15065
0.15951
0.15637
0.14409
0.14764
0.14764
0.14688
0.13773
0.15493
0.15493
0.15542
0.16444
0.16415
0.16444
0.14207
0.14926
0.14926
0.14926
0.14944
0.14302
0.14526
0.15125
0.15170
0.15753
0.15891
0.16690
0.16655
0.19314
0.20789
0.24219
0.24219
0.24219
0.23012
0.23802
0.24459
0.24479
0.24492
0.24448
0.23680
0.24119
0.24131
0.23875
0.23599
0.22106
0.21444
0.22181
0.20791
0.20717
0.19231
0.19231
0.19258
0.19231
0.19244
0.21767
0.24511
0.25012
0.25012
0.25311
0.25065
0.25065
0.22811
0.21524
0.21512
0.21518
0.19686
0.20575
0.21186
0.21287
0.21160
0.21287
0.19888
0.19888
0.19888
0.20116
0.20268
0.20256
0.20256
0.20253
0.20261
0.22259
0.22223
0.23203
0.19889
0.18484
0.17390
0.17384
0.18000
0.18000
0.17074
0.16510
0.15695
0.16245
0.16210
0.16245
0.15915
0.15816
0.16925
0.15475
0.16571
0.15861
0.17100
0.17133
0.17133
0.13467
0.13006
0.13006
0.12434
0.14050
0.13698
0.13698
0.14473
0.14473
0.14552
0.15669
0.14663
0.14695
0.12916
0.13058
0.12983
0.13579
0.13579
0.10622
0.11098
0.11090
0.11097
0.12797
0.12801
0.12259
0.11585
0.13775
0.12237
0.12615
0.12424
0.12723
0.12723
0.12161
0.14762
0.16558
0.16536
0.16426
0.15711
0.16465
0.17816
0.17816
0.18335
0.18335
0.18086
0.18335
0.17857
0.17332
0.16474
0.17659
0.17719
0.17659
0.13880
0.13880
0.13880
0.13764
0.13764
0.13764
0.14016
0.14016
0.13565
0.13341
0.13677
0.14496
0.14893
0.14974
0.15416
0.14944
0.14902
0.14735
0.14802
0.13788
0.13671
0.13456
0.13469
0.13407
0.13286
0.12342
0.15248
0.15006
0.15248
0.14197
0.14285
0.13864
0.11806
0.12483
0.12449
0.14942
0.14917
0.16182
0.13164
0.13152
0.14939
0.14920
0.14920
0.14927
0.14544
0.14974
0.15184
0.15254
0.14605
0.13976
0.15217
0.15178
0.15502
0.15576
0.15611
0.15455
0.13991
0.13960
0.13024
0.12109
0.12109
0.12109
0.13207
0.13207
0.13216
0.13736
0.12194
0.12758
0.09500
0.08908
0.09958
0.09958
0.10632
0.10135
0.10136
0.09681
0.08143
0.08254
0.07793
0.07643
0.06318
0.07915
0.09333
0.09343
0.06728
0.06512
0.06512
0.05233
0.05233
0.05902
0.05902
0.05902
0.05902
0.05902
0.05898
0.05902
0.06052
0.06020
0.05560
0.06247
0.05139
0.05139
0.03921
0.03996
0.03493
0.03497
0.04109
0.04109
0.04367
0.06059
0.06069
0.05903
0.06639
0.09534
0.10087
0.09876
0.10851
0.12240
0.12393
0.12407
0.14120
0.14108
0.12999
0.15182
0.15110
0.14924
0.14849
0.14060
0.14237
0.14237
0.14237
0.15886
0.15736
0.14314
0.14699
0.14701
0.12287
0.12287
0.12287
0.12193
0.10379
0.10388
0.10319
0.09264
0.07832
0.07572
0.07279
0.04398
0.04398
0.03892
0.03892
0.03892
0.03869
0.03485
0.03485
0.03485
0.02687
0.04531
0.04531
0.04534
0.04531
0.05067
0.05061
0.04522
0.04057
0.03852
0.04205
0.04589
0.04589
0.05960
0.05966
0.06371
0.06604
0.06046
0.06280
0.06280
0.05674
0.05678
0.05678
0.06725
0.06539
0.06710
0.06584
0.05480
0.05920
0.04389
0.05788
0.03125
0.03501
0.03505
0.04033
0.04048
0.00938
0.00938
0.00918
0.01373
0.01951
0.02617
0.02476
0.02476
0.03047
0.03047
0.02972
0.02977
0.02589
0.02592
0.02583
0.02583
0.03648
0.03648
0.06209
0.05018
0.05011
0.05056
0.04430
0.05090
0.05732
0.04842
0.04785
0.05548
0.05548
0.05548
0.05709
0.03449
0.00000
0.00507
0.00805
0.00004
0.01453
0.03780
0.05369
0.05244
0.05457
0.05244
0.05102
0.05060
0.06372
0.05204
0.05729
0.04065
0.04065
0.05819
0.03465
0.02986
0.04040
0.04040
0.04566
0.03078
0.03078
0.03078
0.02242
0.02242
0.05088
0.06890
0.06949
0.06949
0.06949
0.06949
0.06855
0.07467
0.07736
0.10598
0.10123
0.09558
0.09560
0.09558
0.09558
0.09558
0.08314
0.09890
0.09499
0.08887
0.08887
0.08884
0.08882
0.08877
0.08884
0.10426
0.10488
0.09317
0.07445
0.07445
0.03645
0.04704
0.05728
0.03620
0.03521
0.01557
0.00798
0.00814
0.01744
0.02717
0.03103
0.01767
0.01627
0.01786
0.02922
0.02134
0.01561
0.02294
0.01652
0.01745
0.01597
0.01443
0.01203
0.02827
0.02827
0.02986
0.03156
0.01312
0.00000
0.00000
0.00000
0.02665
0.03657
0.04759
0.04740
0.05209
0.05457
0.04923
0.04388
0.04336
0.04258
0.04258
0.03435
0.03394
0.03435
0.03932
0.04041
0.04049
0.03994
0.04898
0.04422
0.04559
0.05254
0.05460
0.04607
0.04601
0.05730
0.06919
0.06659
0.06269
0.07049
0.07592
0.09075
0.08964
0.08871
0.07828
0.05697
0.07960
0.07960
0.06696
0.06812
0.07628
0.05394
0.05437
0.05770
0.03127
0.03127
0.04823
0.04823
0.04395
0.04964
0.06689
0.06689
0.03849
0.03888
0.03888
0.07359
0.07359
0.07359
0.08601
0.09735
0.11358
0.09556
0.07820
0.07820
0.06873
0.07691
0.07602
0.07129
0.08325
0.09958
0.09633
0.09465
0.07144
0.07461
0.06195
0.05858
0.05858
0.05858
0.04925
0.04902
0.05693
0.05263
0.05262
0.05263
0.03379
0.02344
0.02344
0.02344
0.04442
0.05117
0.03371
0.03340
0.04022
0.04022
0.04410
0.03831
0.03300
0.05042
0.05232
0.04965
0.05021
0.05770
0.05065
0.05941
0.04954
0.05387
0.04033
0.04897
0.05414
0.06349
0.06265
0.04966
0.04966
0.03164
0.02203
0.02093
0.02093
0.02480
0.02353
0.03321
0.03404
0.02508
0.02263
0.01587
0.01322
0.00900
0.01357
0.01384
0.01384
0.01384
0.01384
0.00404
0.00252
0.00217
0.00217
0.00182
0.00142
0.01188
0.00480
0.00000
0.02063
0.02066
0.02098
0.02281
0.03309
0.00921
0.00969
0.00807
0.00807
0.00807
0.00798
0.00909
0.00170
0.00000
0.00000
0.02010
0.02010
0.02147
0.01727
0.02906
0.02936
0.05634
0.05634
0.06932
0.06587
0.06103
0.05549
0.07196
0.07688
0.07688
0.07702
0.07361
0.07361
0.08313
0.08311
0.08313
0.08315
0.09267
0.10242
0.09721
0.09721
0.10684
0.10684
0.11401
0.11995
0.11995
0.11995
0.11995
0.11623
0.11623
0.11720
0.13610
0.13610
0.13610
0.15213
0.15230
0.15833
0.15751
0.15751
0.12854
0.12194
0.12108
0.12101
0.12123
0.12346
0.12346
0.12346
0.11400
0.10039
0.10540
0.11052
0.10866
0.10233
0.11393
0.11394
0.12019
0.12062
0.11994
0.09838
0.09914
0.08498
0.08532
0.10097
0.09896
0.11299
0.09934
0.10003
0.09983
0.07895
0.08887
0.09929
0.10333
0.10279
0.10277
0.10932
0.09566
0.09566
0.09564
0.09566
0.10673
0.10532
0.09710
0.08651
0.09351
0.08593
0.08592
0.09053
0.09197
0.10966
0.10966
0.11007
0.12872
0.14465
0.14465
0.13173
0.12388
0.10510
0.11875
0.13053
0.12995
0.13048
0.13053
0.13120
0.12296
0.12759
0.12174
0.12693
0.12693
0.12693
0.13414
0.11618
0.11618
0.11618
0.11618
0.11610
0.12901
0.11720
0.09760
0.09580
0.09620
0.09494
0.09580
0.09580
0.09320
0.08637
0.08639
0.08637
0.08850
0.08878
0.08134
0.08870
0.08989
0.08989
0.07358
0.08508
0.08466
0.07654
0.06083
0.05806
0.05620
0.05015
0.04985
0.05015
0.05015
0.05090
0.05142
0.05647
0.04067
0.04245
0.04353
0.04140
0.04326
0.04050
0.04411
0.04670
0.04666
0.04673
0.04659
0.04673
0.04673
0.03184
0.02050
0.02060
0.01764
0.00987
0.03176
0.05652
0.05623
0.05652
0.05652
0.05652
0.07712
0.07735
0.07472
0.07406
0.07261
0.07696
0.07721
0.07747
0.08326
0.08326
0.05429
0.03327
0.03332
0.05709
0.03500
0.03500
0.03500
0.03986
0.02483
0.01895
0.01360
0.00601
0.00024
0.00000
0.00000
0.00721
0.03048
0.03048
0.01831
0.03462
0.02917
0.02945
0.03301
0.03236
0.03694
0.03059
0.01651
0.02213
0.03591
0.03686
0.03570
0.03751
0.03400
0.03335
0.01364
0.00370
0.00278
0.00276
0.00453
0.00453
0.00000
0.00000
0.01599
0.00343
0.00013
0.00013
0.00000
0.00699
0.00697
0.00737
0.00697
0.00224
0.00191
0.00223
0.00033
0.00000
0.00000
0.00000
0.00000
0.00000
0.00715
0.02602
0.03550
0.03552
0.02749
0.02749
0.01201
0.00929
0.03229
0.03229
0.02287
0.02974
0.02974
0.02974
0.03606
0.03689
0.03471
0.02819
0.02089
0.01180
0.02452
0.03023
0.02040
0.03016
0.03016
0.02330
0.02330
0.03562
0.05267
0.05267
0.07490
0.08185
0.08128
0.10412
0.10730
0.13449
0.12493
0.12839
0.12839
0.11510
0.12637
0.12196
0.12146
0.12146
0.10394
0.08374
0.08374
0.08512
0.07683
0.07672
0.06947
0.06151
0.06151
0.05176
0.04280
0.04280
0.01981
0.01981
0.02290
0.02725
0.02904
0.02228
0.00000
0.00384
0.00000
0.00229
0.00000
0.00545
0.02729
0.02254
0.03107
0.03086
0.03086
0.03240
0.03086
0.03086
0.01813
0.03123
0.04643
0.04643
0.04646
0.04574
0.04643
0.04643
0.03620
0.05841
0.05841
0.06336
0.05830
0.06420
0.06420
0.06350
0.06420
0.06432
0.08575
0.08567
0.10274
0.08104
0.09028
0.10069
0.14516
0.13862
0.13803
0.15193
0.15086
0.15086
0.15101
0.13106
0.12542
0.10822
0.10889
0.11702
0.11702
0.09761
0.09714
0.09759
0.09759
0.09759
0.08764
0.09130
0.09683
0.08620
0.08692
0.08756
0.08858
0.08196
0.06215
0.06495
0.04867
0.04788
0.04788
0.04816
0.06195
0.05943
0.05825
0.05753
0.06199
0.06009
0.06009
0.05087
0.04815
0.06323
0.06351
0.06727
0.06189
0.06193
0.06677
0.06692
0.06692
0.08016
0.08305
0.09959
0.10010
0.09357
0.09357
0.08869
0.10358
0.09359
0.09298
0.09816
0.09651
0.09370
0.07318
0.05856
0.02761
0.02753
0.01935
0.02270
0.01652
0.01265
0.02138
0.02482
0.02756
0.01671
0.01478
0.01425
0.02590
0.02507
0.02983
0.02570
0.03254
0.00916
0.02528
0.03093
0.01827
0.01827
0.01876
0.03441
0.04661
0.03529
0.02329
0.02053
0.02053
0.02053
0.02053
0.02016
0.01746
0.02047
0.01272
0.03236
0.05794
0.06828
0.05411
0.05768
0.04912
0.04912
0.04912
0.06050
0.06160
0.06436
0.08544
0.08966
0.09178
0.05573
0.05573
0.05802
0.05951
0.05606
0.07163
0.07336
0.07954
0.08071
0.08531
0.09864
0.09866
0.08128
0.07985
0.07983
0.08483
0.09949
0.08935
0.09420
0.09234
0.09137
0.09137
0.10762
0.10801
0.11111
0.11111
0.11111
0.11921
0.11980
0.12188
0.10760
0.10762
0.09723
0.09725
0.09376
0.09492
0.08482
0.08632
0.10396
0.08438
0.06078
0.07313
0.08438
0.08438
0.09926
0.11008
0.11967
0.11966
0.13339
0.12305
0.12424
0.10598
0.12364
0.12364
0.12539
0.12622
0.12622
0.10220
0.12145
0.11595
0.11833
0.11596
0.11887
0.11859
0.11859
0.11859
0.11859
0.12766
0.12282
0.12869
0.11875
0.11896
0.11868
0.11875
0.14058
0.15039
0.13606
0.12850
0.14013
0.14013
0.12440
0.07173
0.07173
0.07170
0.07173
0.05350
0.05055
0.05055
0.05028
0.03944
0.03773
0.03901
0.04247
0.03381
0.03417
0.03399
0.03005
0.02498
0.04690
0.03864
0.03922
0.03922
0.03922
0.03925
0.04206
0.04078
0.06276
0.06396
0.03056
0.03314
0.03347
0.02548
0.01848
0.00786
0.00859
0.02206
0.02205
0.02205
0.02203
0.02028
0.01829
0.01716
0.00000
0.01586
0.01290
0.01300
0.01989
0.01946
0.01060
0.00607
0.00607
0.00607
0.00607
0.00618
0.00607
0.00613
0.00000
0.02522
0.02522
0.02527
0.02941
0.02941
0.02941
0.02941
0.04148
0.06085
0.05186
0.05484
0.07872
0.06864
0.06026
0.04766
0.07194
0.07111
0.07100
0.07111
0.07438
0.07081
0.07635
0.08406
0.09890
0.08406
0.08671
0.08671
0.08676
0.07797
0.07170
0.08989
0.09155
0.10414
0.09882
0.10926
0.08734
0.09634
0.10018
0.10853
0.11441
0.11814
0.12055
0.13571
0.13571
0.14164
0.15180
0.15180
0.15180
0.16793
0.16293
0.16370
0.12917
0.12925
0.12272
0.08402
0.09833
0.10443
0.08927
0.08904
0.10866
0.10866
0.10933
0.10556
0.11194
0.10789
0.10516
0.09660
0.08542
0.09144
0.09722
0.09623
0.09121
0.07443
0.07990
0.07887
0.09285
0.08222
0.08570
0.07834
0.06112
0.04544
0.05825
0.05834
0.05834
0.05314
0.05721
0.05814
