0.00000
0.00000
0.01047
0.00555
0.00431
0.00000
0.00000
0.00023
0.00929
0.01813
0.01838
0.02679
0.03210
0.03847
0.03847
0.03474
0.03723
0.03316
0.02888
0.03859
0.04341
0.04079
0.04420
0.01704
0.04128
0.05798
0.05839
0.05978
0.06388
0.06388
0.06136
0.06136
0.06039
0.07374
0.07796
0.08138
0.08138
0.08257
0.10936
0.08759
0.08605
0.10239
0.13785
0.12339
0.12342
0.12339
0.12366
0.12344
0.12990
0.12146
0.12642
0.12000
0.12000
0.10567
0.10105
0.10199
0.10199
0.10196
0.10136
0.11340
0.11335
0.11335
0.11321
0.10923
0.12049
0.13758
0.13758
0.14289
0.12881
0.09834
0.10842
0.10038
0.10685
0.09742
0.09790
0.11151
0.11151
0.11410
0.12941
0.14033
0.13718
0.15615
0.15606
0.15447
0.12756
0.12504
0.12014
0.11703
0.11998
0.11942
0.11962
0.11998
0.11998
0.11922
0.11861
0.11861
0.12243
0.11313
0.10661
0.11276
0.10314
0.10436
0.11161
0.10993
0.11210
0.11081
0.11161
0.11161
0.10867
0.09183
0.09138
0.08864
0.09147
0.09146
0.08531
0.08209
0.08209
0.08046
0.05058
0.05729
0.05475
0.05039
0.05004
0.05062
0.05617
0.05617
0.04948
0.07131
0.08545
0.08545
0.07623
0.06751
0.03838
0.03815
0.04813
0.04814
0.02917
0.02896
0.02896
0.02100
0.02100
0.02227
0.02316
0.03033
0.02468
0.02468
0.02489
0.02127
0.01820
0.01090
0.00962
0.00939
0.00932
0.00932
0.00932
0.00000
0.00558
0.00558
0.00040
0.00000
0.01543
0.01543
0.00000
0.00000
0.00635
0.01022
0.02830
0.02820
0.03644
0.03818
0.03818
0.04078
0.04815
0.04811
0.04898
0.03885
0.03885
0.03752
0.03783
0.03749
0.04320
0.02773
0.01687
0.01683
0.01730
0.01887
0.02481
0.02535
0.03330
0.03330
0.03330
0.02039
0.02136
0.02566
0.01999
0.02176
0.02961
0.01213
0.00572
0.01207
0.00720
0.00720
0.00924
0.00742
0.00311
0.00264
0.00046
0.00000
0.00141
0.00668
0.02540
0.03539
0.02755
0.02661
0.03457
0.02940
0.03753
0.03753
0.03753
0.01573
0.01449
0.01821
0.03273
0.03276
0.03046
0.05231
0.05202
0.06371
0.05931
0.05622
0.03194
0.03255
0.03196
0.03194
0.03238
0.03414
0.03414
0.03455
0.05459
0.04095
0.04317
0.05660
0.05548
0.04255
0.05040
0.05555
0.07510
0.07510
0.05153
0.06643
0.07415
0.07749
0.08181
0.08174
0.08497
0.08427
0.08427
0.08484
0.07707
0.07014
0.07014
0.08203
0.09528
0.09482
0.09573
0.08981
0.08753
0.08715
0.08750
0.09626
0.10279
0.09111
0.08968
0.09111
0.08382
0.07218
0.06559
0.07249
0.07265
0.07272
0.07265
0.07515
0.07652
0.08192
0.06794
0.05551
0.04848
0.05072
0.05071
0.03762
0.03762
0.04205
0.04404
0.02635
0.01006
0.00000
0.00000
0.01506
0.01506
0.05485
0.05486
0.05486
0.05486
0.05395
0.05395
0.07678
0.08307
0.08541
0.09997
0.09977
0.10389
0.09512
0.10160
0.08919
0.09609
0.08696
0.07876
0.07497
0.07497
0.07497
0.07488
0.06514
0.09367
0.08220
0.08714
0.06759
0.05058
0.06565
0.06551
0.05923
0.05758
0.05630
0.06586
0.09124
0.09103
0.10731
0.10731
0.10690
0.10731
0.10731
0.10780
0.09719
0.09650
0.09402
0.08890
0.08964
0.08961
0.10120
0.10423
0.10569
0.10525
0.09876
0.09876
0.09876
0.10885
0.10822
0.10325
0.11029
0.12105
0.12105
0.12105
0.10875
0.10875
0.08283
0.07075
0.07385
0.08252
0.08252
0.09980
0.09980
0.08968
0.08970
0.08412
0.09009
0.09169
0.11180
0.11249
0.13668
0.13727
0.13390
0.13354
0.13696
0.13844
0.14307
0.13914
0.12962
0.13062
0.13062
0.13230
0.13313
0.13144
0.13127
0.12641
0.12656
0.12644
0.12165
0.11280
0.11377
0.11000
0.11842
0.12925
0.12724
0.12711
0.11027
0.10481
0.12097
0.12332
0.12332
0.12332
0.13337
0.13337
0.12806
0.11751
0.11541
0.10873
0.12560
0.08759
0.08759
0.11746
0.11334
0.11359
0.10153
0.08791
0.10597
0.11698
0.11698
0.11698
0.09978
0.09768
0.09075
0.11049
0.10398
0.10398
0.10567
0.09514
0.09522
0.09222
0.09222
0.09959
0.10138
0.10648
0.10324
0.12407
0.12409
0.12360
0.13991
0.13873
0.13979
0.13991
0.14760
0.13991
0.14062
0.13459
0.12282
0.12801
0.13020
0.14099
0.12383
0.12342
0.12342
0.13086
0.12838
0.14103
0.13932
0.13182
0.12896
0.11346
0.11560
0.11272
0.11272
0.11688
0.10411
0.09277
0.10472
0.09813
0.09813
0.08345
0.08348
0.08345
0.08345
0.09186
0.09186
0.10116
0.08262
0.08262
0.08097
0.09221
0.10330
0.10697
0.10086
0.10086
0.10086
0.09375
0.09632
0.09388
0.10377
0.10377
0.10377
0.10194
0.11488
0.11831
0.11828
0.11737
0.11991
0.11682
0.11591
0.10296
0.10295
0.10302
0.10295
0.10472
0.10590
0.10590
0.10590
0.10557
0.08467
0.09153
0.09668
0.09485
0.08636
0.08635
0.07657
0.08668
0.08666
0.08669
0.08527
0.08527
0.08267
0.07882
0.07944
0.07234
0.07264
0.06365
0.06293
0.04700
0.04997
0.04802
0.04062
0.02903
0.02903
0.02903
0.02903
0.02896
0.00760
0.00760
0.00000
0.00000
0.03818
0.03997
0.04122
0.04112
0.04662
0.04823
0.05141
0.04384
0.04990
0.03361
0.03367
0.03772
0.00965
0.00727
0.00738
0.00784
0.01673
0.01673
0.01657
0.00299
0.00000
0.00647
0.00000
0.02951
0.02951
0.03527
0.03553
0.03553
0.03553
0.04217
0.05418
0.05672
0.04919
0.05060
0.05991
0.06001
0.09157
0.09262
0.09157
0.09157
0.08202
0.08215
0.08201
0.08062
0.08021
0.07294
0.08194
0.08194
0.06629
0.06933
0.04805
0.04820
0.04823
0.06317
0.06818
0.06778
0.07904
0.08073
0.08088
0.08066
0.09286
0.07372
0.06882
0.05682
0.07455
0.07645
0.07627
0.05605
0.06262
0.06340
0.06444
0.06444
0.07513
0.06986
0.07082
0.06315
0.04716
0.03417
0.04035
0.04436
0.01536
0.01661
0.01661
0.02130
0.00299
0.00383
0.00366
0.00296
0.01379
0.01703
0.01905
0.00142
0.00349
0.00082
0.00000
0.00003
0.00039
0.01494
0.02256
0.00045
0.01306
0.01155
0.00689
0.00689
0.00689
0.00729
0.00000
0.00047
0.00035
0.00003
0.00000
0.00000
0.01842
0.01847
0.01847
0.03124
0.01509
0.01786
0.03161
0.03508
0.03547
0.03422
0.03546
0.03546
0.00334
0.00000
0.00000
0.00000
0.00000
0.00435
0.00000
0.00000
0.00000
0.00000
0.00000
0.00638
0.00439
0.00638
0.03239
0.04478
0.04478
0.04478
0.04387
0.05477
0.03849
0.03777
0.04340
0.05014
0.02889
0.01322
0.00046
0.00042
0.00402
0.02855
0.05315
0.05315
0.05512
0.04963
0.04423
0.03593
0.02747
0.00498
0.00487
0.00388
0.00688
0.00926
0.01151
0.00942
0.00942
0.01599
0.02440
0.02439
0.03226
0.04171
0.03930
0.01495
0.01289
0.00687
0.00113
0.00076
0.00000
0.00000
0.00412
0.00412
0.00411
0.00412
0.00412
0.00357
0.00000
0.00491
0.00491
0.00416
0.00071
0.00000
0.00000
0.00691
0.00759
0.00008
0.00475
0.00490
0.00098
0.01162
0.00989
0.07390
0.07390
0.07390
0.07390
0.06308
0.05520
0.05523
0.04728
0.05542
0.05540
0.04968
0.05518
0.06319
0.04993
0.05847
0.06381
0.04593
0.02971
0.02983
0.02983
0.02983
0.03022
0.02972
0.02815
0.02578
0.01136
0.01134
0.00000
0.00065
0.00000
0.00285
0.00285
0.00884
0.01929
0.00569
0.00601
0.00624
0.00853
0.00863
0.00853
0.00829
0.01533
0.01533
0.01533
0.00952
0.00000
0.00000
0.00000
0.00985
0.00961
0.02189
0.02484
0.02545
0.01657
0.03032
0.03032
0.03663
0.03231
0.03375
0.03340
0.03340
0.03340
0.00856
0.01053
0.00000
0.00000
0.00187
0.00018
0.00248
0.02131
0.01786
0.00480
0.00480
0.00371
0.00185
0.01012
0.01010
0.02440
0.01920
0.01605
0.01611
0.01400
0.00234
0.00090
0.00000
0.00000
0.00151
0.00168
0.00151
0.00171
0.00079
0.00000
0.00000
0.01709
0.01709
0.00603
0.00270
0.00000
0.00910
0.00887
0.00311
0.00424
0.01833
0.01833
0.01833
0.01833
0.01089
0.01089
0.01089
0.00212
0.00000
0.00003
0.00204
0.01999
0.00302
0.00242
0.01011
0.02191
0.01826
0.01826
0.01826
0.01826
0.01937
0.01667
0.01426
0.03408
0.01609
0.00000
0.00018
0.03442
0.02194
0.03913
0.03594
0.03808
0.03910
0.00174
0.01445
0.02789
0.02803
0.02258
0.01799
0.01803
0.01191
0.01191
0.01191
0.00000
0.00000
0.00000
0.00475
0.01903
0.03339
0.02829
0.03630
0.03648
0.03630
0.03630
0.03612
0.03856
0.03856
0.03584
0.02921
0.02587
0.01172
0.01176
0.01176
0.01176
0.01176
0.01176
0.02558
0.02210
0.02606
0.02606
0.01676
0.02116
0.02116
0.02687
0.02689
0.02637
0.01831
0.02379
0.02416
0.02721
0.01681
0.01687
0.01681
0.01562
0.02068
0.01850
0.02894
0.01308
0.00000
0.01977
0.01131
0.02065
0.02065
0.03022
0.03095
0.04741
0.04742
0.04742
0.05406
0.05404
0.05524
0.04319
0.03610
0.03170
0.02065
0.02065
0.00512
0.00000
0.02673
0.02811
0.03238
0.03827
0.01498
0.01500
0.00420
0.00800
0.00595
0.00613
0.01646
0.01644
0.01544
0.00454
0.01185
0.00881
0.03357
0.03271
0.03348
0.03957
0.04027
0.05706
0.05706
0.05706
0.05696
0.05706
0.05180
0.03452
0.03507
0.04638
0.04638
0.04637
0.07591
0.08486
0.08512
0.07643
0.06631
0.06716
0.06048
0.05706
0.06300
0.05643
0.07039
0.07034
0.06828
0.07775
0.07761
0.06291
0.05257
0.04131
0.01976
0.01976
0.01917
0.01976
0.01976
0.01976
0.03126
0.04498
0.05128
0.03710
0.05603
0.05846
0.04549
0.04697
0.04498
0.03420
0.05174
0.04045
0.03436
0.03453
0.03866
0.05559
0.05569
0.04539
0.04539
0.04549
0.04093
0.04095
0.04095
0.03846
0.03438
0.03597
0.01818
0.00333
0.00000
0.00000
0.00796
0.01382
0.01749
0.01749
0.00839
0.02205
0.03097
0.03179
0.03179
0.03179
0.03096
0.02888
0.01964
0.02994
0.02971
0.02971
0.03752
0.03752
0.04812
0.01681
0.02310
0.02459
0.02959
0.02324
0.02087
0.03144
0.03082
0.03778
0.03766
0.03349
0.03349
0.03473
0.03141
0.03141
0.04685
0.04689
0.06275
0.07044
0.07511
0.07471
0.09178
0.09184
0.09192
0.10074
0.10074
0.10053
0.09843
0.10467
0.10382
0.10438
0.10439
0.09402
0.09680
0.09680
0.08857
0.08857
0.08857
0.08854
0.06789
0.04112
0.03534
0.03045
0.02287
0.02277
0.02457
0.02938
0.02938
0.02938
0.02961
0.02686
0.03523
0.02174
0.02174
0.02174
0.02174
0.00810
0.01002
0.00804
0.01232
0.02575
0.04346
0.04817
0.04817
0.03584
0.03574
0.04911
0.04911
0.06062
0.06088
0.06062
0.05591
0.07242
0.07242
0.06845
0.06033
0.04882
0.04014
0.03988
0.04400
0.05299
0.05659
0.05435
0.05435
0.05435
0.03850
0.04930
0.04933
0.04925
0.04719
0.05599
0.05599
0.06392
0.06233
0.04794
0.04426
0.01617
0.01321
0.01354
0.01369
0.01188
0.00000
0.00000
0.01565
0.00875
0.00869
0.00185
0.00058
0.00048
0.00008
0.00000
0.02639
0.02478
0.04999
0.03387
0.03650
0.03715
0.03715
0.03167
0.02380
0.02388
0.01128
0.01128
0.01096
0.01128
0.01128
0.00000
0.00862
0.00930
0.00927
0.00930
0.01098
0.00211
0.00069
0.00112
0.00913
0.00913
0.02244
0.03617
0.03618
0.05700
0.05701
0.04662
0.02828
0.02680
0.02773
0.03120
0.03262
0.03997
0.03529
0.03529
0.03451
0.03529
0.03529
0.03529
0.03944
0.03944
0.03944
0.03691
0.03997
0.05139
0.02584
0.02690
0.02713
0.03208
0.03605
0.06160
0.06160
0.06252
0.04834
0.05647
0.05647
0.05060
0.05227
0.05162
0.05072
0.05536
0.05898
0.05889
0.03462
0.03462
0.04480
0.04440
0.04274
0.04292
0.04309
0.02938
0.02303
0.02938
0.04783
0.04763
0.04353
0.04223
0.04603
0.04535
0.04586
0.04589
0.04589
0.04769
0.03608
0.02105
0.02110
0.02105
0.02106
0.02105
0.02105
0.02105
0.02105
0.02867
0.04425
0.04804
0.06040
0.06035
0.06040
0.04319
0.03498
0.04425
0.08051
0.08204
0.09267
0.09267
0.11372
0.11372
0.11369
0.11365
0.11372
0.11061
0.11061
0.11716
0.09728
0.10361
0.10404
0.10065
0.10065
0.09629
0.09549
0.09644
0.08973
0.08971
0.09918
0.09241
0.09241
0.11231
0.11247
0.11231
0.11216
0.10289
0.09967
0.09628
0.09564
0.10768
0.10906
0.10906
0.10913
0.11680
0.10098
0.08262
0.08496
0.09418
0.08332
0.07996
0.07954
0.07025
0.07116
0.07025
0.07286
0.06471
0.07118
0.06076
0.06076
0.05857
0.05857
0.06382
0.04891
0.04925
0.04770
0.04571
0.04571
0.04571
0.00993
0.00985
0.00255
0.00297
0.00255
0.01289
0.01289
0.01860
0.00837
0.00836
0.00781
0.00781
0.02021
0.01953
0.01950
0.01897
0.02259
0.00303
0.00000
0.00000
0.01396
0.01329
0.01332
0.00000
0.00143
0.00000
0.01127
0.01060
0.00976
0.00694
0.00524
0.00547
0.00513
0.00516
0.01622
0.01622
0.02024
0.01647
0.02887
0.03119
0.02589
0.02609
0.02535
0.03035
0.04424
0.05188
0.05188
0.05611
0.05627
0.05193
0.05171
0.04958
0.04958
0.04958
0.05411
0.05161
0.05161
0.05161
0.04887
0.03408
0.07409
0.05863
0.05740
0.05740
0.07100
0.06985
0.06985
0.07410
0.07041
0.07206
0.07206
0.07512
0.06768
0.06768
0.06101
0.06029
0.07204
0.07191
0.06474
0.04824
0.04007
0.04859
0.04859
0.04991
0.04859
0.04915
0.03280
0.02931
0.02931
0.03348
0.03416
0.03415
0.03728
0.02338
0.04729
0.03016
0.03070
0.03831
0.03817
0.04957
0.05075
0.04910
0.04253
0.04271
0.03144
0.03140
0.04056
0.02966
0.02783
0.02783
0.03791
0.03980
0.02765
0.02767
0.05872
0.06715
0.06596
0.06588
0.04623
0.04056
0.04612
0.04632
0.04401
0.04551
0.04551
0.06245
0.05868
0.05868
0.06054
0.05154
0.05154
0.05577
0.05558
0.05558
0.05602
0.07298
0.05733
0.05733
0.04666
0.04662
0.04659
0.04659
0.03020
0.04556
0.04665
0.04135
0.05212
0.05984
0.06031
0.05259
0.05245
0.05345
0.04768
0.03691
0.03598
0.03598
0.04154
0.05242
0.03235
0.02220
0.02225
0.02082
0.03003
0.03003
0.03700
0.05002
0.04878
0.04953
0.04884
0.03145
0.03185
0.02774
0.03105
0.03125
0.03125
0.03123
0.03125
0.02547
0.02705
0.02865
0.02645
0.02645
0.02576
0.03200
0.02645
0.02244
0.04595
0.04607
0.03319
0.04183
0.05287
0.05287
0.04367
0.04464
0.04466
0.04659
0.04466
0.05574
0.05316
0.05299
0.05152
0.05208
0.05152
0.04926
0.06184
0.06138
0.06138
0.04473
0.04473
0.04282
0.04473
0.03623
0.03249
0.03283
0.03207
0.03141
0.03027
0.03027
0.03029
0.03027
0.00485
0.01993
0.01963
0.01457
0.00292
0.01886
0.01173
0.01531
0.04058
0.05394
0.05450
0.05378
0.06606
0.05735
0.05719
0.04948
0.06054
0.06054
0.06760
0.08750
0.08726
0.08716
0.08750
0.08750
0.07962
0.08792
0.08811
0.08811
0.08714
0.10773
0.08144
0.06076
0.06757
0.07576
0.07576
0.08154
0.08587
0.08587
0.07512
0.07512
0.07512
0.07545
0.07545
0.08854
0.09376
0.09376
0.09500
0.07681
0.06799
0.06773
0.06164
0.06803
0.06165
0.04832
0.06270
0.06300
0.05389
0.03472
0.03468
0.03468
0.03908
0.04498
0.04382
0.04382
0.04382
0.06718
0.08935
0.08935
0.08184
0.07377
0.08236
0.09205
0.07977
0.09526
0.09526
0.09629
0.09010
0.09030
0.07249
0.07249
0.07249
0.07564
0.05793
0.06627
0.06970
0.06973
0.08175
0.06899
0.06899
0.06899
0.07606
0.08682
0.09454
0.07827
0.07827
0.08351
0.08351
0.06774
0.08221
0.08221
0.07843
0.07843
0.07815
0.07815
0.07815
0.07586
0.07387
0.07387
0.05045
0.05630
0.06432
0.06457
0.06568
0.06568
0.06568
0.05932
0.06763
0.03803
0.03932
0.04791
0.05353
0.04353
0.06643
0.06643
0.06677
0.06648
0.06643
0.06643
0.08556
0.08556
0.09218
0.07710
0.07710
0.08157
0.08255
0.07568
0.07634
0.07634
0.07637
0.08160
0.08162
0.08458
0.07561
0.07997
0.08016
0.07532
0.07569
0.08860
0.08805
0.06385
0.05054
0.05055
0.05055
0.04889
0.05540
0.05521
0.06176
0.06388
0.06526
0.06525
0.06525
0.07094
0.07094
0.08113
0.08113
0.08113
0.07094
0.07364
0.07389
0.07477
0.07364
0.07364
0.07716
0.06174
0.05957
0.05021
0.04029
0.01869
0.01869
0.01855
0.01044
0.00236
0.00269
0.00335
0.00956
0.00519
0.03149
0.03737
0.00964
0.00770
0.00554
0.03452
0.03896
0.03810
0.03434
0.05076
0.05076
0.05107
0.05100
0.02799
0.02201
0.02204
0.03873
0.03893
0.03701
0.03480
0.03489
0.03489
0.03489
0.04335
0.04720
0.05202
0.05035
0.03819
0.04353
0.04365
0.04324
0.05116
0.05116
0.08104
0.06621
0.06595
0.06595
0.06477
0.06595
0.07228
0.07227
0.06446
0.06756
0.07702
0.07438
0.06393
0.06201
0.05268
0.03329
0.04226
0.03254
0.03631
0.05100
0.04626
0.05074
0.03312
0.03326
0.02695
0.03990
0.02037
0.01540
0.00705
0.00089
0.00236
0.00000
0.00000
0.00000
0.00078
0.00000
0.00494
0.00978
0.00978
0.00978
0.00143
0.00143
0.00047
0.00000
0.00000
0.00000
0.00881
0.01646
0.00000
0.00155
0.00152
0.00152
0.00152
0.00308
0.00304
0.00304
0.00849
0.00849
0.00795
0.01350
0.01296
0.01666
0.01811
0.02209
0.02882
0.02219
0.02151
0.01409
0.02051
0.02056
0.02795
0.02118
0.02118
0.01782
0.01660
0.00333
0.00012
0.00003
0.00000
0.00000
0.00073
0.01620
0.01618
0.02915
0.03369
0.04551
0.06951
0.06021
0.05987
0.05962
0.06476
0.06476
0.06476
0.05395
0.05390
0.04852
0.03897
0.04346
0.06208
0.07467
0.05910
0.06080
0.05932
0.08314
0.06233
0.04926
0.04926
0.04759
0.05514
0.06608
0.07841
0.09080
0.09873
0.09816
0.09324
0.09335
0.11039
0.10909
0.10909
0.11498
0.09184
0.09162
0.10491
0.09996
0.08755
0.08809
0.07817
0.06168
0.03991
0.03997
0.03975
0.04061
0.06154
0.06768
0.06470
0.06135
0.05876
0.07884
0.07658
0.08150
0.07497
0.08159
0.07291
0.07966
0.07213
0.03411
0.03842
0.05007
0.03831
0.03658
0.05672
0.05672
0.06405
0.06405
0.08067
0.08170
0.08071
0.09458
0.09550
0.08641
0.08641
0.08641
0.08124
0.10545
0.11761
0.12853
0.13283
0.13124
0.11139
0.11158
0.11136
0.10186
0.10769
0.10769
0.10769
0.10392
0.11780
0.11780
0.12895
0.13203
0.12578
0.12535
0.12535
0.13114
0.13086
0.13094
0.13054
0.12323
0.12955
0.14543
0.15153
0.16060
0.16060
0.15446
0.14731
0.14731
0.13539
0.12625
0.12534
0.11925
0.11848
0.10794
0.12681
0.11626
0.11621
0.11621
0.11618
0.12822
0.12766
0.12558
0.09530
0.09530
0.09530
0.09584
0.09586
0.08730
0.06810
0.05528
0.05701
0.08010
0.07985
0.09437
0.08862
0.08442
0.04185
0.05031
0.04785
0.04707
0.04707
0.05589
0.05929
0.06758
0.07780
0.08242
0.08687
0.08951
0.10111
0.10108
0.09940
0.09943
0.09540
0.09552
0.08754
0.07369
0.07369
0.07434
0.06909
0.05806
0.05505
0.02303
0.03512
0.04008
0.03877
0.04407
0.03537
0.03567
0.03106
0.03107
0.03107
0.03719
0.03745
0.02887
0.02558
0.02693
0.02159
0.00014
0.00720
0.01992
0.01940
0.01895
0.01881
0.01881
0.01808
0.01808
0.01808
0.01808
0.01666
0.00718
0.01808
0.04147
0.04520
0.04519
0.05555
0.05304
0.04648
0.04641
0.03817
0.03501
0.03606
0.03802
0.06100
0.06173
0.07171
0.07171
0.06095
0.02883
0.00659
0.00658
0.00000
0.00000
0.00000
0.00744
0.01218
0.01213
0.01016
0.01539
0.03038
0.01357
0.01357
0.01390
0.01774
0.01670
0.00731
0.00000
0.00154
0.00590
0.00000
0.00000
0.02770
0.03891
0.03891
0.03479
0.03007
0.02659
0.01728
0.04860
0.05713
0.06439
0.07035
0.07035
0.07428
0.05949
0.05947
0.04863
0.04766
0.03360
0.00573
0.00857
0.03788
0.04116
0.00503
0.00294
0.01085
0.01093
0.00000
0.01071
0.01071
0.00042
0.00071
0.00000
0.00021
0.00000
0.00025
0.00000
0.00201
0.00201
0.01319
0.00459
0.00309
0.00047
0.00024
0.00248
0.01478
0.03694
0.03819
0.03745
0.05179
0.05179
0.04616
0.04606
0.03560
0.03560
0.03606
0.03606
0.03605
0.02454
0.03757
0.05172
0.05172
0.07226
0.04786
0.04774
0.04794
0.03140
0.02032
0.04593
0.05313
0.03606
0.03606
0.03517
0.03517
0.02138
0.01214
0.01214
0.00845
0.01214
0.01214
0.01214
0.01943
0.01356
0.01412
0.00000
0.01980
0.00972
0.00631
0.02178
0.03325
0.05283
0.02623
0.02459
0.04652
0.05803
0.05423
0.05413
0.05329
0.05329
0.05227
0.09292
0.11277
0.11484
0.11049
0.11580
0.11422
0.11116
0.10394
0.09243
0.08998
0.06935
0.07011
0.06566
0.06166
0.06166
0.06166
0.04684
0.04702
0.03514
0.02109
0.02320
0.02481
0.02483
0.02911
0.03434
0.03425
0.04051
0.05044
0.05044
0.04372
0.02829
0.04278
0.04278
0.02922
0.02930
0.02930
0.04586
0.04404
0.05292
0.05912
0.05441
0.05083
0.05216
0.05891
0.06215
0.06217
0.06215
0.06932
0.06926
0.06932
0.08612
0.08584
0.08480
0.08612
0.08435
0.06983
0.07601
0.09755
0.09782
0.09721
0.10183
0.10398
0.09075
0.07360
0.07413
0.06781
0.06731
0.06723
0.06731
0.06731
0.07263
0.06510
0.05759
0.05975
0.05438
0.05285
0.05028
0.04628
0.05275
0.05274
0.05275
0.03834
0.03050
0.03063
0.03063
0.03845
0.03845
0.03324
0.02510
0.02510
0.02747
0.03141
0.03138
0.02791
0.03009
0.02530
0.02213
0.02442
0.00546
0.00083
0.00000
0.01103
0.01821
0.02030
0.02236
0.02270
0.02222
0.03133
0.03088
0.02205
0.04267
0.05011
0.05011
0.04749
0.04305
0.02637
0.02665
0.02787
0.02793
0.02730
0.01863
0.01863
0.02700
0.02700
0.02143
0.02156
0.02214
0.02276
0.02276
0.04479
0.04994
0.05285
0.05283
0.05285
0.04372
0.04192
0.07907
0.07907
0.07885
0.07003
0.07891
0.08071
0.08494
0.08494
0.08494
0.08494
0.08494
0.06310
0.06572
0.06640
0.06572
0.06572
0.06790
0.07376
0.04812
0.05735
0.04313
0.03881
0.02231
0.03268
0.03134
0.00974
0.01994
0.01281
0.00681
0.01751
0.02470
0.02470
0.02527
0.02752
0.02742
0.02870
0.02468
0.02468
0.02468
0.03627
0.03627
0.03627
0.03627
0.03627
0.04396
0.04396
0.04396
0.02974
0.04085
0.03561
0.03561
0.03563
0.04190
0.02474
0.02715
0.03980
0.03880
0.02826
0.01431
0.02177
0.02866
0.04570
0.04722
0.04722
0.05331
0.05525
0.05697
0.05589
0.05526
0.04914
0.02531
0.03003
0.06102
0.04416
0.04386
0.04503
0.06118
0.06562
0.05692
0.04693
0.05551
0.07195
0.08626
0.11631
0.11903
0.12111
0.12485
0.11685
0.13139
0.13139
0.12665
0.15456
0.16827
0.16918
0.16827
0.17011
0.17041
0.15830
0.13547
0.14765
0.16102
0.16102
0.16344
0.15685
0.14104
0.14104
0.13694
0.13369
0.13160
0.13160
0.12076
0.12056
0.11514
0.11282
0.12255
0.13377
0.14509
0.13855
0.14577
0.14592
0.15597
0.15910
0.15148
0.15148
0.14495
0.14428
0.16243
0.15783
0.15783
0.18361
0.18361
0.19263
0.19769
0.18908
0.18763
0.18763
0.18085
0.17810
0.18804
0.18879
0.18879
0.18879
0.18564
0.18206
0.18753
0.18224
0.17556
0.18618
0.19159
0.19493
0.19501
0.20138
0.19572
0.20446
0.20446
0.21057
0.21057
0.21096
0.18415
0.18293
0.17817
0.15043
0.14985
0.14976
0.13968
0.14186
0.17120
0.17117
0.16141
0.15152
0.15040
0.13258
0.13960
0.13960
0.12869
0.13045
0.13045
0.13045
0.13045
0.11655
0.09879
0.10442
0.10067
0.10813
0.10949
0.10813
0.10104
0.10498
0.10459
0.10498
0.10498
0.09941
0.09941
0.10709
0.09914
0.09838
0.09879
0.09723
0.09088
0.09088
0.08877
0.07997
0.07997
0.07425
0.08663
0.09153
0.08854
0.10231
0.11588
0.11588
0.11588
0.11588
0.11670
0.11811
0.11876
0.13717
0.13673
0.13675
0.13675
0.13748
0.11973
0.12182
0.14084
0.13273
0.12365
0.12365
0.11694
0.12365
0.12365
0.12313
0.12703
0.12143
0.12109
0.12141
0.12013
0.13787
0.11361
0.10846
0.10846
0.13048
0.15127
0.15547
0.14729
0.15918
0.16219
0.16219
0.17123
0.12904
0.06949
0.07858
0.06317
0.06313
0.04899
0.04457
0.04932
0.04041
0.05051
0.06340
0.03834
0.05404
0.05412
0.05906
0.05709
0.03409
0.03409
0.03692
0.03250
0.03277
0.05783
0.05787
0.04631
0.04631
0.04146
0.04077
0.04292
0.05666
0.03936
0.04101
0.04098
0.04101
0.03607
0.05743
0.06189
0.05264
0.05250
0.05620
0.05687
0.06597
0.08572
0.09736
0.09354
0.08879
0.09546
0.09566
0.09485
0.09544
0.08519
0.08519
0.08833
0.07744
0.06686
0.05565
0.05525
0.03308
0.04222
0.02665
0.01406
0.00000
0.00129
0.01319
0.01391
0.01319
0.00565
0.01525
0.00000
0.00000
0.00944
0.00933
0.00194
0.00946
0.00594
0.00334
0.00906
0.00906
0.01745
0.00057
0.01348
0.01235
0.00120
0.00120
0.00121
0.01118
0.02119
0.00731
0.00719
0.02053
0.04028
0.04629
0.05950
0.05884
0.05884
0.03297
0.03582
0.04641
0.04795
0.04583
0.05951
0.08592
0.08596
0.09321
0.09351
0.09343
0.11444
0.10620
0.10043
0.10043
0.09643
0.09947
0.10057
0.09944
0.07628
0.07678
0.12274
0.10790
0.12188
0.10475
0.10484
0.07737
0.08163
0.07498
0.07352
0.07498
0.07501
0.05606
0.06244
0.06244
0.06244
0.05857
0.06400
0.06428
0.06395
0.06400
0.06033
0.05770
0.05769
0.05885
0.05866
0.05455
0.05455
0.05819
0.05821
0.04734
0.04734
0.04143
0.02057
0.02324
0.02391
0.05142
0.04113
0.03972
0.03828
0.03204
0.03285
0.01923
0.00029
0.00009
0.00853
0.00815
0.00815
0.00815
0.00000
0.01957
0.01957
0.02324
0.02317
0.02315
0.03980
0.03560
0.04130
0.04130
0.06426
0.06426
0.06426
0.06426
0.05879
0.06639
0.07775
0.07842
0.07306
0.09906
0.09925
0.08931
0.08929
0.08924
0.07553
0.07553
0.07553
0.06757
0.09010
0.08741
0.09325
0.07370
0.07362
0.07117
0.05913
0.05980
0.07844
0.07354
0.06914
0.06844
0.06844
0.06647
0.07527
0.08299
0.07528
0.07571
0.08227
0.08984
0.07943
0.07845
0.07085
0.07085
0.07085
0.07109
0.07085
0.07124
0.08802
0.08080
0.07703
0.07703
0.07664
0.06840
0.08549
0.08561
0.08561
0.08461
0.07720
0.06319
0.07337
0.07337
0.09194
0.09152
0.09152
0.09176
0.09867
0.09912
0.09837
0.09790
0.09936
0.09987
0.09931
0.10672
0.10672
0.10942
0.11211
0.11465
0.11465
0.11451
0.10612
0.10628
0.10914
0.10914
0.11342
0.11650
0.11650
0.11747
0.08247
0.08440
0.08439
0.08427
0.08611
0.09248
0.09424
0.08801
0.10173
0.11430
0.11414
0.11130
0.10658
0.08567
0.09094
0.09211
0.07852
0.07852
0.07441
0.07611
0.07747
0.10397
0.10313
0.08532
0.09186
0.09186
0.10903
0.10903
0.11782
0.10694
0.09439
0.10307
0.10379
0.11973
0.13208
0.13193
0.13186
0.12701
0.13820
0.13935
0.15993
0.15841
0.17182
0.17457
0.19332
0.19792
0.20060
0.18719
0.19089
0.18719
0.18719
0.19062
0.18721
0.18691
0.18657
0.19118
0.17347
0.19393
0.19388
0.19713
0.19799
0.21639
0.21639
0.20321
0.20953
0.21291
0.21291
0.21291
0.21291
0.21383
0.19274
0.19922
0.19282
0.19282
0.19282
0.18450
0.17511
0.17564
0.15985
0.17104
0.16747
0.16916
0.19228
0.19206
0.19206
0.19206
0.19206
0.19206
0.19206
0.19206
0.19206
0.17656
0.18486
0.17897
0.17887
0.17891
0.16755
0.17010
0.18157
0.18986
0.19599
0.18045
0.17979
0.18078
0.17686
0.16653
0.15542
0.15472
0.15472
0.15949
0.15949
0.15228
0.15277
0.15227
0.14754
0.14658
0.14751
0.14754
0.12898
0.11452
0.12274
0.12020
0.11457
0.11661
0.11405
0.10053
0.10172
0.10717
0.10263
0.11423
0.11423
0.11814
0.11242
0.11247
0.11248
0.11207
0.06578
0.06577
0.07430
0.06171
0.06231
0.06231
0.06437
0.06588
0.04803
0.04001
0.03902
0.01543
0.03083
0.06278
0.06269
0.06191
0.05159
0.06435
0.06435
0.06369
0.08346
0.10539
0.09892
0.09892
0.08964
0.08964
0.07556
0.06152
0.08103
0.13082
0.13082
0.12681
0.12596
0.13381
0.13381
0.14350
0.13661
0.14043
0.14327
0.13150
0.13150
0.10797
0.10087
0.09881
0.09994
0.09477
0.09887
0.08617
0.09614
0.09696
0.09701
0.09830
0.09825
0.08413
0.08095
0.07017
0.06727
0.06629
0.05679
0.04946
0.06264
0.05801
0.05801
0.05582
0.04284
0.04284
0.04284
0.05815
0.05744
0.05333
0.05331
0.03727
0.04105
0.02889
0.02889
0.02889
0.02889
0.03623
0.03615
0.02695
0.01495
0.00871
0.02725
0.02203
0.00956
0.01296
0.01399
0.01427
0.01399
0.00000
0.00000
0.00000
0.00046
0.00000
0.00064
0.00000
0.00406
0.00697
0.00000
0.00000
0.00004
0.00000
0.00000
0.00094
0.00627
0.00000
0.00000
0.00742
0.00721
0.00815
0.01514
0.01520
0.00769
0.00149
0.00000
0.00000
0.00559
0.01321
0.01249
0.00000
0.00894
0.00895
0.00895
0.00954
0.01143
0.01416
0.03302
0.03352
0.01951
0.01857
0.00462
0.00481
0.01157
0.00032
0.02201
0.02277
0.01096
0.00064
0.00771
0.00447
0.00455
0.00455
0.00414
0.01628
0.01628
0.01596
0.01627
0.02539
0.03717
0.03333
0.03235
0.03444
0.03416
0.03416
0.04900
0.05935
0.05894
0.06371
0.07796
0.06060
0.06062
0.07252
0.07249
0.07252
0.07252
0.07252
0.07310
0.07253
0.08707
0.10201
0.07845
0.07528
0.07528
0.07526
0.07528
0.07527
0.09119
0.09119
0.06447
0.06557
0.06557
0.07821
0.07866
0.06567
0.06575
0.06568
0.07882
0.06976
0.07004
0.06995
0.07721
0.08728
0.09501
0.10260
0.10020
0.11167
0.11168
0.11166
0.11168
0.13722
0.13366
0.13384
0.13354
0.13366
0.13366
0.13366
0.13446
0.13192
0.13209
0.13227
0.13783
0.13872
0.13870
0.13215
0.12573
0.13261
0.13506
0.13547
0.14367
0.16566
0.17091
0.17103
0.16524
0.16989
0.15902
0.16063
0.16238
0.16280
0.17084
0.16293
0.16010
0.15927
0.15977
0.15073
0.14895
0.14031
0.15342
0.14630
0.16810
0.18492
0.18309
0.15383
0.15495
0.15495
0.15294
0.15680
0.15680
0.15680
0.16447
0.16000
0.16744
0.19560
0.18481
0.18885
0.19217
0.18885
0.18081
0.18843
0.18751
0.19199
0.19503
0.19032
0.19338
0.18393
0.16926
0.16577
0.15992
0.16577
0.16577
0.16606
0.16015
0.16028
0.16260
0.16259
0.16260
0.17479
0.16047
0.15854
0.17385
0.18566
0.17521
0.17525
0.16455
0.16808
0.17123
0.14718
0.14718
0.14229
0.14288
0.14122
0.14481
0.15050
0.15969
0.15535
0.17083
0.17442
0.17761
0.17291
0.16055
0.15757
0.15712
0.16069
0.14489
0.14702
0.14924
0.14045
0.13311
0.14823
0.12366
0.13454
0.13454
0.13454
0.12219
0.13030
0.13026
0.13074
0.13969
0.13968
0.14476
0.11933
0.13138
0.12684
0.12678
0.12463
0.12463
0.12843
0.12744
0.10991
0.10991
0.10991
0.10930
0.10942
0.11045
0.09683
0.11059
0.09044
0.07407
0.07407
0.07407
0.06832
0.06641
0.07030
0.08121
0.08797
0.07841
0.05945
0.05885
0.06840
0.07330
0.08682
0.09246
0.09180
0.08033
0.09357
0.09357
0.09389
0.10698
0.10038
0.10038
0.09379
0.09398
0.09373
0.09398
0.09107
0.09434
0.07895
0.07013
0.07070
0.06963
0.07013
0.07013
0.07410
0.07532
0.07536
0.07532
0.07532
0.05748
0.06098
0.06088
0.04394
0.04391
0.03604
0.02171
0.02085
0.01021
0.01021
0.01380
0.01358
0.01358
0.01358
0.01358
0.02804
0.02904
0.05365
0.05318
0.05121
0.04977
0.04413
0.03630
0.02538
0.01521
0.02416
0.00000
0.00000
0.00000
0.00000
0.00000
0.00283
0.00449
0.05152
0.05152
0.05152
0.03831
0.03939
0.03924
0.03889
0.03889
0.03889
0.04412
0.04109
0.03943
0.04450
0.07038
0.07023
0.06114
0.06114
0.06256
0.07421
0.07421
0.07457
0.07425
0.07420
0.07421
0.09099
0.10883
0.10880
0.13166
0.14419
0.14424
0.13724
0.13729
0.13724
0.13724
0.13724
0.15386
0.16083
0.18216
0.18051
0.18915
0.19789
0.20646
0.20726
0.21108
0.20742
0.20307
0.20323
0.19896
0.20515
0.19206
0.19206
0.19299
0.19788
0.19798
0.19900
0.19888
0.19889
0.19794
0.17474
0.17496
0.16061
0.16061
0.17923
0.17923
0.17014
0.15622
0.14133
0.12195
0.12299
0.12344
0.12280
0.11877
0.11876
0.11875
0.10738
0.08594
0.08594
0.08688
0.08553
0.08601
0.07704
0.08055
0.07913
0.07916
0.03472
0.01950
0.03789
0.03789
0.03033
0.01816
0.01186
0.02769
0.02811
0.02830
0.02811
0.02811
0.02811
0.02693
0.02693
0.00874
0.01846
0.01888
0.03683
0.03683
0.04853
0.04835
0.04835
0.04479
0.04476
0.06367
0.05326
0.05396
0.05396
0.06632
0.06190
0.06248
0.07020
0.05364
0.05194
0.04053
0.04053
0.04046
0.04222
0.04362
0.06710
0.06904
0.06730
0.06841
0.06841
0.06841
0.07996
0.07996
0.08464
0.08461
0.07346
0.07346
0.07577
0.07577
0.11515
0.11588
0.11424
0.11424
0.11449
0.11424
0.11461
0.11774
0.10863
0.10740
0.10691
0.10684
0.12205
0.12200
0.14475
0.11864
0.12339
0.12338
0.12556
0.12205
0.11680
0.12372
0.11618
0.11650
0.08978
0.07079
0.07079
0.07079
0.07079
0.07195
0.07079
0.08005
0.06726
0.06726
0.06726
0.08549
0.08546
0.09323
0.11185
0.10534
0.11575
0.09003
0.09003
0.08974
0.10044
0.10675
0.10636
0.08937
0.08554
0.08554
0.06581
0.06882
0.06824
0.06828
0.06732
0.07441
0.07417
0.06437
0.06968
0.06861
0.04559
0.03595
0.03389
0.03748
0.03493
0.04105
0.03829
0.03837
0.03168
0.03168
0.03168
0.03928
0.03927
0.04257
0.04246
0.06719
0.06706
0.06706
0.06706
0.08065
0.09629
0.09629
0.09629
0.09579
0.09050
0.08626
0.08630
0.09705
0.11523
0.11523
0.09133
0.09133
0.09133
0.09175
0.09173
0.10813
0.09164
0.08580
0.08580
0.08580
0.09931
0.09870
0.10762
0.10745
0.10674
0.11550
0.10762
0.11617
0.11561
0.12215
0.11800
0.11939
0.16384
0.16222
0.15868
0.16211
0.15165
0.14555
0.14555
0.12908
0.12934
0.10904
0.10114
0.09882
0.10062
0.10651
0.10339
0.10279
0.10339
0.07150
0.07011
0.06460
0.05804
0.05652
0.03817
0.04374
0.04374
0.02762
0.02598
0.04460
0.04918
0.05844
0.05880
0.06752
0.06752
0.05587
0.05259
0.05259
0.05819
0.05578
0.04585
0.04585
0.04585
0.04585
0.04590
0.06775
0.07580
0.07752
0.07560
0.07773
0.07626
0.08586
0.08586
0.08586
0.08807
0.08839
0.09099
0.09383
0.09732
0.08885
0.08845
0.08845
0.08845
0.10135
0.10135
0.11143
0.11149
0.11143
0.11143
0.11448
0.11448
0.12070
0.10786
0.09903
0.08566
0.08584
0.10496
0.09922
0.09923
0.09666
0.09034
0.07690
0.07409
0.07382
0.07350
0.07127
0.07084
0.07125
0.08442
0.06774
0.07261
0.07261
0.05577
0.05586
0.05586
0.04461
0.04461
0.04463
0.05435
0.05408
0.05495
0.05495
0.05974
0.07516
0.07663
0.09183
0.09172
0.09049
0.08016
0.08016
0.07267
0.08591
0.08757
0.08915
0.11422
0.10925
0.11379
0.10925
0.08974
0.09878
0.10453
0.09545
0.08730
0.12021
0.12021
0.13286
0.13249
0.13447
0.12317
0.12317
0.14184
0.13277
0.13274
0.14444
0.14916
0.12641
0.12740
0.12819
0.10977
0.11955
0.11944
0.11917
0.11542
0.11542
0.11473
0.10240
0.10176
0.08755
0.08124
0.09624
0.07828
0.07736
0.09459
0.10337
0.12244
0.12768
0.13335
0.13335
0.15184
0.15184
0.14781
0.14778
0.14433
0.14908
0.14279
0.14279
0.15001
0.14425
0.15376
0.14443
0.12673
0.13842
0.13834
0.11802
0.11415
0.10719
0.11799
0.11472
0.12747
0.13528
0.14160
0.14421
0.13619
0.13609
0.14251
0.15281
0.15281
0.15423
0.14073
0.14160
0.15020
0.15406
0.15474
0.17434
0.17432
0.17035
0.16106
0.16689
0.13677
0.14320
0.14350
0.14512
0.13915
0.13915
0.13915
0.14830
0.17023
0.16538
0.16538
0.16588
0.18459
0.17744
0.18987
0.17082
0.17796
0.17347
0.17928
0.17914
0.16690
0.15893
0.14655
0.14296
0.14721
0.15526
0.15526
0.16614
0.16672
0.15644
0.15816
0.13201
0.13197
0.13197
0.12236
0.13041
0.13041
0.13041
0.08994
0.09251
0.09905
0.10128
0.12244
0.11948
0.12219
0.12235
0.11370
0.11353
0.13035
0.13049
0.13039
0.13057
0.13039
0.13039
0.13493
0.13493
0.13822
0.13822
0.13913
0.14256
0.12712
0.09681
0.09695
0.09683
0.10451
0.12786
0.12840
0.13169
0.13169
0.11783
0.14654
0.12425
0.12431
0.13618
0.13646
0.13311
0.12868
0.12818
0.09533
0.09558
0.10473
0.12600
0.12152
0.13096
0.13045
0.15505
0.15557
0.13898
0.14578
0.15270
0.15270
0.15573
0.15573
0.14783
0.15373
0.16420
0.16275
0.16278
0.16275
0.15790
0.19186
0.19187
0.19187
0.21260
0.21535
0.20733
0.20737
0.22243
0.22240
0.20837
0.20837
0.19457
0.19554
0.19554
0.19554
0.17321
0.16930
0.16060
0.15962
0.15968
0.15968
0.15968
0.15837
0.15470
0.16589
0.17694
0.16659
0.16636
0.16030
0.15664
0.15073
0.15074
0.14690
0.14638
0.14690
0.14786
0.15681
0.15800
0.15674
0.18653
0.19179
0.19137
0.18346
0.18346
0.18346
0.16852
0.17202
0.17714
0.17800
0.17813
0.19001
0.18596
0.18173
0.19565
0.19763
0.19198
0.19196
0.17554
0.17554
0.18077
0.17303
0.17311
0.16768
0.16770
0.15879
0.14486
0.13957
0.11432
0.11432
0.11194
0.10799
0.09990
0.12176
0.12124
0.10620
0.10278
0.10902
0.09525
0.08542
0.08445
0.07699
0.08123
0.08241
0.07406
0.06470
0.05838
0.05838
0.05838
0.05826
0.06173
0.06028
0.06106
0.06147
0.06106
0.07688
0.07664
0.07264
0.06715
0.06715
0.06715
0.08206
0.09065
0.09065
0.09062
0.08851
0.08851
0.08851
0.08927
0.06975
0.06826
0.07141
0.07889
0.08211
0.09326
0.08677
0.07894
0.09859
0.09859
0.09859
0.09719
0.09859
0.09253
0.09286
0.09291
0.09292
0.09292
0.10063
0.10063
0.10413
0.10726
0.09033
0.10927
0.09735
0.09730
0.09735
0.08021
0.07898
0.07333
0.09549
0.09867
0.10823
0.10903
0.11389
0.11409
0.12518
0.13211
0.13600
0.13590
0.15371
0.14777
0.14382
0.14667
0.14667
0.14366
0.14366
0.14451
0.14366
0.16019
0.15499
0.15501
0.15663
0.17428
0.17435
0.14550
0.13736
0.13673
0.14506
0.14506
0.13425
0.13429
0.12968
0.13714
0.12940
0.12759
0.12527
0.12919
0.12981
0.12981
0.11632
0.11642
0.11519
0.12255
0.12822
0.11994
0.11437
0.11437
0.10592
0.11015
0.10998
0.10997
0.10997
0.11282
0.11282
0.10138
0.09014
0.09010
0.07419
0.07419
0.06909
0.06903
0.06473
0.06134
0.06134
0.06202
0.06307
0.05759
0.03216
0.02837
0.03070
0.02295
0.02081
0.01918
0.02292
0.00942
0.00179
0.01171
0.01871
0.01543
0.01545
0.01546
0.01275
0.01275
0.00000
0.00000
0.00000
0.00000
0.00000
0.00000
0.00000
0.00140
0.02959
0.01784
0.01418
0.00738
0.00738
0.00738
0.01024
0.00997
0.00999
0.00971
0.00605
0.00619
0.00419
0.00358
0.00662
0.00388
0.00000
0.01489
0.01431
0.01469
0.00000
0.00000
0.00043
0.00000
0.01086
0.01150
0.00477
0.00599
0.01699
0.00000
0.00000
0.00195
0.01859
0.01859
0.00000
0.01637
0.01617
0.01597
0.01612
0.01406
0.01416
0.01406
0.00354
0.00770
0.00952
0.01760
0.01987
0.01987
0.01987
0.01987
0.03282
0.03282
0.04307
0.04505
0.04505
0.04982
0.03001
0.03001
0.03247
0.03250
0.02713
0.01443
0.01328
0.01579
0.02700
0.02700
0.02704
0.00225
0.00225
0.00062
0.00228
0.00022
0.00000
0.01138
0.00787
0.00601
0.00000
0.00000
0.00000
0.01339
0.01768
0.01720
0.01280
0.00552
0.00544
0.00000
0.00000
0.01678
0.01604
0.00072
0.01040
0.00153
0.01053
0.01762
0.01315
0.02302
0.03801
0.02413
0.02462
0.00815
0.00179
0.00229
0.01100
0.00395
0.00342
0.00398
0.00014
0.01106
0.01761
0.01203
0.00668
0.00987
0.00015
0.00902
0.00837
0.00560
0.00560
0.00732
0.04212
0.04212
0.04212
0.04212
0.05941
0.06306
0.07473
0.07400
0.08250
0.08225
0.06566
0.06241
0.05458
0.05766
0.07425
0.07583
0.07581
0.08638
0.08270
0.08232
0.08232
0.09542
0.09542
0.09287
0.09287
0.09287
0.10668
0.09644
0.09998
0.11667
0.10900
0.10768
0.10041
0.09638
0.09183
0.09194
0.10577
0.09472
0.09472
0.09472
0.08739
0.09847
0.10599
0.10372
0.10035
0.10035
0.08634
0.08201
0.07648
0.07631
0.07634
0.07634
0.09721
0.12461
0.12461
0.12461
0.12461
0.12433
0.11569
0.11723
0.11340
0.10163
0.10161
0.10249
0.10528
0.10528
0.10528
0.09883
0.09904
0.09883
0.07328
0.07293
0.07293
0.07293
0.07242
0.07293
0.06789
0.07758
0.04436
0.04218
0.05773
0.05604
0.06774
0.08014
0.08005
0.08934
0.08917
0.09830
0.09830
0.09900
0.09934
0.11815
0.11805
0.11805
0.11354
0.11857
0.12034
0.11289
0.13034
0.12996
0.12996
0.13865
0.13096
0.13098
0.13135
0.13888
0.13888
0.13732
0.13879
0.11199
0.09799
0.09718
0.09532
0.09466
0.08503
0.08503
0.08432
0.08169
0.06151
0.05005
0.04133
0.02553
0.03454
0.03670
0.03670
0.07438
0.03796
0.03605
0.04647
0.03268
0.03081
0.02146
0.02728
0.00740
0.00002
0.00000
0.00000
0.01321
0.01493
0.01430
0.01430
0.01598
0.03643
0.01406
0.00000
0.00000
0.00001
0.01099
0.00870
0.00518
0.00000
0.00000
0.01909
0.02611
0.01890
0.01867
0.02227
0.02387
0.02613
0.02696
0.02712
0.01638
0.01126
0.00000
0.00877
0.01940
0.01940
0.03842
0.06789
0.06622
0.06794
0.05829
0.05829
0.07226
0.07373
0.06591
0.07475
0.06142
0.06608
0.06001
0.07197
0.05363
0.05405
0.05173
0.05090
0.05090
0.04105
0.04105
0.05311
0.05833
0.06619
0.07960
0.08476
0.07698
0.07698
0.07772
0.08068
0.08068
0.07525
0.07540
0.06013
0.06013
0.06336
0.06336
0.06336
0.05981
0.06139
0.06519
0.06524
0.06306
0.05432
0.06394
0.06469
0.08004
0.08004
0.07999
0.05880
0.06805
0.06438
0.09102
0.09104
0.09104
0.09104
0.10991
0.12050
0.12643
0.12158
0.11244
0.10176
0.09581
0.10612
0.10601
0.10783
0.11289
0.11307
0.11222
0.11307
0.11335
0.10076
0.10076
0.10399
0.08105
0.08105
0.07267
0.07162
0.08048
0.06434
0.06792
0.07102
0.07102
0.08216
0.07391
0.07391
0.06706
0.06248
0.05929
0.05862
0.06216
0.05428
0.02373
0.02373
0.02600
0.02561
0.02561
0.01429
0.00153
0.00000
0.00000
0.00000
0.00000
0.00000
0.01286
0.00651
0.00817
0.01969
0.07240
0.06646
0.06089
0.06089
0.06018
0.06465
0.06465
0.06438
0.06335
0.05913
0.05038
0.05466
0.05466
0.05469
0.05463
0.05466
0.06720
0.06755
0.04914
0.04540
0.02597
0.00879
0.00000
0.00000
0.00005
0.00724
0.01544
0.01597
0.04056
0.04025
0.03491
0.02495
0.00773
0.00486
0.02396
0.02441
0.02543
0.02780
0.03188
0.02693
0.02957
0.03771
0.02317
0.02317
0.02217
0.02317
0.04187
0.04074
0.02424
0.02426
0.01555
0.01555
0.01187
0.01152
0.02784
0.01801
0.01124
0.00882
0.01010
0.03441
0.03773
0.04594
0.06982
0.05693
0.05548
0.05768
0.05844
0.05768
0.06384
0.07653
0.07942
0.08009
0.06597
0.07756
0.07518
0.07868
0.07936
0.08911
0.08911
0.09034
0.08983
0.07588
0.07732
0.07735
0.07732
0.07480
0.08711
0.08480
0.08480
0.08116
0.07502
0.07502
0.06169
0.06731
0.06760
0.08100
0.06846
0.06551
0.06400
0.05668
0.06710
0.06710
0.08198
0.08214
0.08214
0.10328
0.10878
0.10878
0.07702
0.08276
0.08276
0.08276
0.07417
0.07469
0.05910
0.07222
0.06802
0.06821
0.07263
0.08142
0.07967
0.09214
0.09463
0.10728
0.09460
0.11508
0.11508
0.11508
0.12642
0.12065
0.10700
0.10757
0.10721
0.10969
0.11875
0.13566
0.13204
0.14149
0.14209
0.13068
0.13140
0.13815
0.12315
0.11986
0.11763
0.11603
0.11617
0.11897
0.12181
0.12181
0.12149
0.11125
0.10073
0.10254
0.09929
0.09947
0.10549
0.10044
0.09198
0.09144
0.08859
0.08861
0.08849
0.08859
0.08859
0.08859
0.09731
0.09731
0.09466
0.09120
0.08848
0.08848
0.08873
0.08844
0.10049
0.08924
0.08455
0.09009
0.09124
0.09179
0.07737
0.07757
0.07739
0.07737
0.08570
0.08564
0.08924
0.08924
0.06295
0.07284
0.06732
0.06452
0.06465
0.04771
0.04763
0.04770
0.04209
0.06749
0.06267
0.06259
0.06259
0.06259
0.07101
0.06916
0.05059
0.05022
0.06254
0.06233
0.08218
0.08009
0.08618
0.09091
0.09091
0.09240
0.09145
0.09164
0.08588
0.08599
0.08285
0.08849
0.09291
0.09298
0.11267
0.11269
0.10606
0.10552
0.09816
0.06352
0.04782
0.04603
0.04103
0.02628
0.02604
0.02908
0.03161
0.02722
0.02738
0.04455
0.03769
0.03719
0.03769
0.03900
0.03960
0.04458
0.04137
0.04149
0.05400
0.03561
0.03156
0.02298
0.03344
0.02818
0.02832
0.02656
0.02421
0.00874
0.00786
0.00787
0.00727
0.01969
0.02596
0.04253
0.03553
0.03525
0.03550
0.03467
0.03747
0.03224
0.03038
0.04704
0.03922
0.03953
0.02480
0.00784
0.00223
0.00849
0.02946
0.02806
0.00234
0.00573
0.01337
0.00000
0.00239
0.00000
0.01937
0.01937
0.01937
0.01937
0.01937
0.01891
0.03191
0.02787
0.02281
0.00700
0.00123
0.00188
0.00181
0.00188
0.00281
0.00000
0.00770
0.00966
0.01221
0.01303
0.02857
0.00493
0.00000
0.00000
0.00000
0.00000
0.00000
0.01275
0.01283
0.01287
0.02557
0.02585
0.02437
0.02437
0.03896
0.05425
0.05216
0.05205
0.06412
0.06407
0.06407
0.08066
0.08068
0.08068
0.08068
0.07844
0.05720
0.05815
0.04262
0.04210
0.04245
0.04828
0.04620
0.06007
0.06007
0.04776
0.04307
0.01920
0.02942
0.02817
0.02236
0.02236
0.02792
0.03845
0.02284
0.04532
0.04574
0.04551
0.07147
0.06777
0.06777
0.09355
0.09355
0.11062
0.11164
0.11130
0.11130
0.11130
0.11130
0.10223
0.10258
0.10220
0.10556
0.10909
0.12099
0.11986
0.10670
0.12088
0.11188
0.10537
0.10287
0.10786
0.10671
0.10486
0.07695
0.07970
0.06887
0.10872
0.11577
0.11602
0.11354
0.13098
0.12934
0.14024
0.15746
0.15048
0.15048
0.15048
0.15042
0.13976
0.11847
0.11856
0.11856
0.11856
0.11826
0.11722
0.12043
0.12014
0.12014
0.12595
0.12595
0.12595
0.13646
0.13650
0.11207
0.12754
0.10752
0.10533
0.11209
0.11080
0.12115
0.10918
0.10667
0.10623
0.12268
0.12293
0.12270
0.12469
0.11013
0.10645
0.10645
0.10302
0.10315
0.11368
0.10253
0.08419
0.08695
0.10082
0.10606
0.10606
0.10606
0.10917
0.12061
0.12061
0.11939
0.13507
0.14209
0.14197
0.14233
0.12025
0.12025
0.11532
0.12912
0.12914
0.12952
0.13054
0.10765
0.09926
0.10214
0.07316
0.07148
0.08252
0.08636
0.08977
0.09026
0.08435
0.08435
0.08435
0.08256
0.08282
0.08677
0.09428
0.08924
0.10713
0.12427
0.11572
0.11279
0.11121
0.11115
0.10972
0.10841
0.10186
0.10153
0.10744
0.10744
0.10745
0.10785
0.11133
0.09529
0.09466
0.09529
0.09529
0.09511
0.09529
0.09576
0.09161
0.09187
0.08250
0.09890
0.08553
0.07606
0.06597
0.07663
0.05576
0.06094
0.06607
0.07117
0.08456
0.11101
0.10793
0.10793
0.10748
0.10554
0.11049
0.11285
0.10648
0.10557
0.10648
0.10648
0.10727
0.10727
0.10146
0.10683
0.10803
0.10803
0.10943
0.14509
0.13528
0.13130
0.12534
0.12534
0.12519
0.10797
0.11353
0.09067
0.10329
0.08928
0.08910
0.08019
0.06877
0.08036
0.07221
0.07211
0.06519
0.08014
0.08013
0.05767
0.04254
0.04254
0.04254
0.04252
0.02793
0.02783
0.02801
0.02783
0.04931
0.05106
0.05106
0.05918
0.05918
0.05306
0.05158
0.05447
0.05602
0.05245
0.06102
0.08090
0.08201
0.09748
0.07058
0.06982
0.06982
0.06982
0.07253
0.07393
0.07641
0.06719
0.06421
0.06100
0.05638
0.06096
0.06255
0.06258
0.05446
0.06751
0.04921
0.06203
0.07335
0.05602
0.05359
0.05359
0.04194
0.04194
0.04137
0.03874
0.03129
0.02561
0.03044
0.04987
0.05008
0.05006
0.05006
0.03928
0.04481
0.04479
0.04574
0.04233
0.04826
0.05824
0.05824
0.06802
0.05252
0.04256
0.01900
0.02726
0.02675
0.02221
0.04013
0.04526
0.03934
0.04022
0.03642
0.04126
0.02992
0.02974
0.02972
0.02665
0.00982
0.00982
0.00555
0.01856
0.01849
0.02097
0.02028
0.01580
0.01473
0.00266
0.03292
0.03428
0.03429
0.03429
0.03577
0.03002
0.03070
0.03482
0.03431
0.03986
0.03672
0.01536
0.02018
0.04021
0.04021
0.05067
0.05033
0.05051
0.03351
0.03344
0.03344
0.05316
0.05199
0.05320
0.03588
0.03341
0.03970
0.04719
0.04760
0.06275
0.06911
0.06947
0.07317
0.06264
0.06284
0.09186
0.08593
0.08495
0.09938
0.08064
0.08125
0.07864
0.05499
0.04245
0.05449
0.05355
0.05405
0.05405
0.05197
0.05197
0.04989
0.05529
0.06637
0.06637
0.06638
0.06637
0.07837
0.01893
0.01893
0.00000
0.00000
0.00000
0.00723
0.01611
0.02227
0.03427
0.04795
0.03750
0.03604
0.03620
0.03620
0.03620
0.03622
0.03620
0.03620
0.01758
0.02112
0.03189
0.04485
0.04486
0.09382
0.09382
0.10046
0.08646
0.08938
0.08051
0.08051
0.08051
0.08595
0.07850
0.07238
0.08492
0.08830
0.09318
0.09671
0.10820
0.11238
0.11238
0.11238
0.11238
0.11291
0.11065
0.11423
0.12331
0.12295
0.12195
0.12460
0.12642
0.13308
0.13243
0.13171
0.11221
0.10429
0.09556
0.09554
0.10119
0.09325
0.11969
0.12253
0.11892
0.11598
0.11598
0.11598
0.11765
0.10386
0.10499
0.10028
0.08965
0.09112
0.07848
0.09911
0.08230
0.07557
0.07557
0.07557
0.08324
0.08474
0.09769
0.09638
0.09498
0.09704
0.09720
0.09739
0.09814
0.10600
0.08270
0.08178
0.06335
0.06758
0.07586
0.07567
0.07570
0.07567
0.07143
0.07567
0.07567
0.06369
0.06729
0.06725
0.04275
0.04246
0.04015
0.05171
0.03661
0.03562
0.02955
0.04613
0.04517
0.04613
0.04613
0.04613
0.04613
0.05228
0.07211
0.07928
0.07928
0.06303
0.06335
0.06303
0.04484
0.04484
0.03822
0.03570
0.03574
0.04399
0.04398
0.04545
0.05430
0.05430
0.05430
0.05433
0.05430
0.05314
0.05681
0.04668
0.04668
0.05155
0.04823
0.04776
0.06183
0.06393
0.06419
0.05412
0.04157
0.06724
0.07209
0.10225
0.10225
0.10335
0.10225
0.09280
0.09271
0.09274
0.09726
0.09738
0.09726
0.08764
0.08139
0.07842
0.07523
0.05705
0.02872
0.02293
0.02003
0.02075
0.02048
0.01752
0.01059
0.01048
0.01732
0.01732
0.02444
0.02457
0.00918
0.02700
0.02666
0.02362
0.02358
0.01727
0.03368
0.03368
0.01819
0.02054
0.02096
0.04436
0.03304
0.01990
0.02139
0.01990
0.01990
0.02052
0.00000
0.00814
0.00000
0.00000
0.00000
0.00000
0.01346
0.01943
0.01590
0.02546
0.02534
0.02546
0.02546
0.03067
0.01349
0.00000
0.00000
0.02811
0.02850
0.05094
0.03757
0.03821
0.03757
0.02190
0.02190
0.02560
0.02739
0.02628
0.02545
0.00756
0.00710
0.00754
0.00747
0.00747
0.00463
0.00524
0.01247
0.00631
0.00293
0.00138
0.00000
0.00000
0.01059
0.00837
0.00581
0.01326
0.01326
0.01928
0.02381
0.01141
0.00395
0.00000
0.00000
0.00000
0.00036
0.00000
0.00000
0.00796
0.01175
0.01069
0.00637
0.02403
0.01915
0.01773
0.01973
0.01381
0.01381
0.01327
0.00932
0.01531
0.01552
0.01552
0.01552
0.02304
0.01656
0.00857
0.00846
0.00846
0.02494
0.02494
0.01467
0.01467
0.00073
0.00961
0.03363
0.03094
0.02771
0.03241
0.03706
0.06324
0.05499
0.05500
0.06451
0.07290
0.07300
0.09923
0.09923
0.10987
0.11190
0.12569
0.12974
0.13187
0.13145
0.13320
0.13362
0.10243
0.10214
0.10921
0.08839
0.08689
0.08734
0.09412
0.09412
0.07218
0.07769
0.07833
0.04929
0.04929
0.05918
0.05918
0.06502
0.05826
0.04911
0.05766
0.05049
0.02263
0.02230
0.03247
0.01950
0.00958
0.00958
0.02213
0.02301
0.01435
0.02156
0.03284
0.03786
0.04003
0.04653
0.04724
0.06000
0.07022
0.07022
0.07022
0.07022
0.07953
0.06767
0.09287
0.10389
0.09826
0.08401
0.08299
0.08509
0.08614
0.08171
0.09042
0.07975
0.09199
0.09199
0.09587
0.09423
0.08534
0.07165
0.07165
0.07531
0.07138
0.07157
0.05897
0.04103
0.03553
0.00551
0.00000
0.00000
0.00000
0.01137
0.01136
0.01058
0.01527
0.01629
0.01387
0.00000
0.00000
0.01964
0.02051
0.04603
0.04285
0.05032
0.05548
0.06584
0.06604
0.06584
0.06580
0.06524
0.06584
0.06584
0.04551
0.04551
0.04551
0.04551
0.04549
0.04551
0.04551
0.04593
0.06357
0.08118
0.07563
0.09320
0.10273
0.10255
0.10154
0.10154
0.11600
0.13291
0.14213
0.14213
0.12033
0.09777
0.09378
0.09159
0.08083
0.09125
0.08675
0.08686
0.07130
0.06547
0.06092
0.07094
0.07094
0.07094
0.07094
0.06830
0.06860
0.06009
0.04919
0.04879
0.01144
0.01144
0.00630
0.00088
0.00230
0.00571
0.03615
0.05970
0.03298
0.02835
0.02058
0.02034
0.02057
0.02034
0.02016
0.01992
0.02034
0.00697
0.01561
0.01574
0.01782
0.02069
0.02828
0.03333
0.04041
0.02264
0.02268
0.01222
0.01754
0.01941
0.01776
0.03750
0.04290
0.03181
0.04777
0.04763
0.05847
0.05847
0.06555
0.07121
0.08637
0.08637
0.08801
0.09394
0.09413
0.06515
0.06626
0.07096
0.07280
0.06933
0.06205
0.09172
0.09172
0.10014
0.09948
0.07992
0.08838
0.08895
0.08976
0.10379
0.10077
0.09809
0.11039
0.11039
0.11023
0.09507
0.08223
0.08271
0.06596
0.07966
0.06478
0.06474
0.05303
0.05245
0.05276
0.05276
0.04839
0.02905
0.02171
0.04101
0.04123
0.04105
0.05310
0.05521
0.06120
0.07082
0.07080
0.07811
0.08831
0.09857
0.08480
0.08331
0.07913
0.07789
0.07042
0.07033
0.07033
0.07033
0.07056
0.05931
0.05953
0.05307
0.05253
0.05028
0.04181
0.03959
0.04035
0.03884
0.03890
0.03977
0.03217
0.04514
0.04514
0.04615
0.05021
0.05024
0.05021
0.04704
0.04053
0.03379
0.03418
0.04563
0.03125
0.04480
0.04480
0.04480
0.04484
0.04746
0.02348
0.03031
0.03031
0.03031
0.02764
0.02254
0.02366
0.02254
0.03214
0.04543
0.04543
0.03159
0.01724
0.01403
0.01403
0.01170
0.00000
0.00000
0.00000
0.00000
0.00599
0.00078
0.00000
0.00000
0.00005
0.00000
0.01161
0.01106
0.01106
0.00940
0.01035
0.00825
0.01279
0.00856
0.00856
0.01379
0.00932
0.01614
0.01453
0.01430
0.01261
0.00956
0.02006
0.05543
0.04432
0.06868
0.07217
0.06536
0.07407
0.07407
0.07407
0.08662
0.08674
0.08775
0.08661
0.08662
0.07786
0.07686
0.06593
0.06758
0.07678
0.08908
0.08509
0.08484
0.08502
0.08509
0.06787
0.06711
0.06887
0.06887
0.06840
0.06557
0.06557
0.06557
0.06557
0.06547
0.06557
0.06554
0.05162
0.06421
0.06421
0.04681
0.04745
0.04745
0.04832
0.04190
0.02800
0.02800
0.03021
0.04515
0.04273
0.04743
0.05934
0.07182
0.07454
0.07607
0.08072
0.08139
0.08323
0.08212
0.08259
0.08313
0.09917
0.10747
0.10634
0.10633
0.10634
0.08929
0.08929
0.09809
0.09804
0.10056
0.09809
0.09790
0.10401
0.10443
0.10019
0.10436
0.11230
0.11477
0.11599
0.08473
0.08350
0.09018
0.09541
0.09765
0.09738
0.11385
0.09344
0.09042
0.09010
0.08911
0.09116
0.09980
0.09894
0.07845
0.07877
0.09344
0.08776
0.05892
0.06828
0.07359
0.07913
0.09509
0.10996
0.11735
0.11797
0.09925
0.11759
0.10310
0.08658
0.08634
0.08806
0.08624
0.08633
0.07036
0.07033
0.07036
0.06867
0.06521
0.06507
0.06507
0.07999
0.08960
0.08693
0.07186
0.07251
0.08148
0.09925
0.10119
0.10025
0.09994
0.10005
0.09003
0.06645
0.06719
0.08079
0.06798
0.07961
0.07961
0.08205
0.07822
0.07739
0.09101
0.09883
0.11848
0.11848
0.11848
0.11921
0.12150
0.12961
0.13030
0.14249
0.13666
0.13706
0.13666
0.13666
0.13941
0.14662
0.14662
0.14432
0.14423
0.14438
0.14438
0.15212
0.15659
0.15291
0.15307
0.15291
0.14314
0.16389
0.15416
0.15893
0.15891
0.16820
0.16820
0.15763
0.15763
0.14815
0.14987
0.13802
0.13226
0.13213
0.13213
0.16015
0.15582
0.16905
0.15691
0.15961
0.15090
0.15258
0.16761
0.16106
0.15873
0.15873
0.15873
0.15568
0.15565
0.15568
0.14881
0.14873
0.12954
0.14171
0.14179
0.12410
0.14096
0.13633
0.11717
0.11968
0.11968
0.11111
0.11008
0.11369
0.11922
0.11928
0.13528
0.11446
0.08847
0.06280
0.06305
0.06005
0.05863
0.05901
0.04862
0.05352
0.04841
0.05973
0.06707
0.04973
0.05249
0.04970
0.05194
0.05339
0.05336
0.02591
0.04375
0.04375
0.05150
0.05147
0.04909
0.04384
0.04526
0.05483
0.07610
0.08054
0.07369
0.06499
0.06166
0.05875
0.05875
0.05025
0.05473
0.06254
0.04700
0.04545
0.04890
0.04508
0.03385
0.03030
0.03030
0.01024
0.01349
0.02418
0.01901
0.00546
0.00719
0.00352
0.00339
0.00414
0.00344
0.01519
0.02925
0.03142
0.02925
0.03683
0.03282
0.01820
0.01914
0.01916
0.01914
0.00801
0.00044
0.00222
0.00222
0.00341
0.01396
0.01401
0.01395
0.00643
0.00558
0.00997
0.01185
0.02176
0.03591
0.02464
0.02464
0.04216
0.04749
0.04060
0.05327
0.05332
0.05332
0.05387
0.05384
0.05384
0.05723
0.06232
0.06630
0.06625
0.04341
0.04686
0.04686
0.05725
0.05701
0.05712
0.05712
0.05758
0.05712
0.05608
0.05938
0.06631
0.07653
0.06813
0.06809
0.06891
0.06809
0.07121
0.05460
0.05557
0.05118
0.06069
0.06006
0.07033
0.07033
0.07107
0.06068
0.05537
0.05537
0.04986
0.04987
0.04415
0.03148
0.03222
0.03162
0.03162
0.03155
0.02412
0.01560
0.01707
0.02316
0.02714
0.01347
0.01382
0.01347
0.02303
0.02445
0.04130
0.04058
0.04209
0.01456
0.00652
0.01754
0.00518
0.00022
0.00006
0.00675
0.00004
0.00000
0.00825
0.02113
0.04511
0.03580
0.04681
0.04679
0.07186
0.08884
0.09596
0.07412
0.08280
0.08319
0.08478
0.08963
0.11650
0.12128
0.14319
0.15596
0.16250
0.16388
0.18728
0.18628
0.18628
0.18628
0.17459
0.17472
0.17441
0.17499
0.16252
0.15035
0.13256
0.13318
0.14049
0.14551
0.13343
0.13171
0.13171
0.13293
0.13381
0.14007
0.13695
0.14323
0.15108
0.15108
0.15209
0.15624
0.16038
0.16038
0.16038
0.16038
0.16357
0.16357
0.17376
0.16524
0.16527
0.15062
0.13222
0.12924
0.12951
0.12924
0.12717
0.12797
0.13741
0.13795
0.13741
0.13741
0.14365
0.13306
0.13299
0.13650
0.15200
0.15203
0.15200
0.15244
0.15114
0.15375
0.15897
0.16104
0.16173
0.17038
0.16917
0.16365
0.15857
0.16269
0.16260
0.16399
0.17888
0.16571
0.16860
0.16450
0.16651
0.13722
0.13729
0.12513
0.12634
0.10998
0.11056
0.11046
0.11586
0.10699
0.10109
0.10699
0.10596
0.11685
0.10976
0.10976
0.10976
0.12278
0.12390
0.13778
0.13558
0.13937
0.13428
0.14072
0.12695
0.12630
0.13206
0.13143
0.13233
0.10947
0.11192
0.12556
0.08967
0.09009
0.07803
0.10059
0.10058
0.12029
0.11593
0.11592
0.11216
0.12536
0.12100
0.12362
0.12362
0.11817
0.10957
0.11358
0.12676
0.12977
0.12977
0.11729
0.12945
0.12438
0.12715
0.14220
0.14220
0.12606
0.12619
0.12990
0.12990
0.12990
0.12990
0.12167
0.11174
0.11530
0.12324
0.12327
0.11143
0.11988
0.11862
0.11459
0.09526
0.09250
0.09393
0.10618
0.10736
0.11636
0.11543
0.09456
0.09456
0.09826
0.09756
0.10827
0.10351
0.10349
0.10487
0.10478
0.10480
0.09212
0.09212
0.09150
0.08767
0.10264
0.10266
0.10960
0.11054
0.11571
0.12460
0.12460
0.10936
0.11437
0.12375
0.11841
0.12331
0.13633
0.13541
0.12588
0.13823
0.13314
0.13314
0.13314
0.13314
0.13417
0.11467
0.11521
0.11383
0.10531
0.09463
0.09454
0.09823
0.10726
0.10876
0.10202
0.09052
0.09138
0.09081
0.09585
0.10756
0.10728
0.10263
0.08861
0.09946
0.08940
0.08931
0.08931
0.08997
0.08171
0.08171
0.10253
0.11179
0.11853
0.11097
0.11097
0.11097
0.11099
0.10927
0.10194
0.10055
0.08808
0.09107
0.06623
0.05859
0.07548
0.07548
0.07548
0.07548
0.07690
0.08528
0.08117
0.08475
0.08845
0.09134
0.09141
0.09141
0.09141
0.10278
0.10166
0.10972
0.11042
0.11210
0.12824
0.12225
0.09642
0.09642
0.09331
0.09733
0.09370
0.09370
0.09385
0.10424
0.09656
0.09656
0.09246
0.08432
0.07802
0.07456
0.07405
0.07174
0.08724
0.08671
0.08836
0.09109
0.09109
0.09098
0.09109
0.09271
0.09271
0.09271
0.09442
0.10380
0.10273
0.10521
0.08694
0.06171
0.06231
0.04791
0.05890
0.06050
0.06567
0.06682
0.06745
0.06992
0.06985
0.06980
0.07368
0.08641
0.08531
0.08629
0.08361
0.06160
0.09592
0.10826
0.10218
0.11132
0.10510
0.10795
0.11076
0.11076
0.10286
0.09613
0.09452
0.09452
0.10043
0.09865
0.09942
0.10405
0.10405
0.12514
0.13232
0.12834
0.12208
0.11154
0.12346
0.11780
0.10569
0.09477
0.09477
0.09262
0.11229
0.12386
0.13458
0.13471
0.13458
0.11748
0.11748
0.11767
0.11748
0.11748
0.11470
0.13990
0.13826
0.13692
0.13058
0.13058
0.13058
0.12740
0.12927
0.12896
0.12896
0.15370
0.15406
0.15052
0.14235
0.12692
0.12692
0.12037
0.12040
0.12906
0.12580
0.12743
0.12788
0.13146
0.12625
0.12625
0.11872
0.11898
0.11898
0.11945
0.11561
0.11868
0.12121
0.10370
0.10811
0.12124
0.12079
0.12739
0.12900
0.11654
0.15358
0.17413
0.15332
0.14604
0.14647
0.14647
0.15448
0.14948
0.14948
0.14948
0.13363
0.14712
0.16318
0.16336
0.16318
0.17178
0.17273
0.19216
0.20337
0.20767
0.21582
0.21214
0.21903
0.21903
0.21902
0.21568
0.21286
0.22539
0.22075
0.22069
0.22075
0.21701
0.21701
0.21979
0.22059
0.22071
0.23353
0.24031
0.24023
0.24529
0.24878
0.25057
0.25059
0.25057
0.24607
0.24088
0.22276
0.20999
0.20318
0.20262
0.19656
0.18358
0.18944
0.18919
0.20707
0.19285
0.19258
0.20063
0.19990
0.21893
0.21895
0.21893
0.21023
0.19816
0.19064
0.19077
0.19579
0.20053
0.20807
0.19914
0.19901
0.18544
0.18614
0.17705
0.18207
0.17468
0.17529
0.16723
0.16736
0.16727
0.16724
0.16352
0.16352
0.15518
0.15494
0.15518
0.15515
0.15518
0.17296
0.17296
0.16168
0.17522
0.16408
0.16694
0.16584
0.15101
0.14416
0.14416
0.17782
0.18181
0.19214
0.19285
0.18630
0.17901
0.17313
0.17313
0.18854
0.18845
0.18845
0.18974
0.18926
0.17378
0.17631
0.21019
0.21053
0.21049
0.21059
0.21204
0.21611
0.20782
0.20802
0.18802
0.19000
0.19000
0.18963
0.18250
0.17520
0.17539
0.17577
0.16082
0.15004
0.15656
0.17238
0.17117
0.14620
0.14785
0.14774
0.14785
0.16189
0.16101
0.15563
0.17626
0.19238
0.19800
0.20264
0.19337
0.20080
0.19881
0.19881
0.19881
0.20668
0.18171
0.17591
0.17633
0.17633
0.18510
0.18492
0.18510
0.18480
0.18510
0.18510
0.18768
0.18971
0.19050
0.18526
0.19307
0.19867
0.19918
0.19867
0.21387
0.21375
0.22427
0.21343
0.20351
0.21206
0.20617
0.20541
0.20543
0.20558
0.19461
0.18126
0.19524
0.19384
0.19634
0.19823
0.20036
0.19391
0.19424
0.19897
0.21028
0.20948
0.19481
0.19138
0.19145
0.18969
0.19514
0.20192
0.20208
0.19138
0.19897
0.19897
0.19897
0.19897
0.18867
0.17167
0.17165
0.17030
0.17231
0.15973
0.16212
0.15160
0.15154
0.15895
0.16743
0.15241
0.15240
0.14682
0.14388
0.13291
0.12702
0.12980
0.12962
0.11953
0.11925
0.12222
0.11079
0.13672
0.12450
0.13678
0.14405
0.14791
0.13957
0.13782
0.12118
0.12122
0.12849
0.10943
0.11379
0.11171
0.11083
0.13216
0.09232
0.09258
0.09693
0.10318
0.10311
0.09092
0.07683
0.07810
0.07631
0.08317
0.07328
0.09151
0.06716
0.06720
0.06720
0.06720
0.06317
0.07056
0.07233
0.06085
0.07132
0.06946
0.04226
0.04147
0.05012
0.04260
0.04146
0.04146
0.04146
0.04146
0.02845
0.02114
0.02236
0.02092
0.01962
0.02628
0.03706
0.03703
0.03264
0.04331
0.04261
0.04151
0.04326
0.02946
0.01922
0.02766
0.02873
0.01609
0.00956
0.01267
0.00000
0.00515
0.00324
0.01887
0.03026
0.03026
0.03703
0.03704
0.03704
0.02279
0.03027
0.01101
0.01206
0.00904
0.00904
0.02260
0.02251
0.01928
0.02894
0.02546
0.02378
0.03516
0.04297
0.03495
0.03647
0.05591
0.05573
0.04536
0.04544
0.04544
0.04544
0.03579
0.03510
0.01336
0.00609
0.02554
0.04724
0.03071
0.03766
0.03768
0.02498
0.02498
0.02498
0.04009
0.04022
0.04408
0.04122
0.04236
0.02770
0.02774
0.03540
0.02091
0.05965
0.06094
0.05924
0.05423
0.06089
0.06089
0.05163
0.04050
0.04124
0.04622
0.04148
0.04811
0.02753
0.02874
0.03083
0.04763
0.04763
0.04787
0.04763
0.03827
0.02636
0.03728
0.04833
0.04373
0.04428
0.03202
0.02405
0.01722
0.01712
0.01433
0.01464
0.01576
0.01501
0.01159
0.00000
0.00000
0.00000
0.00000
0.00000
0.00000
0.00000
0.00000
0.00000
0.01863
0.01863
0.01189
0.01189
0.01203
0.00081
0.02645
0.02645
0.01049
0.01551
0.01738
0.02418
0.02390
0.02893
0.01946
0.01711
0.00001
0.00000
0.00251
0.00311
0.00166
0.00084
0.00000
0.00052
0.00000
0.00000
0.00142
0.00435
0.00000
0.01643
0.02749
0.00994
0.00000
0.00014
0.00015
0.00000
0.00000
0.00967
0.00000
0.00000
0.00000
0.00000
0.00000
0.00004
0.00000
0.01065
0.02433
0.03497
0.03079
0.03010
0.03554
0.03554
0.02219
0.01346
0.01429
0.01428
0.02028
0.01881
0.01092
0.00000
0.00000
0.00000
0.00000
0.00000
0.00004
0.00000
0.00000
0.00536
0.01289
0.00827
0.02251
0.02251
0.01607
0.01678
0.02279
0.02483
0.01134
0.01134
0.02247
0.02712
0.02147
0.02334
0.02286
0.02113
0.02109
0.02113
0.01549
0.00465
0.00447
0.00675
0.00676
0.00675
0.00671
0.00912
0.01671
0.01145
0.01145
0.02935
0.04302
0.04029
0.05726
0.07312
0.08352
0.08629
0.08632
0.08699
0.10960
0.10960
0.10961
0.10793
0.10348
0.10585
0.10566
0.12783
0.12783
0.12479
0.12117
0.12190
0.11671
0.12598
0.12361
0.11435
0.10312
0.09639
0.09347
0.09382
0.09326
0.10106
0.08437
0.07325
0.07228
0.06755
0.05822
0.05784
0.06848
0.06848
0.06364
0.06433
0.06447
0.06433
0.06433
0.07234
0.06955
0.06843
0.06982
0.05668
0.05120
0.05945
0.08352
0.08146
0.07060
0.04020
0.03037
0.03037
0.04641
0.03700
0.03700
0.04000
0.03944
0.04000
0.03520
0.03084
0.02679
0.02626
0.03569
0.03606
0.03606
0.03582
0.08278
0.08282
0.07202
0.07241
0.07197
0.07769
0.08127
0.11207
0.11447
0.11321
0.08660
0.08661
0.09108
0.08880
0.08741
0.08741
0.08649
0.09223
0.08732
0.08039
0.08039
0.05913
0.06881
0.04987
0.04983
0.04790
0.03454
0.03138
0.03144
0.03138
0.03138
0.03054
0.02224
0.03159
0.01659
0.01659
0.01659
0.01661
0.01819
0.01659
0.01637
0.01659
0.01560
0.02241
0.01246
0.01340
0.00409
0.01653
0.01653
0.01577
0.01464
0.01064
0.01045
0.00976
0.00944
0.00845
0.00845
0.00557
0.01040
0.01787
0.03531
0.02773
0.02773
0.02773
0.03981
0.03469
0.01997
0.01997
0.00543
0.00000
0.00000
0.00000
0.00285
0.00015
0.00000
0.02763
0.02839
0.02743
0.02294
0.01326
0.01217
0.00114
0.00114
0.00113
0.01191
0.00163
0.00000
0.00000
0.00000
0.00000
0.00069
0.00458
0.00000
0.00000
0.00208
0.00230
0.00154
0.00154
0.02090
0.00808
0.00808
0.03615
0.03861
0.02508
0.02495
0.03315
0.05005
0.05097
0.03627
0.03751
0.04006
0.05027
0.04860
0.04830
0.04860
0.03827
0.04689
0.04689
0.04692
0.06121
0.03178
0.04709
0.05640
0.04312
0.05337
0.01957
0.02437
0.02437
0.01929
0.01610
0.01881
0.02007
0.01988
0.00279
0.00279
0.00279
0.00667
0.02489
0.01542
0.03410
0.03410
0.04134
0.03573
0.04817
0.04756
0.04756
0.04756
0.03595
0.03775
0.04229
0.04033
0.04039
0.04944
0.04909
0.05058
0.03483
0.03473
0.03153
0.03276
0.04708
0.03888
0.04015
0.03894
0.05187
0.05283
0.06323
0.06541
0.08715
0.08619
0.07159
0.06994
0.08604
0.08604
0.08424
0.07798
0.08358
0.12187
0.13938
0.11554
0.10123
0.10123
0.10123
0.11132
0.09634
0.07104
0.07019
0.07019
0.06368
0.06411
0.06368
0.05581
0.05809
0.06200
0.06191
0.06924
0.07068
0.06661
0.05650
0.06717
0.10624
0.10944
0.11122
0.10329
0.10233
0.10233
0.10233
0.10233
0.10310
0.10230
0.07663
0.09424
0.09367
0.09155
0.09169
0.08639
0.08663
0.07332
0.07981
0.09847
0.09992
0.09930
0.09930
0.09930
0.12274
0.12267
0.12274
0.12301
0.11008
0.13032
0.13798
0.15487
0.15654
0.14457
0.13748
0.13748
0.13978
0.14677
0.13976
0.14506
0.15436
0.14592
0.12739
0.13092
0.12492
0.06501
0.06501
0.06635
0.06635
0.09766
0.09845
0.09902
0.09902
0.08122
0.07086
0.06693
0.06533
0.06879
0.07854
0.09470
0.08494
0.09351
0.10172
0.10394
0.10560
0.09874
0.11089
0.14765
0.14765
0.14765
0.14375
0.13964
0.13972
0.13964
0.11125
0.11125
0.12564
0.12079
0.12079
0.15275
0.15653
0.14690
0.14979
0.14976
0.14095
0.14011
0.14001
0.13787
0.13742
0.13787
0.14188
0.14152
0.14152
0.12603
0.12650
0.12541
0.11657
0.10335
0.08243
0.09024
0.07457
0.07457
0.07457
0.06970
0.06970
0.06866
0.06866
0.06866
0.07165
0.07693
0.07607
0.06480
0.05989
0.05530
0.06294
0.07066
0.07660
0.07593
0.09244
0.08326
0.08318
0.08478
0.06629
0.08816
0.07798
0.06532
0.06489
0.06489
0.04843
0.04843
0.06372
0.06596
0.06498
0.08123
0.06991
0.06991
0.10003
0.09716
0.08077
0.08078
0.08124
0.09187
0.09187
0.09196
0.07786
0.10249
0.09185
0.10671
0.10726
0.11399
0.11620
0.11531
0.11531
0.11627
0.11531
0.10117
0.08893
0.08681
0.08068
0.08139
0.07458
0.08520
0.06273
0.06326
0.06035
0.06035
0.06567
0.06549
0.06549
0.07035
0.06937
0.07442
0.07424
0.07424
0.06971
0.07254
0.06764
0.06740
0.06737
0.10364
0.08677
0.09342
0.08417
0.08419
0.11237
0.11251
0.13319
0.13873
0.11501
0.11501
0.11683
0.11683
0.11683
0.12368
0.12868
0.12382
0.12073
0.15615
0.14974
0.14210
0.14666
0.16254
0.16586
0.16665
0.16585
0.16585
0.16604
0.17079
0.16909
0.18104
0.20448
0.20188
0.20188
0.20703
0.20994
0.20893
0.20468
0.21739
0.20514
0.22107
0.22779
0.21930
0.22180
0.20951
0.20968
0.21296
0.21243
0.21726
0.21867
0.21806
0.21726
0.21858
0.22564
0.22562
0.23824
0.23675
0.21489
0.22694
0.22708
0.22694
0.22692
0.22618
0.22624
0.22623
0.21912
0.21912
0.22833
0.22833
0.22850
0.22833
0.22833
0.22849
0.22992
0.24217
0.24257
0.22967
0.22972
0.24505
0.23870
0.23867
0.23870
0.23614
0.23697
0.23768
0.23712
0.22864
0.24476
0.24459
0.24056
0.24443
0.24440
0.24443
0.24443
0.24443
0.24535
0.24539
0.24443
0.24443
0.23837
0.23802
0.21501
0.21164
0.21469
0.21539
0.22478
0.22478
0.22678
0.22676
0.22907
0.22981
0.22857
0.21980
0.22640
0.22665
0.22618
0.22929
0.22665
0.22024
0.22024
0.22039
0.22024
0.23381
0.24284
0.24876
0.23777
0.23299
0.23236
0.23299
0.23055
0.23346
0.23400
0.24501
0.24419
0.23175
0.21877
0.21329
0.21329
0.21010
0.19404
0.19290
0.19290
0.17604
0.18737
0.18737
0.19734
0.19085
0.19094
0.19350
0.19350
0.19384
0.18226
0.18463
0.17682
0.16869
0.16868
0.16866
0.16868
0.16868
0.15799
0.15506
0.15506
0.15453
0.15445
0.15475
0.15453
0.15453
0.15611
0.13827
0.11088
0.10949
0.10899
0.10746
0.12343
0.14756
0.14034
0.15360
0.15848
0.15848
0.15848
0.14460
0.14754
0.17169
0.15318
0.15318
0.14741
0.14244
0.13012
0.13151
0.13151
0.13151
0.13379
0.13369
0.13323
0.13416
0.13369
0.13052
0.11612
0.09335
0.10461
0.10461
0.09110
0.08298
0.06519
0.06519
0.05883
0.06187
0.06333
0.06134
0.06321
0.06321
0.06321
0.06299
0.06779
0.04868
0.04868
0.07265
0.06783
0.07448
0.08060
0.09824
0.09824
0.09824
0.09868
0.09884
0.10745
0.09150
0.09261
0.09481
0.09481
0.09095
0.08266
0.09248
0.09248
0.09909
0.10049
0.08057
0.07589
0.07108
0.07108
0.07184
0.07330
0.08394
0.06960
0.06260
0.05959
0.05305
0.05888
0.04112
0.04111
0.02337
0.01469
0.01388
0.01485
0.01489
0.00720
0.01004
0.01003
0.00552
0.00142
0.00000
0.00002
0.00000
0.00000
0.00000
0.00000
0.00016
0.00000
0.00000
0.00000
0.00743
0.00793
0.00793
0.00514
0.00000
0.00185
0.00156
0.01671
0.04370
0.03026
0.03014
0.06389
0.06392
0.06262
0.06262
0.06258
0.05109
0.05473
0.05473
0.04023
0.04023
0.04577
0.05402
0.06831
0.07795
0.06872
0.07542
0.08380
0.09787
0.09111
0.08166
0.08256
0.08053
0.10446
0.11051
0.11660
0.13450
0.13450
0.12688
0.12825
0.12816
0.12817
0.12816
0.12816
0.12302
0.12302
0.12302
0.13794
0.13429
0.13429
0.13288
0.16413
0.17584
0.18646
0.18489
0.18489
0.19222
0.19223
0.19222
0.18499
0.18501
0.18499
0.18499
0.18499
0.18960
0.19860
0.19924
0.19682
0.19345
0.19408
0.19408
0.19408
0.19409
0.16706
0.16735
0.16405
0.16405
0.16405
0.17161
0.16892
0.16993
0.16993
0.18383
0.17753
0.16813
0.17111
0.17095
0.17098
0.16020
0.16020
0.14497
0.14497
0.14912
0.14728
0.13743
0.13799
0.13799
0.15452
0.17809
0.17760
0.17106
0.17917
0.16848
0.14357
0.15156
0.13641
0.11557
0.10312
0.10309
0.09978
0.09980
0.10176
0.10012
0.10516
0.10516
0.09571
0.09563
0.09490
0.08295
0.07570
0.07314
0.07292
0.05375
0.05375
0.08009
0.08389
0.09520
0.09520
0.09520
0.10511
0.09556
0.08296
0.08296
0.08028
0.07633
0.09850
0.09839
0.10101
0.10375
0.10740
0.10771
0.10694
0.09499
0.09499
0.09420
0.10155
0.10215
0.10336
0.10883
0.12140
0.12135
0.13177
0.13762
0.13346
0.13344
0.13367
0.13344
0.12817
0.09343
0.09337
0.09343
0.08460
0.08463
0.08024
0.08023
0.08023
0.07816
0.07816
0.09342
0.09007
0.09007
0.08998
0.07260
0.07272
0.04612
0.04616
0.05504
0.05504
0.05504
0.05460
0.06400
0.06046
0.03389
0.03389
0.05206
0.05262
0.05430
0.05505
0.05543
0.05831
0.05831
0.05831
0.05831
0.08843
0.08476
0.08470
0.08470
0.11414
0.11586
0.09743
0.10205
0.11323
0.12373
0.09872
0.09921
0.09921
0.09921
0.12198
0.12215
0.12215
0.12115
0.12637
0.12678
0.13663
0.13786
0.13681
0.13670
0.13678
0.13228
0.14124
0.14136
0.14304
0.13363
0.13363
0.13877
0.13769
0.13769
0.14286
0.13660
0.13564
0.13706
0.13686
0.12458
0.11635
0.10609
0.10204
0.09842
0.10316
0.10568
0.11481
0.10013
0.10013
0.10938
0.11170
0.11450
0.11451
0.11453
0.11479
0.11450
0.12848
0.13996
0.13067
0.14487
0.14487
0.14487
0.14493
0.14463
0.16407
0.17045
0.16765
0.16761
0.16707
0.16707
0.16393
0.13943
0.13943
0.13269
0.13269
0.13269
0.14763
0.13557
0.13301
0.14141
0.14142
0.14095
0.13339
0.14225
0.14811
0.14903
0.12587
0.13127
0.13117
0.10092
0.09392
0.09392
0.07302
0.08284
0.06885
0.07560
0.08499
0.08005
0.07768
0.09686
0.09924
0.09791
0.09791
0.08364
0.08463
0.07511
0.09577
0.10837
0.09959
0.10667
0.10667
0.11845
0.11202
0.10056
0.06989
0.06973
0.06980
0.06649
0.08081
0.08318
0.08315
0.09328
0.08021
0.07171
0.07455
0.08421
0.08395
0.08666
0.06660
0.06967
0.07589
0.07589
0.07308
0.07115
0.07115
0.05759
0.06187
0.06538
0.06914
0.07134
0.10805
0.10939
0.11867
0.12924
0.12826
0.12826
0.12129
0.09319
0.10382
0.10322
0.08668
0.09092
0.09084
0.08931
0.09244
0.08585
0.10017
0.11476
0.12322
0.12322
0.13485
0.14027
0.13614
0.12770
0.12708
0.12768
0.11185
0.11132
0.12067
0.11741
0.11741
0.11913
0.11771
0.12317
0.13021
0.11697
0.12098
0.11835
0.09537
0.09537
0.09544
0.08976
0.08970
0.08063
0.05786
0.05547
0.05554
0.05891
0.06467
0.06464
0.06478
0.07611
0.09796
0.10074
0.10980
0.13599
0.13180
0.13778
0.17457
0.17457
0.17457
0.17236
0.18264
0.18656
0.17822
0.15941
0.17097
0.15546
0.15606
0.14995
0.14951
0.16437
0.16498
0.16498
0.15501
0.14918
0.14510
0.14510
0.09989
0.10165
0.11128
0.11128
0.12479
0.12544
0.13928
0.13928
0.13448
0.13448
0.11802
0.11999
0.11033
0.10912
0.08762
0.08784
0.08127
0.08850
0.08850
0.07740
0.08782
0.08782
0.09794
0.10045
0.10586
0.12068
0.12233
0.11728
0.10660
0.10702
0.09806
0.09582
0.09423
0.09011
0.09244
0.08405
0.08288
0.08394
0.08394
0.08405
0.07667
0.06230
0.06281
0.05475
0.05471
0.05471
0.04832
0.04391
0.05017
0.04238
0.03193
0.03192
0.03442
0.03723
0.03737
0.03622
0.03539
0.03539
0.03259
0.02316
0.02106
0.02340
0.02049
0.02049
0.02049
0.02049
0.03027
0.01192
0.01517
0.00869
0.00850
0.00850
0.00000
0.04330
0.03180
0.03291
0.02558
0.03771
0.03771
0.03745
0.03830
0.03781
0.03477
0.04839
0.04839
0.05302
0.06232
0.06115
0.05865
0.05581
0.07762
0.07732
0.07732
0.07732
0.07732
0.06943
0.06821
0.07231
0.07233
0.07254
0.09348
0.07178
0.07187
0.05930
0.05233
0.05233
0.05233
0.05762
0.04687
0.04700
0.05404
0.05411
0.04961
0.04986
0.04176
0.02974
0.03708
0.05133
0.05144
0.05033
0.05869
0.05884
0.03110
0.03243
0.03089
0.03089
0.03827
0.02599
0.01131
0.01814
0.01698
0.01655
0.01528
0.00255
0.00000
0.00309
0.00017
0.01288
0.01288
0.01288
0.01319
0.00000
0.00000
0.00000
0.01210
0.01210
0.01250
0.01251
0.02072
0.02542
0.02298
0.04276
0.05796
0.05796
0.06024
0.05317
0.03525
0.03529
0.03012
0.00808
0.02389
0.04764
0.04858
0.05987
0.06618
0.05845
0.06595
0.05570
0.03273
0.03287
0.03288
0.01377
0.00186
0.00186
0.00186
0.00186
0.00186
0.00037
0.00029
0.00000
0.00000
0.00000
0.02007
0.01711
0.01999
0.02041
0.03608
0.04058
0.04855
0.05015
0.05733
0.06770
0.06649
0.07373
0.07373
0.05793
0.05800
0.05758
0.05800
0.06739
0.06488
0.06739
0.06470
0.06470
0.05273
0.03326
0.03251
0.03251
0.02666
0.02645
0.02727
0.02725
0.04543
0.03443
0.03172
0.04373
0.06234
0.06138
0.07211
0.07211
0.07210
0.07211
0.08446
0.07069
0.07785
0.07713
0.09737
0.09373
0.10293
0.09654
0.11533
0.11537
0.12829
0.12181
0.12662
0.12662
0.13510
0.13501
0.13314
0.13314
0.11642
0.11495
0.10992
0.10991
0.11005
0.12080
0.12195
0.12203
0.09979
0.09893
0.08013
0.08704
0.10158
0.10079
0.10656
0.10677
0.10671
0.10673
0.11221
0.10982
0.10394
0.10394
0.10436
0.10394
0.10394
0.09988
0.10990
0.12176
0.11534
0.11526
0.10756
0.09975
0.10406
0.10408
0.10406
0.10406
0.14719
0.15716
0.15859
0.15859
0.15859
0.15198
0.15198
0.16586
0.16692
0.15897
0.15897
0.15094
0.15606
0.15024
0.14669
0.13175
0.13148
0.12297
0.12417
0.12417
0.12586
0.12646
0.14179
0.14183
0.14179
0.12545
0.12545
0.12180
0.10969
0.10189
0.10005
0.10004
0.11957
0.12428
0.12431
0.12399
0.12402
0.11963
0.09884
0.07818
0.07794
0.06354
0.08749
0.10322
0.11681
0.12533
0.12533
0.12533
0.14101
0.12512
0.12816
0.12816
0.12649
0.10325
0.10328
0.10234
0.09096
0.10436
0.10436
0.11312
0.11183
0.11341
0.11143
0.10636
0.13813
0.14124
0.14282
0.14026
0.14036
0.13754
0.12293
0.12689
0.13026
0.13084
0.12273
0.12279
0.12788
0.12515
0.10821
0.10834
0.10847
0.12178
0.13664
0.11845
0.11800
0.11768
0.10432
0.10462
0.12015
0.11028
0.11028
0.11027
0.11028
0.11175
0.10675
0.12607
0.12607
0.10614
0.08836
0.13808
0.11675
0.11675
0.11388
0.11524
0.11605
0.11524
0.11342
0.11342
0.10917
0.13070
0.13070
0.13070
0.10314
0.11771
0.09638
0.09638
0.09643
0.10550
0.12281
0.11742
0.11733
0.11742
0.11429
0.11023
0.11023
0.11023
0.11023
0.11120
0.10842
0.10856
0.11380
0.11689
0.11689
0.10591
0.10558
0.11345
0.10262
0.10262
0.10307
0.09323
0.09206
0.09751
0.11492
0.11500
0.10010
0.10103
0.10798
0.11089
0.12560
0.12754
0.12817
0.12285
0.12188
0.12236
0.12023
0.12069
0.12069
0.12069
0.13782
0.12711
0.13876
0.15677
0.14580
0.14580
0.14115
0.12270
0.13742
0.13297
0.12426
0.12426
0.12075
0.11169
0.11169
0.11220
0.12207
0.12078
0.13316
0.13632
0.12681
0.13030
0.12712
0.12828
0.11731
0.11709
0.09634
0.09708
0.09813
0.10025
0.09750
0.09770
0.09750
0.09744
0.09750
0.09570
0.09543
0.10688
0.12323
0.12751
0.12749
0.12749
0.12243
0.12773
0.11661
0.11806
0.11907
0.11017
0.11773
0.10215
0.10025
0.10029
0.10699
0.09443
0.07481
0.04629
0.04623
0.04266
0.04173
0.03454
0.04951
0.04951
0.04127
0.04120
0.04120
0.04120
0.03847
0.00851
0.01851
0.01844
0.03234
0.01669
0.01623
0.03146
0.04508
0.05133
0.04283
0.04246
0.04252
0.04252
0.04252
0.04238
0.03837
0.03844
0.03987
0.03011
0.03010
0.04423
0.04877
0.04978
0.04976
0.05005
0.05193
0.07420
0.07416
0.05945
0.06101
0.06655
0.05886
0.05886
0.06131
0.04748
0.04600
0.04928
0.04802
0.04802
0.04804
0.04834
0.06230
0.05542
0.05814
0.03210
0.03210
0.01662
0.01666
0.01645
0.01667
0.01662
0.01662
0.01636
0.00000
0.00000
0.00000
0.00377
0.02199
0.01984
0.01992
0.00935
0.01591
0.01643
0.00906
0.00908
0.00908
0.02738
0.02732
0.02738
0.02737
0.02738
0.02685
0.02891
0.04803
0.05866
0.05986
0.06703
0.06766
0.09084
0.07758
0.06686
0.08818
0.08209
0.08593
0.07967
0.10236
0.08924
0.10022
0.10022
0.11279
0.11301
0.11789
0.11810
0.13269
0.13554
0.14095
0.13992
0.13992
0.13946
0.13926
0.12942
0.12868
0.12665
0.14421
0.13444
0.14398
0.14325
0.14074
0.10050
0.10320
0.09717
0.10345
0.08336
0.11010
0.10985
0.11882
0.11720
0.11815
0.12721
0.12725
0.12721
0.12703
0.13167
0.13174
0.13174
0.13144
0.13144
0.12385
0.11132
0.10185
0.10245
0.09354
0.08385
0.07300
0.07300
0.07448
0.06210
0.06223
0.06565
0.02867
0.03885
0.03870
0.04982
0.04982
0.04617
0.04608
0.03188
0.04257
0.04257
0.04257
0.05693
0.06277
0.05693
0.06211
0.06146
0.08038
0.10527
0.11688
0.12399
0.11037
0.10740
0.10740
0.09385
0.08678
0.08678
0.09340
0.11992
0.11580
0.11586
0.11585
0.11741
0.12292
0.11483
0.12052
0.12415
0.12416
0.11381
0.10267
0.11984
0.11239
0.10489
0.08983
0.08983
0.09005
0.09055
0.09058
0.09050
0.08381
0.08412
0.08774
0.08477
0.09920
0.10818
0.10555
0.10002
0.09914
0.10956
0.10861
0.08228
0.08794
0.08567
0.08575
0.08659
0.08557
0.08659
0.08898
0.09289
0.09129
0.09301
0.09289
0.09528
0.09289
0.10457
0.10621
0.11561
0.11548
0.11528
0.11548
0.08438
0.10119
0.08191
0.08187
0.09160
0.09272
0.09148
0.10413
0.10334
0.10947
0.10975
0.11002
0.11033
0.11020
0.09258
0.08744
0.09846
0.08234
0.08787
0.07725
0.06147
0.06147
0.05935
0.05935
0.05627
0.05850
0.05627
0.07506
0.06978
0.08142
0.09011
0.09011
0.10521
0.09486
0.10337
0.10326
0.09481
0.09481
0.08947
0.08950
0.08926
0.09396
0.09393
0.09775
0.08612
0.07531
0.07074
0.08069
0.08082
0.06452
0.04400
0.04400
0.05781
0.05471
0.06760
0.07637
0.07637
0.07712
0.08295
0.05324
0.05372
0.05324
0.05324
0.06203
0.09485
0.09308
0.09308
0.09461
0.09461
0.12145
0.12209
0.09927
0.09927
0.10149
0.10124
0.10125
0.11531
0.11531
0.11693
0.12828
0.14190
0.15053
0.14423
0.14890
0.13748
0.12846
0.13974
0.14370
0.15332
0.15081
0.14749
0.14718
0.14749
0.13846
0.14288
0.14288
0.15140
0.15704
0.14110
0.13138
0.14072
0.16960
0.15510
0.15745
0.15743
0.16505
0.16527
0.16527
0.16485
0.16521
0.16898
0.16184
0.16184
0.16032
0.16794
0.16118
0.14713
0.14317
0.14566
0.14566
0.13996
0.14241
0.14065
0.13509
0.13128
0.13134
0.10697
0.10625
0.10268
0.10260
0.10285
0.08489
0.08153
0.07755
0.07755
0.07705
0.07785
0.08927
0.09002
0.08598
0.07943
0.06675
0.06679
0.06697
0.05215
0.05542
0.05542
0.07228
0.07423
0.07416
0.05712
0.05542
0.05487
0.07347
0.10409
0.13193
0.13191
0.13193
0.13268
0.13640
0.15186
0.15186
0.15277
0.13269
0.13008
0.12985
0.12636
0.13027
0.14759
0.16318
0.16318
0.16686
0.16819
0.16819
0.16817
0.17492
0.17337
0.17343
0.18200
0.18173
0.19637
0.19438
0.17545
0.17514
0.17553
0.14805
0.14567
0.14556
0.13359
0.14160
0.17739
0.17689
0.19090
0.18842
0.19472
0.19118
0.17724
0.17730
0.17912
0.17507
0.17458
0.17507
0.17928
0.17973
0.17879
0.16773
0.16529
0.16774
0.17604
0.17480
0.16631
0.16834
0.16876
0.16876
0.16782
0.16876
0.17078
0.17083
0.17085
0.16549
0.15939
0.16132
0.17823
0.17836
0.17823
0.17522
0.17575
0.17575
0.17063
0.17385
0.17399
0.17524
0.17811
0.17797
0.17811
0.18791
0.19268
0.18909
0.22169
0.21678
0.21047
0.21047
0.21023
0.20827
0.22451
0.23010
0.23482
0.21335
0.19630
0.19608
0.20994
0.20093
0.19643
0.19280
0.19312
0.17118
0.17678
0.16776
0.15128
0.15102
0.15094
0.15120
0.15094
0.16249
0.16258
0.16414
0.17110
0.17110
0.17392
0.17584
0.17562
0.20605
0.20605
0.19196
0.19738
0.18323
0.19483
0.19480
0.19480
0.19438
0.19480
0.16902
0.16995
0.17246
0.18299
0.18286
0.14671
0.14656
0.14103
0.14419
0.14419
0.14402
0.14419
0.11149
0.11149
0.10877
0.09960
0.10212
0.12052
0.11004
0.11004
0.10089
0.09042
0.08936
0.06411
0.06411
0.05182
0.05162
0.04640
0.04640
0.04640
0.02690
0.02731
0.02631
0.02665
0.05440
0.06231
0.05357
0.05357
0.05351
0.06242
0.06121
0.05174
0.05174
0.02494
0.02552
0.03011
0.03089
0.03089
0.03406
0.03465
0.04187
0.01573
0.01758
0.01758
0.00863
0.01358
0.02113
0.03199
0.03159
0.02300
0.02507
0.02328
0.01483
0.01493
0.00001
0.01642
0.01890
0.00999
0.00000
0.00076
0.00607
0.01618
0.01315
0.01392
0.00911
0.01332
0.03131
0.02683
0.04035
0.04094
0.04561
0.05309
0.03391
0.03652
0.03652
0.03469
0.02709
0.04743
0.02790
0.03176
0.03226
0.03079
0.03400
0.03250
0.02745
0.02743
0.04634
0.05505
0.05505
0.04849
0.04839
0.06351
0.07378
0.05877
0.05877
0.05877
0.05884
0.05966
0.05966
0.05966
0.07710
0.07483
0.07473
0.07625
0.07521
0.09068
0.09068
0.08666
0.05057
0.05055
0.05189
0.05055
0.04104
0.04104
0.04955
0.04948
0.04483
0.06696
0.07009
0.07006
0.05147
0.04641
0.05097
0.05097
0.04531
0.04209
0.03850
0.03698
0.03616
0.04450
0.04137
0.03112
0.04052
0.03527
0.02153
0.02153
0.01872
0.01146
0.02530
0.03803
0.01824
0.00108
0.01533
0.02557
0.02557
0.02709
0.02692
0.02709
0.02691
0.02491
0.00283
0.00982
0.00167
0.00249
0.00000
0.01308
0.00000
0.00000
0.00238
0.00283
0.00283
0.00283
0.00283
0.00283
0.00284
0.00653
0.00000
0.00000
0.00798
0.01300
0.01103
0.01130
0.00000
0.00000
0.01526
0.01971
0.02465
0.02481
0.04886
0.04943
0.03913
0.05415
0.05423
0.05413
0.07489
0.07903
0.07566
0.07872
0.06709
0.07933
0.08617
0.08676
0.08151
0.08151
0.08151
0.06966
0.07573
0.07135
0.07135
0.05587
0.04433
0.04645
0.05167
0.05176
0.05186
0.05176
0.05176
0.08075
0.08311
0.08311
0.08317
0.07117
0.08038
0.08040
0.07598
0.07697
0.07736
0.08350
0.07221
0.06844
0.06844
0.06995
0.06995
0.07908
0.07638
0.07588
0.02976
0.02342
0.02467
0.02340
0.02740
0.02740
0.02674
0.00352
0.00396
0.00766
0.00764
0.01207
0.01705
0.01643
0.03159
0.04805
0.04665
0.04665
0.04619
0.04103
0.04347
0.04407
0.04407
0.04810
0.04823
0.04901
0.04486
0.04486
0.04486
0.04486
0.06674
0.05011
0.05394
0.05186
0.05792
0.06566
0.06566
0.08040
0.06798
0.07157
0.06633
0.06269
0.08129
0.08035
0.08035
0.08033
0.08256
0.08224
0.06830
0.08077
0.08077
0.08079
0.08077
0.06042
0.06048
0.05981
0.06691
0.05695
0.05695
0.05861
0.03704
0.03792
0.03863
0.02642
0.02150
0.02149
0.02150
0.01790
0.02228
0.02666
0.02728
0.04143
0.04692
0.04714
0.04692
0.04691
0.05579
0.05919
0.07552
0.07552
0.08795
0.07891
0.08294
0.07856
0.07877
0.07942
0.09238
0.08929
0.09928
0.11819
0.11812
0.11819
0.12447
0.12307
0.12687
0.12687
0.12687
0.12979
0.12474
0.12296
0.12088
0.12118
0.12601
0.12599
0.13871
0.14082
0.16121
0.14244
0.13789
0.13676
0.13676
0.13676
0.13598
0.14696
0.14711
0.14711
0.15818
0.15838
0.15968
0.14400
0.15664
0.15664
0.15731
0.12709
0.13586
0.13115
0.12305
0.11938
0.11944
0.12690
0.12690
0.12750
0.12746
0.12774
0.12794
0.12794
0.12572
0.13698
0.13613
0.13907
0.13971
0.13102
0.13102
0.14040
0.12371
0.12371
0.11832
0.10477
0.09827
0.13034
0.13553
0.15598
0.16400
0.16193
0.16438
0.16335
0.12063
0.13110
0.13492
0.10879
0.10879
0.10819
0.12373
0.13637
0.10895
0.10918
0.10117
0.10286
0.11081
0.14298
0.14298
0.15008
0.15008
0.14869
0.13154
0.11691
0.10586
0.09791
0.09629
0.10433
0.09635
0.08884
0.09192
0.09286
0.09213
0.09213
0.09213
0.09214
0.09213
0.09802
0.09802
0.08567
0.08566
0.05919
0.04166
0.03857
0.06197
0.06938
0.06918
0.07035
0.08776
0.08806
0.08553
0.09946
0.11623
0.11014
0.10732
0.10961
0.11599
0.11788
0.11783
0.13548
0.13548
0.14756
0.14756
0.14900
0.14854
0.14620
0.14554
0.15385
0.15424
0.14851
0.14472
0.14586
0.14901
0.14465
0.14494
0.12681
0.10071
0.10185
0.10125
0.10228
0.10627
0.10627
0.08732
0.08735
0.08403
0.08403
0.08507
0.05906
0.05684
0.05684
0.05684
0.09143
0.06813
0.06813
0.06814
0.07492
0.07502
0.07318
0.07312
0.07312
0.06915
0.08209
0.06306
0.06798
0.06366
0.06351
0.06616
0.07323
0.05162
0.04204
0.04000
0.03667
0.03730
0.04021
0.02002
0.01657
0.01108
0.01156
0.01108
0.02839
0.02839
0.02318
0.01684
0.01588
0.02778
0.02047
0.01300
0.01516
0.01516
0.00000
0.00004
0.00000
0.00000
0.00079
0.00542
0.00107
0.00000
0.00000
0.00000
0.00996
0.01575
0.00193
0.00192
0.00032
0.00000
0.01029
0.01216
0.01496
0.01496
0.01623
0.01482
0.01482
0.01482
0.00020
0.00000
0.01144
0.02390
0.02139
0.01569
0.01585
0.01566
0.01582
0.02384
0.02784
0.03307
0.01663
0.00313
0.00282
0.01234
0.00600
0.00600
0.01954
0.02090
0.01954
0.02982
0.03074
0.02831
0.02856
0.02599
0.02612
0.04028
0.04028
0.03617
0.03598
0.03811
0.01234
0.05542
0.05542
0.07997
0.07722
0.08858
0.08086
0.07476
0.07482
0.07509
0.09874
0.09751
0.07931
0.03714
0.02484
0.02164
0.03693
0.03695
0.05116
0.04878
0.05429
0.04962
0.04962
0.04962
0.05886
0.05725
0.04928
0.05473
0.05322
0.01915
0.01915
0.01915
0.01583
0.01583
0.01583
0.01401
0.01366
0.03010
0.02646
0.02299
0.03506
0.02612
0.01884
0.01884
0.03127
0.02810
0.03885
0.03885
0.05701
0.05701
0.07093
0.07829
0.07904
0.06311
0.06349
0.06313
0.07581
0.07583
0.08076
0.07258
0.06713
0.04392
0.04392
0.04390
0.05210
0.05723
0.04663
0.03059
0.01149
0.01156
0.02758
0.01245
0.01680
0.01680
0.04801
0.04856
0.04856
0.03848
0.03848
0.04921
0.04921
0.03830
0.03830
0.02834
0.02834
0.02834
0.00247
0.01618
0.03457
0.02908
0.03627
0.03049
0.01387
0.01138
0.01447
0.01431
0.03599
0.03876
0.05894
0.08111
0.08549
0.09705
0.06356
0.07422
0.07501
0.04404
0.04073
0.03770
0.01136
0.01136
0.01136
0.02434
0.02434
0.01848
0.01849
0.01613
0.00807
0.01076
0.02355
0.04684
0.04981
0.05083
0.05235
0.05189
0.04561
0.04551
0.02633
0.02633
0.02633
0.02639
0.02633
0.05113
0.03824
0.04542
0.04631
0.04470
0.04470
0.05262
0.04470
0.05578
0.05560
0.05578
0.04916
0.05401
0.05824
0.04825
0.04762
0.04762
0.04751
0.05011
0.04329
0.04381
0.04381
0.04338
0.04381
0.04263
0.07043
0.06684
0.07588
0.06889
0.05349
0.04604
0.03350
0.02423
0.02423
0.02303
0.00694
0.00241
0.00241
0.00611
0.00611
0.03418
0.04079
0.04079
0.01832
0.04568
0.04161
0.04084
0.04016
0.03917
0.03917
0.03409
0.02766
0.02766
0.02766
0.03029
0.02810
0.02113
0.00389
0.00378
0.00378
0.00483
0.01631
0.01399
0.01401
0.01340
0.02594
0.00000
0.00000
0.00000
0.00000
0.00502
0.00000
0.00003
0.00729
0.00741
0.00738
0.00734
0.00765
0.00734
0.00736
0.01178
0.01174
0.00781
0.00167
0.00869
