0.00892
0.00350
0.00450
0.02601
0.04150
0.05137
0.05274
0.05429
0.05492
0.04345
0.04268
0.02916
0.01613
0.01610
0.02440
0.02415
0.02406
0.02406
0.01846
0.01838
0.01849
0.02396
0.01720
0.03023
0.03012
0.03435
0.03110
0.02238
0.02238
0.02290
0.02224
0.02117
0.01534
0.02211
0.02313
0.02643
0.03346
0.03242
0.02020
0.01954
0.01955
0.02525
0.03264
0.02992
0.04270
0.01995
0.00081
0.00497
0.01514
0.01644
0.01657
0.01657
0.01558
0.01806
0.03026
0.03549
0.03647
0.04215
0.04262
0.04509
0.04992
0.04992
0.04711
0.04692
0.04975
0.05626
0.05626
0.02568
0.05804
0.05187
0.03648
0.03657
0.05595
0.05595
0.06645
0.05352
0.05091
0.05316
0.06409
0.06302
0.06302
0.06302
0.05579
0.05566
0.08001
0.06676
0.06876
0.08567
0.08963
0.09102
0.09279
0.09234
0.08970
0.09337
0.09704
0.08357
0.09243
0.08501
0.08622
0.10200
0.09781
0.11213
0.12391
0.11223
0.11096
0.11987
0.12060
0.12857
0.11264
0.10145
0.10501
0.10350
0.09242
0.09237
0.06916
0.08083
0.09480
0.08083
0.09152
0.09230
0.09396
0.08938
0.09022
0.08938
0.09513
0.08381
0.06854
0.07571
0.06742
0.03667
0.03667
0.02977
0.02283
0.03619
0.03536
0.03536
0.03536
0.03536
0.03536
0.02541
0.01950
0.03506
0.03705
0.04982
0.04982
0.04966
0.04538
0.06285
0.06252
0.06665
0.06585
0.06585
0.06585
0.05469
0.05171
0.06414
0.06991
0.07345
0.07950
0.08390
0.08378
0.11093
0.11180
0.11093
0.11281
0.11284
0.11432
0.10842
0.10842
0.10842
0.11071
0.10171
0.08758
0.08640
0.06892
0.06866
0.06883
0.05798
0.05798
0.04775
0.04418
0.04387
0.04060
0.06065
0.05977
0.05869
0.05845
0.07250
0.08096
0.09713
0.09756
0.08365
0.07348
0.07350
0.07350
0.07350
0.06167
0.06167
0.05957
0.07754
0.07415
0.07291
0.08269
0.08709
0.08709
0.09708
0.13149
0.12590
0.12590
0.13041
0.11931
0.11931
0.11931
0.11975
0.11445
0.12179
0.11895
0.11363
0.10505
0.11972
0.11953
0.11143
0.11143
0.11143
0.10461
0.09794
0.09110
0.10030
0.10030
0.10006
0.10006
0.08542
0.07289
0.08063
0.08048
0.09344
0.09344
0.10514
0.11235
0.09854
0.08825
0.08870
0.09131
0.08733
0.08720
0.10103
0.10789
0.10794
0.10780
0.10687
0.10556
0.10556
0.11125
0.09519
0.09000
0.09103
0.09073
0.10872
0.09953
0.10191
0.09867
0.12509
0.12213
0.10998
0.11562
0.11417
0.11887
0.12463
0.12515
0.11972
0.10809
0.10812
0.12885
0.12861
0.11452
0.10150
0.09227
0.08450
0.08342
0.07791
0.07489
0.06480
0.04270
0.04511
0.04508
0.04778
0.04761
0.05356
0.05505
0.05233
0.05167
0.05196
0.05582
0.06342
0.06342
0.06092
0.05470
0.07047
0.07213
0.10345
0.09269
0.09838
0.06895
0.06753
0.07033
0.03667
0.03667
0.03667
0.04176
0.04176
0.04176
0.03524
0.08181
0.08181
0.08181
0.08112
0.07852
0.05657
0.04403
0.04069
0.05286
0.02427
0.02669
0.03268
0.01480
0.00284
0.00001
0.00000
0.00685
0.00000
0.00468
0.02162
0.01288
0.01471
0.00004
0.00000
0.00415
0.01026
0.01656
0.01356
0.00493
0.01407
0.01289
0.01562
0.01466
0.00418
0.00419
0.00419
0.00414
0.00000
0.00000
0.00012
0.00000
0.00000
0.00000
0.00000
0.00666
0.00666
0.01415
0.01422
0.01164
0.02232
0.02928
0.04513
0.05563
0.05633
0.05885
0.05862
0.05392
0.05091
0.05094
0.05792
0.06578
0.06578
0.06578
0.06578
0.06591
0.05973
0.05643
0.04734
0.04706
0.05176
0.06045
0.06304
0.06693
0.06881
0.06881
0.06541
0.05784
0.05622
0.04957
0.05567
0.04950
0.04947
0.04735
0.04739
0.04783
0.04806
0.04681
0.04682
0.05308
0.02948
0.03297
0.03553
0.04153
0.02362
0.03621
0.03593
0.04187
0.02732
0.02922
0.02928
0.02922
0.03178
0.03153
0.03058
0.04705
0.05782
0.05611
0.06143
0.04200
0.04200
0.05472
0.05956
0.04081
0.03925
0.03897
0.02386
0.05345
0.05236
0.03786
0.03586
0.03586
0.02294
0.01960
0.01960
0.02205
0.01433
0.01589
0.01652
0.03432
0.03789
0.03816
0.05443
0.04709
0.02232
0.02156
0.01751
0.00397
0.02462
0.02964
0.02968
0.03020
0.03814
0.04012
0.04866
0.04189
0.04544
0.05650
0.05483
0.04890
0.06820
0.06817
0.06446
0.04707
0.04707
0.05892
0.05892
0.06538
0.06624
0.06453
0.06453
0.06221
0.04965
0.04712
0.04340
0.04647
0.04563
0.06463
0.04985
0.04249
0.04090
0.04090
0.04474
0.04470
0.04658
0.05841
0.05563
0.06818
0.07008
0.07007
0.04929
0.05717
0.05639
0.05041
0.05041
0.05041
0.03239
0.03240
0.03534
0.02524
0.02548
0.02300
0.01160
0.01021
0.00955
0.03144
0.03081
0.00909
0.00004
0.00005
0.00092
0.00205
0.00880
0.01012
0.00129
0.00110
0.00000
0.01161
0.01241
0.00000
0.00000
0.01008
0.01145
0.00534
0.01130
0.00543
0.01243
0.01556
0.02004
0.02004
0.00001
0.00819
0.00819
0.00000
0.00000
0.00000
0.00144
0.01031
0.01866
0.03351
0.04706
0.04872
0.05098
0.05065
0.05371
0.05033
0.05230
0.05082
0.05175
0.05082
0.05183
0.04614
0.04187
0.03658
0.05641
0.05636
0.05651
0.05633
0.05641
0.05623
0.06933
0.08223
0.07508
0.07277
0.07831
0.09705
0.09705
0.07759
0.07759
0.07760
0.08432
0.08290
0.08327
0.08290
0.06212
0.06144
0.07486
0.07357
0.07328
0.07337
0.07337
0.06118
0.06105
0.06120
0.06118
0.05917
0.06097
0.06063
0.06063
0.06063
0.04741
0.02916
0.03334
0.03201
0.04251
0.03724
0.03731
0.01162
0.01018
0.01018
0.01242
0.01008
0.01136
0.01346
0.01762
0.01356
0.04070
0.04365
0.06849
0.07708
0.07589
0.07279
0.07902
0.09174
0.08827
0.10540
0.10540
0.10285
0.11533
0.09044
0.09747
0.09753
0.07562
0.07336
0.07500
0.07968
0.08134
0.07918
0.07223
0.08815
0.07947
0.07928
0.08945
0.08604
0.08604
0.09146
0.09134
0.10577
0.09681
0.08788
0.08160
0.07702
0.06042
0.06042
0.05668
0.05668
0.06515
0.05972
0.05202
0.05063
0.04078
0.03018
0.02341
0.02334
0.01861
0.01864
0.01004
0.01660
0.01658
0.01483
0.01663
0.02385
0.02872
0.01089
0.00000
0.00960
0.02576
0.02280
0.03573
0.02802
0.02555
0.02653
0.05412
0.04419
0.05213
0.05648
0.05112
0.04901
0.04920
0.04920
0.06097
0.06097
0.08867
0.07201
0.07194
0.05999
0.05470
0.05434
0.05389
0.05389
0.05382
0.05520
0.05385
0.08949
0.09887
0.09874
0.11574
0.11899
0.12184
0.12081
0.12184
0.12184
0.12802
0.11772
0.11708
0.11708
0.11437
0.13001
0.11800
0.11153
0.10355
0.11578
0.11578
0.10757
0.10770
0.10178
0.10881
0.10881
0.10553
0.11207
0.11497
0.11729
0.11344
0.11143
0.11851
0.08996
0.09008
0.08996
0.08997
0.07889
0.05983
0.06880
0.06842
0.11952
0.10282
0.11369
0.11369
0.11159
0.11150
0.11150
0.11114
0.11757
0.11746
0.11231
0.10838
0.10601
0.10196
0.10284
0.09902
0.10203
0.10469
0.13145
0.13147
0.13148
0.13129
0.13585
0.12989
0.13792
0.14954
0.16064
0.16064
0.15254
0.18722
0.18966
0.19710
0.19227
0.18186
0.17960
0.16695
0.16695
0.16695
0.16695
0.13462
0.13466
0.14958
0.16315
0.16104
0.19602
0.19592
0.19423
0.20680
0.20403
0.20459
0.23810
0.24572
0.24625
0.23427
0.22432
0.23516
0.23560
0.25519
0.24955
0.24730
0.25269
0.25269
0.26810
0.27460
0.27454
0.26555
0.28518
0.28518
0.28061
0.27896
0.27591
0.27591
0.27599
0.27391
0.27385
0.27155
0.28407
0.29569
0.29564
0.27841
0.27841
0.27907
0.27713
0.27713
0.27713
0.27713
0.26743
0.27118
0.26629
0.25699
0.25699
0.24466
0.24466
0.24466
0.26101
0.25964
0.25474
0.22516
0.22930
0.22010
0.21674
0.20538
0.20623
0.17424
0.16748
0.15118
0.14788
0.16746
0.15486
0.15486
0.15486
0.14569
0.15483
0.15486
0.15481
0.15771
0.16821
0.18993
0.19231
0.18678
0.19246
0.19181
0.19137
0.19090
0.19090
0.19183
0.19312
0.20019
0.20649
0.20649
0.18568
0.18568
0.18997
0.17629
0.17629
0.18624
0.18020
0.16458
0.13491
0.13766
0.13766
0.14122
0.13821
0.14163
0.12078
0.12494
0.13341
0.13350
0.13160
0.11660
0.11660
0.12046
0.12344
0.11056
0.11056
0.12676
0.12662
0.12972
0.13541
0.13541
0.14034
0.15610
0.14892
0.16703
0.17190
0.18206
0.17983
0.18078
0.18704
0.18686
0.19548
0.19540
0.19540
0.19504
0.21614
0.21672
0.21519
0.22068
0.21945
0.20757
0.20984
0.20950
0.21071
0.20189
0.22056
0.20796
0.21543
0.20917
0.21078
0.19148
0.17087
0.17087
0.17073
0.17356
0.17378
0.17378
0.16195
0.16195
0.16729
0.16729
0.16729
0.17400
0.17854
0.15933
0.15544
0.15249
0.15096
0.13948
0.13770
0.15001
0.15057
0.13474
0.11944
0.11059
0.11731
0.12153
0.12153
0.12145
0.11253
0.10490
0.10049
0.10071
0.06716
0.06716
0.08683
0.08683
0.08115
0.07653
0.06907
0.06871
0.06921
0.07110
0.07110
0.07110
0.08849
0.07988
0.07988
0.09785
0.11184
0.11179
0.11179
0.11443
0.12158
0.15880
0.15880
0.16744
0.16254
0.15940
0.16932
0.17295
0.16926
0.16110
0.14530
0.15352
0.15618
0.13794
0.13794
0.14922
0.15066
0.14910
0.14910
0.13535
0.13550
0.11865
0.12355
0.17072
0.17071
0.15462
0.15477
0.17220
0.16562
0.16562
0.17209
0.18446
0.18739
0.18740
0.18739
0.18743
0.18504
0.16442
0.16136
0.13733
0.13084
0.16047
0.16945
0.16128
0.16827
0.16700
0.16685
0.17425
0.17391
0.18164
0.17289
0.18243
0.18133
0.18263
0.18232
0.16474
0.13339
0.12482
0.12391
0.12391
0.12378
0.12691
0.11996
0.11119
0.11119
0.12188
0.12188
0.11728
0.11151
0.12862
0.12862
0.12862
0.12862
0.12862
0.08999
0.09390
0.09376
0.10100
0.07859
0.09080
0.06748
0.06814
0.06937
0.06937
0.07655
0.08097
0.08618
0.06837
0.07805
0.06296
0.06295
0.09463
0.09034
0.09430
0.09466
0.08629
0.08730
0.09095
0.09047
0.09645
0.09648
0.08406
0.08389
0.09636
0.09598
0.09080
0.09037
0.06347
0.08375
0.08172
0.08221
0.08409
0.09154
0.10815
0.10812
0.09388
0.09388
0.07151
0.07170
0.07170
0.05037
0.08486
0.08486
0.09535
0.09799
0.08533
0.08509
0.08509
0.08698
0.10758
0.10534
0.10530
0.10530
0.10525
0.10530
0.09573
0.09899
0.09425
0.10322
0.10373
0.10373
0.10172
0.09620
0.09598
0.09702
0.09641
0.09374
0.09374
0.09942
0.10123
0.10295
0.10372
0.11109
0.12316
0.11625
0.11625
0.10382
0.10550
0.09186
0.10115
0.08135
0.09389
0.10524
0.10461
0.10912
0.10979
0.07208
0.07206
0.09032
0.12595
0.12650
0.12206
0.10471
0.09567
0.09730
0.09158
0.09158
0.08982
0.08982
0.06891
0.06891
0.06891
0.06891
0.06410
0.06410
0.06589
0.07766
0.07766
0.07766
0.07435
0.07435
0.06212
0.05896
0.05070
0.05029
0.05029
0.06823
0.05124
0.05108
0.05108
0.05108
0.05876
0.06652
0.06652
0.06534
0.06824
0.06824
0.06824
0.05762
0.05497
0.05176
0.05162
0.05176
0.06568
0.04299
0.02146
0.01216
0.01216
0.01211
0.01216
0.03188
0.02093
0.03557
0.03557
0.04322
0.05798
0.04287
0.03580
0.03179
0.02338
0.02338
0.02338
0.02338
0.01901
0.02353
0.02337
0.02329
0.02092
0.02627
0.03807
0.03455
0.03408
0.01520
0.00000
0.00000
0.00004
0.00550
0.00000
0.00000
0.01666
0.01948
0.03350
0.03292
0.03002
0.02957
0.02960
0.00214
0.00209
0.01010
0.01834
0.01515
0.02610
0.02651
0.01066
0.01066
0.01066
0.00181
0.00196
0.00108
0.00732
0.00732
0.00673
0.00929
0.00690
0.00690
0.01819
0.02308
0.02666
0.02662
0.02653
0.02653
0.02653
0.00886
0.00180
0.00180
0.01564
0.00286
0.00286
0.00000
0.00000
0.00000
0.02162
0.02162
0.02427
0.03680
0.02973
0.02801
0.03785
0.03785
0.03237
0.03235
0.03936
0.03852
0.03852
0.03923
0.05144
0.05238
0.05243
0.04881
0.06599
0.06583
0.07022
0.09763
0.10167
0.07965
0.07965
0.07965
0.07566
0.08967
0.08730
0.08875
0.07140
0.08003
0.07988
0.07830
0.07830
0.07585
0.08100
0.11139
0.12105
0.13804
0.12818
0.11864
0.11879
0.12648
0.12650
0.12645
0.12648
0.12648
0.12588
0.13079
0.11839
0.11839
0.11575
0.10379
0.10381
0.10379
0.10130
0.10252
0.09434
0.08572
0.06661
0.07728
0.03956
0.04057
0.03212
0.03787
0.03787
0.03755
0.05601
0.06569
0.06156
0.06156
0.04540
0.05139
0.06876
0.07127
0.09667
0.11186
0.10619
0.12557
0.12655
0.14776
0.13822
0.12863
0.11136
0.07443
0.07072
0.06722
0.05678
0.05124
0.07697
0.07696
0.07697
0.06430
0.04872
0.03146
0.03170
0.04547
0.04796
0.04664
0.03533
0.01458
0.01458
0.01458
0.01458
0.01424
0.01458
0.01458
0.03088
0.01079
0.00216
0.00000
0.01996
0.01949
0.02145
0.02141
0.04372
0.05643
0.05569
0.07371
0.08618
0.08468
0.06822
0.06345
0.06349
0.06349
0.06349
0.06293
0.06293
0.06290
0.06285
0.06285
0.06305
0.05224
0.04240
0.05147
0.05452
0.05078
0.05018
0.05078
0.05084
0.04607
0.03426
0.03433
0.03426
0.01544
0.01544
0.01384
0.02292
0.02291
0.02164
0.02164
0.02621
0.02621
0.02621
0.02616
0.02595
0.02465
0.02567
0.01959
0.03903
0.03903
0.03903
0.00738
0.00789
0.00738
0.00530
0.00890
0.00000
0.00000
0.00000
0.00000
0.00000
0.01802
0.02078
0.02061
0.02064
0.01128
0.00270
0.00039
0.00000
0.02504
0.02929
0.03862
0.03848
0.04852
0.02163
0.02163
0.02617
0.02588
0.01814
0.01969
0.01937
0.01583
0.01725
0.02176
0.01989
0.03893
0.03919
0.00000
0.00002
0.00001
0.00000
0.03649
0.03699
0.04804
0.04804
0.04971
0.04994
0.04971
0.05267
0.06134
0.07427
0.06497
0.05643
0.04477
0.03923
0.03923
0.05601
0.05281
0.05281
0.04801
0.03897
0.02677
0.03401
0.02624
0.01514
0.01244
0.03054
0.03717
0.03348
0.03317
0.03348
0.03360
0.03369
0.04006
0.02714
0.02707
0.02707
0.02708
0.02707
0.01318
0.01318
0.01318
0.01808
0.01054
0.02240
0.01595
0.01811
0.01314
0.01583
0.01310
0.01809
0.02145
0.02052
0.02052
0.01496
0.00000
0.00227
0.00227
0.01266
0.01266
0.01260
0.01280
0.01287
0.01251
0.02269
0.02758
0.01971
0.00779
0.00733
0.01366
0.00842
0.00840
0.00000
0.00000
0.00000
0.00605
0.00239
0.00206
0.00478
0.00148
0.03161
0.04561
0.04418
0.04793
0.03439
0.03346
0.02363
0.01389
0.01310
0.01389
0.01389
0.01389
0.00000
0.00000
0.00509
0.00000
0.00000
0.00000
0.00353
0.00051
0.00037
0.00000
0.00318
0.00252
0.00159
0.00112
0.01227
0.01264
0.00277
0.00111
0.00029
0.00029
0.00029
0.00029
0.00000
0.00000
0.00000
0.00100
0.00000
0.00000
0.00070
0.01965
0.01162
0.03031
0.03031
0.02248
0.02248
0.01966
0.01849
0.01669
0.01669
0.00247
0.00351
0.03241
0.04096
0.02922
0.02922
0.02133
0.02489
0.02489
0.02489
0.02489
0.02424
0.02409
0.02300
0.01808
0.01578
0.02101
0.02225
0.03100
0.03100
0.03100
0.03517
0.03525
0.06177
0.08100
0.08100
0.07760
0.07820
0.06320
0.04811
0.04490
0.03859
0.05194
0.05194
0.04941
0.02452
0.03055
0.03438
0.03984
0.01650
0.01638
0.00557
0.01085
0.01949
0.01949
0.02604
0.02604
0.02360
0.02349
0.02322
0.02327
0.01766
0.01948
0.01596
0.01622
0.01114
0.01113
0.00000
0.00000
0.00000
0.01777
0.01196
0.00570
0.00804
0.00499
0.00485
0.02214
0.02121
0.02214
0.01344
0.01935
0.01935
0.02273
0.05425
0.03177
0.00682
0.00150
0.00000
0.00163
0.00000
0.00000
0.00307
0.03994
0.03994
0.03995
0.03994
0.03678
0.04757
0.03873
0.01687
0.01687
0.03122
0.07671
0.07822
0.07271
0.08302
0.07555
0.07555
0.06808
0.06605
0.05985
0.04511
0.04059
0.03845
0.03908
0.04450
0.05819
0.07241
0.06073
0.05850
0.05566
0.04877
0.04877
0.04859
0.04877
0.04865
0.04807
0.05327
0.05327
0.06426
0.06491
0.05794
0.05794
0.04780
0.04780
0.05136
0.05136
0.05770
0.05686
0.02755
0.02766
0.03903
0.04382
0.04382
0.04745
0.04732
0.05151
0.05156
0.05407
0.05799
0.06571
0.06569
0.06659
0.08369
0.09029
0.07120
0.05783
0.07112
0.07343
0.06451
0.06253
0.06256
0.04255
0.02337
0.03066
0.03514
0.04028
0.05198
0.05198
0.07053
0.07053
0.07838
0.07838
0.08076
0.08131
0.08160
0.08162
0.08791
0.08195
0.09020
0.10147
0.09912
0.09919
0.09912
0.08894
0.08990
0.08990
0.08990
0.07601
0.06483
0.06550
0.06483
0.06483
0.09389
0.07976
0.09208
0.09208
0.10608
0.10608
0.10415
0.09217
0.09971
0.09369
0.09722
0.09722
0.09768
0.09196
0.07825
0.08061
0.07976
0.06988
0.07005
0.06988
0.06988
0.06988
0.06928
0.06928
0.06999
0.07268
0.08096
0.06490
0.06491
0.06491
0.06290
0.05703
0.05699
0.06132
0.07077
0.05134
0.05182
0.05182
0.02572
0.04513
0.05106
0.05106
0.05758
0.05685
0.07824
0.07831
0.07857
0.08542
0.09541
0.10762
0.13449
0.13155
0.11901
0.11945
0.11519
0.11512
0.13686
0.12624
0.12628
0.12160
0.12160
0.12144
0.11140
0.11812
0.11778
0.11810
0.11670
0.11670
0.11660
0.11670
0.11670
0.12413
0.12446
0.10715
0.10513
0.10225
0.10225
0.10215
0.10206
0.10225
0.10221
0.09340
0.09343
0.09343
0.09340
0.10616
0.10616
0.10700
0.12220
0.12220
0.11532
0.11535
0.11535
0.12298
0.12261
0.12298
0.11053
0.11036
0.12076
0.11208
0.10413
0.10742
0.10746
0.10783
0.12421
0.12428
0.12195
0.12340
0.12340
0.11919
0.11917
0.10015
0.10018
0.12376
0.12288
0.12646
0.13004
0.10707
0.11606
0.07516
0.06198
0.06217
0.06398
0.07812
0.08762
0.08762
0.08571
0.05489
0.03942
0.03846
0.04731
0.05288
0.05098
0.04822
0.04822
0.04925
0.06438
0.07401
0.07430
0.07051
0.06654
0.06654
0.08454
0.08496
0.08245
0.08258
0.06183
0.03670
0.05769
0.05775
0.05644
0.05644
0.04693
0.04861
0.04930
0.04930
0.04553
0.04553
0.03969
0.05362
0.05288
0.05077
0.05077
0.04106
0.03422
0.04225
0.04172
0.05788
0.07352
0.07297
0.07353
0.08658
0.08684
0.08395
0.08054
0.08043
0.08095
0.08095
0.08095
0.08095
0.08095
0.08034
0.10424
0.13662
0.13594
0.13293
0.11742
0.11045
0.10261
0.11346
0.10991
0.10999
0.11259
0.11259
0.11365
0.11235
0.10126
0.08793
0.08793
0.11425
0.11418
0.10399
0.10675
0.12824
0.11376
0.11376
0.11376
0.11376
0.10872
0.11385
0.09050
0.09930
0.09930
0.10101
0.11030
0.12524
0.12409
0.09397
0.09498
0.09233
0.09642
0.10491
0.09304
0.07337
0.07914
0.07901
0.08931
0.08284
0.04343
0.04583
0.04583
0.04619
0.04601
0.05839
0.04914
0.06140
0.06404
0.06369
0.06376
0.06635
0.06623
0.06636
0.07241
0.07241
0.07230
0.07230
0.06139
0.05534
0.05538
0.04351
0.04334
0.04334
0.04665
0.04665
0.04610
0.04665
0.04654
0.04594
0.04883
0.03741
0.03744
0.04754
0.04668
0.04668
0.02722
0.02722
0.02841
0.02165
0.02139
0.03292
0.03292
0.03292
0.03679
0.03296
0.02943
0.01877
0.02338
0.02111
0.02129
0.01986
0.01986
0.01986
0.03726
0.03038
0.01725
0.00000
0.00000
0.00123
0.00000
0.00000
0.00000
0.00005
0.00000
0.00000
0.00035
0.00855
0.00634
0.00392
0.00395
0.00470
0.00470
0.00482
0.00310
0.00353
0.01182
0.01378
0.01381
0.02562
0.05519
0.06194
0.06607
0.09259
0.09258
0.08692
0.09491
0.10644
0.10644
0.10644
0.10644
0.08162
0.07872
0.08088
0.09209
0.11637
0.09776
0.09662
0.07994
0.07046
0.12319
0.11851
0.10441
0.10441
0.10025
0.07798
0.07798
0.08156
0.08337
0.08818
0.09799
0.06989
0.06985
0.06982
0.06881
0.07619
0.07628
0.08426
0.07937
0.09158
0.09109
0.06693
0.08446
0.06450
0.05853
0.05853
0.05375
0.05859
0.05853
0.06174
0.06174
0.06174
0.05205
0.06485
0.06477
0.05527
0.04470
0.05245
0.05247
0.05647
0.05647
0.06126
0.08271
0.09319
0.09705
0.09705
0.09265
0.08241
0.08393
0.08381
0.08387
0.09393
0.09393
0.09358
0.08924
0.09111
0.09087
0.10040
0.10067
0.10070
0.07760
0.08573
0.08573
0.08427
0.08427
0.08426
0.08230
0.10092
0.10088
0.10368
0.12214
0.12576
0.15406
0.16132
0.15907
0.15907
0.14947
0.14405
0.14414
0.14415
0.14198
0.14220
0.15448
0.16154
0.16325
0.16325
0.15666
0.15431
0.14629
0.14800
0.14799
0.17828
0.19144
0.18286
0.18251
0.17140
0.17140
0.17182
0.17140
0.17140
0.17185
0.18392
0.18392
0.17237
0.16949
0.16660
0.16691
0.16724
0.16385
0.17786
0.17786
0.17065
0.17058
0.16248
0.17479
0.16049
0.16578
0.18560
0.18166
0.16630
0.16738
0.16765
0.16686
0.16259
0.16260
0.16981
0.16992
0.17701
0.16674
0.17473
0.17407
0.17478
0.17500
0.18856
0.18078
0.17567
0.18054
0.18054
0.17864
0.17864
0.17764
0.16320
0.16309
0.15656
0.15643
0.13677
0.13677
0.14646
0.15507
0.15507
0.16208
0.16239
0.18166
0.18162
0.16705
0.16875
0.17118
0.17587
0.15371
0.15548
0.15368
0.17036
0.17195
0.17101
0.17241
0.17261
0.16391
0.17568
0.16294
0.18197
0.18025
0.18024
0.18558
0.17146
0.17407
0.16982
0.16526
0.16526
0.16331
0.16245
0.15991
0.15211
0.15216
0.15216
0.15213
0.14115
0.14817
0.15572
0.16395
0.17525
0.17185
0.18663
0.17711
0.17731
0.17506
0.15942
0.16899
0.17315
0.17237
0.18414
0.17984
0.17821
0.19602
0.19602
0.18827
0.18972
0.19008
0.19820
0.19820
0.19320
0.16899
0.16898
0.16645
0.16645
0.15693
0.14776
0.13529
0.13093
0.13944
0.14070
0.14070
0.13304
0.13304
0.13335
0.13327
0.13659
0.13784
0.13551
0.13918
0.13591
0.13740
0.15430
0.16185
0.16306
0.14397
0.14262
0.13953
0.17175
0.16051
0.16134
0.16973
0.16671
0.17152
0.17282
0.17827
0.17827
0.17827
0.16922
0.17827
0.17529
0.17448
0.17448
0.17050
0.17050
0.17050
0.17352
0.17477
0.17478
0.18127
0.18127
0.18127
0.18277
0.18615
0.16573
0.16546
0.18177
0.16918
0.15797
0.14989
0.14245
0.13271
0.14245
0.12842
0.12640
0.12066
0.10605
0.10605
0.10700
0.11076
0.11076
0.09898
0.10442
0.10968
0.10960
0.10968
0.10811
0.11482
0.11700
0.10110
0.10987
0.09772
0.10664
0.10665
0.11468
0.10774
0.10480
0.12402
0.12524
0.12524
0.12530
0.12467
0.11169
0.11057
0.11114
0.08958
0.09041
0.08713
0.08526
0.07035
0.07035
0.06368
0.06888
0.06864
0.07053
0.07357
0.07314
0.03571
0.05788
0.04944
0.04943
0.05685
0.05502
0.05092
0.05232
0.05231
0.04080
0.04092
0.04132
0.04028
0.04735
0.04735
0.03875
0.04011
0.03716
0.03682
0.04065
0.01557
0.01557
0.02039
0.02039
0.01971
0.01701
0.02113
0.02340
0.02944
0.02274
0.02427
0.02427
0.01339
0.00252
0.00031
0.00000
0.00000
0.00005
0.00004
0.00501
0.00000
0.00000
0.00000
0.01801
0.01801
0.01801
0.01801
0.03234
0.03234
0.03201
0.01989
0.01220
0.01223
0.01253
0.00007
0.00542
0.00354
0.00354
0.00449
0.02337
0.02494
0.01443
0.00000
0.02616
0.01795
0.01391
0.01391
0.01391
0.00559
0.01235
0.00830
0.00825
0.01057
0.01053
0.01057
0.00973
0.00044
0.00757
0.00000
0.00000
0.00000
0.00000
0.00815
0.01224
0.01228
0.00539
0.00000
0.03175
0.04350
0.03098
0.03524
0.03576
0.03576
0.03576
0.03275
0.04436
0.04022
0.04022
0.03226
0.03566
0.01678
0.01671
0.01671
0.01678
0.01668
0.01678
0.00739
0.00739
0.00718
0.00725
0.00246
0.00246
0.00451
0.00598
0.00527
0.00478
0.00478
0.00478
0.00418
0.00481
0.00248
0.00279
0.00279
0.02069
0.02075
0.00593
0.00562
0.00464
0.00000
0.00000
0.02316
0.02316
0.02971
0.02944
0.04811
0.03675
0.04416
0.02998
0.03030
0.03023
0.03500
0.03500
0.01893
0.02202
0.02073
0.02360
0.03173
0.03227
0.02593
0.03374
0.03833
0.04243
0.02099
0.02145
0.02160
0.03794
0.04713
0.03952
0.04077
0.03234
0.04267
0.05054
0.06234
0.06234
0.06234
0.05142
0.05097
0.05054
0.05239
0.03895
0.03791
0.03783
0.03272
0.02836
0.03327
0.03043
0.02519
0.02544
0.03788
0.01874
0.01768
0.02971
0.02971
0.02971
0.01160
0.01310
0.02655
0.04929
0.07272
0.08673
0.08806
0.08656
0.10246
0.10240
0.10246
0.10200
0.08986
0.09619
0.09617
0.10289
0.11405
0.10218
0.10230
0.11108
0.11107
0.10263
0.09800
0.09800
0.09800
0.09809
0.09800
0.09800
0.08652
0.08660
0.08957
0.09895
0.08977
0.08838
0.09261
0.08719
0.09317
0.09317
0.08989
0.08989
0.07841
0.07635
0.08758
0.08756
0.08611
0.08603
0.08611
0.08614
0.08611
0.08595
0.09441
0.09890
0.07044
0.07837
0.07494
0.08455
0.10120
0.10642
0.09092
0.09086
0.09109
0.10459
0.10459
0.10459
0.10459
0.10955
0.10987
0.11850
0.12525
0.12650
0.12685
0.13046
0.13135
0.13135
0.12357
0.12357
0.12260
0.14098
0.13704
0.13909
0.13311
0.13297
0.14650
0.14650
0.11503
0.12833
0.13370
0.13528
0.13528
0.13528
0.11573
0.11472
0.13783
0.13745
0.13356
0.12294
0.09358
0.09830
0.09084
0.09100
0.09080
0.09084
0.09084
0.09084
0.06647
0.06642
0.06668
0.06536
0.06553
0.07358
0.05647
0.05075
0.03680
0.01476
0.02140
0.02317
0.02595
0.02736
0.02736
0.01259
0.00105
0.00111
0.00000
0.00019
0.00000
0.00888
0.00587
0.00000
0.00042
0.00000
0.00000
0.00053
0.00000
0.01144
0.00000
0.01467
0.00208
0.00208
0.00035
0.00031
0.00993
0.00993
0.02127
0.03342
0.02864
0.02732
0.02732
0.02732
0.03142
0.01215
0.01010
0.02570
0.00000
0.00000
0.00001
0.00282
0.00207
0.00413
0.00000
0.00000
0.00000
0.00000
0.00158
0.00185
0.00880
0.00880
0.01780
0.01695
0.01496
0.04128
0.01338
0.00829
0.00738
0.00415
0.00524
0.00651
0.00642
0.00490
0.00000
0.00323
0.00194
0.00000
0.00000
0.00050
0.01278
0.01002
0.01008
0.00734
0.02456
0.03867
0.01534
0.01957
0.02000
0.01172
0.01105
0.02089
0.02089
0.02089
0.02089
0.02355
0.02408
0.02892
0.04851
0.04635
0.04635
0.04964
0.05233
0.02800
0.02975
0.02975
0.03879
0.03693
0.03088
0.03087
0.01076
0.01058
0.01290
0.00923
0.00923
0.00838
0.00000
0.00000
0.00000
0.00320
0.00000
0.00000
0.02433
0.02712
0.02594
0.02594
0.03565
0.03121
0.02356
0.02642
0.02643
0.02643
0.02645
0.03922
0.02496
0.00824
0.00515
0.00800
0.00639
0.02193
0.02230
0.01718
0.01719
0.02161
0.02571
0.02569
0.02571
0.01512
0.01512
0.01512
0.01957
0.02546
0.01095
0.00000
0.00000
0.01532
0.03541
0.03541
0.03541
0.03541
0.04181
0.04791
0.03557
0.03187
0.03087
0.00371
0.00371
0.00437
0.00503
0.02142
0.02143
0.01150
0.01363
0.02101
0.01361
0.00000
0.00733
0.00000
0.00000
0.00135
0.00000
0.00000
0.00000
0.00925
0.00925
0.03344
0.03487
0.02518
0.03251
0.02642
0.00437
0.01234
0.01044
0.01605
0.01582
0.01606
0.01856
0.01452
0.04471
0.04496
0.03625
0.03543
0.05618
0.05644
0.04786
0.04884
0.03436
0.03864
0.03295
0.02534
0.02534
0.02529
0.02530
0.01696
0.03201
0.01689
0.01689
0.01689
0.01705
0.01743
0.01591
0.01705
0.01705
0.01323
0.01323
0.01228
0.00888
0.00775
0.02014
0.01392
0.01643
0.00428
0.00386
0.00395
0.00056
0.00161
0.00056
0.00958
0.00494
0.01460
0.01460
0.01393
0.01460
0.01243
0.03410
0.03410
0.03576
0.01782
0.01941
0.02007
0.03385
0.05562
0.05732
0.05725
0.07023
0.07132
0.07856
0.07856
0.07856
0.07856
0.07869
0.07548
0.07255
0.07764
0.07754
0.07331
0.10843
0.12616
0.12617
0.11440
0.12985
0.12985
0.12985
0.13730
0.14379
0.13424
0.12981
0.13074
0.15512
0.15496
0.16471
0.17552
0.17563
0.18988
0.20001
0.20653
0.20653
0.20653
0.20657
0.21659
0.22290
0.22290
0.21688
0.21307
0.21835
0.22435
0.21720
0.20529
0.19815
0.17848
0.18097
0.18561
0.17713
0.17710
0.16114
0.15210
0.15373
0.15365
0.14169
0.13274
0.13433
0.13433
0.13921
0.13983
0.14782
0.15710
0.15701
0.15790
0.13714
0.13862
0.13867
0.13866
0.13901
0.15028
0.13169
0.14270
0.13800
0.13800
0.14603
0.15236
0.15957
0.16970
0.17190
0.17694
0.17694
0.16514
0.16625
0.17973
0.17560
0.18123
0.19251
0.16499
0.19226
0.18261
0.18261
0.17006
0.15597
0.15154
0.15535
0.15015
0.15030
0.13932
0.12945
0.10847
0.10589
0.09091
0.08738
0.08954
0.05916
0.05924
0.05766
0.06737
0.06738
0.05904
0.01838
0.01653
0.02124
0.01697
0.04196
0.04092
0.03682
0.02060
0.02895
0.02989
0.01691
0.01691
0.01832
0.01970
0.02787
0.02694
0.01470
0.01029
0.00028
0.00018
0.01201
0.00000
0.00190
0.00500
0.00709
0.00708
0.00214
0.00000
0.01429
0.00003
0.00591
0.00360
0.00621
0.00621
0.00621
0.00621
0.00973
0.01823
0.00701
0.00798
0.00000
0.01269
0.01325
0.01952
0.01938
0.02683
0.04215
0.05196
0.04634
0.04093
0.02916
0.03005
0.01405
0.01272
0.01280
0.01280
0.01315
0.03109
0.02549
0.01140
0.03417
0.04423
0.04157
0.04161
0.04157
0.04467
0.05959
0.05512
0.05657
0.06848
0.07852
0.06772
0.06858
0.06334
0.06095
0.06099
0.06385
0.07978
0.06915
0.06460
0.05202
0.05584
0.04596
0.03734
0.05782
0.05690
0.04491
0.03244
0.02840
0.02799
0.02840
0.02997
0.02997
0.03120
0.03879
0.02033
0.01103
0.01274
0.03908
0.03662
0.02987
0.02886
0.01289
0.01379
0.01377
0.02790
0.01366
0.01366
0.00947
0.00961
0.00961
0.02931
0.01492
0.01590
0.01590
0.00088
0.00073
0.00107
0.00424
0.00100
0.00000
0.00049
0.00796
0.00970
0.03020
0.03185
0.06377
0.04198
0.04183
0.04345
0.04380
0.03982
0.04541
0.05930
0.05930
0.05087
0.05065
0.05421
0.05677
0.04894
0.04894
0.04894
0.04894
0.05174
0.05166
0.05239
0.05695
0.05696
0.05329
0.06227
0.06322
0.06051
0.06181
0.06051
0.06051
0.06531
0.06551
0.05942
0.04922
0.04170
0.05264
0.05273
0.07182
0.10324
0.11504
0.11088
0.11724
0.13417
0.13637
0.13640
0.13637
0.13640
0.13091
0.11158
0.11158
0.11158
0.11158
0.11158
0.10098
0.08792
0.08768
0.08792
0.08876
0.09762
0.09285
0.08230
0.07896
0.06342
0.04768
0.04787
0.04768
0.03123
0.03412
0.05036
0.06756
0.06756
0.06756
0.06756
0.06026
0.09416
0.08849
0.08876
0.10266
0.10370
0.10266
0.10687
0.10582
0.11807
0.10713
0.10725
0.10725
0.09561
0.08348
0.08393
0.08390
0.06686
0.06616
0.06760
0.07555
0.07472
0.07107
0.07286
0.07144
0.06489
0.07122
0.05672
0.05140
0.05447
0.02889
0.02209
0.03042
0.02133
0.02241
0.00196
0.00011
0.00014
0.00000
0.00000
0.00000
0.00265
0.00000
0.00410
0.02239
0.02725
0.05156
0.05550
0.05504
0.04681
0.04681
0.04867
0.05353
0.05409
0.05394
0.05215
0.04220
0.04254
0.03823
0.04422
0.04138
0.04368
0.04434
0.06183
0.05970
0.05970
0.04493
0.05064
0.05892
0.05968
0.05968
0.04261
0.04461
0.04730
0.04461
0.03736
0.03765
0.03292
0.03292
0.04491
0.04073
0.03743
0.02934
0.03367
0.03523
0.01454
0.01454
0.01419
0.00442
0.00629
0.00000
0.00038
0.00000
0.00000
0.00719
0.00719
0.00739
0.00719
0.01583
0.02729
0.02914
0.04646
0.04713
0.02666
0.03283
0.03393
0.02361
0.02361
0.02058
0.03395
0.03395
0.00533
0.00806
0.02455
0.03205
0.04751
0.04751
0.06167
0.06527
0.06478
0.04686
0.06116
0.07052
0.07052
0.07702
0.07702
0.08517
0.08303
0.08230
0.09428
0.12365
0.12881
0.12375
0.15543
0.15028
0.15348
0.15396
0.15396
0.15561
0.15514
0.14563
0.14581
0.13904
0.12615
0.12352
0.12782
0.12445
0.12820
0.11185
0.10914
0.10910
0.10910
0.08609
0.07152
0.05128
0.05128
0.05132
0.04963
0.05128
0.05716
0.05735
0.07380
0.07484
0.06657
0.05288
0.05090
0.03229
0.03028
0.03070
0.01705
0.01705
0.00000
0.01340
0.00040
0.01920
0.01900
0.01897
0.01282
0.01277
0.01433
0.00000
0.00004
0.00000
0.00449
0.00579
0.00000
0.03082
0.03340
0.03082
0.03082
0.03265
0.03265
0.03265
0.03267
0.02132
0.02132
0.02216
0.02712
0.02003
0.01974
0.01974
0.04148
0.04283
0.04999
0.05362
0.02338
0.03919
0.03230
0.04713
0.04713
0.05172
0.04397
0.04163
0.04630
0.04339
0.05558
0.06054
0.05913
0.06026
0.06022
0.06022
0.06440
0.06090
0.03412
0.02789
0.02796
0.01406
0.01406
0.00000
0.00035
0.01378
0.01387
0.00000
0.00002
0.01506
0.00000
0.00000
0.00090
0.00090
0.02015
0.01180
0.00000
0.01666
0.01681
0.01681
0.02168
0.00658
0.00086
0.00000
0.01723
0.02512
0.02223
0.01400
0.01400
0.01401
0.02087
0.02037
0.02086
0.02086
0.02766
0.04173
0.04860
0.03309
0.02937
0.02583
0.03024
0.02057
0.02091
0.02034
0.02310
0.02668
0.02630
0.02636
0.02636
0.02016
0.02454
0.02446
0.01371
0.01371
0.01371
0.01541
0.01183
0.00409
0.00770
0.01343
0.01301
0.01301
0.00337
0.01676
0.00229
0.00223
0.01378
0.02312
0.02314
0.03303
0.03293
0.04294
0.05146
0.04511
0.02738
0.02764
0.03441
0.03391
0.03758
0.03758
0.02734
0.02748
0.03448
0.03023
0.04138
0.03954
0.04138
0.04140
0.04145
0.02031
0.03667
0.01728
0.01838
0.01087
0.03409
0.03409
0.03409
0.04551
0.05039
0.05039
0.05335
0.05893
0.05884
0.05884
0.05884
0.00378
0.00017
0.00268
0.00255
0.02554
0.05395
0.04733
0.06153
0.06153
0.06153
0.04540
0.04465
0.05523
0.07925
0.07399
0.07399
0.08438
0.07561
0.05857
0.05639
0.05562
0.04822
0.04872
0.03976
0.04431
0.04052
0.05268
0.04986
0.03950
0.04215
0.03145
0.02538
0.02453
0.02763
0.00312
0.00780
0.00780
0.00659
0.00000
0.00000
0.01407
0.01580
0.02094
0.02094
0.01505
0.00660
0.00572
0.00572
0.00439
0.00000
0.00000
0.02046
0.02384
0.02209
0.02669
0.02463
0.02003
0.01867
0.01822
0.02394
0.04658
0.04658
0.06098
0.06103
0.06852
0.05248
0.07352
0.08121
0.07997
0.08147
0.08147
0.09847
0.10507
0.10520
0.10464
0.10590
0.12013
0.12425
0.12425
0.13030
0.11291
0.11291
0.11291
0.11588
0.11710
0.13741
0.13782
0.13507
0.13506
0.13559
0.13559
0.13559
0.12337
0.12220
0.08700
0.06077
0.06588
0.06413
0.06424
0.06413
0.06399
0.06394
0.05952
0.06029
0.05954
0.05899
0.05954
0.06032
0.05954
0.05954
0.10015
0.09376
0.09385
0.09483
0.10070
0.09102
0.11642
0.12495
0.12497
0.11979
0.11893
0.11893
0.11911
0.13036
0.12819
0.11873
0.10928
0.10253
0.09938
0.09938
0.09355
0.09827
0.09975
0.09854
0.12762
0.12779
0.12768
0.12765
0.12923
0.13127
0.14885
0.14917
0.15079
0.15554
0.17862
0.19111
0.19376
0.19376
0.19383
0.21362
0.20802
0.21022
0.21140
0.20093
0.20060
0.19712
0.20752
0.21478
0.21380
0.21229
0.21229
0.19914
0.18973
0.20354
0.20988
0.20345
0.21036
0.20053
0.20834
0.20752
0.20820
0.19498
0.19539
0.23011
0.22117
0.20494
0.20363
0.20560
0.20494
0.14398
0.14420
0.14398
0.13847
0.13849
0.13847
0.14643
0.14564
0.14013
0.12788
0.12766
0.14792
0.13349
0.13349
0.13324
0.12100
0.11239
0.11899
0.10689
0.10692
0.10691
0.11795
0.10902
0.10782
0.11800
0.11800
0.11766
0.13341
0.13868
0.13868
0.13868
0.13868
0.10829
0.11515
0.11208
0.11095
0.13350
0.12212
0.12208
0.14338
0.14336
0.12634
0.12526
0.12292
0.13279
0.14394
0.14236
0.15248
0.16010
0.15570
0.15570
0.13678
0.13310
0.13306
0.12806
0.14428
0.14641
0.15613
0.15818
0.13324
0.12198
0.13990
0.13990
0.11400
0.11753
0.11753
0.11753
0.11753
0.11584
0.10456
0.11386
0.11339
0.11772
0.14446
0.14187
0.14006
0.13989
0.14942
0.15003
0.13821
0.12780
0.12780
0.11954
0.12119
0.11281
0.11139
0.11414
0.11414
0.10815
0.10815
0.10815
0.10456
0.10452
0.09453
0.09453
0.08808
0.07818
0.07735
0.08175
0.08140
0.10159
0.08938
0.08866
0.09157
0.08710
0.08848
0.08851
0.08846
0.08822
0.11880
0.13819
0.15252
0.13949
0.13669
0.12567
0.12517
0.12032
0.11574
0.11108
0.11108
0.11108
0.10454
0.10454
0.11825
0.12664
0.12663
0.12664
0.12825
0.13947
0.15124
0.15304
0.15391
0.15528
0.15538
0.15503
0.15557
0.15557
0.14589
0.14589
0.13989
0.13650
0.15200
0.14733
0.13118
0.14161
0.14207
0.14200
0.14161
0.13713
0.13713
0.13713
0.13524
0.10852
0.10559
0.09566
0.10229
0.09823
0.10010
0.08245
0.08233
0.06068
0.06010
0.05827
0.05843
0.06951
0.07070
0.06951
0.06951
0.06951
0.06951
0.06228
0.06507
0.06041
0.06041
0.05263
0.05077
0.06513
0.06400
0.08609
0.06413
0.06357
0.06413
0.05148
0.05249
0.05291
0.05353
0.05291
0.04236
0.04410
0.04236
0.03463
0.02139
0.01066
0.00506
0.01555
0.00000
0.00789
0.00035
0.00215
0.01365
0.02287
0.02205
0.01937
0.00785
0.01438
0.00541
0.01384
0.01165
0.00980
0.00412
0.00441
0.00817
0.01485
0.02692
0.03294
0.03345
0.03489
0.03378
0.01785
0.01799
0.01799
0.02856
0.03663
0.03454
0.02518
0.01647
0.02757
0.03582
0.05189
0.06238
0.06127
0.06182
0.08068
0.08068
0.08591
0.08304
0.07002
0.06705
0.06364
0.07268
0.07219
0.07604
0.09284
0.09284
0.09352
0.08805
0.07771
0.07763
0.07771
0.07771
0.07774
0.07581
0.07941
0.07941
0.08054
0.08052
0.07975
0.07975
0.09991
0.09991
0.08214
0.09318
0.08635
0.08645
0.09584
0.09601
0.09584
0.09602
0.09602
0.09602
0.09055
0.09114
0.10070
0.10087
0.08570
0.08538
0.08570
0.08570
0.08240
0.10303
0.10080
0.10342
0.10333
0.09178
0.07950
0.08456
0.08520
0.08445
0.10079
0.10025
0.10274
0.11716
0.11724
0.12916
0.12785
0.12912
0.12910
0.12881
0.13482
0.13752
0.11720
0.11097
0.11346
0.10215
0.09804
0.08971
0.08793
0.06253
0.06246
0.05187
0.05201
0.04486
0.05195
0.05261
0.05317
0.05904
0.05876
0.05876
0.05152
0.06702
0.06229
0.06642
0.06642
0.08829
0.08945
0.09189
0.07668
0.07641
0.07641
0.07641
0.07452
0.07472
0.06378
0.07772
0.07577
0.05471
0.05471
0.07095
0.06558
0.06317
0.05870
0.05440
0.05155
0.05699
0.06572
0.07594
0.07329
0.07329
0.06122
0.05444
0.05481
0.05954
0.06995
0.07546
0.09224
0.08917
0.09246
0.09245
0.07573
0.07205
0.07438
0.07434
0.07434
0.06871
0.07648
0.06366
0.06770
0.07326
0.06389
0.05900
0.05205
0.05022
0.04416
0.04392
0.06143
0.06760
0.06755
0.06395
0.05548
0.06369
0.06246
0.06246
0.09101
0.08661
0.08496
0.08854
0.09519
0.11365
0.12079
0.13374
0.13376
0.15344
0.15344
0.15383
0.14922
0.13829
0.14455
0.13992
0.14289
0.10875
0.12431
0.12809
0.13520
0.15178
0.14235
0.14874
0.15443
0.14130
0.14076
0.13038
0.13038
0.14053
0.14053
0.14053
0.14053
0.14053
0.11751
0.08711
0.10063
0.10295
0.11028
0.09074
0.08396
0.08446
0.07696
0.10672
0.09419
0.10326
0.10463
0.10461
0.11214
0.11241
0.06645
0.06645
0.07603
0.07605
0.07605
0.06389
0.06479
0.07780
0.07423
0.08614
0.10771
0.10821
0.10012
0.09811
0.10484
0.10484
0.08694
0.07088
0.07585
0.05771
0.04664
0.05043
0.04329
0.04329
0.02440
0.02442
0.00000
0.01438
0.01845
0.01908
0.01914
0.01927
0.01914
0.01914
0.02568
0.03227
0.03227
0.04819
0.05240
0.05454
0.04673
0.04673
0.03586
0.03586
0.03012
0.03032
0.00934
0.05844
0.06931
0.03231
0.03194
0.04246
0.04246
0.04246
0.03994
0.04416
0.04191
0.04198
0.04824
0.02504
0.05231
0.04881
0.05564
0.05564
0.04546
0.05148
0.05222
0.05222
0.05222
0.04276
0.04334
0.04139
0.02869
0.02674
0.02083
0.02408
0.02242
0.02846
0.03782
0.03780
0.03782
0.01759
0.00711
0.02110
0.02548
0.02548
0.02993
0.02892
0.01462
0.01500
0.01426
0.01462
0.02796
0.00793
0.01397
0.01397
0.01397
0.00327
0.00693
0.00693
0.02143
0.02281
0.04028
0.02804
0.03478
0.04278
0.05127
0.04785
0.04784
0.04272
0.03062
0.02665
0.01788
0.03662
0.06305
0.05223
0.08101
0.07115
0.07128
0.08194
0.08198
0.08944
0.10016
0.10016
0.10016
0.10008
0.10019
0.16500
0.16430
0.16440
0.15391
0.15291
0.15425
0.14079
0.14079
0.15593
0.15671
0.12012
0.11348
0.10838
0.11598
0.11590
0.11588
0.11492
0.12367
0.12353
0.10234
0.07626
0.06480
0.08133
0.11119
0.11119
0.11565
0.11512
0.11470
0.11248
0.10128
0.10128
0.10128
0.10422
0.09145
0.08400
0.08066
0.07156
0.07156
0.07156
0.06276
0.05981
0.05981
0.05972
0.06005
0.06031
0.06701
0.05142
0.05627
0.06024
0.06044
0.05964
0.05228
0.05161
0.05219
0.05260
0.05014
0.03684
0.03684
0.02587
0.03742
0.03622
0.03576
0.03276
0.05454
0.05454
0.05454
0.05133
0.05134
0.05142
0.05508
0.05454
0.05508
0.04482
0.08067
0.06073
0.04223
0.04223
0.02170
0.00378
0.00931
0.01002
0.00975
0.02264
0.02264
0.02264
0.02264
0.01115
0.02348
0.02140
0.00713
0.00581
0.00169
0.00001
0.00000
0.01978
0.01769
0.00000
0.01818
0.02137
0.02137
0.02137
0.02142
0.02137
0.02137
0.01211
0.00887
0.01152
0.02858
0.02761
0.03387
0.03268
0.04351
0.04351
0.04351
0.03177
0.03410
0.04102
0.04383
0.04379
0.04380
0.04383
0.03388
0.03702
0.05074
0.05692
0.05680
0.05692
0.06786
0.06806
0.05138
0.05783
0.06222
0.06423
0.06423
0.06396
0.06423
0.06589
0.06253
0.06265
0.06446
0.04572
0.04858
0.03816
0.03816
0.05483
0.05323
0.05323
0.05031
0.07238
0.10424
0.10406
0.08497
0.08497
0.07979
0.07683
0.07329
0.07302
0.06826
0.06558
0.07247
0.07247
0.07247
0.07030
0.06527
0.07631
0.08659
0.08924
0.08945
0.09199
0.09325
0.07196
0.08569
0.07880
0.07298
0.06739
0.06739
0.06173
0.06173
0.07379
0.07688
0.09008
0.09051
0.08934
0.10465
0.11246
0.11556
0.12464
0.13418
0.14135
0.14062
0.14740
0.14762
0.14741
0.14330
0.14332
0.15211
0.14677
0.14444
0.13071
0.13577
0.13577
0.13473
0.11938
0.11922
0.11621
0.11340
0.11081
0.11081
0.11165
0.12020
0.12781
0.12781
0.13447
0.14980
0.15148
0.15104
0.17790
0.17871
0.18003
0.17991
0.16127
0.16140
0.14397
0.15021
0.16118
0.15318
0.16945
0.15408
0.16223
0.16703
0.16118
0.15561
0.15561
0.16488
0.16488
0.15459
0.15366
0.15620
0.15620
0.15620
0.15620
0.15620
0.15280
0.15268
0.15268
0.15268
0.11216
0.11216
0.11429
0.10183
0.09684
0.08643
0.09269
0.10111
0.11490
0.11490
0.08262
0.10270
0.11185
0.12247
0.11789
0.11910
0.12093
0.10405
0.09917
0.09917
0.09924
0.09914
0.08267
0.09578
0.10551
0.10521
0.10119
0.10297
0.10161
0.10424
0.10424
0.10424
0.14391
0.14386
0.12822
0.12847
0.12883
0.11821
0.11821
0.11876
0.11911
0.10406
0.11225
0.11649
0.13483
0.13429
0.15064
0.12676
0.12699
0.14043
0.13686
0.14157
0.14157
0.15310
0.14677
0.14447
0.14447
0.13446
0.12409
0.11974
0.08983
0.08983
0.08983
0.07739
0.09081
0.09568
0.09884
0.09809
0.09258
0.09346
0.09337
0.12919
0.13273
0.12488
0.13187
0.12551
0.12551
0.12575
0.12931
0.12290
0.12290
0.10596
0.12530
0.12530
0.11218
0.11212
0.11218
0.11798
0.11294
0.11294
0.10960
0.11489
0.12483
0.12462
0.13058
0.12508
0.12505
0.12508
0.11736
0.12554
0.10362
0.11697
0.10769
0.10863
0.10414
0.09667
0.09748
0.08996
0.08459
0.08852
0.09066
0.10229
0.09520
0.09520
0.09520
0.09014
0.06308
0.06308
0.06308
0.06377
0.06382
0.06761
0.06769
0.06285
0.06366
0.06599
0.05231
0.04255
0.03836
0.03540
0.04511
0.05747
0.05740
0.05410
0.05783
0.05917
0.05323
0.05717
0.03812
0.03903
0.02796
0.02638
0.02634
0.02634
0.02634
0.02644
0.02624
0.01657
0.01870
0.01657
0.01668
0.01657
0.02919
0.02912
0.03713
0.02013
0.00378
0.00378
0.00378
0.00753
0.00746
0.01385
0.02237
0.03818
0.03412
0.05264
0.05264
0.05038
0.05038
0.05172
0.05038
0.06054
0.08015
0.08043
0.08015
0.08015
0.08015
0.08015
0.07988
0.08578
0.07797
0.05387
0.05372
0.04046
0.03821
0.04702
0.05350
0.04856
0.04865
0.04618
0.04796
0.04881
0.04957
0.06211
0.06183
0.06211
0.07709
0.06676
0.07246
0.06611
0.05572
0.05216
0.03583
0.02725
0.00926
0.00967
0.00967
0.00270
0.00851
0.00865
0.00864
0.01508
0.01778
0.02326
0.02326
0.01324
0.00967
0.01716
0.00000
0.00015
0.00000
0.00113
0.00113
0.02936
0.02935
0.02948
0.03306
0.04679
0.04712
0.04390
0.03316
0.03316
0.02756
0.04352
0.04304
0.04271
0.03344
0.03015
0.03869
0.03957
0.03866
0.05822
0.05783
0.05783
0.06890
0.06330
0.05300
0.07258
0.07992
0.07992
0.07992
0.07730
0.05921
0.04716
0.04789
0.04704
0.05502
0.06888
0.06883
0.06647
0.06962
0.06961
0.06943
0.08051
0.06625
0.06923
0.07501
0.08580
0.08580
0.09942
0.09808
0.10281
0.11903
0.11960
0.11952
0.10859
0.08460
0.06759
0.06789
0.06946
0.07111
0.07111
0.07514
0.08972
0.08931
0.07918
0.08504
0.06571
0.05045
0.03920
0.04835
0.03963
0.03342
0.04673
0.09357
0.09235
0.09219
0.08453
0.08067
0.08005
0.06682
0.06682
0.08632
0.08305
0.08437
0.06954
0.07154
0.06963
0.08979
0.08355
0.08737
0.08896
0.07764
0.06622
0.06764
0.07503
0.07181
0.08985
0.09469
0.08964
0.12972
0.12972
0.13300
0.13104
0.14008
0.14538
0.14538
0.15048
0.13918
0.14715
0.15599
0.14595
0.15985
0.15655
0.15655
0.18473
0.17998
0.18023
0.18334
0.16981
0.16975
0.16409
0.14673
0.14004
0.14053
0.14241
0.13054
0.15186
0.16297
0.16297
0.16297
0.16312
0.16325
0.16297
0.16325
0.16868
0.16508
0.16393
0.16393
0.15855
0.16569
0.16569
0.16030
0.16680
0.17438
0.16563
0.16187
0.15492
0.16592
0.16592
0.16236
0.15375
0.13515
0.14997
0.14997
0.15059
0.12462
0.12417
0.12462
0.13499
0.14392
0.14396
0.14392
0.12698
0.12698
0.12178
0.11905
0.13227
0.13786
0.13793
0.13778
0.13957
0.13468
0.13416
0.14665
0.16034
0.16117
0.17386
0.17384
0.17489
0.17386
0.14806
0.15168
0.17973
0.17919
0.17865
0.17835
0.17459
0.18655
0.17212
0.16964
0.16272
0.15989
0.15996
0.15908
0.15439
0.12839
0.12839
0.11650
0.11650
0.11389
0.11389
0.11389
0.10373
0.09550
0.09630
0.09550
0.09552
0.09315
0.09310
0.09414
0.09318
0.09324
0.08196
0.08142
0.08143
0.07777
0.07076
0.07406
0.08461
0.06784
0.06786
0.06786
0.06971
0.07334
0.07334
0.07334
0.07631
0.08279
0.08220
0.09289
0.09938
0.11169
0.12233
0.10039
0.10039
0.13051
0.12911
0.16495
0.16328
0.16331
0.16331
0.16331
0.16331
0.17044
0.16474
0.16498
0.16365
0.16476
0.16615
0.16668
0.15120
0.13688
0.14132
0.11603
0.11603
0.14189
0.14211
0.13703
0.12703
0.12358
0.13658
0.13754
0.15896
0.15896
0.15141
0.15141
0.15141
0.16022
0.15185
0.15195
0.13947
0.13452
0.12565
0.12583
0.11518
0.11518
0.13150
0.13320
0.13320
0.13278
0.13154
0.13274
0.13274
0.13790
0.13521
0.15888
0.15672
0.15888
0.15311
0.15311
0.15308
0.14697
0.13714
0.14391
0.13699
0.13701
0.13699
0.14552
0.14552
0.14552
0.14297
0.14065
0.13966
0.14696
0.15879
0.15086
0.15120
0.15115
0.15115
0.15706
0.15706
0.15751
0.12371
0.12366
0.11541
0.12608
0.12026
0.12078
0.13961
0.13532
0.15251
0.14573
0.14492
0.13987
0.13350
0.13350
0.13923
0.13923
0.13811
0.13811
0.13779
0.13781
0.13567
0.13784
0.13451
0.13452
0.14764
0.14803
0.15606
0.16863
0.16866
0.18654
0.16962
0.15733
0.15585
0.15818
0.15313
0.16657
0.17076
0.16111
0.16084
0.19981
0.21617
0.21966
0.21976
0.21332
0.23377
0.24232
0.25297
0.25297
0.24985
0.24430
0.23896
0.23897
0.22990
0.21358
0.21467
0.20857
0.20857
0.20857
0.20868
0.20863
0.20854
0.20857
0.20857
0.21840
0.19769
0.19600
0.18340
0.20506
0.20394
0.20421
0.21460
0.21381
0.20483
0.20496
0.21476
0.21415
0.19763
0.19761
0.21510
0.21510
0.19815
0.18382
0.19851
0.18800
0.18789
0.18789
0.18508
0.18508
0.17944
0.17386
0.18547
0.17409
0.17121
0.19691
0.21137
0.21467
0.22782
0.22410
0.22410
0.22295
0.22295
0.22343
0.22434
0.22504
0.23710
0.24289
0.23950
0.23907
0.23822
0.21401
0.22667
0.22161
0.21832
0.22184
0.22217
0.23880
0.23879
0.23879
0.17653
0.17653
0.15957
0.16456
0.16287
0.14217
0.13334
0.13080
0.13332
0.12155
0.11242
0.12713
0.12972
0.14265
0.14286
0.14244
0.13747
0.14344
0.14344
0.15466
0.16837
0.16417
0.16741
0.16219
0.16060
0.17010
0.16996
0.15819
0.15816
0.15937
0.15200
0.13745
0.13911
0.14461
0.13418
0.13995
0.14367
0.14547
0.14518
0.14044
0.16647
0.17191
0.17183
0.17103
0.15524
0.13579
0.13576
0.13579
0.13579
0.14602
0.14936
0.13552
0.13552
0.13552
0.14875
0.14200
0.13865
0.14382
0.16646
0.16605
0.14405
0.14956
0.15097
0.15592
0.14927
0.11550
0.11557
0.11551
0.11550
0.11548
0.11663
0.10207
0.09171
0.10567
0.10085
0.11363
0.11332
0.11115
0.12221
0.11469
0.11461
0.11402
0.11068
0.11219
0.11219
0.11142
0.11065
0.09244
0.08596
0.08346
0.08457
0.08436
0.06383
0.06383
0.08232
0.09536
0.09870
0.08664
0.08763
0.08664
0.08664
0.09192
0.10859
0.10857
0.11820
0.11770
0.11770
0.11502
0.11486
0.13092
0.13092
0.12654
0.12661
0.12661
0.12592
0.13567
0.13561
0.13079
0.12623
0.12436
0.12812
0.14082
0.16105
0.16105
0.16105
0.16105
0.14866
0.16744
0.16740
0.19160
0.18012
0.21979
0.22645
0.21995
0.22752
0.22879
0.22923
0.23122
0.23122
0.22235
0.17016
0.17390
0.18441
0.18652
0.19803
0.19962
0.19522
0.19514
0.19254
0.19187
0.19389
0.19367
0.16117
0.16117
0.15558
0.16809
0.16793
0.16603
0.17819
0.16304
0.16278
0.17155
0.14748
0.14776
0.14748
0.14748
0.15782
0.14551
0.14551
0.13919
0.15244
0.14826
0.13486
0.15122
0.16482
0.16482
0.16966
0.16838
0.16838
0.15921
0.15921
0.15222
0.16525
0.16488
0.16758
0.16079
0.15977
0.16138
0.16138
0.15436
0.14522
0.14528
0.14528
0.16095
0.15675
0.15675
0.15675
0.15675
0.17326
0.17325
0.16648
0.16343
0.16343
0.16343
0.17319
0.15261
0.15261
0.14821
0.13911
0.12648
0.14165
0.15346
0.14836
0.14436
0.14832
0.13888
0.13508
0.12347
0.11489
0.12726
0.12373
0.13471
0.13160
0.13160
0.13638
0.12977
0.13703
0.13697
0.13612
0.15891
0.16051
0.16519
0.17664
0.18133
0.17908
0.17117
0.18528
0.19811
0.19464
0.19154
0.19204
0.19044
0.19204
0.19631
0.17463
0.15950
0.15323
0.16039
0.16307
0.16302
0.15891
0.13019
0.13940
0.13765
0.13765
0.12664
0.12661
0.12661
0.11973
0.11779
0.12355
0.13485
0.13485
0.13846
0.12104
0.12104
0.11441
0.10797
0.10557
0.10544
0.09879
0.09879
0.09879
0.09875
0.10050
0.10472
0.11655
0.09974
0.08533
0.09207
0.09765
0.09905
0.11118
0.13045
0.13045
0.12819
0.10374
0.10313
0.10313
0.10283
0.10262
0.08707
0.08242
0.07569
0.08108
0.08108
0.08108
0.06235
0.05050
0.06123
0.04648
0.03545
0.03545
0.02828
0.02488
0.02488
0.02478
0.04095
0.05692
0.07121
0.09949
0.08038
0.11209
0.11126
0.11200
0.11953
0.11953
0.11953
0.11953
0.11955
0.11953
0.11952
0.11953
0.13012
0.10765
0.10730
0.10206
0.10742
0.11217
0.10509
0.10042
0.10038
0.08758
0.10326
0.10363
0.09407
0.09311
0.08614
0.08345
0.09006
0.09155
0.09155
0.05940
0.03990
0.03993
0.05288
0.05929
0.05436
0.05818
0.06941
0.06980
0.06987
0.06987
0.06162
0.06162
0.05790
0.05785
0.06179
0.05866
0.05866
0.06094
0.06130
0.04647
0.05910
0.04360
0.04550
0.04188
0.05298
0.03668
0.03668
0.03650
0.03593
0.04789
0.04025
0.04114
0.04229
0.04219
0.04229
0.04360
0.03913
0.02213
0.02220
0.03106
0.04078
0.05289
0.05237
0.05237
0.05237
0.05237
0.04158
0.04158
0.04156
0.03247
0.03184
0.03730
0.03543
0.02333
0.02905
0.03829
0.03829
0.04242
0.06082
0.06111
0.06234
0.06234
0.07142
0.06035
0.07436
0.07812
0.07808
0.07789
0.06340
0.06340
0.06340
0.05991
0.06042
0.06469
0.06068
0.07501
0.07501
0.08798
0.08978
0.09318
0.08134
0.08794
0.08140
0.07588
0.07588
0.07572
0.07516
0.08351
0.06445
0.06440
0.08052
0.08052
0.09115
0.06753
0.04427
0.04427
0.05673
0.05673
0.04240
0.01590
0.01584
0.00728
0.00731
0.02402
0.01245
0.02163
0.02163
0.02376
0.02376
0.04469
0.03685
0.03601
0.03946
0.05001
0.04971
0.03619
0.04543
0.04543
0.02090
0.01366
0.01366
0.00000
0.00400
0.00595
0.00205
0.00225
0.01542
0.01600
0.01600
0.01600
0.02852
0.02852
0.03163
0.03172
0.06664
0.06580
0.07407
0.07312
0.07534
0.06349
0.06392
0.06392
0.06392
0.05899
0.05153
0.05112
0.01951
0.01948
0.00839
0.00000
0.00277
0.00964
0.00927
0.00098
0.00098
0.00098
0.00000
0.00940
0.01107
0.00000
0.00072
0.00000
0.00000
0.01882
0.01776
0.03100
0.03100
0.02451
0.04370
0.04370
0.04382
0.06412
0.06459
0.06409
0.06409
0.07315
0.08224
0.06960
0.07045
0.07509
0.07938
0.05529
0.05244
0.05897
0.06329
0.06329
0.06693
0.05504
0.05547
0.05628
0.03927
0.03927
0.06450
0.05670
0.04193
0.04193
0.06829
0.06222
0.07032
0.07032
0.07032
0.07032
0.04650
0.05990
0.06845
0.06856
0.06860
0.06856
0.06338
0.06587
0.06165
0.04778
0.04778
0.05486
0.05486
0.05134
0.05547
0.05732
0.04452
0.04025
0.04195
0.04619
0.04619
0.03262
0.04046
0.02575
0.02599
0.02453
0.02599
0.02599
0.03409
0.04304
0.00655
0.00644
0.00969
0.00000
0.00014
0.00668
0.00668
0.00042
0.00036
0.00042
0.00017
0.00017
0.03855
0.04159
0.02843
0.02679
0.04374
0.04055
0.04347
0.03611
0.03366
0.03170
0.02791
0.02791
0.02794
0.02797
0.02805
0.02797
0.03073
0.02526
0.02526
0.03545
0.03706
0.02261
0.02437
0.04645
0.04415
0.04598
0.05425
0.05757
0.06117
0.06117
0.06144
0.05828
0.05828
0.04598
0.04691
0.04727
0.03076
0.04062
0.03173
0.03969
0.03557
0.03971
0.04010
0.03411
0.01965
0.02037
0.01965
0.01965
0.01238
0.01342
0.01341
0.01343
0.01341
0.02017
0.01527
0.01047
0.01047
0.00332
0.00596
0.00126
0.00389
0.00000
0.00000
0.00000
0.01290
0.01251
0.01251
0.01119
0.01121
0.02799
0.02815
0.02815
0.02828
0.05113
0.05139
0.04618
0.04213
0.03564
0.01484
0.03318
0.04169
0.03661
0.03621
0.02116
0.00312
0.00344
0.01667
0.03082
0.04255
0.04255
0.04304
0.04268
0.02932
0.02943
0.03061
0.04449
0.04883
0.05628
0.06710
0.06334
0.06571
0.04879
0.04879
0.03798
0.04121
0.03630
0.03564
0.03898
0.02291
0.02441
0.02360
0.02291
0.02128
0.02808
0.03255
0.00000
0.00241
0.00000
0.00000
0.00000
0.00070
0.00002
0.00002
0.00002
0.00000
0.00000
0.00000
0.00000
0.00000
0.00843
0.00294
0.00234
0.02571
0.03494
0.03160
0.03299
0.04513
0.04896
0.04404
0.04404
0.04884
0.04619
0.04015
0.03118
0.05332
0.06536
0.06825
0.06997
0.08452
0.07556
0.06601
0.04903
0.04903
0.04903
0.04918
0.07092
0.07476
0.10569
0.12978
0.13192
0.13199
0.11954
0.11954
0.11954
0.12140
0.13343
0.13735
0.13559
0.13514
0.13173
0.13337
0.13311
0.11018
0.11023
0.11923
0.10607
0.10188
0.10188
0.10822
0.10794
0.12108
0.11000
0.13797
0.13438
0.13995
0.12375
0.12375
0.12375
0.11394
0.11204
0.10998
0.10532
0.10692
0.12528
0.12528
0.12528
0.10807
0.09852
0.11142
0.11145
0.11142
0.11743
0.13186
0.11838
0.10794
0.09723
0.09248
0.09127
0.08775
0.08775
0.08789
0.06482
0.08870
0.08722
0.09155
0.09177
0.10448
0.10448
0.12110
0.12322
0.12056
0.14090
0.16600
0.17437
0.16820
0.16807
0.17282
0.17570
0.15311
0.15311
0.15246
0.15305
0.15926
0.15311
0.14172
0.13767
0.12263
0.10631
0.07845
0.07843
0.07434
0.07846
0.06535
0.06902
0.06902
0.06902
0.06902
0.06902
0.06879
0.07029
0.06221
0.06580
0.06799
0.06580
0.05435
0.06003
0.05691
0.05691
0.05691
0.04305
0.05334
0.03811
0.04103
0.04103
0.06142
0.06142
0.06779
0.06562
0.06935
0.05631
0.05134
0.06050
0.06012
0.06012
0.05572
0.06640
0.06640
0.07081
0.08358
0.08435
0.08973
0.07678
0.05936
0.05906
0.06049
0.05701
0.03758
0.03758
0.03031
0.03095
0.02545
0.02629
0.01746
0.03440
0.03427
0.02914
0.02286
0.02302
0.03236
0.02525
0.02473
0.02507
0.01259
0.01265
0.01859
0.00000
0.00000
0.00019
0.00012
0.00000
0.00714
0.01412
0.01404
0.01412
0.01412
0.03045
0.02913
0.02860
0.02948
0.02948
0.02948
0.03730
0.06337
0.03479
0.02911
0.02491
0.04124
0.03760
0.04077
0.03119
0.03035
0.03895
0.01775
0.01775
0.01775
0.01001
0.02050
0.01692
0.01777
0.01771
0.04311
0.06286
0.06286
0.06260
0.06036
0.06526
0.07648
0.07660
0.08184
0.08588
0.09869
0.08771
0.08960
0.08960
0.09000
0.08960
0.08908
0.09189
0.10742
0.09624
0.08475
0.10574
0.09612
0.11052
0.08691
0.07340
0.07340
0.09731
0.11277
0.12846
0.11394
0.11329
0.11328
0.11329
0.10505
0.11125
0.11127
0.11126
0.09583
0.09583
0.09583
0.08671
0.08874
0.09067
0.09213
0.09931
0.09930
0.09930
0.09942
0.09930
0.09283
0.09270
0.09508
0.09505
0.09958
0.10531
0.11843
0.11997
0.10755
0.10755
0.08512
0.08034
0.10477
0.10571
0.10477
0.10696
0.10366
0.07771
0.07555
0.08851
0.08083
0.08072
0.08066
0.08072
0.07531
0.09345
0.09974
0.10714
0.10714
0.09569
0.09897
0.09417
0.09588
0.10071
0.11699
0.12171
0.12171
0.12171
0.08883
0.08414
0.07807
0.07807
0.07807
0.07811
0.07807
0.07552
0.07145
0.07145
0.06729
0.07328
0.08616
0.08632
0.09475
0.09597
0.10259
0.11323
0.10868
0.11032
0.10233
0.11670
0.15249
0.15249
0.14809
0.14869
0.14551
0.14818
0.13706
0.11822
0.11418
0.11406
0.11418
0.09996
0.08225
0.07579
0.07492
0.07624
0.07179
0.07953
0.08359
0.08359
0.08573
0.07487
0.07625
0.08754
0.08754
0.08754
0.11374
0.11311
0.11127
0.11043
0.13325
0.14394
0.13252
0.17610
0.17874
0.19649
0.19649
0.19649
0.17982
0.17988
0.17982
0.17982
0.17250
0.14896
0.14909
0.15263
0.18188
0.21127
0.21303
0.20621
0.19646
0.18617
0.19151
0.16702
0.15806
0.15806
0.15804
0.14590
0.16784
0.15524
0.15943
0.16492
0.16165
0.16160
0.16435
0.16180
0.15462
0.14575
0.14643
0.13376
0.12757
0.13357
0.14375
0.16307
0.16022
0.15058
0.15044
0.15058
0.14799
0.14112
0.15209
0.15364
0.15301
0.14335
0.13652
0.13561
0.13591
0.13562
0.13267
0.12440
0.13954
0.14109
0.14218
0.14232
0.14243
0.14035
0.14035
0.12312
0.13627
0.13605
0.13635
0.13641
0.14104
0.14202
0.14886
0.14886
0.11977
0.11718
0.11531
0.14158
0.14177
0.14643
0.14411
0.15891
0.14954
0.12672
0.11494
0.11967
0.08439
0.08439
0.08524
0.08752
0.08820
0.10489
0.09500
0.09152
0.09152
0.09152
0.09259
0.10585
0.10591
0.10381
0.10353
0.10381
0.12375
0.11969
0.11817
0.10683
0.10683
0.10683
0.11666
0.10916
0.09882
0.10078
0.09306
0.08787
0.10516
0.10516
0.10506
0.09764
0.09473
0.10234
0.10957
0.09867
0.09672
0.08774
0.07661
0.06622
0.07636
0.07642
0.06670
0.07419
0.07419
0.06884
0.06347
0.06881
0.06881
0.07422
0.08420
0.08415
0.08728
0.08431
0.08540
0.08546
0.08041
0.07813
0.08490
0.08963
0.09879
0.10976
0.09966
0.07617
0.06566
0.06529
0.06473
0.06473
0.06473
0.06127
0.05917
0.05918
0.05044
0.05044
0.04053
0.04053
0.04053
0.04966
0.06468
0.06468
0.06938
0.05546
0.06836
0.06836
0.08229
0.08229
0.08240
0.08336
0.07713
0.07761
0.08267
0.08742
0.08851
0.09285
0.11457
0.10705
0.10706
0.09961
0.09528
0.09367
0.09270
0.09837
0.09641
0.09542
0.11204
0.11204
0.10653
0.07779
0.07620
0.07778
0.07334
0.07312
0.06196
0.06299
0.06273
0.06273
0.08589
0.08605
0.08605
0.08605
0.08605
0.08605
0.10142
0.10377
0.10377
0.09311
0.10822
0.10822
0.10822
0.10614
0.10126
0.11428
0.11877
0.12915
0.12381
0.10950
0.09709
0.09709
0.08937
0.08546
0.08589
0.07485
0.07338
0.07338
0.04119
0.04557
0.03868
0.04140
0.02313
0.03266
0.03271
0.03271
0.03270
0.03271
0.03240
0.03241
0.03573
0.02671
0.04800
0.02911
0.02095
0.02011
0.02828
0.03022
0.03021
0.01674
0.01674
0.00000
0.00000
0.00000
0.00002
0.00000
0.00937
0.02214
0.02190
0.02214
0.02176
0.02075
0.03379
0.03432
0.02829
0.02018
0.02018
0.01767
0.02407
0.02407
0.02407
0.02407
0.01625
0.01629
0.00893
0.00969
0.00246
0.01828
0.03348
0.02735
0.03411
0.04669
0.05253
0.08310
0.06030
0.08805
0.10824
0.08293
0.08546
0.07314
0.07326
0.07487
0.07325
0.07314
0.07618
0.07169
0.06598
0.06598
0.06594
0.07958
0.08377
0.09596
0.09596
0.07739
0.08894
0.07390
0.07385
0.07603
0.07566
0.07566
0.07566
0.07567
0.09323
0.08100
0.08141
0.08219
0.08100
0.08047
0.10104
0.10104
0.10104
0.09629
0.08351
0.08370
0.09473
0.09473
0.09764
0.11876
0.11876
0.10121
0.10065
0.09584
0.09944
0.09946
0.08646
0.08773
0.08525
0.08534
0.08404
0.09667
0.09694
0.10505
0.09893
0.09893
0.09231
0.09288
0.10138
0.09347
0.08311
0.08678
0.06093
0.08030
0.07949
0.09941
0.09941
0.10977
0.10114
0.09012
0.08951
0.08951
0.09311
0.10215
0.10702
0.06514
0.06636
0.07159
0.07060
0.07060
0.05599
0.05630
0.05599
0.07023
0.06710
0.06710
0.05988
0.04418
0.04029
0.03889
0.04021
0.02888
0.01556
0.04469
0.03069
0.05488
0.05451
0.05036
0.04071
0.03954
0.04120
0.03659
0.03616
0.06240
0.05164
0.06719
0.06359
0.08103
0.08103
0.08131
0.08103
0.08520
0.08397
0.05447
0.05489
0.05489
0.05007
0.06569
0.06569
0.09626
0.09160
0.07002
0.07017
0.07030
0.10098
0.10844
0.11012
0.10936
0.10936
0.12070
0.12070
0.13812
0.15830
0.15836
0.17049
0.17049
0.16783
0.16783
0.17324
0.16400
0.16400
0.16400
0.16523
0.15170
0.15164
0.15230
0.15161
0.15167
0.15166
0.13605
0.13605
0.13605
0.13634
0.13684
0.11504
0.11538
0.11529
0.11538
0.11593
0.13607
0.12558
0.11499
0.12131
0.12426
0.11432
0.11417
0.12682
0.11906
0.11901
0.12115
0.12120
0.13004
0.13053
0.11760
0.10943
0.10945
0.09699
0.08671
0.08715
0.09167
0.10006
0.09110
0.10319
0.10715
0.10715
0.12176
0.12495
0.11658
0.11682
0.12131
0.12131
0.14457
0.14456
0.10806
0.10742
0.10628
0.09979
0.10201
0.10201
0.09496
0.09320
0.09231
0.09497
0.09944
0.09944
0.09470
0.09518
0.09137
0.09139
0.09607
0.09269
0.10150
0.10152
0.09492
0.09528
0.09268
0.09265
0.09226
0.09110
0.09158
0.09266
0.09194
0.09804
0.09876
0.07339
0.07462
0.08020
0.08025
0.08020
0.08020
0.08020
0.07256
0.07237
0.07273
0.06157
0.06927
0.07369
0.07481
0.07481
0.06984
0.06196
0.06617
0.06598
0.06616
0.06364
0.06798
0.06089
0.06089
0.06089
0.06133
0.05520
0.05562
0.05520
0.05466
0.05496
0.06286
0.06286
0.07331
0.07347
0.06180
0.06898
0.07240
0.07231
0.07831
0.07831
0.06395
0.05598
0.06573
0.05804
0.02967
0.04186
0.06752
0.05750
0.05035
0.02991
0.02991
0.02203
0.01026
0.00000
0.00961
0.01176
0.01953
0.01953
0.01953
0.02695
0.01168
0.01295
0.00056
0.00291
0.00252
0.01983
0.02028
0.01983
0.01784
0.01820
0.01790
0.00892
0.02826
0.01715
0.02158
0.00875
0.01062
0.00000
0.00007
0.00000
0.00000
0.00000
0.00036
0.01213
0.01193
0.01193
0.01109
0.01109
0.01792
0.02564
0.03193
0.02573
0.02574
0.01977
0.01977
0.01957
0.00455
0.00455
0.00641
0.00455
0.00821
0.00000
0.02166
0.01732
0.01674
0.01742
0.02104
0.03206
0.02600
0.02600
0.01832
0.01918
0.03386
0.03010
0.03320
0.03020
0.03020
0.00000
0.00470
0.00175
0.00425
0.00424
0.01432
0.03261
0.03835
0.04778
0.05253
0.05583
0.05583
0.06541
0.05602
0.05314
0.04320
0.05326
0.05337
0.05337
0.05337
0.05337
0.05631
0.05631
0.05708
0.09779
0.08762
0.08966
0.09753
0.09753
0.09041
0.09270
0.09270
0.09270
0.08634
0.07616
0.07616
0.07551
0.07645
0.03481
0.03481
0.03481
0.03510
0.01030
0.00811
0.00812
0.01258
0.01097
0.01161
0.00869
0.00734
0.00758
0.02606
0.01728
0.01728
0.03647
0.03700
0.04813
0.04813
0.03142
0.03196
0.02057
0.00881
0.00156
0.00256
0.00000
0.00000
0.00000
0.00922
0.00011
0.00000
0.00000
0.00000
0.00000
0.01115
0.01115
0.00518
0.00000
0.00006
0.00004
0.00000
0.00000
0.00000
0.00000
0.00037
0.00045
0.00000
0.00000
0.00000
0.00006
0.00000
0.00818
0.00818
0.00818
0.02166
0.01531
0.00007
0.00000
0.00000
0.00845
0.00456
0.01589
0.00911
0.03419
0.00892
0.00998
0.00020
0.03173
0.02836
0.02836
0.04014
0.04375
0.05405
0.05405
0.06610
0.05594
0.05171
0.05360
0.05361
0.05947
0.05950
0.06851
0.06901
0.04747
0.05057
0.04310
0.06711
0.06711
0.06257
0.05710
0.07132
0.07245
0.07245
0.08061
0.07050
0.07050
0.08035
0.06164
0.06645
0.06871
0.06844
0.06844
0.07452
0.07859
0.07857
0.10583
0.11671
0.11859
0.09954
0.09949
0.10010
0.10510
0.11721
0.10961
0.10968
0.10872
0.10804
0.06636
0.06636
0.06602
0.06544
0.06544
0.06544
0.06373
0.06304
0.06353
0.06534
0.06534
0.06534
0.06534
0.06263
0.07415
0.08308
0.09100
0.11187
0.14119
0.13728
0.13728
0.13728
0.09938
0.09790
0.09790
0.11991
0.14111
0.14102
0.13334
0.13864
0.13864
0.13773
0.13864
0.17003
0.17967
0.17933
0.14926
0.15025
0.15001
0.13830
0.13350
0.13327
0.14203
0.16873
0.15568
0.15697
0.15697
0.15702
0.15697
0.15697
0.15697
0.15697
0.14557
0.14557
0.13458
0.13363
0.15315
0.15315
0.12582
0.12579
0.12441
0.12664
0.12664
0.11761
0.11791
0.12614
0.12088
0.14288
0.14288
0.12446
0.12422
0.12459
0.12598
0.12320
0.13972
0.15103
0.15071
0.14069
0.14069
0.11722
0.11305
0.08906
0.08684
0.08684
0.09004
0.07297
0.07256
0.07069
0.07069
0.07069
0.07069
0.07394
0.07163
0.08873
0.07606
0.07560
0.07948
0.06038
0.05472
0.04144
0.04942
0.05055
0.05032
0.04958
0.06577
0.07180
0.08075
0.08324
0.08324
0.08138
0.06668
0.06280
0.06741
0.08483
0.08308
0.07565
0.07888
0.08573
0.09048
0.09298
0.08512
0.07948
0.08518
0.08776
0.09563
0.09563
0.09753
0.09949
0.10020
0.07857
0.07857
0.09073
0.09073
0.07456
0.07445
0.07456
0.06865
0.09252
0.09245
0.09252
0.09184
0.08697
0.09959
0.09591
0.10216
0.10216
0.09515
0.07256
0.07159
0.06777
0.06979
0.06975
0.06359
0.09663
0.10136
0.10132
0.10149
0.09495
0.11210
0.11054
0.10934
0.10753
0.10745
0.10753
0.10461
0.10197
0.08481
0.09440
0.09142
0.09108
0.07169
0.07206
0.07348
0.07039
0.07039
0.06557
0.06557
0.05920
0.11372
0.09941
0.09963
0.09939
0.10572
0.09590
0.09346
0.09346
0.07906
0.06955
0.06955
0.06955
0.06977
0.07211
0.07209
0.07177
0.06754
0.07208
0.07172
0.07208
0.06940
0.06925
0.08367
0.06165
0.07526
0.06684
0.06740
0.07705
0.06525
0.05654
0.05225
0.04585
0.04585
0.07705
0.07656
0.07721
0.07693
0.08066
0.07733
0.07728
0.08344
0.05480
0.05489
0.05480
0.02008
0.02139
0.02139
0.02139
0.00488
0.01243
0.00170
0.00158
0.00000
0.00296
0.00490
0.00292
0.01531
0.01531
0.02468
0.00182
0.00125
0.00842
0.01774
0.01750
0.01715
0.01652
0.01650
0.00000
0.01247
0.00000
0.00000
0.01074
0.02805
0.01136
0.01549
0.01784
0.00801
0.02221
0.02221
0.01967
0.01968
0.01968
0.01681
0.02061
0.03427
0.04325
0.06201
0.05802
0.05802
0.05469
0.04973
0.05547
0.05637
0.07671
0.09215
0.08389
0.09004
0.10264
0.10264
0.09276
0.08437
0.08380
0.08380
0.08502
0.08422
0.08087
0.09342
0.09335
0.10597
0.10597
0.10206
0.10203
0.08909
0.10193
0.08253
0.08246
0.07850
0.07027
0.04939
0.04998
0.04595
0.04604
0.05697
0.07069
0.08170
0.10238
0.09019
0.09017
0.09017
0.08369
0.09284
0.08692
0.08790
0.07723
0.07594
0.09229
0.09071
0.08967
0.08946
0.09046
0.09251
0.11461
0.14301
0.14560
0.14374
0.12923
0.14722
0.14073
0.15953
0.15950
0.13848
0.13151
0.10918
0.09847
0.09845
0.08440
0.08443
0.08438
0.09092
0.08644
0.04817
0.04688
0.05587
0.05556
0.05556
0.05556
0.05908
0.06615
0.06597
0.06903
0.06924
0.06616
0.06614
0.07944
0.07437
0.09038
0.09394
0.09394
0.06978
0.06802
0.06802
0.06019
0.03413
0.03413
0.03473
0.04256
0.03813
0.05549
0.06718
0.06733
0.06433
0.07086
0.06675
0.10745
0.10895
0.10889
0.10865
0.09682
0.10827
0.10827
0.10827
0.12010
0.12438
0.12368
0.11370
0.12515
0.12519
0.12515
0.12493
0.13104
0.13248
0.12371
0.12119
0.12046
0.13319
0.13021
0.13021
0.13032
0.11758
0.10948
0.12769
0.12528
0.12373
0.09957
0.09599
0.09207
0.09801
0.09801
0.09597
0.08683
0.08126
0.08126
0.09110
0.09758
0.09636
0.09765
0.08676
0.08958
0.08662
0.10175
0.10624
0.11317
0.10876
0.11961
0.14212
0.14077
0.14872
0.14801
0.15013
0.15205
0.16337
0.14081
0.13380
0.14891
0.13906
0.13945
0.13884
0.13078
0.13077
0.13078
0.11946
0.11187
0.10386
0.11309
0.11309
0.11309
0.10272
0.09214
0.09218
0.09421
0.09421
0.09952
0.09979
0.12473
0.12847
0.12822
0.13815
0.13673
0.13646
0.12330
0.11297
0.10374
0.10906
0.10000
0.11239
0.11236
0.11239
0.09322
0.10555
0.10555
0.10555
0.10873
0.11068
0.10213
0.10151
0.09535
0.09386
0.08775
0.08931
0.09922
0.09187
0.08791
0.07867
0.07644
0.07644
0.07302
0.07358
0.07295
0.07322
0.07322
0.06808
0.04951
0.04951
0.04951
0.04950
0.05220
0.06033
0.06910
0.06685
0.06687
0.07268
0.08046
0.07312
0.08838
0.09159
0.08803
0.08736
0.07989
0.07450
0.07802
0.06413
0.07102
0.07102
0.07903
0.07903
0.07903
0.07903
0.07903
0.07364
0.07688
0.08302
0.08151
0.07410
0.06844
0.09780
0.10008
0.09206
0.09099
0.07777
0.06601
0.06864
0.08885
0.08885
0.07735
0.07755
0.07323
0.05917
0.06776
0.06776
0.08035
0.07547
0.07531
0.08860
0.08453
0.08453
0.08508
0.08555
0.08715
0.08794
0.08794
0.06012
0.06017
0.07646
0.07673
0.07692
0.08005
0.08425
0.09201
0.09901
0.09488
0.09487
0.09834
0.09957
0.07929
0.04448
0.05569
0.05563
0.05477
0.03146
0.03913
0.04933
0.03883
0.02692
0.02692
0.02692
0.03602
0.03597
0.02686
0.02686
0.02686
0.02657
0.02686
0.03288
0.02361
0.03449
0.03473
0.04636
0.04959
0.05748
0.05806
0.05433
0.05425
0.05432
0.04577
0.03758
0.03530
0.05073
0.03025
0.02335
0.03080
0.03531
0.03432
0.03769
0.03751
0.03751
0.04603
0.04526
0.04320
0.04329
0.04204
0.04204
0.04248
0.05254
0.05254
0.02705
0.02707
0.04493
0.04494
0.01490
0.01666
0.00799
0.00799
0.01320
0.01137
0.01137
0.01137
0.01264
0.03691
0.03351
0.04297
0.04661
0.04476
0.03298
0.03298
0.03781
0.03946
0.04104
0.04160
0.03995
0.04162
0.05755
0.06289
0.06534
0.06289
0.06616
0.07356
0.07870
0.07870
0.07870
0.07866
0.05976
0.05810
0.05918
0.05291
0.05305
0.05301
0.05068
0.03822
0.05582
0.04401
0.05993
0.05431
0.07105
0.07100
0.07127
0.07869
0.08952
0.08952
0.08952
0.09699
0.10594
0.10594
0.10594
0.10234
0.09102
0.10047
0.10047
0.08796
0.07709
0.07589
0.04490
0.04490
0.04742
0.05306
0.05022
0.04640
0.04946
0.07007
0.07488
0.07488
0.07488
0.07488
0.07488
0.08487
0.08501
0.09222
0.09222
0.07633
0.06439
0.08161
0.08160
0.08628
0.09172
0.09172
0.07129
0.07104
0.07685
0.06511
0.06300
0.04389
0.04650
0.04650
0.04025
0.03351
0.03351
0.03352
0.03358
0.03349
0.03351
0.04422
0.04211
0.00044
0.00016
0.00012
0.00016
0.01533
0.00000
0.00000
0.01702
0.01838
0.02020
0.00340
0.00359
0.03856
0.04273
0.04691
0.03452
0.03465
0.05568
0.08026
0.08285
0.08285
0.08263
0.09009
0.08291
0.08617
0.08617
0.07800
0.06748
0.06589
0.06096
0.06074
0.06039
0.06070
0.05614
0.03895
0.03928
0.03928
0.02422
0.04224
0.04224
0.04226
0.04660
0.06694
0.05282
0.05282
0.05282
0.04233
0.04209
0.01914
0.02819
0.03170
0.03273
0.03596
0.03566
0.04199
0.03767
0.03503
0.03503
0.04082
0.05064
0.04761
0.04287
0.04280
0.04333
0.05410
0.08143
0.08004
0.09017
0.07282
0.07282
0.07237
0.09507
0.10389
0.09539
0.09030
0.09745
0.08706
0.08203
0.08203
0.08560
0.08560
0.08408
0.08545
0.07925
0.10132
0.12798
0.12802
0.12802
0.13766
0.13744
0.14265
0.13781
0.13744
0.12410
0.16152
0.16054
0.16088
0.15774
0.13269
0.13522
0.13678
0.13672
0.15576
0.13358
0.13358
0.13358
0.12795
0.12780
0.12799
0.12426
0.11687
0.11667
0.11687
0.10113
0.10113
0.09653
0.10124
0.11106
0.09616
0.09917
0.09916
0.09916
0.13183
0.13183
0.13076
0.13300
0.13798
0.13311
0.13487
0.13247
0.12286
0.12286
0.11336
0.11361
0.11267
0.10743
0.09210
0.07595
0.06562
0.04805
0.04205
0.04205
0.04010
0.04830
0.04428
0.04280
0.06388
0.06477
0.06409
0.06823
0.06812
0.07253
0.06550
0.06550
0.08621
0.08621
0.09354
0.07418
0.07418
0.07418
0.07419
0.07419
0.06862
0.06862
0.07556
0.07293
0.07858
0.07066
0.05331
0.07997
0.07690
0.07997
0.06463
0.06468
0.06471
0.06661
0.06053
0.05930
0.07192
0.07882
0.07883
0.07932
0.07081
0.06983
0.06421
0.06800
0.06570
0.06800
0.06712
0.07687
0.08076
0.09149
0.08604
0.08463
0.06646
0.06297
0.06297
0.08132
0.08648
0.08648
0.08358
0.08648
0.08648
0.08648
0.09231
0.09234
0.09231
0.09231
0.09799
0.10506
0.11848
0.13194
0.13145
0.13261
0.13256
0.13256
0.13256
0.09628
0.09103
0.07821
0.07821
0.07821
0.06801
0.05343
0.05128
0.04144
0.03951
0.04132
0.03905
0.04292
0.03557
0.04007
0.03474
0.03914
0.04129
0.04336
0.04095
0.04126
0.02019
0.01348
0.01348
0.01348
0.01348
0.01347
0.00747
0.00481
0.02973
0.01110
0.01110
0.03164
0.02229
0.03581
0.04261
0.04262
0.03946
0.04496
0.04546
0.04496
0.03631
0.03654
0.03631
0.04422
0.05360
0.05360
0.05815
0.05815
0.05809
0.04700
0.05124
0.06959
0.04945
0.04790
0.04525
0.04290
0.04046
0.05617
0.05562
0.05762
0.05078
0.02325
0.02504
0.02219
0.02219
0.02108
0.01180
0.01628
0.01627
0.01532
0.02941
0.03028
0.03968
0.03800
0.03800
0.03332
0.02297
0.02083
0.01373
0.02745
0.03150
0.02575
0.02818
0.02739
0.00819
0.05039
0.05769
0.05789
0.07021
0.07021
0.05582
0.04614
0.04614
0.05374
0.04397
0.03514
0.02551
0.02514
0.03308
0.03308
0.03827
0.04115
0.04478
0.02880
0.04698
0.04527
0.04527
0.04527
0.05090
0.05200
0.04105
0.04115
0.04244
0.04244
0.05847
0.05386
0.05386
0.05386
0.06035
0.06035
0.06035
0.06035
0.06035
0.06764
0.06035
0.07030
0.06907
0.07256
0.07256
0.07022
0.06747
0.05953
0.03497
0.07893
0.07891
0.08308
0.08302
0.08309
0.11363
0.10393
0.10393
0.10393
0.10865
0.10865
0.10865
0.10456
0.08809
0.08809
0.03198
0.03137
0.03770
0.06586
0.06657
0.07436
0.07655
0.07660
0.06034
0.06034
0.06034
0.07151
0.07806
0.07806
0.07811
0.07903
0.07329
0.06400
0.06968
0.12614
0.12614
0.13463
0.14110
0.13608
0.14110
0.14110
0.13661
0.13075
0.12917
0.11696
0.11692
0.11501
0.14504
0.14537
0.14537
0.14537
0.15626
0.14101
0.14101
0.12329
0.10991
0.09827
0.13167
0.10688
0.10728
0.10858
0.11780
0.12080
0.12101
0.12104
0.12808
0.12176
0.12176
0.12176
0.11672
0.07539
0.06939
0.07111
0.07071
0.06538
0.06592
0.06598
0.06434
0.07293
0.09407
0.09421
0.07886
0.07243
0.07526
0.07825
0.10723
0.09681
0.09326
0.09326
0.10552
0.09577
0.09542
0.10459
0.09395
0.09409
0.09388
0.08931
0.07406
0.08860
0.09051
0.07830
0.07830
0.07830
0.06601
0.07345
0.07485
0.06000
0.06240
0.07044
0.08275
0.09448
0.09448
0.10310
0.10369
0.10310
0.10310
0.10310
0.10804
0.08777
0.09922
0.09998
0.09043
0.09052
0.09052
0.09052
0.09052
0.09713
0.10404
0.11813
0.11813
0.11813
0.13096
0.13573
0.14308
0.14133
0.16075
0.14692
0.14692
0.13972
0.14196
0.13693
0.15568
0.13203
0.12947
0.12582
0.11484
0.11573
0.11206
0.10638
0.10793
0.11066
0.09976
0.08360
0.05567
0.05637
0.04919
0.05056
0.03267
0.03041
0.02116
0.02116
0.00662
0.00661
0.01652
0.00067
0.00000
0.00000
0.01057
0.00000
0.02107
0.02525
0.02525
0.01418
0.01668
0.01750
0.00885
0.00567
0.02575
0.02093
0.00154
0.00174
0.00553
0.00000
0.00007
0.00000
0.00000
0.00028
0.00000
0.00185
0.00185
0.00934
0.02715
0.02544
0.02428
0.02544
0.02544
0.03939
0.03939
0.02829
0.03775
0.03851
0.04427
0.02955
0.03057
0.05106
0.06329
0.05610
0.05618
0.03522
0.02629
0.02210
0.02199
0.02199
0.02379
0.01434
0.02050
0.02129
0.02122
0.02003
0.01481
0.01481
0.01481
0.01481
0.00969
0.00975
0.01787
0.00000
0.00603
0.00660
0.00685
0.00660
0.00660
0.00660
0.00644
0.00660
0.00660
0.00000
0.00000
0.00000
0.00000
0.00296
0.02319
0.04933
0.04125
0.05079
0.05079
0.05079
0.05100
0.05079
0.03624
0.05063
0.06434
0.06194
0.06194
0.06194
0.06486
0.05447
0.05469
0.05469
0.06655
0.04828
0.04678
0.05662
0.05662
0.06443
0.05315
0.05297
0.07503
0.07858
0.07792
0.07590
0.08233
0.08233
0.08233
0.07477
0.07320
0.07320
0.07320
0.08220
0.08553
0.08553
0.08663
0.08448
0.10741
0.10293
0.10270
0.10288
0.10229
0.08551
0.08308
0.09451
0.09725
0.09721
0.09216
0.10586
0.10717
0.11120
0.11163
0.12468
0.12035
0.11321
0.12063
0.12576
0.12344
0.12100
0.13377
0.12180
0.13852
0.14161
0.14133
0.14438
0.15560
0.15285
0.14479
0.15362
0.15693
0.15582
0.10954
0.10953
0.10963
0.10259
0.10311
0.10161
0.10162
0.10162
0.11012
0.11218
0.10827
0.10836
0.09837
0.08165
0.08165
0.08165
0.08194
0.07121
0.07978
0.08140
0.06830
0.07185
0.06963
0.05920
0.05921
0.04299
0.04299
0.03941
0.03965
0.03664
0.04277
0.03946
0.03946
0.03369
0.03596
0.04000
0.05337
0.05355
0.05542
0.06040
0.07567
0.06721
0.07313
0.11114
0.11114
0.11260
0.11302
0.12171
0.10237
0.09013
0.05942
0.06127
0.06016
0.06095
0.06593
0.06827
0.06986
0.07387
0.08049
0.08448
0.08457
0.06770
0.06137
0.05736
0.04886
0.04614
0.04836
0.04301
0.03985
0.04795
0.04772
0.02740
0.02814
0.01395
0.01960
0.02877
0.02877
0.02643
0.02700
0.02525
0.02569
0.02079
0.01201
0.01267
0.02383
0.02823
0.03938
0.04039
0.05966
0.05966
0.05973
0.05820
0.04281
0.04270
0.04510
0.00712
0.00719
0.01915
0.00425
0.03047
0.03116
0.03112
0.02504
0.01338
0.01339
0.01338
0.00907
0.00503
0.00000
0.01319
0.02475
0.02475
0.02444
0.02221
0.02195
0.02221
0.02263
0.02221
0.02403
0.02216
0.03128
0.03050
0.03715
0.01766
0.03725
0.04483
0.04903
0.04483
0.04483
0.03468
0.01589
0.00283
0.00000
0.00895
0.00896
0.00895
0.00895
0.00726
0.02462
0.02462
0.02462
0.01626
0.03419
0.03811
0.03810
0.04255
0.04242
0.05080
0.05080
0.05808
0.05808
0.06001
0.05201
0.05719
0.05155
0.05269
0.07119
0.04568
0.04336
0.04336
0.04343
0.04336
0.05963
0.05963
0.07153
0.07210
0.07170
0.08368
0.09241
0.08567
0.08222
0.06185
0.07650
0.08201
0.07227
0.07233
0.07936
0.08786
0.07121
0.07121
0.06835
0.08883
0.06987
0.08404
0.08144
0.10473
0.12121
0.12215
0.11613
0.11826
0.11832
0.12303
0.12337
0.12332
0.14437
0.14598
0.13544
0.13895
0.13800
0.13800
0.13814
0.12788
0.11731
0.10301
0.08311
0.08403
0.08403
0.07368
0.07372
0.08777
0.08773
0.08777
0.08734
0.06918
0.07219
0.06958
0.04985
0.05089
0.05089
0.05229
0.05041
0.05106
0.05475
0.07703
0.07703
0.08791
0.08827
0.08996
0.08079
0.08079
0.08083
0.10173
0.10677
0.09184
0.09687
0.10261
0.10612
0.10749
0.08864
0.08834
0.07281
0.07444
0.08346
0.08245
0.08403
0.06926
0.07169
0.07089
0.07089
0.06571
0.06570
0.06590
0.07033
0.07030
0.07030
0.07030
0.04857
0.04038
0.05242
0.05259
0.04611
0.05615
0.05542
0.05459
0.05088
0.05088
0.05048
0.03968
0.06338
0.06338
0.06338
0.05567
0.05552
0.03445
0.03845
0.05279
0.05179
0.02816
0.03598
0.05675
0.05674
0.05588
0.03871
0.03858
0.02784
0.02128
0.02202
0.00902
0.00902
0.00978
0.02145
0.01319
0.01331
0.01846
0.01875
0.01799
0.01746
0.02000
0.02462
0.02614
0.03533
0.03611
0.04286
0.04866
0.03818
0.03339
0.03121
0.02719
0.02672
0.01180
0.02922
0.02922
0.01612
0.01626
0.02990
0.02361
0.02879
0.01235
0.01058
0.00000
0.00517
0.00406
0.00001
0.00001
0.02047
0.02112
0.02050
0.02123
0.02047
0.02047
0.03287
0.03287
0.01680
0.00477
0.00049
0.00057
0.00000
0.00000
0.00776
0.00000
0.00587
0.01686
0.01693
0.01693
0.01685
0.01161
0.01823
0.01823
0.01421
0.01455
0.01430
0.01423
0.01065
0.01251
0.01182
0.00706
0.00702
0.00284
0.01960
0.01955
0.03076
0.02894
0.02817
0.02885
0.04083
0.02697
0.02697
0.02697
0.01596
0.02385
0.02335
0.02334
0.00925
0.00909
0.00046
0.00046
0.00065
0.00000
0.00000
0.00000
0.00000
0.00000
0.00000
0.00246
0.00790
0.00391
0.00473
0.03294
0.03294
0.03294
0.03294
0.05139
0.06925
0.05442
0.05421
0.05819
0.05421
0.06213
0.05100
0.04982
0.04982
0.04982
0.04032
0.04410
0.04844
0.03769
0.00619
0.00619
0.01980
0.01978
0.03442
0.03952
0.02674
0.02733
0.02733
0.01824
0.01824
0.01186
0.00507
0.00507
0.02137
0.02137
0.01934
0.01653
0.02414
0.02933
0.03698
0.03456
0.03161
0.01257
0.01259
0.00084
0.00281
0.00000
0.02525
0.03488
0.04268
0.02264
0.02355
0.01278
0.01275
0.01275
0.01031
0.01719
0.01275
0.01713
0.01849
0.02261
0.02394
0.02395
0.02395
0.01973
0.01976
0.03418
0.04958
0.02790
0.01714
0.02281
0.04889
0.04134
0.05696
0.07233
0.07208
0.09191
0.10379
0.10707
0.12018
0.11176
0.09332
0.09364
0.10112
0.10048
0.10139
0.11033
0.10128
0.10596
0.10596
0.12351
0.09966
0.09330
0.10600
0.11542
0.11542
0.13740
0.13703
0.13149
0.12659
0.12707
0.12862
0.12141
0.11448
0.11451
0.12513
0.12022
0.12013
0.11346
0.12005
0.12005
0.13687
0.13874
0.12777
0.12780
0.11790
0.10903
0.11648
0.11907
0.11441
0.11324
0.11324
0.12411
0.11951
0.11834
0.12131
0.12114
0.11519
0.11524
0.09970
0.09970
0.09970
0.10094
0.10648
0.10843
0.10852
0.09124
0.09016
0.08393
0.09773
0.09389
0.07160
0.07160
0.07160
0.07160
0.07160
0.07198
0.07162
0.05814
0.06147
0.06144
0.06144
0.09680
0.08105
0.08896
0.09015
0.09016
0.11418
0.10130
0.11797
0.10262
0.12647
0.12910
0.13255
0.11904
0.12207
0.12207
0.12207
0.12209
0.12190
0.12175
0.11890
0.12224
0.12224
0.12667
0.12678
0.12675
0.12675
0.13104
0.12167
0.12167
0.12167
0.10362
0.10949
0.10196
0.10029
0.10029
0.10029
0.10031
0.10029
0.10029
0.10330
0.10303
0.10330
0.10330
0.10354
0.10330
0.09466
0.08380
0.08380
0.08359
0.07833
0.07833
0.08617
0.11793
0.11793
0.09820
0.10102
0.08837
0.09190
0.08971
0.08971
0.08971
0.09014
0.09596
0.06861
0.05827
0.05509
0.04656
0.05031
0.05375
0.06205
0.07803
0.06783
0.06787
0.06400
0.06732
0.06764
0.05846
0.07116
0.06048
0.06273
0.06270
0.07376
0.05728
0.04831
0.05786
0.05573
0.06604
0.09491
0.09137
0.09823
0.10529
0.10529
0.09752
0.07357
0.07342
0.07357
0.06778
0.06763
0.06765
0.07659
0.07715
0.07498
0.08650
0.08650
0.08230
0.08230
0.08941
0.08941
0.09411
0.09357
0.07813
0.07813
0.07793
0.07813
0.08303
0.09722
0.11656
0.11656
0.12969
0.13055
0.13055
0.11740
0.10730
0.10730
0.10077
0.10236
0.08676
0.07703
0.07415
0.07894
0.07552
0.07836
0.09056
0.08114
0.08001
0.09049
0.08905
0.08683
0.09318
0.10267
0.10267
0.10267
0.10267
0.10030
0.11116
0.10080
0.10080
0.09404
0.09407
0.10857
0.11889
0.11754
0.12234
0.11437
0.12261
0.11635
0.10196
0.10057
0.10134
0.11627
0.10739
0.10739
0.11632
0.11599
0.11599
0.11599
0.10361
0.10936
0.10150
0.09160
0.09140
0.09341
0.07379
0.07475
0.07475
0.06541
0.06304
0.04006
0.03848
0.02678
0.02402
0.02594
0.03439
0.03902
0.04785
0.04660
0.06032
0.04919
0.04919
0.04904
0.04919
0.05904
0.05494
0.03969
0.03722
0.03685
0.03676
0.03034
0.03034
0.02982
0.03034
0.01628
0.01628
0.00067
0.01661
0.01885
0.00372
0.00372
0.00349
0.00645
0.00372
0.01524
0.02171
0.03520
0.01573
0.02522
0.00792
0.00789
0.03216
0.03795
0.04364
0.04267
0.03147
0.04313
0.04140
0.03230
0.02903
0.02902
0.02931
0.02903
0.03840
0.05035
0.05596
0.05596
0.07321
0.07566
0.06291
0.05287
0.05560
0.06336
0.05516
0.05551
0.05518
0.05516
0.05516
0.05978
0.03999
0.04668
0.04668
0.03791
0.05107
0.06132
0.05324
0.05324
0.05324
0.05595
0.04937
0.04937
0.05981
0.05980
0.05980
0.06056
0.06077
0.05035
0.06756
0.06867
0.06643
0.06169
0.06233
0.08106
0.08106
0.08106
0.05934
0.03191
0.03189
0.01315
0.01636
0.01826
0.01847
0.01847
0.01185
0.00182
0.01006
0.00346
0.01264
0.01251
0.01031
0.00153
0.00168
0.00168
0.00066
0.00000
0.00000
0.00555
0.00630
0.00565
0.00427
0.00434
0.00864
0.01370
0.01762
0.00668
0.00000
0.00000
0.00000
0.00001
0.00479
0.00522
0.00478
0.01650
0.01880
0.02017
0.01064
0.01662
0.01641
0.01420
0.00319
0.00319
0.00000
0.00070
0.00166
0.00000
0.01306
0.02040
0.00917
0.00873
0.00810
0.00559
0.00730
0.00619
0.00000
0.00051
0.00487
0.01566
0.01502
0.01653
0.01674
0.02402
0.01200
0.00656
0.00824
0.00000
0.00000
0.01325
0.01623
0.02040
0.00638
0.00638
0.00638
0.00000
0.00000
0.00000
0.00000
0.00000
0.00000
0.01668
0.02276
0.01805
0.01605
0.01605
0.00697
0.00538
0.01325
0.02243
0.02335
0.02399
0.00000
0.01119
0.01105
0.00953
0.01090
0.01112
0.05160
0.05611
0.06462
0.07678
0.07632
0.07621
0.07928
0.07020
0.05987
0.06695
0.06879
0.05498
0.05933
0.05997
0.03359
0.03046
0.03785
0.03786
0.02945
0.02946
0.02946
0.02946
0.03728
0.05435
0.07050
0.07732
0.07732
0.05936
0.05789
0.05724
0.05724
0.05732
0.05748
0.05323
0.05258
0.05176
0.04736
0.04736
0.04736
0.04750
0.04736
0.03816
0.04316
0.04700
0.02766
0.03781
0.03603
0.02912
0.02954
0.06266
0.06266
0.06308
0.04584
0.04350
0.03955
0.03163
0.03147
0.03147
0.04651
0.04651
0.03519
0.04971
0.06223
0.04659
0.05086
0.04666
0.04135
0.07118
0.07111
0.05753
0.05763
0.06478
0.06750
0.06750
0.06722
0.06798
0.04501
0.04501
0.04833
0.04618
0.04388
0.04832
0.03413
0.03413
0.03942
0.03942
0.04333
0.04333
0.02281
0.02288
0.02347
0.03340
0.03340
0.04614
0.05914
0.05872
0.06340
0.07668
0.04824
0.04147
0.02267
0.02280
0.00989
0.00985
0.00989
0.00987
0.01458
0.01830
0.03180
0.04513
0.04660
0.03917
0.04093
0.04093
0.04093
0.05138
0.04660
0.04890
0.04874
0.04890
0.03802
0.02815
0.01155
0.00929
0.00000
0.00000
0.00000
0.00236
0.00000
0.00000
0.00000
0.00000
0.00000
0.00000
0.00363
0.01807
0.01807
0.01794
0.01081
0.01081
0.00492
0.00371
0.01556
0.01694
0.00875
0.00000
0.00166
0.00312
0.00312
0.04095
0.02176
0.00000
0.00000
0.00000
0.00000
0.00000
0.00000
0.00011
0.01082
0.00000
0.00000
0.00000
0.00692
0.00077
0.00001
0.00488
0.00235
0.00351
0.00351
0.00351
0.00000
0.00034
0.00153
0.00000
0.00000
0.00000
0.01167
0.01289
0.00264
0.00000
0.01067
0.00000
0.00000
0.01647
0.01737
0.02595
0.00810
0.01951
0.02811
0.02758
0.01077
0.01875
0.01543
0.03160
0.03497
0.03511
0.03804
0.03952
0.03952
0.04198
0.04198
0.03883
0.03870
0.05041
0.03022
0.05626
0.05740
0.07243
0.07477
0.07477
0.08386
0.08386
0.09593
0.08110
0.06129
0.06587
0.07190
0.07164
0.05167
0.05167
0.05167
0.08497
0.08791
0.08791
0.10558
0.09618
0.07993
0.08294
0.08749
0.08539
0.08826
0.08826
0.08534
0.08845
0.08895
0.08052
0.08055
0.08065
0.06427
0.07559
0.07551
0.07506
0.07537
0.06021
0.04178
0.02449
0.02380
0.01506
0.02350
0.02504
0.04798
0.05811
0.06403
0.06357
0.05024
0.04988
0.05024
0.05107
0.05060
0.04953
0.05180
0.04663
0.06388
0.06347
0.06673
0.07308
0.07308
0.07308
0.06774
0.07282
0.07282
0.07890
0.08054
0.08054
0.09100
0.06689
0.08989
0.07552
0.07972
0.07972
0.06630
0.07410
0.07432
0.07438
0.07438
0.08683
0.07440
0.06464
0.06963
0.08157
0.08157
0.06884
0.06602
0.04809
0.06342
0.07701
0.06083
0.07673
0.06056
0.07077
0.08308
0.06835
0.06839
0.06417
0.05051
0.05052
0.06946
0.06913
0.06528
0.06879
0.07520
0.06272
0.06338
0.05777
0.05455
0.07217
0.09353
0.05266
0.04572
0.04634
0.03808
0.04537
0.04894
0.04894
0.08185
0.08060
0.08394
0.08630
0.07618
0.06824
0.06822
0.07805
0.06389
0.03738
0.03352
0.05069
0.02921
0.02936
0.02308
0.02308
0.02308
0.02663
0.02443
0.02441
0.02441
0.03227
0.03555
0.03634
0.04829
0.04332
0.03215
0.03215
0.05022
0.05019
0.05957
0.05900
0.07031
0.05659
0.04969
0.05558
0.04549
0.04981
0.05814
0.05442
0.05442
0.03724
0.06273
0.08056
0.06043
0.05959
0.06047
0.06047
0.06047
0.06047
0.06087
0.06047
0.06047
0.05973
0.07665
0.06901
0.06903
0.06460
0.06142
0.05515
0.05831
0.06503
0.06611
0.07575
0.07149
0.08052
0.07869
0.08835
0.09966
0.09959
0.09966
0.09966
0.11130
0.09765
0.08105
0.08132
0.08706
0.07869
0.08136
0.07888
0.07936
0.07880
0.09613
0.09268
0.10273
0.10142
0.08757
0.08757
0.08757
0.08842
0.10676
0.11538
0.11186
0.11668
0.14198
0.14548
0.13195
0.12546
0.12931
0.13230
0.13242
0.10368
0.09951
0.08535
0.08021
0.08518
0.08594
0.08629
0.08629
0.08629
0.06722
0.06537
0.06537
0.07266
0.06951
0.06955
0.06951
0.06078
0.04623
0.03876
0.03876
0.03876
0.02931
0.02932
0.02932
0.03180
0.05026
0.04761
0.04796
0.04385
0.04796
0.03380
0.03382
0.03377
0.02917
0.02918
0.00757
0.00444
0.00006
0.01927
0.03608
0.02172
0.01862
0.02522
0.02522
0.02828
0.02828
0.02020
0.02020
0.02014
0.01001
0.01068
0.01068
0.01071
0.02422
0.01934
0.01809
0.01933
0.01676
0.00000
0.00000
0.00000
0.00000
0.00000
0.01156
0.03533
0.03800
0.02337
0.04718
0.04718
0.05804
0.05870
0.05751
0.05751
0.06950
0.04886
0.07622
0.09189
0.09754
0.10761
0.10746
0.09186
0.09306
0.08405
0.07824
0.07825
0.07940
0.05916
0.05914
0.06460
0.06641
0.05331
0.05335
0.05331
0.06137
0.06137
0.06137
0.04771
0.04142
0.03704
0.03290
0.03290
0.03290
0.03290
0.03099
0.03290
0.03917
0.04825
0.04802
0.04802
0.04834
0.05275
0.03944
0.06716
0.07334
0.07828
0.08949
0.09212
0.08962
0.10217
0.10719
0.08988
0.09316
0.10788
0.10788
0.13423
0.13423
0.13569
0.13218
0.13874
0.13757
0.13347
0.12158
0.11556
0.12679
0.12906
0.12433
0.12435
0.11831
0.11775
0.09640
0.09224
0.09224
0.09561
0.09362
0.08987
0.10254
0.08437
0.09119
0.08522
0.07971
0.07532
0.06298
0.06513
0.06513
0.05978
0.04946
0.05263
0.04906
0.03239
0.02711
0.02715
0.04448
0.04440
0.04617
0.04579
0.04579
0.03478
0.06097
0.05523
0.06469
0.06490
0.08088
0.08564
0.08564
0.08564
0.10470
0.10274
0.08069
