0.00000
0.00001
0.00000
0.00000
0.00161
0.00000
0.01404
0.00535
0.00579
0.01102
0.01102
0.01102
0.00771
0.00572
0.00813
0.00999
0.00999
0.01062
0.00007
0.00470
0.00371
0.00476
0.00474
0.01110
0.02609
0.05031
0.05247
0.03803
0.05207
0.05703
0.05548
0.05572
0.04623
0.03650
0.02837
0.04334
0.04336
0.05136
0.04099
0.03708
0.05429
0.05429
0.07637
0.07482
0.07656
0.07704
0.08116
0.08552
0.07902
0.08098
0.08994
0.08994
0.08226
0.08226
0.06958
0.05368
0.05368
0.05203
0.07955
0.09131
0.09013
0.10056
0.11117
0.14233
0.15238
0.15238
0.15238
0.15043
0.15059
0.15059
0.15704
0.15704
0.15704
0.13666
0.13666
0.13703
0.13631
0.12856
0.12690
0.14679
0.13206
0.11675
0.11664
0.11867
0.13312
0.12644
0.10012
0.10405
0.09596
0.05894
0.05541
0.05364
0.04745
0.03942
0.05678
0.04039
0.04720
0.04039
0.03326
0.04713
0.04709
0.04876
0.04673
0.04678
0.03590
0.03721
0.03721
0.01960
0.01968
0.01962
0.01853
0.00148
0.01620
0.01620
0.02931
0.02923
0.02931
0.02866
0.03478
0.04031
0.04031
0.02692
0.04158
0.04979
0.04952
0.04635
0.04955
0.04946
0.05084
0.05551
0.04952
0.04952
0.04952
0.06848
0.06558
0.05012
0.05012
0.05011
0.05063
0.05092
0.04970
0.06439
0.04400
0.04440
0.04634
0.04659
0.04684
0.04526
0.04534
0.04525
0.03835
0.03119
0.02750
0.02425
0.01901
0.02190
0.02009
0.01420
0.01417
0.01367
0.02136
0.02136
0.00644
0.00644
0.00938
0.01739
0.00935
0.01111
0.01265
0.01549
0.01286
0.01235
0.01235
0.01111
0.01109
0.01111
0.01368
0.02638
0.02583
0.01803
0.01783
0.01783
0.00684
0.00230
0.00206
0.00000
0.00310
0.00310
0.00579
0.01307
0.01414
0.01783
0.02076
0.04135
0.04135
0.04135
0.05044
0.05471
0.07306
0.07329
0.05590
0.04026
0.05570
0.04690
0.04942
0.03737
0.03737
0.03611
0.05447
0.04708
0.05453
0.05226
0.06125
0.06015
0.06057
0.07036
0.03903
0.04916
0.04388
0.04876
0.04876
0.06616
0.07856
0.07885
0.07885
0.07885
0.06279
0.05026
0.04144
0.03150
0.03152
0.03580
0.03580
0.04308
0.03550
0.02977
0.03539
0.03538
0.03349
0.03661
0.02182
0.04272
0.04272
0.04174
0.04001
0.04001
0.03975
0.03953
0.03960
0.03952
0.03648
0.03952
0.05060
0.04969
0.04631
0.04323
0.04160
0.04160
0.04160
0.04398
0.02571
0.03771
0.02117
0.01182
0.02201
0.02461
0.03806
0.03146
0.03023
0.03023
0.03794
0.06922
0.07108
0.07526
0.06996
0.07648
0.06514
0.03930
0.05155
0.05705
0.07580
0.07580
0.06795
0.06795
0.06795
0.06594
0.06221
0.05180
0.03729
0.02987
0.04493
0.05890
0.06147
0.05520
0.05089
0.04246
0.03103
0.03266
0.03249
0.03147
0.03188
0.03363
0.02501
0.02690
0.03230
0.03739
0.03744
0.03739
0.03173
0.03173
0.03173
0.03173
0.02387
0.02429
0.02603
0.00648
0.00045
0.00595
0.01794
0.01359
0.01123
0.02679
0.02418
0.00774
0.00398
0.00456
0.00456
0.00456
0.00004
0.00000
0.00000
0.00158
0.00000
0.00360
0.00356
0.00524
0.00000
0.00000
0.00003
0.00000
0.01851
0.02984
0.00592
0.00653
0.00000
0.00000
0.01510
0.01503
0.01503
0.01794
0.01804
0.01956
0.00988
0.01902
0.01898
0.01902
0.03153
0.03703
0.03206
0.01393
0.01848
0.01848
0.01848
0.01826
0.00812
0.00638
0.00000
0.00000
0.00138
0.00000
0.00000
0.00780
0.00783
0.00000
0.00214
0.02407
0.02429
0.02407
0.03406
0.03519
0.02817
0.01571
0.01571
0.01165
0.01768
0.01494
0.01439
0.02114
0.02110
0.02110
0.01876
0.01876
0.01876
0.00676
0.00051
0.00050
0.01194
0.01194
0.01194
0.01194
0.01099
0.01099
0.00183
0.00183
0.01292
0.01261
0.00000
0.00955
0.00955
0.00927
0.01553
0.01906
0.01059
0.00000
0.00126
0.00366
0.00852
0.01459
0.01384
0.01381
0.01116
0.00479
0.01307
0.01190
0.01494
0.01494
0.02669
0.02640
0.02467
0.02379
0.02482
0.04143
0.05110
0.05099
0.04957
0.03440
0.05622
0.05016
0.06243
0.05205
0.05205
0.04486
0.04289
0.02582
0.02582
0.02981
0.02299
0.02299
0.02932
0.01637
0.02647
0.01496
0.02795
0.01807
0.01877
0.01877
0.01877
0.02040
0.02084
0.02449
0.02414
0.02327
0.01679
0.02365
0.02365
0.02365
0.02849
0.02849
0.01029
0.01795
0.01797
0.03596
0.04775
0.05791
0.05777
0.05791
0.05786
0.06550
0.05036
0.06131
0.05203
0.05118
0.05655
0.05900
0.05767
0.05767
0.04567
0.05467
0.05948
0.05766
0.07156
0.09062
0.09488
0.09492
0.09488
0.07953
0.07763
0.06533
0.06533
0.06635
0.07247
0.10150
0.10264
0.09298
0.09298
0.09291
0.08879
0.08879
0.08879
0.08085
0.09031
0.08685
0.08680
0.08685
0.08685
0.10517
0.10874
0.09904
0.09915
0.09915
0.09638
0.10635
0.11175
0.11175
0.11187
0.11402
0.11249
0.13697
0.12931
0.12657
0.11754
0.11889
0.11889
0.11889
0.11223
0.09492
0.10901
0.10465
0.12741
0.13920
0.13920
0.14093
0.13920
0.14089
0.14089
0.12101
0.12101
0.12101
0.11663
0.14938
0.15205
0.15463
0.16366
0.15830
0.14728
0.14761
0.15390
0.14661
0.14661
0.14368
0.15595
0.17205
0.17343
0.17205
0.16679
0.16485
0.15543
0.13707
0.13704
0.13740
0.13707
0.13375
0.13375
0.14368
0.14373
0.13830
0.12529
0.12828
0.12813
0.12813
0.13178
0.13227
0.12884
0.10810
0.11370
0.11088
0.11835
0.14063
0.13843
0.12029
0.12029
0.12029
0.11233
0.11264
0.11516
0.10697
0.11491
0.11276
0.11276
0.11286
0.11709
0.11512
0.11797
0.11471
0.12610
0.12610
0.12698
0.13105
0.13105
0.15041
0.16057
0.15148
0.15731
0.16330
0.17674
0.17280
0.17280
0.17280
0.16414
0.16399
0.16442
0.16501
0.16279
0.16279
0.17147
0.16980
0.15509
0.15029
0.12864
0.13427
0.13683
0.11591
0.08614
0.04558
0.05261
0.05261
0.03167
0.03478
0.02672
0.02672
0.02672
0.02672
0.02682
0.02672
0.00212
0.00906
0.00700
0.00285
0.03874
0.04130
0.04141
0.04141
0.08447
0.07655
0.07302
0.08531
0.06641
0.04977
0.04977
0.04740
0.05065
0.05497
0.06780
0.06806
0.06135
0.06135
0.05761
0.05138
0.05133
0.05510
0.06582
0.07823
0.08847
0.08984
0.08800
0.09861
0.09861
0.10585
0.10604
0.09745
0.09342
0.08796
0.08777
0.08777
0.09583
0.09587
0.09632
0.10870
0.11737
0.11364
0.11364
0.12535
0.12534
0.12534
0.12384
0.15555
0.15440
0.13928
0.15737
0.15149
0.15983
0.15989
0.15928
0.16643
0.17079
0.16492
0.15499
0.15939
0.15914
0.15123
0.15088
0.13993
0.14456
0.15631
0.16428
0.16323
0.15010
0.13960
0.13344
0.12377
0.12921
0.11855
0.12140
0.11690
0.11672
0.10287
0.09926
0.10773
0.11212
0.11225
0.10651
0.10651
0.10651
0.06841
0.06032
0.06133
0.06287
0.03798
0.03800
0.03519
0.01986
0.00425
0.00526
0.00526
0.00360
0.01968
0.02503
0.02813
0.02675
0.02171
0.02170
0.02032
0.03029
0.03029
0.03047
0.03034
0.02926
0.02918
0.02917
0.02918
0.02918
0.01717
0.01719
0.02436
0.02436
0.01415
0.00000
0.01382
0.03496
0.03239
0.04291
0.04426
0.02975
0.02263
0.00229
0.00222
0.00222
0.00247
0.00533
0.00000
0.00118
0.00303
0.00862
0.00907
0.00875
0.00000
0.00315
0.00000
0.00160
0.00000
0.00000
0.00119
0.00223
0.01133
0.00014
0.00000
0.00353
0.00000
0.00000
0.00000
0.00000
0.00000
0.00000
0.00926
0.00498
0.02601
0.02601
0.02951
0.03100
0.03100
0.03954
0.04126
0.01991
0.01533
0.00009
0.01341
0.04328
0.03099
0.03106
0.03168
0.03168
0.03110
0.03168
0.02976
0.02552
0.03314
0.04647
0.04647
0.06251
0.07441
0.07524
0.08115
0.08665
0.08665
0.08665
0.08665
0.08665
0.07562
0.07564
0.08936
0.09290
0.09887
0.09875
0.09887
0.09881
0.09879
0.09763
0.09321
0.09290
0.09045
0.10792
0.10489
0.10720
0.07485
0.07156
0.07062
0.07062
0.07062
0.06903
0.07472
0.07920
0.08138
0.08138
0.08138
0.07687
0.07934
0.06685
0.06680
0.06680
0.06815
0.08030
0.08034
0.08030
0.09443
0.10513
0.10504
0.10403
0.08947
0.06993
0.07000
0.07116
0.06991
0.05253
0.03524
0.04110
0.04523
0.04026
0.02898
0.02880
0.01170
0.04096
0.05150
0.05418
0.05418
0.05418
0.05420
0.05970
0.06179
0.03892
0.03692
0.02759
0.04069
0.04693
0.03853
0.06716
0.09153
0.06829
0.06648
0.07264
0.07104
0.07105
0.05490
0.06878
0.08693
0.09727
0.09699
0.09495
0.09341
0.08406
0.08108
0.08882
0.08882
0.07286
0.07286
0.06896
0.05987
0.05974
0.06837
0.06837
0.06838
0.06837
0.07591
0.07591
0.07570
0.08097
0.08097
0.07931
0.04865
0.04725
0.05605
0.04409
0.05073
0.05965
0.06131
0.06205
0.06205
0.06292
0.07240
0.05766
0.04474
0.04399
0.05339
0.04365
0.04275
0.05461
0.04790
0.05869
0.05869
0.05869
0.04510
0.04574
0.05864
0.07448
0.07636
0.07498
0.07498
0.07044
0.07531
0.07438
0.09297
0.09352
0.09734
0.11726
0.11726
0.13759
0.14373
0.14023
0.13524
0.13453
0.12641
0.11558
0.12108
0.11522
0.12181
0.11680
0.12685
0.10739
0.10739
0.09647
0.10271
0.10589
0.10589
0.10589
0.08985
0.09221
0.08903
0.07575
0.07550
0.09386
0.09386
0.09386
0.09230
0.09142
0.10367
0.10367
0.09693
0.08772
0.08770
0.08772
0.08752
0.08740
0.08540
0.08156
0.09292
0.10506
0.09386
0.09517
0.09482
0.09500
0.09482
0.09422
0.07909
0.08148
0.07716
0.07708
0.08608
0.08609
0.09826
0.11151
0.09383
0.09382
0.11509
0.09174
0.08112
0.06093
0.07913
0.07908
0.07908
0.07337
0.06796
0.05901
0.06050
0.07087
0.07089
0.08641
0.08641
0.06195
0.07952
0.08871
0.10234
0.10321
0.10183
0.10187
0.10183
0.10230
0.10312
0.09480
0.09084
0.09084
0.09084
0.09707
0.09645
0.09142
0.07696
0.05209
0.06623
0.07019
0.07450
0.07446
0.06481
0.07473
0.05102
0.05102
0.05724
0.02400
0.03723
0.07735
0.07735
0.07710
0.07219
0.06729
0.04992
0.05077
0.03651
0.06869
0.06869
0.03843
0.03970
0.03924
0.03852
0.03845
0.03841
0.07527
0.07454
0.07565
0.07565
0.07476
0.06075
0.05235
0.05263
0.04832
0.02745
0.04354
0.04354
0.06449
0.06457
0.07615
0.07616
0.07616
0.08163
0.08100
0.06979
0.07010
0.06721
0.06721
0.05909
0.05752
0.05752
0.09447
0.08964
0.09329
0.09126
0.09006
0.07786
0.08061
0.07931
0.08028
0.08061
0.08340
0.08249
0.08141
0.07958
0.07958
0.06325
0.07165
0.07140
0.07566
0.09969
0.09196
0.08461
0.08637
0.08637
0.08637
0.07480
0.06975
0.07478
0.05562
0.04901
0.06171
0.04611
0.05017
0.05049
0.05017
0.05017
0.05293
0.01329
0.01329
0.02657
0.03188
0.02884
0.03089
0.02714
0.04178
0.03415
0.02833
0.02777
0.01604
0.01604
0.01604
0.01604
0.04534
0.05925
0.03913
0.02792
0.02792
0.01835
0.01625
0.01166
0.02478
0.02482
0.02785
0.03936
0.04077
0.05022
0.05028
0.07476
0.07483
0.05433
0.05433
0.05433
0.05852
0.05558
0.05976
0.08212
0.09460
0.09603
0.09603
0.09603
0.09603
0.09926
0.07343
0.07731
0.07465
0.07269
0.07176
0.05781
0.05993
0.05663
0.03616
0.03607
0.03607
0.03583
0.05588
0.05574
0.05988
0.04838
0.05647
0.05520
0.04363
0.04183
0.04183
0.05182
0.06449
0.06641
0.05842
0.07237
0.07237
0.06007
0.05231
0.04614
0.04717
0.05231
0.06914
0.08639
0.06247
0.06292
0.05098
0.06743
0.07699
0.05807
0.06386
0.05848
0.06142
0.05897
0.04275
0.04472
0.03509
0.03474
0.03288
0.02959
0.00302
0.00000
0.01040
0.01630
0.00302
0.00343
0.01782
0.01515
0.01057
0.02051
0.01228
0.01228
0.01245
0.02095
0.02081
0.02556
0.02966
0.02558
0.02579
0.02032
0.02069
0.01969
0.01137
0.00253
0.01027
0.00948
0.00948
0.00948
0.01257
0.01552
0.01579
0.01580
0.01573
0.01580
0.03128
0.03127
0.03127
0.03126
0.02549
0.01969
0.01025
0.03208
0.04495
0.04494
0.04074
0.05646
0.03180
0.03180
0.02695
0.02365
0.02325
0.02679
0.02702
0.03241
0.04481
0.04328
0.03180
0.03200
0.06099
0.06958
0.06541
0.07751
0.07906
0.07892
0.07721
0.07721
0.08402
0.09183
0.09517
0.10508
0.10508
0.10508
0.10916
0.10537
0.10736
0.09894
0.09221
0.07863
0.06536
0.06536
0.06605
0.06605
0.06612
0.04322
0.03825
0.03825
0.04282
0.04281
0.04281
0.06020
0.04799
0.05460
0.05037
0.04193
0.04193
0.04146
0.03665
0.03641
0.08127
0.08255
0.07516
0.07516
0.07516
0.06885
0.08029
0.10026
0.10026
0.08276
0.09181
0.09187
0.09181
0.05683
0.05659
0.05579
0.05564
0.04759
0.03150
0.05534
0.05726
0.06191
0.06180
0.06191
0.06273
0.06599
0.06599
0.06559
0.07317
0.07400
0.06140
0.05976
0.06295
0.06787
0.04649
0.04670
0.04670
0.04987
0.04670
0.04316
0.04263
0.02824
0.01946
0.01743
0.00873
0.02585
0.02298
0.00912
0.01606
0.01606
0.00858
0.02071
0.02071
0.05428
0.05427
0.05428
0.05428
0.06352
0.04808
0.04808
0.04263
0.03123
0.03772
0.03529
0.03455
0.03491
0.05202
0.05192
0.05538
0.06562
0.04898
0.04898
0.04898
0.06373
0.07618
0.06812
0.06784
0.06884
0.06784
0.08909
0.08909
0.09126
0.07756
0.08365
0.08307
0.08142
0.08293
0.09570
0.11397
0.10662
0.10662
0.09934
0.10601
0.10235
0.11881
0.11832
0.11834
0.11080
0.11051
0.10682
0.13111
0.13111
0.11770
0.12870
0.12332
0.12044
0.12273
0.12273
0.12276
0.11653
0.12140
0.12601
0.13188
0.14255
0.13876
0.13860
0.13486
0.13878
0.12787
0.12687
0.11437
0.11439
0.12611
0.11994
0.11857
0.11315
0.11960
0.11948
0.11744
0.11744
0.11091
0.10499
0.09573
0.09933
0.10732
0.10876
0.10761
0.09327
0.08344
0.07859
0.07859
0.10341
0.08522
0.08032
0.10246
0.10245
0.08589
0.07885
0.08045
0.07193
0.08804
0.08870
0.08870
0.09000
0.09482
0.08355
0.08286
0.07471
0.07471
0.06408
0.06509
0.06532
0.06532
0.06679
0.06679
0.06656
0.05987
0.04677
0.04510
0.04510
0.04510
0.04510
0.04400
0.04962
0.02272
0.01213
0.00355
0.00723
0.00070
0.00070
0.00070
0.00053
0.00378
0.02174
0.04662
0.03069
0.02725
0.02430
0.04729
0.04713
0.04736
0.04804
0.04746
0.03433
0.03408
0.03165
0.02974
0.03502
0.03071
0.03074
0.02410
0.04098
0.00976
0.00976
0.02364
0.01277
0.01363
0.01388
0.01733
0.00000
0.00000
0.00001
0.00000
0.00000
0.00179
0.00322
0.00596
0.00595
0.00833
0.00852
0.00844
0.00852
0.01410
0.02073
0.00390
0.03857
0.04825
0.06426
0.08508
0.08401
0.09737
0.09360
0.09360
0.09472
0.09472
0.06968
0.07182
0.07187
0.06421
0.05990
0.05987
0.05987
0.07253
0.07308
0.06832
0.07349
0.05902
0.05900
0.04937
0.04964
0.03831
0.01817
0.01269
0.00179
0.00179
0.00048
0.01316
0.01269
0.01269
0.01269
0.00000
0.00000
0.01500
0.02663
0.03246
0.02894
0.02894
0.04804
0.04804
0.07458
0.06037
0.05851
0.06038
0.04326
0.03146
0.01979
0.01979
0.01262
0.02701
0.04405
0.02533
0.02192
0.00547
0.00571
0.00547
0.01025
0.04429
0.06963
0.06506
0.06507
0.06506
0.06291
0.02111
0.02184
0.03857
0.02158
0.02163
0.02158
0.02133
0.02158
0.01381
0.02342
0.02070
0.02013
0.02010
0.01447
0.01442
0.00368
0.03136
0.03800
0.05470
0.06701
0.06698
0.07602
0.07602
0.07602
0.08464
0.07076
0.07076
0.04902
0.04550
0.05156
0.05432
0.03331
0.03328
0.03328
0.02992
0.02081
0.02448
0.02462
0.02447
0.02451
0.04555
0.03177
0.03323
0.03322
0.03322
0.03499
0.03320
0.02145
0.00149
0.00000
0.00400
0.00408
0.00520
0.00566
0.00000
0.03339
0.03449
0.04693
0.06954
0.06583
0.08293
0.10486
0.10952
0.11563
0.11919
0.09541
0.10229
0.10685
0.10625
0.10508
0.10458
0.10689
0.10683
0.11005
0.12496
0.12072
0.12865
0.12865
0.12873
0.13208
0.10499
0.10499
0.08287
0.10088
0.09755
0.11381
0.12164
0.11642
0.11642
0.12659
0.12659
0.13360
0.13274
0.13312
0.13173
0.15125
0.15848
0.15511
0.14478
0.15806
0.17787
0.18833
0.16294
0.17171
0.16932
0.17127
0.17948
0.19532
0.19430
0.19015
0.19015
0.19195
0.21380
0.20930
0.20463
0.24055
0.25036
0.24552
0.28025
0.28085
0.28420
0.28269
0.26015
0.25641
0.25118
0.25077
0.21632
0.22370
0.21687
0.21713
0.22395
0.22522
0.22392
0.22165
0.22867
0.26920
0.26880
0.26868
0.27385
0.26886
0.26880
0.26911
0.26911
0.27725
0.27719
0.29764
0.29764
0.28330
0.28020
0.28084
0.28084
0.28084
0.27529
0.27052
0.26940
0.26941
0.26941
0.27888
0.28030
0.28030
0.26791
0.27692
0.27692
0.26800
0.26782
0.28346
0.24857
0.25803
0.25804
0.25747
0.26438
0.25048
0.25561
0.25561
0.25597
0.25606
0.25635
0.25637
0.25703
0.25800
0.25721
0.22871
0.23904
0.23908
0.24539
0.23838
0.23821
0.23811
0.24523
0.24510
0.25619
0.25906
0.27079
0.28028
0.28026
0.28028
0.26653
0.25287
0.26920
0.26920
0.26170
0.26170
0.27243
0.29774
0.28855
0.28857
0.27212
0.27221
0.27212
0.27212
0.29203
0.29203
0.30548
0.30549
0.30391
0.29383
0.31007
0.31047
0.31891
0.30536
0.30907
0.30073
0.30160
0.29588
0.28887
0.29719
0.33471
0.33496
0.33337
0.33556
0.36276
0.36340
0.36218
0.38460
0.38985
0.38627
0.39077
0.40180
0.39510
0.41021
0.41345
0.40647
0.40685
0.40594
0.40594
0.40594
0.40961
0.39799
0.39799
0.39870
0.39843
0.38935
0.38935
0.38693
0.37773
0.37770
0.38671
0.38668
0.36432
0.36346
0.36346
0.36216
0.37110
0.38424
0.39496
0.39594
0.39579
0.39594
0.40280
0.40234
0.40255
0.39166
0.39125
0.38675
0.37970
0.36704
0.37465
0.37864
0.37867
0.38720
0.39599
0.40070
0.41085
0.41081
0.41758
0.41484
0.40742
0.40740
0.40937
0.40937
0.40937
0.40937
0.41502
0.42398
0.41866
0.41866
0.41862
0.41864
0.41216
0.40819
0.41800
0.41763
0.41995
0.40991
0.40951
0.38688
0.38694
0.38695
0.38301
0.37908
0.38544
0.41303
0.39968
0.40626
0.41863
0.40517
0.40517
0.40527
0.40811
0.38866
0.38865
0.38866
0.38866
0.37550
0.36004
0.36004
0.36645
0.37215
0.37405
0.35664
0.35542
0.35543
0.36626
0.36603
0.36603
0.35582
0.36706
0.35582
0.35582
0.32488
0.32488
0.32822
0.33728
0.33422
0.32243
0.32233
0.33498
0.32840
0.31561
0.31561
0.31561
0.32033
0.35509
0.34451
0.34855
0.34032
0.33573
0.34575
0.35375
0.32232
0.31578
0.31407
0.31438
0.30903
0.31137
0.30915
0.30885
0.30885
0.30883
0.30885
0.30680
0.29793
0.29846
0.29846
0.28701
0.29363
0.27528
0.26621
0.27279
0.27374
0.27986
0.26072
0.26071
0.25887
0.26038
0.25579
0.25910
0.25907
0.25600
0.26704
0.26610
0.27138
0.29316
0.27175
0.27175
0.27175
0.27482
0.27535
0.27535
0.26023
0.25555
0.24463
0.24463
0.25741
0.25746
0.25590
0.23840
0.23840
0.23840
0.23812
0.22225
0.22243
0.20904
0.20904
0.20904
0.21364
0.22360
0.22242
0.20642
0.20642
0.20859
0.20792
0.20792
0.20793
0.21022
0.22429
0.23608
0.24744
0.24682
0.24693
0.24724
0.25908
0.25164
0.25164
0.25173
0.25665
0.25654
0.25894
0.25894
0.25893
0.25922
0.26331
0.26331
0.26331
0.30507
0.30241
0.31213
0.32334
0.32403
0.32403
0.32403
0.33201
0.31340
0.31766
0.31798
0.31144
0.30441
0.30706
0.30301
0.28853
0.28853
0.27908
0.29948
0.30979
0.29873
0.29872
0.28964
0.28831
0.28932
0.29160
0.27037
0.26922
0.27030
0.28265
0.32716
0.34690
0.34680
0.35487
0.35550
0.35534
0.35265
0.35265
0.35265
0.35268
0.35261
0.35255
0.35819
0.35700
0.37395
0.37812
0.39110
0.39110
0.39110
0.39110
0.38863
0.38760
0.38857
0.37899
0.37676
0.37989
0.38723
0.40233
0.41334
0.42172
0.42158
0.39463
0.39524
0.39474
0.39525
0.39524
0.39524
0.39360
0.38817
0.39179
0.39182
0.39174
0.39182
0.38965
0.38716
0.36252
0.36379
0.36509
0.36509
0.37811
0.37811
0.37647
0.37202
0.37782
0.38171
0.38197
0.38174
0.38174
0.35374
0.34273
0.34273
0.34235
0.34235
0.33592
0.34036
0.34484
0.33916
0.34821
0.36486
0.38410
0.38763
0.38573
0.38410
0.38402
0.38599
0.38590
0.38590
0.37933
0.37937
0.37077
0.36528
0.37180
0.38467
0.39060
0.38859
0.38399
0.38649
0.39188
0.39188
0.37821
0.38014
0.36692
0.36050
0.36590
0.37324
0.37319
0.38249
0.39893
0.40258
0.40617
0.39914
0.39917
0.39029
0.39029
0.39171
0.40690
0.39113
0.38254
0.38771
0.38771
0.38745
0.38771
0.38084
0.39604
0.39605
0.39737
0.38548
0.38547
0.38520
0.38520
0.38261
0.38250
0.37882
0.39681
0.44003
0.44989
0.45672
0.45897
0.45461
0.45477
0.44923
0.44982
0.43830
0.44011
0.43982
0.43683
0.43366
0.42693
0.42694
0.43263
0.43314
0.42414
0.42319
0.41873
0.44356
0.44161
0.42847
0.42852
0.40941
0.40941
0.41151
0.41151
0.41199
0.40403
0.40407
0.40403
0.39421
0.38632
0.39446
0.40153
0.40153
0.40153
0.42561
0.42561
0.43418
0.45130
0.44484
0.45130
0.43736
0.43930
0.43733
0.44038
0.43452
0.41845
0.41698
0.41698
0.41651
0.41515
0.43251
0.41476
0.42132
0.42137
0.41807
0.40872
0.40488
0.39319
0.39342
0.39331
0.39399
0.41530
0.41717
0.43200
0.43250
0.43751
0.43715
0.43715
0.43715
0.44002
0.41981
0.40021
0.38739
0.38225
0.38105
0.38106
0.37526
0.37529
0.36693
0.35952
0.35952
0.31609
0.31390
0.31356
0.31356
0.31432
0.31036
0.30663
0.30663
0.29136
0.32478
0.30570
0.30457
0.30456
0.31174
0.30677
0.30866
0.28850
0.28842
0.28947
0.28836
0.28210
0.27016
0.27016
0.27769
0.27769
0.27953
0.27295
0.28184
0.27111
0.28875
0.28499
0.28500
0.28499
0.28534
0.27749
0.25858
0.27597
0.27515
0.27218
0.27218
0.27221
0.27317
0.27218
0.28065
0.28040
0.28068
0.28145
0.27099
0.27107
0.27174
0.26498
0.26868
0.29130
0.29130
0.29088
0.30155
0.30290
0.29860
0.29860
0.27987
0.27965
0.28615
0.27746
0.27746
0.28047
0.28092
0.28351
0.29667
0.29322
0.28967
0.28962
0.28953
0.28516
0.28347
0.27395
0.27390
0.26313
0.24923
0.23728
0.25321
0.25321
0.25075
0.25279
0.25279
0.25270
0.25279
0.24645
0.23621
0.23766
0.22530
0.22358
0.22358
0.23548
0.24716
0.25371
0.24812
0.24767
0.25076
0.25000
0.25035
0.25035
0.25035
0.25035
0.24838
0.25478
0.25477
0.26832
0.26953
0.30763
0.31094
0.32442
0.31052
0.30935
0.31918
0.31918
0.31918
0.30560
0.30560
0.30560
0.32155
0.30986
0.32918
0.32918
0.32918
0.32838
0.32926
0.34667
0.35084
0.35120
0.35119
0.34823
0.35469
0.34608
0.35409
0.35409
0.35610
0.35954
0.35947
0.36075
0.35962
0.35954
0.33951
0.33291
0.33694
0.33675
0.32742
0.33756
0.33708
0.33669
0.33495
0.33717
0.30063
0.29731
0.30103
0.30403
0.30696
0.30830
0.30033
0.30799
0.30799
0.29458
0.26836
0.26701
0.26836
0.26836
0.26836
0.26836
0.26563
0.25129
0.25807
0.26855
0.27257
0.27257
0.27257
0.26760
0.26661
0.26537
0.26537
0.26853
0.27119
0.27115
0.29381
0.30088
0.31030
0.31035
0.30983
0.31035
0.31025
0.29109
0.29109
0.30222
0.30222
0.30083
0.28869
0.30657
0.30669
0.30379
0.27683
0.27687
0.27687
0.27687
0.28598
0.28803
0.28806
0.28806
0.28806
0.28099
0.28200
0.27945
0.27085
0.27094
0.26812
0.27976
0.29335
0.30007
0.30010
0.34078
0.34078
0.34078
0.32461
0.31853
0.32963
0.32803
0.32773
0.32773
0.34380
0.35585
0.34693
0.34723
0.35625
0.36005
0.36011
0.33095
0.31655
0.31274
0.31317
0.30740
0.31317
0.30816
0.30288
0.30290
0.30727
0.30747
0.31176
0.30148
0.29423
0.29925
0.30642
0.28551
0.29417
0.28320
0.27968
0.27968
0.27427
0.28129
0.27860
0.28052
0.29894
0.29941
0.29894
0.29894
0.29894
0.30928
0.30928
0.33074
0.34343
0.34627
0.34352
0.33466
0.33466
0.33658
0.33635
0.33880
0.33943
0.35461
0.35085
0.33977
0.34664
0.37030
0.37294
0.36722
0.37193
0.36972
0.36945
0.36982
0.39008
0.39791
0.40077
0.39794
0.41975
0.40205
0.40428
0.40428
0.39918
0.39387
0.40654
0.40763
0.40587
0.40587
0.40629
0.40629
0.40510
0.40896
0.40510
0.41537
0.41537
0.41097
0.41093
0.40838
0.40838
0.42692
0.41986
0.41970
0.43500
0.42396
0.42423
0.41194
0.40548
0.39425
0.38130
0.38257
0.38754
0.38753
0.39962
0.38834
0.38380
0.38391
0.38391
0.38094
0.36387
0.35789
0.35781
0.35140
0.35502
0.35502
0.35502
0.35570
0.35502
0.35143
0.35062
0.34939
0.32514
0.32546
0.31752
0.30958
0.30618
0.30555
0.30277
0.32146
0.31484
0.32668
0.31745
0.31459
0.32275
0.33253
0.34548
0.33221
0.32803
0.33254
0.33965
0.33037
0.33037
0.33032
0.37479
0.38206
0.38206
0.36682
0.36682
0.37330
0.37748
0.37527
0.38876
0.41506
0.40782
0.40457
0.40565
0.40876
0.40565
0.41002
0.41122
0.40559
0.40561
0.40977
0.41458
0.40160
0.40160
0.40160
0.40214
0.40147
0.40087
0.39624
0.39626
0.39324
0.39666
0.41752
0.42373
0.42143
0.42385
0.42587
0.44002
0.42461
0.42461
0.42461
0.39366
0.38587
0.38587
0.37585
0.37472
0.40087
0.38889
0.39322
0.39403
0.41318
0.40172
0.40657
0.42248
0.44149
0.43097
0.43727
0.45368
0.45259
0.45484
0.46281
0.46347
0.46370
0.46732
0.45768
0.46784
0.46945
0.48377
0.49743
0.51978
0.54465
0.54239
0.55535
0.55521
0.55521
0.54984
0.55023
0.54984
0.54114
0.54117
0.54112
0.54085
0.52633
0.52633
0.52042
0.52039
0.52039
0.53718
0.53305
0.53305
0.53395
0.52577
0.52577
0.52824
0.52896
0.54415
0.56455
0.56727
0.56037
0.54695
0.54695
0.54695
0.54695
0.54695
0.54651
0.53015
0.53285
0.53015
0.53252
0.54363
0.54405
0.53845
0.51633
0.51817
0.50780
0.50694
0.54325
0.53734
0.53114
0.53114
0.52853
0.52202
0.52202
0.51987
0.51856
0.51856
0.51857
0.52753
0.53109
0.53109
0.52704
0.51708
0.51786
0.48878
0.49737
0.49637
0.49535
0.49535
0.49531
0.49535
0.51495
0.50993
0.50992
0.52153
0.52310
0.51860
0.49922
0.49922
0.50469
0.49955
0.50040
0.51390
0.49923
0.49829
0.49898
0.49830
0.49898
0.49893
0.52189
0.52220
0.52220
0.52220
0.52220
0.52540
0.51743
0.51488
0.52419
0.54241
0.53911
0.54059
0.54054
0.54059
0.54327
0.54764
0.54764
0.54764
0.54946
0.55309
0.54263
0.53429
0.53429
0.53508
0.51004
0.51743
0.51743
0.51743
0.51293
0.52201
0.49730
0.48334
0.48392
0.49659
0.49675
0.46990
0.44783
0.43688
0.43712
0.43428
0.44369
0.46262
0.46219
0.47394
0.47394
0.47394
0.47407
0.46399
0.44173
0.45293
0.43824
0.41312
0.40600
0.40598
0.40562
0.40562
0.40502
0.41782
0.42302
0.41181
0.40962
0.38889
0.36563
0.36547
0.36563
0.36563
0.38726
0.38737
0.38274
0.38268
0.38274
0.38061
0.37991
0.37777
0.39600
0.39597
0.39600
0.38918
0.38126
0.38631
0.38631
0.37624
0.37653
0.37908
0.37952
0.37322
0.35017
0.35017
0.33724
0.33630
0.34649
0.33701
0.33920
0.32645
0.32345
0.32645
0.32645
0.33093
0.33600
0.33740
0.32392
0.33932
0.35772
0.36492
0.39046
0.38965
0.39247
0.40173
0.40000
0.40173
0.41015
0.39722
0.37841
0.38317
0.38190
0.37393
0.37371
0.38051
0.39538
0.39856
0.40453
0.42527
0.42499
0.42495
0.43866
0.42914
0.42198
0.44031
0.43762
0.46294
0.48691
0.48378
0.48219
0.48035
0.48767
0.47724
0.48111
0.47724
0.50276
0.50276
0.48237
0.49144
0.50846
0.50846
0.51752
0.49673
0.49028
0.50198
0.50198
0.50292
0.49498
0.49045
0.46915
0.46915
0.46921
0.47226
0.47338
0.47473
0.48013
0.48456
0.48456
0.48456
0.47524
0.48323
0.48197
0.47868
0.47869
0.47869
0.47869
0.47701
0.44469
0.44183
0.44183
0.42630
0.43273
0.43054
0.40176
0.40176
0.40187
0.40047
0.41210
0.42995
0.42995
0.42995
0.42995
0.43087
0.43658
0.43687
0.43884
0.44295
0.44295
0.41688
0.41076
0.39750
0.40815
0.40815
0.42194
0.42753
0.41315
0.41723
0.41744
0.41933
0.41134
0.41316
0.40302
0.40261
0.37864
0.37230
0.36769
0.37811
0.37805
0.36483
0.36636
0.36526
0.35833
0.34732
0.33839
0.33621
0.34419
0.34243
0.34772
0.34863
0.34876
0.34819
0.30119
0.30119
0.30119
0.29745
0.29745
0.29745
0.30121
0.30851
0.31463
0.31266
0.31360
0.31360
0.29007
0.29002
0.28258
0.28258
0.28258
0.28431
0.30382
0.30382
0.28447
0.28447
0.27994
0.27990
0.28003
0.26363
0.26042
0.25921
0.25919
0.26229
0.26228
0.26228
0.26228
0.25375
0.24242
0.24244
0.24242
0.23938
0.23819
0.23816
0.23719
0.23719
0.23136
0.23138
0.23138
0.23925
0.23171
0.26486
0.26467
0.27879
0.27882
0.26619
0.27089
0.25987
0.29929
0.29915
0.27862
0.32087
0.30517
0.30517
0.31932
0.29752
0.29758
0.30165
0.28653
0.28653
0.26335
0.27096
0.25575
0.26871
0.26771
0.26786
0.27585
0.27584
0.27653
0.27585
0.27585
0.25822
0.25822
0.24363
0.26068
0.26326
0.25847
0.26432
0.25526
0.25751
0.25633
0.25633
0.25633
0.25633
0.24513
0.24513
0.24501
0.24285
0.25779
0.25779
0.25043
0.25283
0.25186
0.23737
0.23999
0.23491
0.23491
0.26102
0.25520
0.25399
0.25366
0.24789
0.25953
0.26433
0.27099
0.27696
0.26900
0.26456
0.26811
0.26552
0.28260
0.28249
0.28447
0.28512
0.29657
0.29867
0.29802
0.29869
0.28941
0.28942
0.31712
0.31712
0.33824
0.34129
0.33125
0.33135
0.33125
0.32128
0.30948
0.30714
0.30689
0.30481
0.32214
0.32128
0.31301
0.31301
0.30888
0.30888
0.30818
0.31350
0.31206
0.29649
0.29599
0.31018
0.31738
0.31534
0.34136
0.34681
0.33242
0.33242
0.32513
0.32513
0.32512
0.32513
0.32507
0.31494
0.32769
0.30518
0.30927
0.31573
0.32214
0.31155
0.27614
0.27377
0.25935
0.25705
0.25922
0.29667
0.29661
0.29670
0.28083
0.28085
0.28113
0.27668
0.27668
0.27557
0.27288
0.27288
0.27288
0.25032
0.25496
0.25497
0.26165
0.25486
0.23960
0.22544
0.21475
0.21475
0.20773
0.20773
0.19899
0.18014
0.19410
0.20794
0.21360
0.22958
0.22879
0.22924
0.23581
0.22687
0.20453
0.20041
0.19581
0.18951
0.19050
0.19068
0.18128
0.17979
0.17972
0.20081
0.17817
0.16963
0.17648
0.16294
0.14301
0.14514
0.14514
0.13284
0.13291
0.12531
0.10312
0.09147
0.07973
0.08807
0.07492
0.07731
0.06769
0.06769
0.07455
0.08427
0.08427
0.07598
0.08925
0.08647
0.09003
0.08743
0.09133
0.08317
0.08316
0.07925
0.07957
0.08265
0.08752
0.09325
0.09576
0.09580
0.09576
0.10704
0.10704
0.09881
0.10139
0.10228
0.10717
0.10644
0.10781
0.11951
0.11954
0.11853
0.09817
0.10166
0.10338
0.09797
0.09821
0.09791
0.09779
0.08487
0.09369
0.08028
0.08071
0.07549
0.09660
0.12222
0.13008
0.14100
0.14100
0.13425
0.13849
0.13079
0.13556
0.13626
0.13281
0.12958
0.12180
0.12177
0.12204
0.12180
0.12180
0.12874
0.12874
0.12724
0.12494
0.12849
0.12857
0.14295
0.14295
0.15213
0.15242
0.15335
0.15787
0.16253
0.15792
0.15926
0.17299
0.18420
0.14773
0.14328
0.14735
0.15300
0.15479
0.15499
0.15592
0.13894
0.15963
0.16222
0.16222
0.16222
0.17814
0.17818
0.17797
0.18757
0.19560
0.19098
0.19554
0.20629
0.20669
0.19696
0.19224
0.22036
0.23005
0.22963
0.24198
0.23558
0.23551
0.23747
0.23747
0.22591
0.23123
0.23123
0.23118
0.23891
0.24112
0.22432
0.22264
0.23903
0.23899
0.23131
0.23126
0.23122
0.24235
0.24898
0.24695
0.23068
0.22865
0.23820
0.23882
0.23985
0.24560
0.24391
0.24387
0.23720
0.24558
0.24045
0.24045
0.24160
0.25004
0.25004
0.25004
0.25114
0.26259
0.26259
0.26274
0.24740
0.23814
0.25785
0.24798
0.24797
0.26712
0.26784
0.25214
0.23966
0.21561
0.21555
0.20607
0.20680
0.20891
0.20049
0.19693
0.19693
0.19691
0.19693
0.18125
0.18747
0.18747
0.18476
0.18979
0.18977
0.18321
0.18321
0.18313
0.18334
0.18365
0.17675
0.18376
0.18540
0.18524
0.18524
0.17121
0.17561
0.16123
0.15271
0.14802
0.14802
0.14118
0.15729
0.15730
0.16409
0.15627
0.16089
0.18075
0.17482
0.17482
0.16073
0.16070
0.16073
0.16728
0.17216
0.16510
0.15046
0.14703
0.14459
0.15881
0.15881
0.17909
0.17938
0.16842
0.16038
0.16038
0.15792
0.15605
0.14293
0.14453
0.12949
0.11420
0.11420
0.11168
0.11420
0.11037
0.11037
0.09838
0.10813
0.12328
0.12357
0.11119
0.11116
0.13091
0.13091
0.12400
0.13078
0.13217
0.13189
0.13189
0.13669
0.13667
0.14928
0.13655
0.13654
0.13654
0.13654
0.13654
0.13593
0.12326
0.12349
0.11665
0.11211
0.11105
0.11101
0.11101
0.11101
0.11101
0.11101
0.11101
0.10642
0.10642
0.10642
0.10642
0.11339
0.13106
0.13922
0.13919
0.13142
0.13971
0.14642
0.14642
0.13459
0.12674
0.11286
0.11497
0.11497
0.11200
0.11201
0.11025
0.11917
0.11587
0.11454
0.11454
0.11103
0.11091
0.10489
0.11788
0.12368
0.11048
0.11048
0.13041
0.12340
0.12951
0.13029
0.14216
0.11374
0.11374
0.11161
0.10493
0.10552
0.10552
0.11298
0.11298
0.11252
0.10939
0.11153
0.11153
0.10771
0.09352
0.09480
0.09451
0.09480
0.07877
0.08208
0.08208
0.07473
0.07557
0.07557
0.06830
0.07439
0.07452
0.06858
0.07116
0.06769
0.06858
0.03732
0.03732
0.03738
0.04060
0.06416
0.06625
0.06625
0.06625
0.06609
0.06624
0.06625
0.07035
0.07033
0.06179
0.06163
0.06195
0.06179
0.06441
0.08850
0.10094
0.10049
0.09688
0.12297
0.12584
0.10492
0.10493
0.09633
0.09633
0.09291
0.10194
0.10491
0.09013
0.09013
0.09106
0.08912
0.11329
0.10870
0.11786
0.11409
0.11409
0.10662
0.10498
0.09685
0.09685
0.08827
0.08807
0.08030
0.07098
0.07376
0.07590
0.07334
0.07334
0.07958
0.08178
0.07120
0.06417
0.06417
0.07875
0.08953
0.08953
0.08955
0.07548
0.07548
0.08520
0.08520
0.08520
0.08520
0.08684
0.10130
0.10335
0.10335
0.10352
0.10335
0.07869
0.11156
0.11376
0.11298
0.10274
0.10114
0.10594
0.12478
0.11824
0.13663
0.13659
0.15450
0.15238
0.16881
0.16115
0.16055
0.17742
0.19891
0.20172
0.19993
0.20237
0.20172
0.21310
0.19918
0.20793
0.20266
0.19756
0.19752
0.19752
0.19008
0.17854
0.17854
0.15933
0.16133
0.16895
0.15274
0.15239
0.15844
0.16325
0.17072
0.16290
0.16403
0.16403
0.16236
0.16236
0.16233
0.16245
0.15803
0.15258
0.17482
0.17334
0.17482
0.17465
0.16906
0.18642
0.18086
0.18086
0.18086
0.18383
0.20879
0.20959
0.22712
0.22722
0.22295
0.22288
0.23692
0.26178
0.26178
0.26178
0.26178
0.26178
0.26927
0.26903
0.25654
0.24927
0.24919
0.26771
0.27070
0.27070
0.25681
0.25681
0.25301
0.26123
0.28068
0.28078
0.28049
0.28886
0.26959
0.27635
0.28955
0.29833
0.30213
0.30213
0.31477
0.30032
0.29698
0.29039
0.28032
0.27470
0.26568
0.27228
0.28164
0.28854
0.28833
0.28853
0.27453
0.26294
0.26294
0.23929
0.24329
0.23897
0.24486
0.23147
0.23542
0.23218
0.23118
0.23659
0.23006
0.22751
0.22556
0.22605
0.22590
0.24703
0.24913
0.24870
0.25190
0.25190
0.26030
0.26056
0.25544
0.25544
0.24477
0.24096
0.24834
0.24803
0.24679
0.24649
0.24349
0.24649
0.21754
0.22945
0.22944
0.22235
0.20438
0.20433
0.20747
0.20454
0.20811
0.20811
0.20199
0.19425
0.19425
0.19067
0.19110
0.19112
0.19085
0.20309
0.22371
0.22891
0.21670
0.21670
0.20725
0.20725
0.20995
0.20984
0.20666
0.17570
0.17677
0.15125
0.12923
0.11737
0.12956
0.13891
0.13864
0.14289
0.13855
0.15300
0.15503
0.15308
0.15315
0.15701
0.15315
0.16936
0.16920
0.16920
0.16591
0.15667
0.15376
0.14499
0.14348
0.15229
0.15203
0.12820
0.13001
0.16109
0.16640
0.16653
0.14948
0.17493
0.17535
0.17342
0.17345
0.16248
0.15141
0.14727
0.13191
0.12764
0.15747
0.16223
0.16201
0.16201
0.15227
0.17858
0.17323
0.17335
0.17949
0.17127
0.17136
0.17009
0.17956
0.19285
0.19622
0.19410
0.18516
0.18516
0.16270
0.16019
0.15069
0.12943
0.14076
0.13475
0.14656
0.14071
0.14768
0.17302
0.16401
0.17100
0.17100
0.17100
0.17100
0.17100
0.16956
0.16668
0.15479
0.13771
0.13512
0.13540
0.14697
0.14764
0.14520
0.13702
0.13929
0.15323
0.15129
0.15129
0.15129
0.14800
0.14800
0.14800
0.14508
0.14062
0.13141
0.13415
0.13413
0.12929
0.13404
0.13757
0.13757
0.14420
0.14276
0.15053
0.15053
0.15053
0.14154
0.15138
0.15099
0.16257
0.15545
0.15545
0.15545
0.15708
0.16059
0.14864
0.15520
0.16792
0.17334
0.16595
0.17020
0.19013
0.19015
0.19712
0.19752
0.20436
0.20639
0.21400
0.21950
0.24468
0.24193
0.21817
0.21568
0.22293
0.22077
0.22065
0.21444
0.20408
0.23157
0.23055
0.24114
0.28679
0.28679
0.28046
0.29822
0.29808
0.29799
0.29810
0.31419
0.31661
0.31515
0.33406
0.32209
0.32209
0.34233
0.34233
0.34254
0.36039
0.36754
0.35795
0.34178
0.35407
0.35509
0.35726
0.35580
0.36255
0.35883
0.35241
0.35389
0.35557
0.35384
0.35395
0.35384
0.34437
0.33456
0.33494
0.33632
0.32768
0.33553
0.35161
0.35185
0.35168
0.36855
0.36031
0.36031
0.35253
0.34991
0.34775
0.34558
0.32938
0.34160
0.33761
0.33761
0.32926
0.32949
0.33363
0.33363
0.33157
0.33218
0.32679
0.30768
0.31076
0.30938
0.31474
0.33890
0.33890
0.33890
0.33890
0.33019
0.30901
0.32993
0.32874
0.34223
0.36059
0.36059
0.36031
0.35390
0.35390
0.35920
0.34414
0.33979
0.33619
0.32292
0.31978
0.32945
0.34569
0.33649
0.34209
0.34705
0.34693
0.34693
0.34807
0.34816
0.35153
0.38576
0.37644
0.37700
0.37419
0.37309
0.36025
0.34036
0.36514
0.36512
0.36512
0.36522
0.36038
0.36052
0.37020
0.37020
0.37243
0.36902
0.37729
0.37729
0.37717
0.36297
0.36744
0.37220
0.38842
0.39663
0.40866
0.40866
0.40827
0.40872
0.38775
0.38751
0.38490
0.38495
0.40159
0.38039
0.38039
0.38039
0.37366
0.38161
0.38431
0.38425
0.38967
0.39839
0.40828
0.40248
0.40248
0.40451
0.39410
0.39392
0.39390
0.40146
0.40220
0.40155
0.39733
0.39565
0.39575
0.40240
0.42110
0.40213
0.40213
0.39265
0.38000
0.37959
0.39037
0.39089
0.39961
0.37026
0.36984
0.33869
0.33682
0.33673
0.33697
0.33009
0.32061
0.32081
0.31886
0.31886
0.31961
0.31961
0.31961
0.31961
0.31961
0.31934
0.31246
0.31246
0.30761
0.30761
0.32923
0.35226
0.35226
0.35275
0.33625
0.33625
0.31869
0.32859
0.31630
0.32438
0.32862
0.31984
0.32209
0.31581
0.31639
0.31968
0.32635
0.32682
0.33788
0.32100
0.31270
0.30092
0.27748
0.25227
0.24390
0.24390
0.24390
0.24390
0.24605
0.24492
0.21191
0.21217
0.21572
0.21361
0.18206
0.18453
0.18349
0.18864
0.18864
0.19789
0.19599
0.19652
0.19599
0.19803
0.19122
0.18670
0.20212
0.21600
0.21144
0.21144
0.21166
0.21144
0.21144
0.22141
0.22146
0.23310
0.23298
0.23333
0.25224
0.25859
0.25883
0.24774
0.27654
0.28019
0.25744
0.24205
0.24205
0.23548
0.23066
0.23066
0.26694
0.27572
0.27572
0.27572
0.27596
0.28128
0.27255
0.27255
0.27778
0.28437
0.28439
0.30240
0.29975
0.28562
0.26901
0.27588
0.28530
0.28453
0.28453
0.28544
0.26709
0.26709
0.26709
0.26709
0.25678
0.25678
0.25126
0.25697
0.25712
0.22659
0.21873
0.22264
0.21873
0.21408
0.20093
0.20093
0.19319
0.19190
0.19249
0.19154
0.19538
0.20575
0.20541
0.20575
0.20583
0.20729
0.20799
0.20799
0.20267
0.20267
0.19112
0.20266
0.18840
0.18840
0.18840
0.19291
0.19285
0.22328
0.22055
0.22055
0.21883
0.21958
0.21953
0.21486
0.21453
0.21460
0.20729
0.21783
0.21595
0.20819
0.15621
0.15819
0.13745
0.13975
0.13975
0.13975
0.12720
0.13702
0.13669
0.12527
0.12528
0.12407
0.12341
0.12341
0.12341
0.11879
0.11995
0.10629
0.08946
0.08946
0.08946
0.08950
0.09073
0.09077
0.09845
0.08888
0.08888
0.09334
0.10309
0.09984
0.09710
0.09731
0.09862
0.08646
0.08612
0.08650
0.08612
0.08612
0.08922
0.08271
0.08262
0.08211
0.07560
0.10331
0.10159
0.10331
0.11167
0.10441
0.11825
0.11824
0.11788
0.11729
0.11499
0.12168
0.11815
0.10686
0.10688
0.08196
0.08208
0.08706
0.08804
0.09612
0.10077
0.09997
0.09962
0.09997
0.10549
0.10549
0.10926
0.10027
0.10528
0.10367
0.09447
0.08807
0.07497
0.07407
0.06997
0.07233
0.06109
0.07224
0.05404
0.06170
0.07677
0.06602
0.06602
0.07124
0.09063
0.09063
0.09108
0.09018
0.09740
0.11358
0.11024
0.10404
0.10437
0.08689
0.08081
0.07954
0.07954
0.08041
0.07973
0.07477
0.04417
0.04113
0.02112
0.02134
0.02748
0.02606
0.02606
0.03245
0.04060
0.01760
0.02728
0.02835
0.02911
0.02430
0.02432
0.02560
0.02432
0.00740
0.00524
0.00740
0.00740
0.01799
0.02838
0.02862
0.01811
0.02847
0.04447
0.04447
0.03275
0.03402
0.03275
0.03586
0.03682
0.03881
0.03957
0.06031
0.05327
0.06083
0.06083
0.06030
0.05966
0.03770
0.03768
0.02435
0.01793
0.01793
0.01871
0.03988
0.04040
0.04405
0.04407
0.06291
0.06412
0.06522
0.07160
0.07157
0.06956
0.08413
0.08570
0.08804
0.06613
0.06613
0.07588
0.07746
0.07815
0.07746
0.08882
0.09129
0.09710
0.10040
0.10022
0.10403
0.10403
0.08307
0.08285
0.08316
0.07044
0.07044
0.08138
0.07370
0.06841
0.07077
0.07978
0.07344
0.07344
0.07344
0.06463
0.07110
0.07219
0.07116
0.07557
0.07256
0.07836
0.07821
0.07569
0.03586
0.02981
0.02970
0.05263
0.06047
0.06504
0.06504
0.06504
0.06432
0.06425
0.07524
0.07536
0.07366
0.07368
0.06405
0.06424
0.06405
0.05190
0.05180
0.04891
0.03310
0.04514
0.03247
0.04457
0.03841
0.03887
0.04080
0.04787
0.05290
0.05776
0.05677
0.04632
0.05383
0.05549
0.08237
0.08047
0.08237
0.08237
0.08777
0.08673
0.08671
0.10582
0.12988
0.13510
0.13221
0.12430
0.14565
0.13801
0.13854
0.14089
0.12144
0.11958
0.11316
0.11330
0.11341
0.12166
0.13812
0.13091
0.13569
0.14267
0.14062
0.13662
0.13539
0.13539
0.13540
0.13539
0.13674
0.13308
0.12339
0.13421
0.13732
0.15031
0.14988
0.14462
0.14478
0.14732
0.15592
0.15717
0.15717
0.15607
0.15717
0.16835
0.16825
0.16964
0.15106
0.12832
0.12468
0.12468
0.12468
0.12345
0.12468
0.11659
0.10967
0.10471
0.10508
0.10474
0.09756
0.10355
0.11053
0.10792
0.10696
0.10836
0.09528
0.09508
0.09402
0.06483
0.06898
0.06394
0.08795
0.08793
0.08770
0.08752
0.08752
0.09579
0.09790
0.11789
0.12510
0.16219
0.17692
0.18987
0.17378
0.17744
0.16840
0.17088
0.18007
0.18014
0.18014
0.21539
0.20880
0.20860
0.20880
0.18209
0.18047
0.19942
0.23505
0.23242
0.23242
0.23242
0.22359
0.22359
0.21745
0.21146
0.19335
0.18537
0.20019
0.19474
0.19834
0.19834
0.19286
0.21065
0.20043
0.20453
0.19613
0.18651
0.18607
0.18454
0.17931
0.17782
0.16942
0.17034
0.16231
0.16237
0.16231
0.16439
0.15688
0.15645
0.15403
0.15403
0.15403
0.15782
0.15782
0.15072
0.12148
0.12309
0.12625
0.12480
0.15040
0.16088
0.16088
0.17785
0.18497
0.17246
0.16260
0.16064
0.16025
0.16191
0.15356
0.14254
0.14254
0.15219
0.15169
0.15169
0.13819
0.13673
0.13676
0.14007
0.15341
0.15367
0.15505
0.15461
0.14801
0.14970
0.15682
0.16395
0.15712
0.16306
0.16052
0.16367
0.16367
0.16367
0.16367
0.16367
0.14852
0.14002
0.14631
0.14634
0.13993
0.14037
0.13991
0.15646
0.15616
0.16143
0.15803
0.14416
0.14453
0.13781
0.12661
0.12376
0.12416
0.11930
0.11330
0.12066
0.11615
0.11629
0.12308
0.11823
0.09580
0.09580
0.08346
0.08521
0.08342
0.08342
0.08342
0.08342
0.07022
0.07879
0.07879
0.08225
0.08225
0.08401
0.04687
0.05178
0.06035
0.05054
0.06429
0.06429
0.07362
0.07569
0.07558
0.07818
0.07776
0.09624
0.09262
0.08192
0.08192
0.07405
0.07230
0.07006
0.08077
0.08776
0.08787
0.09140
0.09243
0.09872
0.09299
0.11837
0.10532
0.10457
0.10703
0.10429
0.10545
0.10545
0.09117
0.09117
0.09354
0.08826
0.08017
0.06631
0.06631
0.06277
0.05785
0.05013
0.05013
0.06049
0.06470
0.06663
0.10162
0.09922
0.09922
0.08092
0.08354
0.08806
0.08808
0.09924
0.10576
0.11677
0.11658
0.07089
0.07013
0.04204
0.04204
0.04210
0.07084
0.05350
0.07214
0.07217
0.08684
0.08730
0.08730
0.08686
0.08730
0.08324
0.07854
0.09236
0.09236
0.09143
0.08631
0.08631
0.07725
0.06795
0.05722
0.05735
0.05722
0.05934
0.06278
0.08463
0.06266
0.06131
0.05368
0.02715
0.02715
0.02740
0.02715
0.02650
0.02715
0.03056
0.05949
0.04596
0.02789
0.04911
0.06408
0.06096
0.02456
0.03673
0.00729
0.00732
0.00045
0.00000
0.00275
0.00234
0.00148
0.00000
0.00000
0.00000
0.00000
0.00000
0.00024
0.00007
0.00000
0.01717
0.00544
0.00380
0.00392
0.01987
0.01987
0.04114
0.04523
0.04123
0.05259
0.05266
0.05199
0.04470
0.04470
0.03721
0.03767
0.03778
0.05297
0.06068
0.06068
0.06068
0.06068
0.05176
0.03160
0.03339
0.04160
0.04169
0.04823
0.06105
0.06105
0.05360
0.04685
0.05076
0.05076
0.02808
0.02347
0.02198
0.02480
0.01857
0.02113
0.05037
0.05009
0.05875
0.04872
0.05871
0.05902
0.05688
0.06094
0.08153
0.09880
0.07871
0.08640
0.08068
0.06971
0.07019
0.07145
0.07339
0.09583
0.08950
0.08136
0.08256
0.07228
0.07988
0.08070
0.08070
0.09152
0.09456
0.08984
0.09367
0.08826
0.07692
0.07692
0.07958
0.08056
0.09587
0.11009
0.12772
0.11557
0.11548
0.11547
0.08677
0.09573
0.09636
0.08320
0.09369
0.08542
0.08542
0.08950
0.09003
0.09003
0.09003
0.09412
0.08737
0.09985
0.09448
0.11218
0.11119
0.11268
0.09626
0.09617
0.08338
0.09966
0.09961
0.07815
0.04776
0.04789
0.04789
0.06122
0.04945
0.05284
0.05206
0.04787
0.04252
0.04247
0.04252
0.04248
0.04252
0.05112
0.06657
0.06657
0.06498
0.05964
0.05614
0.05614
0.05614
0.05614
0.05742
0.05742
0.06602
0.06630
0.07695
0.07695
0.07695
0.07531
0.09128
0.09224
0.08950
0.08618
0.08618
0.08855
0.08240
0.09718
0.09234
0.10531
0.12493
0.12806
0.16918
0.16120
0.16083
0.15957
0.15895
0.15929
0.15929
0.15929
0.15927
0.17457
0.17426
0.17958
0.19163
0.21216
0.23747
0.23890
0.23873
0.23873
0.23860
0.21620
0.21670
0.21572
0.21620
0.21620
0.21937
0.24362
0.24362
0.24362
0.24362
0.23966
0.24579
0.23790
0.23620
0.23620
0.23858
0.25121
0.27882
0.27254
0.27254
0.27252
0.27256
0.27248
0.27254
0.26941
0.27887
0.26924
0.28270
0.28270
0.28270
0.28108
0.28118
0.28108
0.28108
0.28108
0.28108
0.28108
0.28108
0.29302
0.29401
0.30546
0.29391
0.29660
0.29403
0.30448
0.29295
0.28104
0.30802
0.32170
0.32166
0.32170
0.31114
0.31183
0.32295
0.32295
0.32972
0.32908
0.30365
0.30365
0.27304
0.27545
0.24486
0.25834
0.25748
0.27353
0.26394
0.27122
0.26725
0.26165
0.26445
0.26445
0.26445
0.26445
0.27689
0.27689
0.27361
0.27364
0.27361
0.25320
0.25245
0.25559
0.25535
0.25799
0.24500
0.24497
0.24500
0.23771
0.23746
0.24017
0.24313
0.24398
0.23133
0.22901
0.22901
0.23159
0.23402
0.23402
0.24980
0.24310
0.24310
0.24310
0.24310
0.24377
0.24380
0.23986
0.23165
0.23258
0.24367
0.26387
0.27879
0.26877
0.27181
0.26019
0.26019
0.26019
0.26917
0.26905
0.27364
0.27335
0.27066
0.25824
0.26475
0.26245
0.27561
0.27358
0.26711
0.25985
0.27550
0.28503
0.29373
0.29373
0.29373
0.30626
0.29230
0.29344
0.30254
0.32712
0.33757
0.34561
0.34561
0.33649
0.33644
0.33649
0.34796
0.33512
0.32145
0.32522
0.32455
0.32832
0.32832
0.32832
0.33009
0.34407
0.34211
0.33654
0.34205
0.36227
0.35735
0.35735
0.35843
0.37922
0.38426
0.40816
0.42147
0.44421
0.44428
0.45390
0.44198
0.44166
0.44166
0.44963
0.44097
0.39674
0.39624
0.39919
0.40132
0.39919
0.39919
0.37998
0.37998
0.38285
0.38310
0.38237
0.37759
0.38271
0.38515
0.37438
0.37438
0.37438
0.37422
0.36897
0.36983
0.36000
0.36005
0.35606
0.36605
0.36605
0.36605
0.36256
0.36133
0.36056
0.35989
0.37454
0.37993
0.37993
0.38304
0.38304
0.37957
0.38512
0.37885
0.37908
0.37885
0.36043
0.37111
0.38057
0.37316
0.37316
0.38273
0.39300
0.38452
0.38152
0.38152
0.38152
0.38245
0.38160
0.39096
0.39908
0.38253
0.38413
0.40188
0.42298
0.41920
0.42924
0.43160
0.43324
0.43324
0.43324
0.43324
0.42992
0.42874
0.42874
0.43040
0.43699
0.43409
0.42570
0.42323
0.43184
0.42713
0.42570
0.42570
0.42808
0.43204
0.42874
0.43203
0.44275
0.46311
0.47194
0.46735
0.47236
0.48805
0.48794
0.50758
0.50616
0.50833
0.51065
0.51066
0.51073
0.49600
0.51334
0.52072
0.50667
0.50667
0.50794
0.50567
0.50815
0.50815
0.50816
0.51574
0.49695
0.49690
0.49802
0.49163
0.49174
0.49412
0.48166
0.48246
0.48348
0.49371
0.49546
0.50140
0.51026
0.53116
0.50708
0.52626
0.54528
0.54474
0.53784
0.53790
0.52489
0.52751
0.52803
0.54745
0.55853
0.55150
0.55150
0.54485
0.53905
0.53905
0.52819
0.50852
0.51643
0.52401
0.51562
0.50069
0.49863
0.50622
0.50065
0.49424
0.49421
0.47957
0.48083
0.49218
0.49452
0.46820
0.49357
0.48992
0.48820
0.48622
0.48622
0.46700
0.45818
0.45829
0.43861
0.43870
0.42700
0.41921
0.41921
0.41921
0.41410
0.41410
0.39500
0.39500
0.39500
0.38405
0.38866
0.38406
0.36150
0.35975
0.36287
0.38066
0.38086
0.37262
0.35879
0.36213
0.36213
0.35726
0.35710
0.35710
0.35710
0.35687
0.35712
0.35710
0.35765
0.35681
0.33834
0.34422
0.35971
0.36881
0.36305
0.37857
0.39632
0.39639
0.39715
0.39717
0.40759
0.42500
0.42252
0.39470
0.39822
0.39803
0.39618
0.40338
0.39812
0.40598
0.40596
0.40598
0.40598
0.40700
0.42540
0.42047
0.43306
0.43312
0.43840
0.43951
0.43203
0.44765
0.44765
0.44940
0.44320
0.45178
0.44211
0.45035
0.45783
0.45563
0.45431
0.45331
0.45431
0.44556
0.44556
0.44891
0.44891
0.46188
0.46188
0.46188
0.46188
0.47786
0.47786
0.47786
0.46939
0.46921
0.46873
0.49401
0.49418
0.49418
0.49209
0.50558
0.51310
0.52232
0.52468
0.52650
0.52650
0.54383
0.55502
0.55502
0.55507
0.57167
0.57167
0.56421
0.56376
0.55733
0.55521
0.55773
0.55521
0.55526
0.55231
0.55231
0.55231
0.55591
0.57584
0.57540
0.59122
0.60537
0.60536
0.60200
0.60200
0.61497
0.63285
0.62734
0.63076
0.61610
0.62077
0.63341
0.63897
0.62418
0.62415
0.62418
0.62059
0.62046
0.62055
0.61068
0.60764
0.60176
0.59403
0.59297
0.59908
0.58936
0.61602
0.61602
0.61038
0.61499
0.61141
0.61141
0.61141
0.60702
0.59028
0.60693
0.57676
0.58442
0.58593
0.58637
0.58595
0.58394
0.58597
0.57218
0.52762
0.54266
0.54256
0.54257
0.53197
0.50955
0.50955
0.51406
0.51181
0.51991
0.51798
0.51798
0.52294
0.52290
0.52290
0.52304
0.52002
0.52102
0.52105
0.51597
0.51000
0.51359
0.51368
0.51359
0.51359
0.51359
0.52251
0.52842
0.54892
0.56356
0.55602
0.56349
0.56349
0.55888
0.55871
0.55888
0.54963
0.54241
0.55002
0.52897
0.52897
0.52897
0.53602
0.54093
0.53298
0.53354
0.52919
0.50715
0.50715
0.52271
0.52972
0.53024
0.53311
0.53772
0.52949
0.52914
0.52613
0.53117
0.55178
0.53453
0.52542
0.52157
0.51740
0.54935
0.55320
0.55320
0.56628
0.57105
0.56555
0.55195
0.54204
0.53114
0.53390
0.54094
0.54128
0.54189
0.54124
0.51915
0.51883
0.52554
0.51522
0.53190
0.53190
0.51923
0.49471
0.48707
0.50370
0.49641
0.49641
0.50721
0.50870
0.52010
0.52010
0.53022
0.53035
0.54012
0.53995
0.53510
0.54747
0.54396
0.54408
0.53911
0.54449
0.54663
0.54730
0.56010
0.56010
0.53851
0.53426
0.53426
0.51515
0.51992
0.51481
0.53847
0.53274
0.52739
0.53919
0.53428
0.53428
0.52869
0.53806
0.53804
0.53567
0.55137
0.53860
0.54345
0.55559
0.55559
0.55559
0.54850
0.54354
0.54354
0.54354
0.52533
0.52195
0.52195
0.52384
0.51057
0.50451
0.50031
0.51062
0.47487
0.46982
0.46982
0.47015
0.47014
0.47014
0.47006
0.47630
0.47641
0.47641
0.47509
0.47505
0.46487
0.44342
0.44351
0.44357
0.44572
0.45805
0.46937
0.48279
0.48761
0.48765
0.48543
0.48528
0.48907
0.48421
0.44282
0.43852
0.42473
0.42701
0.42911
0.41261
0.41108
0.41151
0.40916
0.40920
0.42862
0.44344
0.41935
0.39113
0.39076
0.39593
0.41055
0.41355
0.40712
0.40553
0.40283
0.40463
0.40462
0.38500
0.38608
0.38383
0.39018
0.39018
0.39966
0.39730
0.41017
0.39512
0.39442
0.41109
0.38865
0.38459
0.38465
0.36257
0.35643
0.35509
0.36286
0.34380
0.33165
0.32145
0.31491
0.31502
0.31487
0.31487
0.30752
0.31197
0.29942
0.29810
0.29031
0.29781
0.29781
0.29940
0.31145
0.33849
0.32759
0.32759
0.34697
0.36376
0.37096
0.37683
0.38931
0.38431
0.38431
0.38431
0.36644
0.36414
0.33012
0.33002
0.31805
0.29452
0.26298
0.26299
0.26959
0.27738
0.27738
0.27183
0.26466
0.25430
0.25482
0.25717
0.24360
0.25727
0.25718
0.25522
0.25618
0.25618
0.25618
0.25386
0.25420
0.25554
0.25563
0.25572
0.25617
0.25125
0.23769
0.23769
0.23252
0.23027
0.23127
0.22254
0.22257
0.20732
0.18739
0.17415
0.17253
0.17253
0.17873
0.17945
0.18284
0.18284
0.18284
0.16053
0.18736
0.18767
0.19534
0.17911
0.16961
0.16961
0.16939
0.16773
0.16788
0.17281
0.17707
0.17707
0.17707
0.17207
0.16110
0.16110
0.16538
0.15592
0.14949
0.13724
0.14346
0.14346
0.14346
0.11654
0.11654
0.12244
0.13915
0.12178
0.14354
0.14518
0.12350
0.11891
0.11891
0.11891
0.13151
0.13151
0.13132
0.14922
0.15268
0.16046
0.16335
0.17366
0.17404
0.16356
0.13706
0.11842
0.11255
0.10798
0.09862
0.09877
0.10024
0.08620
0.08620
0.08630
0.08474
0.08094
0.08791
0.09489
0.09489
0.09124
0.08895
0.06737
0.06775
0.06775
0.06596
0.06596
0.06597
0.07552
0.08046
0.07553
0.08592
0.08176
0.08174
0.07509
0.07509
0.07509
0.06418
0.06421
0.05863
0.06121
0.06121
0.06129
0.05566
0.04196
0.03788
0.03788
0.05043
0.06206
0.06123
0.07045
0.09809
0.08685
0.08294
0.09014
0.09686
0.10515
0.08638
0.08638
0.09264
0.11155
0.10361
0.10361
0.11684
0.10960
0.11130
0.11130
0.10583
0.07775
0.07364
0.07120
0.05958
0.05995
0.06032
0.04566
0.02530
0.06237
0.05628
0.06008
0.06419
0.06132
0.06132
0.07027
0.07063
0.07063
0.07063
0.07058
0.07162
0.07063
0.08201
0.08231
0.07216
0.07216
0.09078
0.09133
0.09078
0.09068
0.09078
0.09080
0.09092
0.09025
0.09097
0.08982
0.08619
0.08619
0.09219
0.09477
0.10955
0.11394
0.11550
0.11308
0.10139
0.10874
0.10874
0.12824
0.12824
0.13078
0.12817
0.12111
0.12121
0.12114
0.11773
0.11782
0.11773
0.11773
0.11753
0.12881
0.14089
0.14063
0.14092
0.14072
0.14077
0.13470
0.14093
0.13069
0.13069
0.14102
0.13217
0.14571
0.16193
0.15530
0.16754
0.16535
0.17212
0.17212
0.17212
0.18825
0.20184
0.19174
0.19245
0.19842
0.20906
0.21075
0.20090
0.20103
0.19761
0.19761
0.19759
0.18839
0.20622
0.21753
0.21662
0.21683
0.21662
0.21662
0.23167
0.24331
0.24323
0.21771
0.22410
0.22636
0.23583
0.24414
0.24414
0.22884
0.23194
0.24043
0.24047
0.23988
0.22125
0.26053
0.25823
0.24379
0.23758
0.20002
0.20045
0.18578
0.20396
0.20582
0.19745
0.20147
0.17488
0.17782
0.17898
0.17731
0.17081
0.16466
0.21006
0.21907
0.21907
0.21907
0.21907
0.21238
0.20854
0.20833
0.21051
0.21051
0.21051
0.21051
0.21414
0.21275
0.20675
0.20011
0.20016
0.20020
0.20024
0.19289
0.19289
0.20307
0.20307
0.20307
0.18919
0.18919
0.18808
0.18808
0.20139
0.20715
0.21257
0.21339
0.21339
0.21346
0.21216
0.21216
0.21217
0.22872
0.21823
0.21823
0.22072
0.22072
0.22235
0.23995
0.23716
0.22351
0.22321
0.22534
0.22363
0.19764
0.20741
0.20804
0.20754
0.20678
0.20754
0.19045
0.18881
0.20131
0.20791
0.20171
0.20676
0.20679
0.17706
0.16609
0.15925
0.16013
0.15495
0.14713
0.14739
0.14172
0.13506
0.12450
0.11155
0.12337
0.11467
0.13288
0.13292
0.12360
0.12237
0.12237
0.12237
0.12191
0.12292
0.12024
0.13337
0.13302
0.13302
0.13211
0.11837
0.12515
0.12286
0.12890
0.12121
0.12899
0.12465
0.12486
0.12555
0.12485
0.12321
0.11331
0.11529
0.10946
0.12350
0.12724
0.12724
0.12724
0.12724
0.10837
0.10146
0.10146
0.13752
0.13664
0.13662
0.11598
0.11577
0.11613
0.11610
0.11021
0.10037
0.10306
0.10306
0.10925
0.11194
0.12090
0.12061
0.13779
0.13786
0.13784
0.13784
0.13540
0.12445
0.10491
0.10829
0.10829
0.12255
0.13108
0.13105
0.11243
0.12585
0.09531
0.09541
0.08540
0.07369
0.08533
0.11952
0.10677
0.09608
0.09611
0.10710
0.12569
0.12685
0.12569
0.12060
0.11248
0.14692
0.12945
0.13439
0.13590
0.13221
0.14571
0.14573
0.14573
0.13891
0.14403
0.14403
0.13828
0.13828
0.13828
0.13968
0.13950
0.13054
0.12712
0.14157
0.13629
0.13457
0.13766
0.13911
0.13911
0.13911
0.13911
0.13911
0.14685
0.14627
0.14635
0.14644
0.14631
0.14639
0.14714
0.15327
0.12624
0.14359
0.15173
0.16485
0.16834
0.14126
0.13124
0.14453
0.14461
0.14736
0.15435
0.15732
0.16166
0.16165
0.16040
0.16071
0.15528
0.15090
0.14652
0.14632
0.14632
0.14741
0.14910
0.14910
0.14887
0.14905
0.12396
0.12396
0.12340
0.12484
0.12972
0.12990
0.13401
0.12932
0.12049
0.11607
0.10902
0.13074
0.13639
0.13639
0.15856
0.13579
0.13422
0.14637
0.14527
0.15388
0.14675
0.15388
0.12665
0.11993
0.14975
0.14447
0.13900
0.13900
0.15430
0.16239
0.16226
0.16239
0.15477
0.15444
0.15443
0.15904
0.16326
0.16406
0.16564
0.16520
0.16520
0.16520
0.17464
0.17464
0.17464
0.18635
0.19301
0.18722
0.19714
0.19738
0.19738
0.21272
0.20122
0.19932
0.18251
0.17578
0.18259
0.16315
0.16514
0.16542
0.16514
0.16114
0.17142
0.17142
0.17142
0.15852
0.13480
0.13159
0.13398
0.13411
0.12996
0.13071
0.13107
0.13319
0.13709
0.14892
0.12764
0.13769
0.13264
0.13632
0.13066
0.13066
0.13054
0.13054
0.13764
0.16219
0.14586
0.14772
0.15836
0.15832
0.14652
0.14681
0.16281
0.17344
0.19359
0.19359
0.18267
0.18577
0.20444
0.19256
0.19242
0.18896
0.18898
0.18809
0.18898
0.17263
0.17265
0.17230
0.16882
0.18586
0.22559
0.22229
0.20455
0.20455
0.21819
0.21236
0.21247
0.20443
0.20337
0.19351
0.19398
0.21832
0.22481
0.22475
0.22311
0.22311
0.22311
0.22552
0.22552
0.25534
0.25625
0.27443
0.27434
0.27996
0.27996
0.27996
0.29228
0.28011
0.28011
0.27907
0.28633
0.27625
0.27601
0.29123
0.29123
0.29065
0.29071
0.29761
0.30321
0.30718
0.30718
0.31088
0.30740
0.30769
0.29825
0.28035
0.27731
0.29286
0.28056
0.27407
0.26534
0.27655
0.28155
0.28999
0.28997
0.30785
0.32317
0.30849
0.30849
0.29194
0.29085
0.29085
0.29467
0.26365
0.26871
0.26790
0.26790
0.26975
0.27506
0.25628
0.25445
0.25305
0.25304
0.25304
0.25304
0.24381
0.24050
0.24021
0.24883
0.24284
0.24291
0.24291
0.25397
0.25558
0.24224
0.24219
0.24251
0.24219
0.25399
0.24982
0.24857
0.25163
0.25193
0.24178
0.24166
0.24178
0.24563
0.24662
0.24855
0.24527
0.24086
0.24589
0.24518
0.22202
0.22202
0.22821
0.22789
0.22854
0.26125
0.25730
0.25641
0.27809
0.27808
0.27809
0.28172
0.28172
0.28172
0.28556
0.28666
0.30698
0.31642
0.31644
0.31644
0.33203
0.33203
0.33203
0.32991
0.32272
0.31445
0.30328
0.31230
0.31225
0.32295
0.32269
0.30445
0.30451
0.31926
0.30298
0.30298
0.30298
0.29487
0.29474
0.27576
0.27373
0.24748
0.24641
0.24646
0.24402
0.22529
0.22529
0.22563
0.22946
0.23228
0.23228
0.23194
0.22630
0.22593
0.23149
0.23191
0.22348
0.21859
0.21859
0.21883
0.23732
0.23839
0.23721
0.24343
0.25357
0.24843
0.24843
0.22003
0.22926
0.22924
0.22064
0.22933
0.22919
0.24486
0.24396
0.24396
0.22060
0.21750
0.21109
0.23207
0.22487
0.18276
0.18276
0.18276
0.18614
0.21657
0.21749
0.21761
0.20649
0.20402
0.16920
0.17512
0.15687
0.14422
0.14160
0.14160
0.13242
0.12619
0.11789
0.12393
0.14249
0.14144
0.11976
0.12788
0.12788
0.10669
0.09994
0.10022
0.10190
0.09638
0.07194
0.06828
0.05898
0.05088
0.05088
0.04062
0.04062
0.04608
0.04436
0.04436
0.04436
0.05378
0.05229
0.08298
0.08373
0.11904
0.11272
0.11510
0.11503
0.11510
0.10114
0.08617
0.09302
0.09092
0.10142
0.09892
0.10174
0.10176
0.12021
0.13159
0.12189
0.11001
0.10681
0.10052
0.10262
0.10958
0.11433
0.12735
0.12735
0.12732
0.11977
0.11977
0.11732
0.12483
0.12464
0.12483
0.09885
0.08469
0.13431
0.11872
0.11919
0.11361
0.11392
0.11397
0.14672
0.16589
0.16334
0.16131
0.17305
0.17138
0.15489
0.16655
0.16655
0.17436
0.17440
0.16531
0.17356
0.19084
0.19568
0.19306
0.19263
0.20288
0.21520
0.20973
0.20973
0.21049
0.20966
0.21890
0.21558
0.22840
0.22840
0.22377
0.22377
0.21647
0.21694
0.21694
0.21694
0.21660
0.21276
0.21413
0.21527
0.21528
0.20749
0.20648
0.20648
0.17203
0.16621
0.16626
0.16299
0.16118
0.16118
0.16118
0.16040
0.16777
0.18086
0.19041
0.18863
0.17245
0.17245
0.18583
0.18583
0.18583
0.20215
0.20421
0.21067
0.20980
0.22679
0.21989
0.21989
0.20968
0.20875
0.20541
0.20655
0.20433
0.20609
0.18762
0.18679
0.19099
0.19745
0.19737
0.18341
0.18293
0.18301
0.18270
0.18479
0.19328
0.20757
0.22419
0.23283
0.22740
0.23240
0.23657
0.23657
0.24606
0.25896
0.25095
0.25093
0.26005
0.27924
0.27974
0.29365
0.30533
0.30087
0.29739
0.28574
0.28570
0.28533
0.28534
0.27741
0.27745
0.26838
0.26836
0.26836
0.26918
0.26252
0.26249
0.24325
0.23775
0.23775
0.24766
0.24508
0.22888
0.23789
0.23812
0.23010
0.24580
0.28709
0.28284
0.29546
0.29546
0.29351
0.29113
0.29113
0.29113
0.29100
0.29086
0.29086
0.29086
0.29549
0.30196
0.30815
0.32273
0.32889
0.31107
0.30881
0.31024
0.32726
0.33125
0.34264
0.34264
0.34322
0.33605
0.32833
0.34300
0.35035
0.34022
0.34023
0.33994
0.34776
0.34264
0.32681
0.32828
0.31335
0.31291
0.31256
0.31298
0.30368
0.31558
0.31615
0.34395
0.33791
0.34464
0.34475
0.35096
0.35096
0.35568
0.34170
0.34197
0.34231
0.34213
0.34213
0.33358
0.34374
0.35713
0.37534
0.33382
0.33606
0.33544
0.34861
0.35817
0.37344
0.37729
0.37526
0.37109
0.37526
0.37511
0.37810
0.36778
0.38505
0.39399
0.38655
0.38655
0.38655
0.37075
0.39811
0.39853
0.39825
0.40038
0.39347
0.41317
0.41429
0.39301
0.39301
0.39242
0.39426
0.39242
0.39242
0.39242
0.39745
0.41631
0.44957
0.45137
0.45018
0.45018
0.45295
0.45515
0.43300
0.43318
0.43316
0.43471
0.43300
0.42123
0.43834
0.43834
0.44105
0.43934
0.43934
0.46156
0.45102
0.44887
0.44454
0.42978
0.42978
0.44820
0.44584
0.44961
0.45780
0.46432
0.45513
0.43919
0.43845
0.42042
0.42082
0.42750
0.42777
0.40876
0.41138
0.40351
0.39132
0.38021
0.38022
0.35844
0.35300
0.34919
0.33601
0.33614
0.33601
0.30760
0.30762
0.30752
0.30762
0.30762
0.30802
0.30834
0.30607
0.30607
0.31578
0.29506
0.32422
0.32387
0.30641
0.31951
0.31248
0.32823
0.32826
0.30990
0.30447
0.30044
0.28606
0.27632
0.27839
0.29522
0.29965
0.29965
0.31708
0.31906
0.31426
0.32285
0.30745
0.31609
0.31491
0.32866
0.34701
0.35121
0.35925
0.36007
0.37969
0.38186
0.38192
0.37362
0.37311
0.37185
0.35270
0.36422
0.36936
0.35835
0.35867
0.35835
0.38845
0.38517
0.39418
0.37384
0.37784
0.37784
0.37784
0.37550
0.37653
0.35420
0.31446
0.31446
0.31427
0.30943
0.31753
0.34124
0.34110
0.34124
0.33774
0.33780
0.33774
0.34306
0.34750
0.34832
0.35401
0.36440
0.36440
0.37113
0.35929
0.35999
0.36093
0.36675
0.36689
0.37073
0.37068
0.37025
0.37204
0.36152
0.36154
0.35056
0.33555
0.34822
0.34473
0.37509
0.37737
0.37706
0.36954
0.36954
0.37038
0.38410
0.38633
0.39354
0.38454
0.38454
0.39057
0.39057
0.39060
0.39057
0.39057
0.39050
0.36594
0.36598
0.35964
0.36663
0.36849
0.36668
0.35939
0.35939
0.35939
0.38017
0.37898
0.38819
0.38820
0.38620
0.36484
0.39747
0.37657
0.37657
0.39072
0.39072
0.39652
0.39108
0.39108
0.39095
0.39740
0.39998
0.39998
0.39998
0.40052
0.41465
0.40497
0.40643
0.39968
0.36661
0.37724
0.37831
0.37494
0.34939
0.34710
0.34773
0.34773
0.34015
0.36550
0.36419
0.36660
0.36661
0.36211
0.36211
0.36180
0.36819
0.36642
0.37974
0.37171
0.37171
0.35942
0.35302
0.36931
0.36416
0.36931
0.36150
0.36150
0.36150
0.34934
0.35814
0.36941
0.35849
0.36199
0.33457
0.33457
0.33865
0.36672
0.36389
0.33425
0.35573
0.36613
0.36812
0.36811
0.35127
0.37471
0.37448
0.37471
0.37473
0.37471
0.37081
0.37100
0.37516
0.38146
0.38146
0.38146
0.38294
0.38406
0.40409
0.40418
0.39653
0.39306
0.39268
0.40077
0.40084
0.39086
0.39330
0.39344
0.40118
0.39333
0.41254
0.42325
0.42774
0.43701
0.43666
0.43669
0.43558
0.45471
0.43328
0.43328
0.43328
0.43328
0.45558
0.45481
0.46328
0.45682
0.45662
0.45742
0.45763
0.45748
0.45746
0.45713
0.46260
0.46189
0.46103
0.46103
0.46010
0.46055
0.45241
0.44015
0.44652
0.44655
0.44383
0.43890
0.43307
0.43495
0.44625
0.44525
0.44493
0.41110
0.41548
0.40817
0.40417
0.41829
0.41829
0.41635
0.41996
0.42327
0.40753
0.40538
0.38171
0.38227
0.39073
0.38398
0.38459
0.38670
0.38100
0.38179
0.38752
0.37473
0.37005
0.36717
0.36717
0.38452
0.37505
0.37505
0.37588
0.39483
0.39492
0.38431
0.38391
0.39150
0.39126
0.38955
0.38264
0.38125
0.38909
0.37436
0.36970
0.35499
0.35499
0.35499
0.35499
0.35510
0.34276
0.33650
0.33537
0.32586
0.32124
0.32762
0.33396
0.33039
0.32004
0.32026
0.31793
0.32209
0.31620
0.31019
0.32583
0.31251
0.31311
0.31365
0.31578
0.32991
0.32078
0.32037
0.31362
0.31359
0.29387
0.30001
0.30001
0.30252
0.30246
0.30425
0.32040
0.31366
0.31104
0.31133
0.31034
0.31034
0.32297
0.35638
0.33905
0.33759
0.32773
0.31975
0.32018
0.32015
0.32173
0.32173
0.32469
0.32173
0.31749
0.31391
0.33670
0.33844
0.34458
0.35747
0.34134
0.33073
0.33078
0.33079
0.33079
0.33062
0.33079
0.32552
0.33479
0.35122
0.36785
0.36785
0.36785
0.34081
0.32839
0.35068
0.36059
0.37242
0.37262
0.37242
0.35780
0.31846
0.31152
0.31288
0.32050
0.34389
0.34641
0.33829
0.33829
0.33829
0.33829
0.33829
0.33829
0.33415
0.33319
0.33107
0.31039
0.30791
0.30288
0.30729
0.29879
0.29905
0.29813
0.30006
0.29815
0.29760
0.31136
0.33058
0.33592
0.29885
0.29753
0.29218
0.29218
0.29218
0.28354
0.29323
0.29180
0.29180
0.28239
0.28238
0.27842
0.27845
0.27845
0.27864
0.27499
0.28082
0.28989
0.27836
0.27633
0.27093
0.27097
0.28444
0.28530
0.27731
0.27731
0.27273
0.27494
0.28562
0.30447
0.30447
0.30456
0.30872
0.30933
0.30742
0.30891
0.27579
0.24086
0.24086
0.23745
0.23689
0.23560
0.22915
0.24195
0.24495
0.24837
0.22867
0.23516
0.24475
0.22288
0.22515
0.21358
0.21983
0.21996
0.19316
0.19348
0.17254
0.17238
0.18155
0.18150
0.17867
0.18574
0.18922
0.19079
0.21373
0.19029
0.18483
0.20359
0.20424
0.20522
0.19330
0.18594
0.18594
0.18491
0.18490
0.18867
0.18676
0.17765
0.17862
0.18193
0.18210
0.17912
0.17963
0.19522
0.19395
0.19395
0.18456
0.16288
0.16958
0.16945
0.17414
0.17040
0.17047
0.14305
0.14307
0.15152
0.15162
0.15152
0.15152
0.15152
0.15153
0.15152
0.16403
0.15404
0.17553
0.16154
0.19570
0.20490
0.20517
0.19535
0.19531
0.17784
0.18811
0.17114
0.17114
0.18091
0.17797
0.17497
0.17327
0.17327
0.17861
0.17882
0.18727
0.18213
0.18295
0.18830
0.18830
0.19344
0.19522
0.20725
0.21028
0.21028
0.21046
0.18624
0.19232
0.20268
0.20285
0.20268
0.20547
0.24199
0.24269
0.24418
0.24401
0.25241
0.22786
0.22784
0.23099
0.22874
0.21882
0.21793
0.21793
0.21088
0.20149
0.20535
0.20978
0.21883
0.22307
0.21300
0.20588
0.20654
0.20010
0.20010
0.21349
0.21088
0.21044
0.17602
0.16358
0.15185
0.14575
0.15451
0.14662
0.14657
0.14662
0.14695
0.13419
0.13623
0.14716
0.14716
0.14716
0.15013
0.16082
0.16082
0.16339
0.16222
0.15703
0.13788
0.15031
0.15031
0.15031
0.16078
0.16799
0.16799
0.16855
0.17253
0.16866
0.16861
0.16238
0.17485
0.17482
0.19024
0.16999
0.15939
0.14288
0.14278
0.14278
0.14278
0.13237
0.13192
0.12840
0.12836
0.14987
0.14987
0.15085
0.14642
0.16255
0.15732
0.15677
0.15905
0.15279
0.14933
0.14933
0.15581
0.15581
0.15584
0.16847
0.16639
0.16643
0.18889
0.18960
0.18960
0.19902
0.19932
0.20213
0.19981
0.19984
0.20027
0.20055
0.21560
0.21443
0.20772
0.22668
0.23080
0.24141
0.23242
0.25316
0.23722
0.23722
0.23176
0.24843
0.24246
0.22074
0.21550
0.22074
0.22112
0.24415
0.23001
0.22732
0.22628
0.22700
0.22613
0.23307
0.22524
0.22123
0.19748
0.19748
0.19158
0.17630
0.17302
0.17321
0.17317
0.16411
0.18126
0.18427
0.18131
0.16667
0.16662
0.18840
0.18840
0.18859
0.18840
0.18840
0.18336
0.20842
0.20842
0.20595
0.20940
0.20940
0.21488
0.21135
0.21041
0.18577
0.18577
0.18578
0.18490
0.19335
0.19335
0.19340
0.19428
0.18532
0.19385
0.20038
0.20769
0.22297
0.21986
0.22173
0.23166
0.24078
0.23868
0.24693
0.24693
0.21479
0.21481
0.21479
0.24173
0.24173
0.24219
0.24910
0.24921
0.25203
0.25208
0.23141
0.22426
0.23439
0.23660
0.23660
0.22024
0.21379
0.20810
0.21348
0.21363
0.21363
0.21350
0.19842
0.18763
0.19008
0.19021
0.17867
0.16383
0.16384
0.16344
0.16344
0.16734
0.17221
0.17115
0.19982
0.19982
0.19724
0.18185
0.18417
0.18219
0.20716
0.22112
0.20770
0.22573
0.23095
0.23383
0.23679
0.22747
0.22369
0.21849
0.21691
0.22442
0.21990
0.21895
0.21886
0.21195
0.21195
0.20847
0.21060
0.21060
0.21136
0.21136
0.21147
0.21750
0.21092
0.22567
0.19215
0.21177
0.21382
0.21382
0.21382
0.21382
0.20475
0.20686
0.20413
0.19784
0.19655
0.19716
0.19768
0.19778
0.18034
0.18766
0.17919
0.16495
0.15449
0.11051
0.13302
0.14074
0.13127
0.12400
0.10268
0.11646
0.11646
0.12549
0.14390
0.14479
0.16476
0.16476
0.18119
0.18116
0.17932
0.17932
0.17932
0.17249
0.17374
0.15627
0.14148
0.15660
0.15660
0.15660
0.14012
0.14939
0.15123
0.15182
0.16087
0.16177
0.16764
0.16177
0.16171
0.15958
0.15958
0.16147
0.16746
0.17174
0.19208
0.18887
0.20535
0.21644
0.21626
0.21626
0.22523
0.21814
0.22175
0.21620
0.21557
0.20840
0.20240
0.20101
0.19010
0.19010
0.19362
0.19362
0.17521
0.16273
0.16679
0.16679
0.16679
0.15945
0.16080
0.17277
0.17276
0.16286
0.16381
0.16381
0.16381
0.16415
0.14223
0.14975
0.15448
0.16459
0.18686
0.19812
0.20143
0.21798
0.21862
0.19440
0.19440
0.19440
0.20015
0.19132
0.19137
0.19877
0.20321
0.21553
0.22070
0.22074
0.22070
0.21356
0.21356
0.20775
0.20849
0.20849
0.20849
0.20059
0.21718
0.21929
0.21927
0.21326
0.21326
0.20981
0.20495
0.21237
0.21237
0.21646
0.20279
0.18289
0.18289
0.19157
0.18155
0.18158
0.18155
0.18121
0.16913
0.16695
0.16595
0.17482
0.18222
0.18222
0.19561
0.19637
0.19561
0.19474
0.18394
0.18168
0.18168
0.18592
0.17946
0.17946
0.17485
0.17485
0.17421
0.17495
0.17485
0.17810
0.17810
0.17810
0.17487
0.15961
0.16020
0.15477
0.14100
0.15683
0.16317
0.17222
0.17219
0.17196
0.17222
0.17222
0.17294
0.17529
0.17529
0.18054
0.14650
0.14042
0.15236
0.14710
0.14807
0.16069
0.16252
0.15905
0.17882
0.18241
0.19217
0.19176
0.20743
0.20743
0.21280
0.21453
0.21399
0.22019
0.21928
0.21928
0.21927
0.21905
0.24757
0.24629
0.25168
0.25747
0.25173
0.25173
0.25173
0.25173
0.23957
0.23957
0.23957
0.23957
0.23914
0.23914
0.24759
0.25410
0.26625
0.26364
0.26624
0.26625
0.27322
0.26803
0.25372
0.25470
0.24767
0.24767
0.24767
0.24714
0.25275
0.25014
0.25180
0.25006
0.25006
0.25092
0.26713
0.26696
0.26812
0.26667
0.26418
0.23227
0.23227
0.24213
0.23922
0.26373
0.25477
0.24601
0.22612
0.22702
0.22710
0.22426
0.22383
0.23782
0.22678
0.22678
0.22896
0.21515
0.21967
0.20986
0.20969
0.20969
0.21793
0.21729
0.21528
0.21018
0.19667
0.20205
0.19955
0.20469
0.20469
0.20464
0.20510
0.19518
0.20119
0.19565
0.19557
0.19880
0.18354
0.16328
0.17138
0.17152
0.17152
0.17391
0.18882
0.16907
0.15603
0.15603
0.15603
0.17052
0.19481
0.22412
0.21973
0.21468
0.20291
0.20451
0.20656
0.19215
0.19199
0.18959
0.17422
0.17422
0.17351
0.18000
0.16015
0.16785
0.16785
0.17139
0.15506
0.15506
0.13439
0.14056
0.13843
0.14532
0.14532
0.14404
0.13778
0.16735
0.16735
0.16598
0.16598
0.16524
0.15910
0.16247
0.17014
0.16631
0.14729
0.14729
0.13920
0.14812
0.14397
0.14825
0.14825
0.15435
0.15437
0.15437
0.15437
0.15437
0.17044
0.17044
0.17044
0.18154
0.16763
0.16784
0.16784
0.17441
0.16999
0.17000
0.16994
0.18704
0.19211
0.18617
0.20322
0.19795
0.19244
0.19251
0.18501
0.19310
0.18480
0.18596
0.20921
0.20921
0.21481
0.21481
0.21626
0.22656
0.20189
0.18145
0.16706
0.17038
0.17059
0.17038
0.16671
0.16664
0.17559
0.17559
0.16846
0.17069
0.18274
0.17667
0.17171
0.17168
0.17671
0.16307
0.16307
0.15582
0.15738
0.17898
0.18704
0.18298
0.18264
0.18282
0.17992
0.17989
0.14835
0.15577
0.15790
0.15504
0.14708
0.14711
0.15272
0.14365
0.13276
0.11494
0.11388
0.11198
0.11817
0.10918
0.10911
0.11655
0.10658
0.11332
0.11871
0.11332
0.10181
0.10251
0.10517
0.07172
0.05352
0.05351
0.06537
0.08495
0.07530
0.08494
0.08791
0.09625
0.08529
0.08513
0.07700
0.07468
0.07958
0.08294
0.08101
0.08098
0.07736
0.09433
0.08468
0.08468
0.08881
0.08395
0.08315
0.08307
0.08315
0.08315
0.08021
0.07989
0.07989
0.07685
0.09292
0.08137
0.08137
0.07583
0.10144
0.10143
0.10337
0.11435
0.11435
0.10940
0.10986
0.09478
0.11537
0.11357
0.08747
0.08092
0.05458
0.05440
0.08973
0.07463
0.07463
0.08792
0.09458
0.10379
0.09697
0.09697
0.09697
0.09697
0.08591
0.06837
0.06529
0.07966
0.08782
0.07785
0.05672
0.05672
0.06862
0.06862
0.05310
0.04088
0.03746
0.03716
0.03716
0.01982
0.01874
0.01300
0.02342
0.03928
0.03928
0.03928
0.03928
0.05383
0.05184
0.05184
0.04335
0.03320
0.04845
0.04684
0.04992
0.08166
0.06725
0.06730
0.09868
0.10797
0.12771
0.12768
0.12768
0.12974
0.12974
0.13080
0.13038
0.15257
0.13838
0.12462
0.10689
0.10671
0.10669
0.10671
0.10671
0.09896
0.11851
0.10954
0.10954
0.10954
0.10859
0.09590
0.09590
0.10675
0.10368
0.10948
0.12108
0.11564
0.09313
0.08096
0.08279
0.08620
0.09312
0.09312
0.09593
0.10494
0.13692
0.13692
0.13688
0.13692
0.14830
0.15947
0.15947
0.15084
0.16480
0.18149
0.18149
0.19198
0.18855
0.18855
0.18855
0.20266
0.20977
0.22500
0.24435
0.24450
0.24435
0.24388
0.24388
0.24052
0.24052
0.22250
0.23064
0.23966
0.23630
0.21622
0.22175
0.20510
0.20399
0.20399
0.20399
0.19525
0.19526
0.19526
0.20243
0.20243
0.20280
0.18650
0.15932
0.16759
0.16613
0.17378
0.17669
0.17669
0.17669
0.19170
0.19170
0.17628
0.17163
0.15774
0.15774
0.14046
0.13986
0.13812
0.14718
0.15391
0.15718
0.15481
0.13109
0.13113
0.15327
0.16205
0.17054
0.18396
0.18571
0.18394
0.18760
0.18509
0.18396
0.18767
0.18785
0.18783
0.18785
0.18718
0.18866
0.18866
0.18866
0.19363
0.19398
0.21849
0.22226
0.20528
0.21528
0.22731
0.22552
0.22552
0.20560
0.20559
0.20557
0.21235
0.19163
0.19783
0.20002
0.22861
0.22616
0.23429
0.23376
0.22792
0.22423
0.21906
0.24639
0.24617
0.24571
0.24345
0.24323
0.24550
0.24530
0.24907
0.24482
0.24467
0.24030
0.23376
0.23437
0.23437
0.23437
0.23262
0.23869
0.23412
0.23386
0.23697
0.23254
0.23254
0.24685
0.24578
0.24370
0.23771
0.22521
0.22449
0.22449
0.22449
0.22357
0.22208
0.21220
0.21229
0.21239
0.19110
0.19132
0.19092
0.19171
0.17837
0.17520
0.16835
0.16780
0.17351
0.17754
0.17798
0.19393
0.19393
0.19626
0.19626
0.18323
0.17216
0.18316
0.18390
0.16810
0.20232
0.20239
0.20862
0.24452
0.26025
0.26061
0.26582
0.26181
0.26181
0.25184
0.25618
0.28402
0.28481
0.29529
0.28777
0.28689
0.28633
0.27443
0.26773
0.24742
0.24742
0.25303
0.26402
0.27669
0.30548
0.31472
0.31888
0.31561
0.33545
0.33545
0.34027
0.34618
0.34489
0.33449
0.33349
0.32306
0.30871
0.30871
0.30604
0.30527
0.29595
0.31407
0.31803
0.32017
0.31484
0.29642
0.28610
0.28610
0.27981
0.28772
0.28772
0.29404
0.30894
0.30761
0.32100
0.31329
0.32621
0.31575
0.31575
0.31575
0.31640
0.31029
0.30604
0.30162
0.30814
0.30649
0.29622
0.32546
0.33255
0.32435
0.32435
0.32406
0.32338
0.31760
0.31760
0.31523
0.31019
0.32057
0.32057
0.32057
0.32343
0.33322
0.31388
0.31388
0.30618
0.30618
0.31798
0.34789
0.34799
0.35635
0.35667
0.36504
0.36032
0.36581
0.35681
0.35681
0.35681
0.35681
0.33180
0.33179
0.34733
0.34575
0.36191
0.35429
0.34958
0.35176
0.36082
0.34756
0.34071
0.34105
0.34071
0.34432
0.36137
0.35305
0.35305
0.35433
0.35134
0.36004
0.35947
0.35947
0.35073
0.35079
0.34910
0.34910
0.34910
0.34396
0.34396
0.36004
0.36004
0.36158
0.34762
0.35655
0.34835
0.33723
0.33723
0.32672
0.33463
0.33463
0.31724
0.30337
0.30335
0.30343
0.30343
0.29575
0.28846
0.30178
0.28938
0.28339
0.27195
0.26094
0.26108
0.26094
0.24966
0.26166
0.25956
0.25956
0.25669
0.25671
0.27001
0.27261
0.26854
0.26840
0.27528
0.27062
0.27525
0.26504
0.26504
0.26499
0.26504
0.26096
0.26428
0.26410
0.26309
0.28045
0.28045
0.27764
0.27764
0.28011
0.28011
0.28014
0.27222
0.27222
0.27222
0.28804
0.29492
0.31029
0.32208
0.32351
0.32278
0.32199
0.31988
0.31613
0.31673
0.31096
0.29647
0.29666
0.31108
0.31108
0.31108
0.31371
0.31597
0.32599
0.29089
0.28297
0.27374
0.27037
0.27152
0.26389
0.26033
0.26043
0.25305
0.25305
0.24487
0.24149
0.24087
0.25361
0.24085
0.23742
0.24742
0.25125
0.24395
0.24449
0.24449
0.25633
0.25633
0.26181
0.26181
0.26181
0.26181
0.26178
0.26337
0.25527
0.25527
0.24053
0.24053
0.24474
0.24454
0.24454
0.24454
0.23758
0.23078
0.23096
0.21560
0.21554
0.21560
0.21560
0.18232
0.18011
0.18119
0.16916
0.16920
0.18079
0.18645
0.20186
0.20548
0.21178
0.20521
0.20907
0.20074
0.20622
0.20493
0.20497
0.19881
0.19881
0.19878
0.19386
0.19386
0.19386
0.19386
0.18957
0.18957
0.19811
0.17792
0.17668
0.17668
0.16455
0.15608
0.14728
0.14714
0.15277
0.15277
0.12684
0.12898
0.11581
0.11581
0.11541
0.12974
0.13272
0.13272
0.13272
0.14348
0.15013
0.16469
0.16469
0.14396
0.15979
0.14684
0.12233
0.09630
0.09025
0.09379
0.09379
0.09379
0.09382
0.09589
0.09711
0.10628
0.09719
0.12138
0.11305
0.11206
0.11339
0.09593
0.09593
0.09896
0.09896
0.11519
0.13874
0.14073
0.14175
0.13807
0.13809
0.13341
0.13205
0.13076
0.13004
0.13012
0.14204
0.15523
0.14729
0.13964
0.13921
0.14639
0.17599
0.17623
0.17623
0.19212
0.19032
0.19064
0.18631
0.18600
0.19569
0.18596
0.18636
0.18323
0.18444
0.18444
0.19241
0.19288
0.19340
0.19282
0.19429
0.18375
0.18362
0.17580
0.17574
0.17628
0.16014
0.15942
0.15788
0.18820
0.18820
0.18820
0.19488
0.19463
0.19445
0.19445
0.19674
0.18788
0.18724
0.18722
0.17571
0.18813
0.18813
0.17910
0.17888
0.16267
0.17133
0.14791
0.14603
0.16815
0.18498
0.18498
0.18391
0.18370
0.17755
0.16648
0.17457
0.16420
0.16569
0.16420
0.15764
0.15845
0.16030
0.15101
0.15072
0.15072
0.15087
0.16146
0.16302
0.17863
0.18426
0.18431
0.15824
0.15730
0.16049
0.16645
0.16664
0.17513
0.17667
0.17339
0.17513
0.18945
0.18752
0.17164
0.19438
0.21146
0.21143
0.21141
0.21372
0.20262
0.19009
0.19020
0.19130
0.19020
0.19092
0.16888
0.16124
0.15908
0.15317
0.16736
0.16388
0.15544
0.16560
0.14688
0.14661
0.16612
0.16618
0.17047
0.17092
0.17409
0.16995
0.15956
0.13545
0.13889
0.13860
0.13284
0.14084
0.15043
0.15043
0.14016
0.16846
0.18105
0.18435
0.17041
0.18200
0.17939
0.17892
0.17041
0.17041
0.17262
0.17022
0.15854
0.16275
0.16794
0.16750
0.15853
0.16531
0.16531
0.15988
0.14921
0.14859
0.14416
0.13515
0.12849
0.12792
0.13692
0.12637
0.14793
0.13049
0.13103
0.13532
0.12732
0.13581
0.13652
0.13642
0.13863
0.14934
0.14400
0.14772
0.14838
0.16299
0.15044
0.13765
0.15166
0.16412
0.16594
0.16551
0.16565
0.16551
0.16551
0.17198
0.17652
0.18287
0.15465
0.15396
0.15396
0.15396
0.15396
0.15396
0.15396
0.15396
0.15396
0.13865
0.13323
0.14915
0.16094
0.16332
0.15377
0.15934
0.15334
0.16989
0.15427
0.14277
0.14642
0.14236
0.14340
0.14236
0.14943
0.15979
0.16406
0.16406
0.16406
0.14553
0.14563
0.14563
0.14440
0.13267
0.13267
0.13708
0.13693
0.13766
0.14761
0.14895
0.13488
0.12690
0.12953
0.12745
0.12716
0.13610
0.13610
0.13149
0.14714
0.13598
0.13598
0.13184
0.14789
0.15909
0.15964
0.16110
0.14815
0.14815
0.15362
0.15599
0.14598
0.14411
0.14012
0.14062
0.16405
0.16469
0.18172
0.19832
0.20151
0.20235
0.21674
0.21143
0.21997
0.24359
0.21864
0.19941
0.19941
0.19693
0.19551
0.19693
0.19585
0.19589
0.18432
0.18623
0.20032
0.18793
0.18491
0.20550
0.18984
0.21027
0.19580
0.19581
0.19581
0.20268
0.20040
0.18777
0.18629
0.20005
0.19869
0.20005
0.20719
0.21299
0.20633
0.19970
0.19964
0.19895
0.19868
0.19672
0.21201
0.22377
0.22396
0.22506
0.22496
0.22496
0.22147
0.21496
0.21496
0.21496
0.21496
0.19701
0.19698
0.19732
0.19408
0.18324
0.18058
0.17745
0.17380
0.17715
0.18130
0.17798
0.19891
0.19889
0.19889
0.19883
0.20039
0.19867
0.20063
0.20067
0.21603
0.21596
0.22979
0.21646
0.21646
0.22599
0.22030
0.22030
0.22030
0.23364
0.23364
0.22951
0.23797
0.23981
0.22462
0.23589
0.23194
0.23194
0.23161
0.23046
0.22708
0.22080
0.22080
0.22080
0.21615
0.22291
0.23006
0.23006
0.23006
0.23413
0.23352
0.24700
0.24259
0.23781
0.23239
0.23279
0.23169
0.22823
0.22823
0.22823
0.22823
0.22823
0.23899
0.24578
0.25548
0.25776
0.25859
0.25175
0.25805
0.25802
0.25805
0.26550
0.24933
0.24570
0.27477
0.27945
0.25652
0.27379
0.27106
0.27106
0.26507
0.26092
0.25206
0.26105
0.26510
0.25771
0.27757
0.27620
0.27449
0.27513
0.27607
0.27513
0.27843
0.28516
0.28526
0.28507
0.27059
0.24997
0.23000
0.22855
0.22558
0.22255
0.23322
0.23021
0.23021
0.22552
0.23014
0.22320
0.25823
0.25823
0.25823
0.25823
0.25809
0.24924
0.24913
0.25265
0.24952
0.24053
0.22776
0.23573
0.23674
0.23227
0.22558
0.21952
0.24805
0.23750
0.22587
0.22561
0.22509
0.22356
0.22405
0.23458
0.23797
0.23797
0.24618
0.24649
0.24699
0.24171
0.23909
0.25562
0.27454
0.29180
0.30110
0.30110
0.31290
0.31284
0.31530
0.31953
0.31956
0.29895
0.29983
0.29998
0.31392
0.31571
0.31571
0.31573
0.32142
0.32647
0.32115
0.33088
0.33818
0.34140
0.34781
0.34353
0.34760
0.32432
0.32432
0.32269
0.33150
0.33754
0.33757
0.33036
0.35020
0.35459
0.34983
0.34983
0.35476
0.36143
0.36211
0.35386
0.35375
0.35326
0.35903
0.34569
0.34585
0.34662
0.34539
0.33760
0.33661
0.33659
0.34099
0.34084
0.36189
0.35667
0.35667
0.33948
0.34057
0.31727
0.32460
0.33522
0.33524
0.33851
0.33854
0.33854
0.33149
0.33149
0.31651
0.31367
0.31268
0.33295
0.33347
0.33295
0.32802
0.33302
0.33218
0.35542
0.36811
0.37512
0.37484
0.35517
0.39427
0.39688
0.39614
0.39614
0.40145
0.40540
0.39624
0.41411
0.41035
0.38450
0.40435
0.40254
0.40254
0.40855
0.40923
0.40923
0.41702
0.42320
0.41409
0.42967
0.42967
0.42967
0.42717
0.41954
0.41733
0.42071
0.44540
0.45830
0.46399
0.47051
0.47257
0.45011
0.43794
0.43689
0.42172
0.41323
0.41323
0.43228
0.43172
0.41852
0.41044
0.43378
0.43769
0.44719
0.44775
0.44778
0.44337
0.44547
0.45187
0.46671
0.47549
0.47788
0.48529
0.48527
0.47517
0.48047
0.48469
0.48399
0.48351
0.46004
0.47245
0.47245
0.47542
0.49092
0.50011
0.52620
0.52396
0.53099
0.54047
0.54071
0.54047
0.53677
0.55277
0.55688
0.53754
0.55390
0.55274
0.53855
0.53854
0.54528
0.54528
0.51530
0.52588
0.51083
0.51016
0.54393
0.54153
0.53479
0.53282
0.55456
0.55456
0.55456
0.54016
0.53927
0.54049
0.54049
0.56082
0.53099
0.54887
0.55316
0.55357
0.55357
0.55360
0.55274
0.53526
0.53392
0.53374
0.52425
0.52414
0.51063
0.51858
0.51858
0.51858
0.51902
0.51881
0.51881
0.51884
0.52178
0.48738
0.51663
0.52305
0.51127
0.50223
0.51584
0.50930
0.50939
0.50167
0.50167
0.50684
0.50394
0.50394
0.49734
0.50659
0.50457
0.52609
0.52072
0.52072
0.51397
0.51209
0.51131
0.50809
0.51167
0.50952
0.53180
0.53254
0.52986
0.52609
0.52609
0.51790
0.51216
0.52462
0.52462
0.52442
0.53143
0.52300
0.52292
0.52300
0.52300
0.49461
0.49461
0.49945
0.49945
0.49945
0.50380
0.49857
0.51292
0.50575
0.51675
0.51675
0.52180
0.50311
0.51612
0.51584
0.51584
0.50547
0.50547
0.51175
0.50523
0.50031
0.51499
0.51547
0.51499
0.51678
0.51737
0.52299
0.52299
0.52299
0.52499
0.52299
0.52303
0.52052
0.52065
0.52065
0.52123
0.51125
0.52293
0.54060
0.54060
0.54161
0.51639
0.50313
0.48875
0.48891
0.48875
0.48855
0.49994
0.51005
0.50835
0.50855
0.50855
0.52005
0.51225
0.50386
0.49681
0.49648
0.49618
0.51083
0.53251
0.53331
0.52697
0.52659
0.52659
0.52659
0.52659
0.52266
0.50737
0.50721
0.50746
0.50616
0.48823
0.48371
0.48371
0.48371
0.46811
0.48011
0.47555
0.48057
0.49438
0.49875
0.48073
0.46799
0.46104
0.46190
0.46203
0.45278
0.45278
0.45945
0.44865
0.45070
0.44290
0.45200
0.45050
0.42409
0.42409
0.40727
0.38111
0.38111
0.38056
0.39205
0.38220
0.38018
0.39776
0.39746
0.39776
0.39280
0.39280
0.38242
0.38242
0.38242
0.38242
0.34910
0.35034
0.35031
0.35462
0.35670
0.36306
0.37331
0.37687
0.35941
0.35737
0.33790
0.33790
0.33790
0.33790
0.33790
0.35622
0.31915
0.30412
0.30012
0.30012
0.30215
0.30681
0.31109
0.30680
0.30645
0.30301
0.30579
0.30579
0.27973
0.28016
0.28189
0.28189
0.28899
0.28861
0.29122
0.29856
0.28651
0.28568
0.28651
0.30533
0.30550
0.30892
0.31170
0.32158
0.33889
0.33900
0.33900
0.33900
0.33900
0.32998
0.30984
0.31894
0.31883
0.31665
0.32557
0.32539
0.32539
0.32539
0.31736
0.31684
0.31689
0.31598
0.32188
0.32191
0.32183
0.30465
0.30465
0.31413
0.31413
0.28909
0.28850
0.29416
0.28598
0.28256
0.28484
0.28119
0.26216
0.25946
0.26206
0.25607
0.25696
0.26443
0.28769
0.29412
0.30009
0.29090
0.29090
0.29090
0.29111
0.30710
0.30952
0.32230
0.32230
0.33619
0.33619
0.33619
0.33415
0.33624
0.33342
0.33337
0.31446
0.31446
0.31606
0.31520
0.32263
0.33277
0.33908
0.35809
0.36426
0.36426
0.36111
0.35739
0.35107
0.35081
0.35488
0.35547
0.35472
0.35554
0.36559
0.36559
0.35484
0.34634
0.34605
0.33955
0.33972
0.33999
0.33999
0.34134
0.34424
0.34126
0.33980
0.33741
0.33741
0.36310
0.34373
0.34373
0.36593
0.36593
0.35248
0.35395
0.35383
0.36040
0.36028
0.36509
0.36529
0.36509
0.36652
0.36652
0.37874
0.38403
0.35739
0.35558
0.37400
0.37482
0.35165
0.35771
0.37899
0.37899
0.40804
0.39982
0.40959
0.39994
0.40405
0.40300
0.39468
0.38845
0.38898
0.39991
0.39435
0.38733
0.37926
0.37926
0.37990
0.40332
0.39853
0.39853
0.40358
0.40358
0.40864
0.40875
0.40686
0.40612
0.40612
0.40724
0.41947
0.40542
0.40543
0.40772
0.40772
0.40748
0.37565
0.37513
0.38950
0.39335
0.39338
0.39420
0.36617
0.36617
0.37032
0.36924
0.37557
0.38159
0.38159
0.38983
0.39400
0.38697
0.38669
0.38429
0.40306
0.41809
0.41808
0.39922
0.39833
0.39833
0.41186
0.41196
0.41196
0.41200
0.41183
0.39885
0.37795
0.38534
0.40462
0.45640
0.47394
0.46283
0.46682
0.45521
0.43624
0.42795
0.41274
0.41242
0.41718
0.41084
0.42190
0.43041
0.43983
0.45692
0.45630
0.46656
0.45674
0.46994
0.47433
0.46988
0.47078
0.45973
0.46391
0.46391
0.46348
0.46786
0.48219
0.48219
0.49090
0.49825
0.48842
0.50139
0.50560
0.49238
0.50503
0.50690
0.50713
0.50728
0.49500
0.49576
0.50985
0.50250
0.49361
0.49126
0.48633
0.48137
0.48246
0.48017
0.47607
0.48037
0.48352
0.48052
0.48052
0.47920
0.47905
0.48513
0.49065
0.47910
0.47849
0.47706
0.47527
0.47528
0.47536
0.47723
0.49057
0.48589
0.48646
0.46728
0.45285
0.46651
0.47013
0.46950
0.46950
0.47115
0.47099
0.47099
0.46625
0.47570
0.46194
0.46194
0.46014
0.45303
0.45134
0.45134
0.45134
0.45770
0.45994
0.46049
0.46101
0.47811
0.49669
0.47060
0.47060
0.47060
0.47060
0.45968
0.44678
0.44914
0.45069
0.45069
0.45038
0.45065
0.42481
0.42481
0.42481
0.40757
0.41134
0.41134
0.41134
0.40938
0.40903
0.42387
0.42433
0.42395
0.41622
0.41622
0.41622
0.38504
0.38504
0.38645
0.37134
0.38396
0.36693
0.34879
0.37094
0.37082
0.37094
0.37080
0.35936
0.36354
0.36354
0.35899
0.35899
0.36678
0.36669
0.39123
0.37491
0.37493
0.38179
0.37124
0.37771
0.37956
0.38415
0.38411
0.39011
0.40289
0.41781
0.40352
0.40090
0.40090
0.40090
0.40091
0.37829
0.37659
0.37659
0.39387
0.39393
0.39390
0.39207
0.39184
0.39513
0.39513
0.38507
0.38389
0.39391
0.40533
0.43366
0.41971
0.43321
0.44084
0.44158
0.44969
0.44436
0.44458
0.44460
0.44460
0.44443
0.44460
0.44327
0.44100
0.44230
0.44241
0.44157
0.44248
0.44248
0.43864
0.43864
0.44268
0.43419
0.43226
0.43237
0.44865
0.44097
0.44479
0.44691
0.42542
0.42542
0.41403
0.40174
0.39577
0.39660
0.39760
0.39619
0.39953
0.40598
0.40895
0.41029
0.41558
0.41558
0.41554
0.40024
0.41496
0.41035
0.41138
0.41570
0.41643
0.40417
0.42427
0.41699
0.41198
0.40884
0.40570
0.40553
0.41318
0.41930
0.40733
0.40669
0.40048
0.40048
0.40174
0.39374
0.39317
0.38396
0.38534
0.36592
0.36592
0.36592
0.37250
0.37239
0.37239
0.37239
0.36162
0.36223
0.37059
0.37034
0.35339
0.35339
0.36923
0.35248
0.36153
0.36616
0.36621
0.38229
0.38237
0.35975
0.35105
0.35860
0.37162
0.37267
0.39520
0.39395
0.40237
0.39897
0.37802
