0.01155
0.03974
0.05127
0.00627
0.00000
0.00641
0.01244
0.00000
0.02500
0.03707
0.07931
0.07827
0.04006
0.04022
0.02405
0.00429
0.00000
0.02406
0.02401
0.02794
0.01971
0.02180
0.01117
0.00998
0.00257
0.00005
0.01201
0.00885
0.00831
0.00000
0.00000
0.01709
0.05113
0.04389
0.00381
0.01973
0.03916
0.00145
0.00151
0.00000
0.02153
0.03645
0.01999
0.03586
0.04984
0.04127
0.08753
0.09102
0.09984
0.09668
0.13879
0.16808
0.14839
0.16698
0.14548
0.14086
0.15795
0.15241
0.15200
0.15550
0.17545
0.18012
0.21798
0.20983
0.21417
0.19052
0.20824
0.20952
0.22953
0.25207
0.27716
0.28419
0.27142
0.27534
0.30416
0.33107
0.33499
0.36393
0.32533
0.32047
0.32046
0.31853
0.29224
0.30771
0.28321
0.27255
0.29283
0.28380
0.29906
0.29906
0.27917
0.27210
0.28024
0.29127
0.32872
0.35508
0.37113
0.33453
0.34532
0.34977
0.34457
0.33386
0.33498
0.34819
0.29174
0.28467
0.38789
0.39479
0.39074
0.37918
0.39216
0.43278
0.44259
0.43589
0.42460
0.41560
0.41508
0.41066
0.38985
0.39430
0.38735
0.39639
0.40915
0.38153
0.38709
0.38016
0.33197
0.34981
0.34702
0.36341
0.33867
0.35337
0.37524
0.36854
0.35855
0.31812
0.28687
0.30501
0.28142
0.28902
0.26817
0.25860
0.24590
0.24506
0.22024
0.16837
0.21596
0.23005
0.25558
0.27405
0.29599
0.29880
0.31382
0.29415
0.31897
0.34052
0.33892
0.37555
0.37555
0.34527
0.35232
0.30617
0.30454
0.29312
0.27193
0.24929
0.21192
0.19523
0.16940
0.18238
0.21786
0.19199
0.17277
0.16643
0.20237
0.22397
0.21662
0.21785
0.19803
0.19012
0.22047
0.23886
0.23910
0.21706
0.21292
0.21920
0.23804
0.22271
0.21710
0.22731
0.19446
0.17587
0.20764
0.20300
0.22337
0.22316
0.21266
0.20478
0.20572
0.20884
0.19563
0.23547
0.24250
0.25059
0.27203
0.25542
0.21297
0.19186
0.21613
0.22652
0.17466
0.18551
0.22738
0.24879
0.26713
0.30843
0.29870
0.28524
0.26659
0.27593
0.28667
0.32447
0.31988
0.29031
0.29158
0.29841
0.29670
0.31669
0.31556
0.34113
0.35402
0.34632
0.32974
0.33606
0.35362
0.33829
0.34837
0.34558
0.35693
0.34860
0.35746
0.35666
0.34782
0.32228
0.30393
0.32868
0.38119
0.38665
0.38015
0.32440
0.30899
0.31500
0.31542
0.31327
0.29797
0.28196
0.26265
0.27308
0.25036
0.26745
0.25604
0.26442
0.26031
0.25396
0.25087
0.25718
0.23854
0.25996
0.23945
0.22177
0.19992
0.15775
0.14547
0.16727
0.15237
0.12242
0.18582
0.14347
0.10968
0.10560
0.08761
0.06610
0.06735
0.07261
0.07748
0.07239
0.10384
0.13308
0.11269
0.09151
0.09613
0.10630
0.08159
0.05051
0.09983
0.09612
0.11136
0.06013
0.07082
0.06569
0.06379
0.05455
0.05030
0.05962
0.04714
0.05685
0.07370
0.08211
0.09976
0.07274
0.08664
0.10064
0.13365
0.10468
0.12515
0.09925
0.04034
0.04218
0.03515
0.00415
0.01120
0.02887
0.04063
0.03876
0.07391
0.08832
0.11624
0.11995
0.15673
0.16150
0.16683
0.18011
0.17774
0.19663
0.19925
0.21658
0.23520
0.25321
0.24910
0.24361
0.24141
0.21836
0.19311
0.18584
0.21031
0.22439
0.21713
0.20057
0.17783
0.19466
0.18661
0.22438
0.19257
0.18406
0.19704
0.21111
0.21456
0.20969
0.20417
0.18982
0.19895
0.20117
0.20193
0.21304
0.20516
0.21840
0.21849
0.20800
0.20450
0.14952
0.10224
0.09273
0.09189
0.07827
0.06782
0.05040
0.03264
0.03802
0.06020
0.04950
0.03339
0.03409
0.03074
0.06946
0.06034
0.05453
0.08620
0.03304
0.06701
0.05274
0.04152
0.05048
0.08000
0.07141
0.06000
0.07750
0.09587
0.09935
0.12188
0.10195
0.12388
0.07214
0.07423
0.06782
0.08371
0.03493
0.02805
0.04475
0.05281
0.05867
0.05768
0.05348
0.04653
0.03882
0.06048
0.07698
0.08195
0.06842
0.05043
0.05550
0.08991
0.08636
0.08019
0.06845
0.07880
0.09538
0.11813
0.12753
0.08356
0.13617
0.12440
0.13323
0.13571
0.14191
0.14306
0.19343
0.17385
0.15749
0.14432
0.12258
0.14921
0.14630
0.14602
0.16615
0.15618
0.17951
0.17242
0.14566
0.15191
0.14224
0.15051
0.18041
0.20449
0.25106
0.25046
0.22684
0.25137
0.26139
0.25849
0.25127
0.26734
0.28445
0.24630
0.26391
0.25361
0.25917
0.27004
0.26191
0.26402
0.21481
0.20183
0.21657
0.21201
0.19847
0.20719
0.23112
0.21292
0.21074
0.22163
0.22918
0.25604
0.23929
0.26612
0.24207
0.21527
0.20689
0.24256
0.22114
0.19471
0.18846
0.18555
0.17405
0.15834
0.16602
0.17840
0.16556
0.16853
0.17905
0.17054
0.15325
0.17214
0.17146
0.18143
0.20322
0.15617
0.15221
0.16217
0.17290
0.16421
0.16562
0.18535
0.20398
0.20408
0.23648
0.28219
0.28219
0.24739
0.24683
0.24824
0.26959
0.25616
0.22783
0.18392
0.17024
0.17261
0.17304
0.15561
0.15587
0.14863
0.14396
0.12111
0.13006
0.11475
0.11861
0.10379
0.11217
0.13721
0.08803
0.09035
0.08948
0.07860
0.07343
0.06426
0.08309
0.10516
0.07508
0.09316
0.06224
0.08487
0.09759
0.10277
0.09053
0.10616
0.09671
0.14438
0.12806
0.09599
0.11016
0.07513
0.06677
0.05610
0.06551
0.06415
0.05647
0.06417
0.05329
0.04378
0.03372
0.01452
0.06087
0.06964
0.04636
0.00000
0.00000
0.00733
0.00000
0.00953
0.05525
0.03544
0.03419
0.04385
0.05758
0.08541
0.07468
0.10120
0.08143
0.07030
0.09284
0.14648
0.15004
0.15389
0.15005
0.11240
0.12035
0.14320
0.11594
0.10297
0.10909
0.07360
0.07194
0.07131
0.07150
0.07846
0.06551
0.06642
0.04946
0.08633
0.13494
0.13063
0.15421
0.18576
0.22157
0.22806
0.21378
0.20393
0.18467
0.15614
0.16864
0.21547
0.20243
0.24082
0.24354
0.28038
0.30797
0.32359
0.30125
0.31932
0.31773
0.24954
0.25484
0.24391
0.22867
0.19866
0.17303
0.17760
0.18152
0.19991
0.15651
0.17788
0.14947
0.16391
0.18704
0.20406
0.17487
0.20246
0.22227
0.19719
0.20608
0.17896
0.18407
0.22222
0.23318
0.26423
0.29398
0.28394
0.28218
0.29677
0.30396
0.32431
0.29113
0.26925
0.29842
0.30876
0.32127
0.31002
0.35535
0.36655
0.34741
0.36221
0.38082
0.40464
0.40745
0.41015
0.35717
0.33043
0.32356
0.31901
0.33501
0.33430
0.33701
0.34768
0.30568
0.33523
0.32926
0.35866
0.42714
0.43873
0.43857
0.49260
0.52554
0.51874
0.52186
0.55313
0.51736
0.51023
0.47498
0.46804
0.48305
0.48929
0.49628
0.49402
0.48888
0.46815
0.44835
0.47184
0.51437
0.54374
0.51014
0.51462
0.51242
0.52336
0.52771
0.51683
0.52920
0.56476
0.58213
0.60144
0.59164
0.57876
0.59828
0.57121
0.54450
0.55101
0.58372
0.58043
0.58813
0.60501
0.60113
0.59751
0.57787
0.58705
0.54704
0.51888
0.50749
0.48833
0.47448
0.43861
0.42186
0.39480
0.34539
0.36787
0.32393
0.31617
0.29424
0.28406
0.34713
0.33714
0.31231
0.31349
0.35074
0.36867
0.37104
0.40290
0.39757
0.37736
0.36885
0.39352
0.39120
0.36651
0.33279
0.33716
0.34467
0.35012
0.33462
0.30403
0.28869
0.29949
0.31999
0.30701
0.30722
0.29326
0.29608
0.27890
0.26853
0.26143
0.30687
0.32680
0.30899
0.30012
0.27680
0.27706
0.27140
0.25360
0.24209
0.25923
0.29036
0.30559
0.29626
0.26551
0.27177
0.24139
0.23652
0.23729
0.23817
0.25416
0.27827
0.27838
0.29047
0.28089
0.26901
0.28266
0.30542
0.30542
0.30424
0.30116
0.30177
0.30026
0.33427
0.30122
0.27711
0.26170
0.27023
0.26835
0.27957
0.29792
0.25962
0.25184
0.25472
0.27919
0.28289
0.24905
0.26797
0.23981
0.25379
0.25018
0.26522
0.27354
0.28263
0.31944
0.31385
0.31904
0.29991
0.32330
0.32447
0.28704
0.31858
0.31818
0.31302
0.31280
0.33342
0.33626
0.33322
0.30585
0.30366
0.32353
0.35518
0.35907
0.38094
0.34895
0.38377
0.43261
0.42277
0.42511
0.44193
0.42243
0.39278
0.37792
0.37788
0.37772
0.37762
0.37861
0.36832
0.36802
0.34879
0.33483
0.38797
0.36452
0.38606
0.37645
0.36114
0.35973
0.35328
0.33838
0.30771
0.30051
0.28611
0.27448
0.27944
0.32002
0.33053
0.34823
0.28942
0.31839
0.31639
0.29746
0.30341
0.27919
0.28885
0.31473
0.32780
0.34489
0.36184
0.35498
0.41936
0.42405
0.41170
0.42029
0.40413
0.38136
0.38272
0.39050
0.41533
0.41530
0.43073
0.43689
0.44964
0.48565
0.47642
0.47209
0.45721
0.43266
0.42174
0.44579
0.44338
0.41723
0.40922
0.41052
0.43125
0.43251
0.42715
0.43480
0.43860
0.44664
0.46721
0.50223
0.47746
0.48247
0.46381
0.46759
0.44705
0.42666
0.41750
0.42204
0.42175
0.44928
0.39230
0.39891
0.41249
0.41085
0.42193
0.43021
0.43112
0.46380
0.52373
0.53816
0.52618
0.52027
0.51712
0.49880
0.48468
0.47060
0.49014
0.49025
0.52173
0.51274
0.48568
0.49673
0.52081
0.52081
0.48950
0.52064
0.51905
0.53835
0.57400
0.58804
0.56063
0.54094
0.61835
0.62295
0.62896
0.59976
0.60884
0.63239
0.59815
0.62062
0.62657
0.60982
0.62297
0.61859
0.64824
0.65394
0.60857
0.64314
0.61278
0.60292
0.58192
0.57485
0.57408
0.55479
0.56803
0.54820
0.54403
0.54947
0.54616
0.55786
0.56747
0.51800
0.48685
0.44903
0.46278
0.44220
0.42615
0.42756
0.41477
0.43278
0.43308
0.43792
0.45185
0.43650
0.45045
0.39986
0.42057
0.42795
0.41122
0.43213
0.42972
0.42112
0.40335
0.38920
0.37702
0.35761
0.38218
0.34675
0.33692
0.34106
0.33026
0.32065
0.31030
0.34053
0.35083
0.36121
0.33864
0.33861
0.38617
0.39709
0.40357
0.40957
0.34068
0.34834
0.34053
0.33114
0.31503
0.29789
0.29698
0.27578
0.29304
0.31735
0.29552
0.28852
0.27191
0.29423
0.31877
0.34422
0.34844
0.33133
0.31477
0.28533
0.31444
0.32955
0.31865
0.30633
0.34170
0.30972
0.26514
0.26501
0.31418
0.28183
0.28338
0.26023
0.28956
0.34788
0.35506
0.32603
0.32691
0.36515
0.34679
0.35138
0.37934
0.38869
0.38443
0.41660
0.41379
0.38468
0.36905
0.37018
0.35983
0.38006
0.39945
0.38961
0.40979
0.47616
0.47048
0.45624
0.44854
0.42425
0.44004
0.43341
0.40084
0.38821
0.36598
0.35769
0.39347
0.43767
0.44690
0.45324
0.46532
0.44726
0.45263
0.40798
0.42920
0.46858
0.45073
0.43008
0.44519
0.42393
0.40986
0.42723
0.47439
0.48641
0.46928
0.49310
0.52138
0.53921
0.52908
0.53891
0.49942
0.48447
0.49626
0.50704
0.50689
0.54651
0.54417
0.56459
0.56724
0.57217
0.56296
0.55552
0.58495
0.60937
0.54329
0.54135
0.59358
0.60515
0.58962
0.58458
0.57962
0.55949
0.51608
0.52349
0.54207
0.53686
0.55099
0.53174
0.52959
0.58657
0.56714
0.55715
0.54074
0.53779
0.56974
0.57077
0.55366
0.53739
0.51670
0.53510
0.52934
0.52812
0.52881
0.51675
0.49662
0.50652
0.51028
0.57547
0.58878
0.57648
0.56939
0.51663
0.47268
0.48393
0.46801
0.46237
0.48406
0.49666
0.50633
0.48833
0.47732
0.45788
0.43881
0.43287
0.45129
0.49931
0.53739
0.52466
0.53167
0.54998
0.56383
0.57699
0.56215
0.53227
0.55715
0.56391
0.55357
0.53241
0.55611
0.51922
0.53197
0.50062
0.51276
0.53287
0.52323
0.48928
0.47264
0.44670
0.44869
0.45023
0.45058
0.43629
0.43470
0.44235
0.44050
0.41433
0.43763
0.45247
0.44605
0.44287
0.43587
0.41673
0.42806
0.46882
0.45252
0.48734
0.47850
0.47241
0.47781
0.50265
0.52439
0.52695
0.51393
0.50013
0.44922
0.43517
0.40912
0.40317
0.41842
0.42719
0.39838
0.39712
0.41770
0.43285
0.41599
0.39891
0.40760
0.39434
0.40034
0.41840
0.47598
0.48739
0.47635
0.46194
0.43877
0.43248
0.43976
0.41028
0.43495
0.44291
0.49798
0.50453
0.49135
0.48673
0.45673
0.44892
0.40215
0.38735
0.36205
0.35131
0.31187
0.30371
0.28989
0.30163
0.31038
0.26674
0.26881
0.27213
0.28352
0.25349
0.28567
0.29354
0.30470
0.29416
0.28945
0.24696
0.26336
0.22767
0.21687
0.23179
0.21626
0.23466
0.29393
0.30909
0.36753
0.36514
0.35188
0.37671
0.35256
0.35496
0.35974
0.36730
0.35139
0.33887
0.32002
0.33147
0.35453
0.32929
0.29603
0.32076
0.35591
0.35312
0.32706
0.27880
0.25570
0.24247
0.25065
0.24919
0.22026
0.23346
0.24916
0.23323
0.22614
0.18727
0.16575
0.18028
0.17390
0.17514
0.21482
0.23773
0.20744
0.20931
0.19409
0.15848
0.16523
0.13264
0.15148
0.20329
0.18930
0.17062
0.18203
0.16447
0.15714
0.15127
0.15582
0.15035
0.16514
0.16280
0.20447
0.18375
0.17883
0.17071
0.17394
0.19752
0.20892
0.22864
0.23956
0.27780
0.32272
0.30837
0.36084
0.42064
0.41972
0.40657
0.40262
0.39734
0.39924
0.36746
0.38770
0.38902
0.39811
0.38573
0.36942
0.36490
0.33094
0.30119
0.32803
0.36195
0.35878
0.32620
0.30437
0.30869
0.27935
0.29151
0.30617
0.29521
0.33427
0.31264
0.30754
0.30780
0.33636
0.33211
0.28653
0.27814
0.24114
0.22932
0.23125
0.25836
0.23153
0.17771
0.22658
0.22726
0.21813
0.23152
0.22551
0.24704
0.26392
0.23755
0.26468
0.26750
0.23751
0.29526
0.23738
0.22920
0.22843
0.23767
0.24220
0.22810
0.23217
0.22611
0.22047
0.21736
0.21729
0.22331
0.21648
0.23549
0.22223
0.20749
0.23438
0.24267
0.23821
0.22067
0.22869
0.23811
0.24751
0.25354
0.22471
0.21637
0.23499
0.25429
0.19388
0.19971
0.22158
0.20082
0.19003
0.16539
0.15282
0.12874
0.12793
0.11872
0.09351
0.11086
0.13504
0.05491
0.04447
0.02533
0.02698
0.03839
0.01365
0.04806
0.06942
0.05166
0.02867
0.01792
0.04722
0.03745
0.00840
0.03337
0.00113
0.00000
0.00000
0.00000
0.01058
0.02693
0.02197
0.02349
0.05172
0.03040
0.02916
0.06341
0.05266
0.07446
0.08169
0.08685
0.10229
0.09072
0.06100
0.08574
0.08756
0.14572
0.14205
0.14211
0.15610
0.15251
0.14117
0.10668
0.09826
0.08206
0.08280
0.14996
0.17505
0.18165
0.17167
0.16508
0.13471
0.14343
0.13572
0.10639
0.10784
0.10626
0.12881
0.09198
0.11252
0.12707
0.14347
0.17719
0.11524
0.10594
0.11720
0.08781
0.07813
0.08605
0.06595
0.08706
0.05819
0.06688
0.06170
0.08132
0.08044
0.08659
0.10584
0.11961
0.10290
0.10713
0.10015
0.11385
0.10568
0.15618
0.13556
0.12236
0.13770
0.12574
0.13055
0.10929
0.12172
0.11321
0.08440
0.07510
0.09487
0.11426
0.09769
0.09415
0.09142
0.07990
0.06245
0.07586
0.08579
0.09727
0.17239
0.20219
0.18129
0.19687
0.18028
0.15434
0.13921
0.11852
0.11168
0.13971
0.15308
0.17717
0.16324
0.15719
0.16251
0.16990
0.15454
0.17731
0.16541
0.16641
0.19687
0.20692
0.22381
0.22388
0.22636
0.20440
0.21937
0.19523
0.19107
0.19531
0.21292
0.21625
0.19885
0.20600
0.22481
0.18238
0.17474
0.16877
0.17251
0.18793
0.18579
0.14781
0.11059
0.13529
0.16052
0.16254
0.16921
0.16294
0.13554
0.14170
0.13205
0.10011
0.09903
0.09359
0.10099
0.11017
0.09629
0.11102
0.10060
0.09465
0.08238
0.12992
0.11279
0.08820
0.10207
0.08488
0.07010
0.06936
0.07831
0.02587
0.03373
0.03425
0.05473
0.04463
0.08068
0.08721
0.08679
0.08814
0.10352
0.15460
0.13328
0.11189
0.12579
0.12342
0.14185
0.13159
0.10986
0.12217
0.15334
0.11833
0.12686
0.11294
0.09558
0.10709
0.06985
0.04475
0.03084
0.03004
0.00034
0.01931
0.04886
0.04624
0.02502
0.05336
0.03977
0.00000
0.02911
0.08816
0.12049
0.16253
0.11583
0.09673
0.09206
0.10126
0.09059
0.08459
0.10102
0.11804
0.11904
0.11228
0.13411
0.09275
0.09953
0.08722
0.06508
0.08832
0.08513
0.06082
0.07537
0.08842
0.06973
0.06074
0.08050
0.08394
0.08736
0.07707
0.11136
0.15508
0.15184
0.15812
0.16314
0.16889
0.18990
0.18983
0.18643
0.18474
0.16847
0.15955
0.19396
0.22366
0.22994
0.20391
0.18489
0.19368
0.14917
0.17447
0.13915
0.13507
0.13436
0.18243
0.18634
0.15576
0.19196
0.21198
0.21911
0.26080
0.27389
0.32808
0.33056
0.34410
0.30142
0.31320
0.30543
0.28298
0.28298
0.31703
0.33836
0.37002
0.37971
0.41130
0.40559
0.42441
0.41327
0.43800
0.42770
0.41107
0.42490
0.43901
0.46546
0.48597
0.49245
0.46133
0.44631
0.44678
0.48977
0.49981
0.50989
0.52889
0.50894
0.51068
0.51293
0.51625
0.49395
0.51245
0.50608
0.50865
0.46958
0.47864
0.45958
0.45463
0.42654
0.44012
0.43195
0.44229
0.39033
0.37909
0.41023
0.43139
0.45631
0.46801
0.43466
0.44332
0.42035
0.42452
0.45035
0.46037
0.47027
0.45098
0.45241
0.43943
0.41430
0.41430
0.39710
0.39376
0.41857
0.42590
0.36240
0.31871
0.31349
0.33893
0.35813
0.36520
0.35746
0.35579
0.38069
0.40359
0.35079
0.37880
0.38231
0.37178
0.35661
0.37583
0.37775
0.38818
0.39302
0.38597
0.40158
0.41735
0.38628
0.40975
0.37633
0.39516
0.37393
0.35617
0.39196
0.38915
0.38670
0.37328
0.40346
0.39275
0.38117
0.36527
0.37804
0.37402
0.38190
0.37113
0.35507
0.32966
0.30875
0.28701
0.28115
0.24927
0.29287
0.25933
0.27775
0.29666
0.29680
0.30436
0.30155
0.34513
0.34889
0.35326
0.33055
0.28235
0.24911
0.27164
0.27489
0.30285
0.30764
0.32936
0.31254
0.29082
0.28360
0.28272
0.34809
0.32786
0.35819
0.37155
0.37164
0.35872
0.33597
0.31747
0.32869
0.30143
0.29620
0.30439
0.33058
0.36462
0.38889
0.41713
0.41656
0.44889
0.45100
0.39678
0.39877
0.38186
0.38177
0.36045
0.36028
0.37744
0.35486
0.35862
0.36403
0.37900
0.37463
0.34569
0.36384
0.35536
0.36018
0.33942
0.34079
0.30160
0.31201
0.34059
0.32746
0.33823
0.33540
0.32823
0.34272
0.34777
0.35516
0.36872
0.39477
0.40393
0.38789
0.38500
0.41982
0.43868
0.43300
0.40103
0.42321
0.40284
0.41695
0.45001
0.49260
0.49472
0.51126
0.52565
0.53863
0.53323
0.52332
0.53494
0.50294
0.48576
0.50489
0.50080
0.50868
0.52659
0.53498
0.51863
0.49960
0.50844
0.51264
0.53599
0.52720
0.52327
0.52777
0.50838
0.50941
0.50205
0.53308
0.47147
0.47301
0.47367
0.43323
0.42136
0.40042
0.39602
0.36374
0.36344
0.35585
0.32322
0.33667
0.33486
0.33417
0.34802
0.34119
0.33213
0.31817
0.33552
0.33416
0.32937
0.30541
0.33687
0.34985
0.34992
0.35077
0.34399
0.37372
0.35882
0.40677
0.43969
0.43581
0.47236
0.44124
0.42798
0.39569
0.40133
0.41023
0.41628
0.44515
0.42396
0.41015
0.39795
0.39236
0.34143
0.32759
0.34974
0.36094
0.33526
0.33700
0.31758
0.31446
0.31382
0.34942
0.36575
0.29524
0.31179
0.29710
0.31580
0.29591
0.29039
0.27340
0.26550
0.26919
0.26439
0.23852
0.23390
0.23987
0.24876
0.23791
0.22563
0.24759
0.25756
0.28914
0.26273
0.23296
0.23166
0.20630
0.21288
0.21994
0.21072
0.21048
0.24502
0.22412
0.24612
0.25759
0.20141
0.20776
0.21055
0.24730
0.24042
0.23007
0.24043
0.23157
0.23481
0.26605
0.26454
0.28730
0.28195
0.28674
0.23777
0.26434
0.27505
0.25663
0.25246
0.26019
0.25187
0.25493
0.28066
0.27851
0.28661
0.31768
0.28815
0.28234
0.32393
0.29903
0.23753
0.23480
0.20785
0.19311
0.17793
0.18635
0.19124
0.18886
0.18464
0.17009
0.16806
0.17537
0.17999
0.16629
0.17591
0.16622
0.15929
0.17224
0.17613
0.24346
0.26169
0.32836
0.31642
0.30184
0.30192
0.29416
0.28666
0.31484
0.32468
0.32614
0.31922
0.31463
0.28226
0.26001
0.24634
0.23737
0.21855
0.21615
0.23432
0.24716
0.26726
0.29350
0.26744
0.25073
0.20685
0.21824
0.21897
0.24290
0.23924
0.26478
0.24896
0.22272
0.25416
0.28541
0.29645
0.29111
0.32359
0.31410
0.33478
0.32099
0.34730
0.37186
0.38544
0.38991
0.37537
0.36735
0.36814
0.35925
0.35162
0.38028
0.36350
0.33667
0.31258
0.30636
0.29627
0.30438
0.28317
0.29110
0.31547
0.31132
0.33849
0.32465
0.32798
0.33020
0.29975
0.26454
0.23870
0.23817
0.24238
0.24451
0.25470
0.24181
0.27365
0.28633
0.31079
0.31139
0.29655
0.28300
0.26449
0.25665
0.27682
0.28730
0.25746
0.26461
0.26722
0.25608
0.25077
0.28431
0.30733
0.30645
0.32246
0.31581
0.31195
0.30325
0.31063
0.28435
0.29909
0.28017
0.33476
0.32544
0.31981
0.33910
0.29076
0.28458
0.28086
0.30468
0.33424
0.36781
0.35705
0.35508
0.32428
0.33040
0.31750
0.32481
0.28636
0.31119
0.30081
0.30944
0.30950
0.32332
0.32582
0.29836
0.33282
0.30837
0.30130
0.31622
0.31128
0.34010
0.37466
0.33433
0.35033
0.36235
0.37218
0.38507
0.37373
0.35916
0.35281
0.33850
0.37288
0.40415
0.41521
0.38678
0.37258
0.37525
0.38304
0.37784
0.40107
0.39386
0.37870
0.33749
0.30115
0.31050
0.32679
0.32640
0.34109
0.33450
0.38200
0.40266
0.38773
0.37850
0.38243
0.37637
0.37513
0.36819
0.35888
0.36190
0.35781
0.35565
0.33129
0.34259
0.34647
0.36101
0.33037
0.36468
0.35281
0.34666
0.37383
0.36225
0.39775
0.37930
0.40840
0.41995
0.41001
0.34252
0.32023
0.33917
0.34093
0.33823
0.33784
0.34902
0.34093
0.32397
0.30968
0.28160
0.27953
0.28531
0.27711
0.27035
0.27255
0.27265
0.23890
0.18701
0.15964
0.14375
0.14788
0.16604
0.16931
0.19036
0.14444
0.10551
0.11651
0.10523
0.08775
0.11945
0.10522
0.09758
0.09616
0.11406
0.10823
0.07017
0.05801
0.06117
0.08087
0.08719
0.07548
0.03326
0.01198
0.01077
0.02386
0.01021
0.01806
0.02844
0.02027
0.02964
0.02380
0.00024
0.00301
0.00079
0.00929
0.00730
0.00000
0.02535
0.01082
0.01663
0.00000
0.00001
0.02429
0.02395
0.05213
0.03988
0.03258
0.03229
0.03135
0.03782
0.01418
0.02843
0.02619
0.02802
0.01522
0.01522
0.00266
0.01154
0.00000
0.01394
0.05430
0.04516
0.03734
0.05806
0.05915
0.00984
0.00891
0.00433
0.00319
0.00127
0.00000
0.00276
0.02717
0.03635
0.02267
0.01822
0.00099
0.02303
0.04327
0.08601
0.11464
0.09606
0.12414
0.13010
0.14943
0.14636
0.15321
0.14802
0.20105
0.21047
0.22133
0.25140
0.21746
0.21867
0.25576
0.22637
0.25839
0.26655
0.22144
0.23709
0.24201
0.26978
0.28773
0.22403
0.21447
0.19484
0.22056
0.20401
0.21399
0.19579
0.16077
0.17161
0.12516
0.12605
0.18015
0.19019
0.19901
0.19098
0.16474
0.13337
0.13229
0.12635
0.14644
0.11698
0.12163
0.12055
0.12277
0.13766
0.14166
0.16631
0.15627
0.14703
0.13722
0.11749
0.11513
0.11178
0.09550
0.10669
0.11315
0.10356
0.08547
0.07184
0.02668
0.07238
0.07073
0.09807
0.06463
0.06263
0.07140
0.08281
0.08926
0.08006
0.07649
0.05217
0.07521
0.09748
0.05348
0.05230
0.06505
0.07890
0.12107
0.12974
0.13877
0.11077
0.13395
0.12998
0.13531
0.13217
0.14371
0.12138
0.10204
0.07060
0.06127
0.06529
0.07744
0.10998
0.05286
0.08279
0.07693
0.06170
0.04410
0.04036
0.05453
0.09000
0.09789
0.08940
0.10256
0.10595
0.11352
0.13517
0.11457
0.11707
0.10134
0.11781
0.10948
0.09340
0.09977
0.11289
0.12963
0.13940
0.10545
0.13044
0.13704
0.09211
0.09424
0.07572
0.05901
0.03755
0.07437
0.01524
0.00583
0.03027
0.00000
0.00000
0.00025
0.05900
0.06482
0.06357
0.08579
0.10406
0.11354
0.10571
0.09356
0.08372
0.08309
0.07607
0.09333
0.08695
0.10856
0.05909
0.11811
0.11398
0.09407
0.08342
0.08553
0.09980
0.10272
0.10413
0.11693
0.13384
0.15701
0.13436
0.12281
0.07703
0.06998
0.10108
0.09476
0.07921
0.07868
0.05852
0.09714
0.11590
0.12363
0.15028
0.16087
0.14042
0.14311
0.15309
0.16538
0.15759
0.13870
0.11735
0.10285
0.11603
0.14162
0.12700
0.10955
0.13916
0.16726
0.15308
0.13656
0.13099
0.14551
0.13727
0.12687
0.15034
0.15034
0.15547
0.09684
0.06082
0.09346
0.09232
0.13889
0.14206
0.15001
0.15352
0.14565
0.16977
0.20269
0.21854
0.23864
0.20051
0.20051
0.16526
0.16387
0.16135
0.12709
0.10464
0.10044
0.11349
0.07557
0.06931
0.05196
0.05494
0.05869
0.07081
0.11932
0.10772
0.10338
0.10962
0.10761
0.13645
0.13479
0.15696
0.17177
0.19113
0.18208
0.18444
0.25480
0.26149
0.27530
0.28807
0.27307
0.26600
0.25567
0.24721
0.25261
0.24843
0.25121
0.27119
0.30944
0.24740
0.23450
0.25199
0.28246
0.23808
0.21741
0.20491
0.21110
0.19439
0.26863
0.23253
0.24507
0.24162
0.24491
0.23729
0.23038
0.26477
0.26054
0.28620
0.27281
0.27495
0.26886
0.24379
0.23614
0.22410
0.22720
0.22946
0.22243
0.19085
0.17773
0.15733
0.17266
0.23507
0.21846
0.19965
0.18416
0.14865
0.13052
0.16819
0.14737
0.09450
0.12473
0.15582
0.14597
0.13065
0.16023
0.16661
0.14461
0.12348
0.15621
0.15664
0.17440
0.17690
0.11101
0.12613
0.16324
0.15707
0.18253
0.20253
0.20688
0.24175
0.23792
0.23814
0.19499
0.21251
0.20725
0.19274
0.24185
0.25503
0.23072
0.23493
0.25220
0.23811
0.18308
0.19191
0.17459
0.18763
0.17220
0.18131
0.17075
0.19156
0.17527
0.14908
0.18192
0.19426
0.18196
0.17554
0.19568
0.20197
0.19265
0.21653
0.23318
0.22778
0.22282
0.23806
0.20744
0.20626
0.24347
0.24347
0.24513
0.26049
0.25899
0.23950
0.17972
0.17898
0.14348
0.13182
0.15807
0.17334
0.18519
0.16285
0.16642
0.16685
0.12894
0.11941
0.09820
0.12412
0.13789
0.14170
0.10612
0.12647
0.15362
0.17210
0.18674
0.13701
0.15604
0.15679
0.15657
0.18442
0.22533
0.21791
0.20228
0.20359
0.21267
0.20272
0.15939
0.17368
0.16397
0.15539
0.15004
0.14411
0.14544
0.15697
0.18469
0.18651
0.12922
0.13152
0.13746
0.14356
0.15865
0.13652
0.14286
0.14954
0.14471
0.15251
0.22126
0.24428
0.22449
0.22386
0.20202
0.22011
0.26089
0.27822
0.26262
0.29351
0.30962
0.27292
0.22077
0.17572
0.14230
0.13110
0.11554
0.09438
0.08114
0.02063
0.02985
0.02557
0.07654
0.04028
0.06018
0.09371
0.08442
0.06985
0.06196
0.03928
0.04448
0.07107
0.09219
0.11545
0.10402
0.09899
0.11518
0.08253
0.06877
0.09183
0.11034
0.07544
0.12206
0.12256
0.13195
0.11834
0.12394
0.11860
0.12890
0.14562
0.15189
0.17807
0.16228
0.18262
0.18912
0.18349
0.21527
0.23971
0.22009
0.21938
0.19999
0.20508
0.19548
0.22648
0.19347
0.16223
0.15026
0.15890
0.11045
0.09047
0.09423
0.08707
0.08477
0.09043
0.09765
0.09927
0.11746
0.08805
0.08925
0.09776
0.12695
0.13513
0.12846
0.12846
0.10001
0.09013
0.06055
0.08238
0.07694
0.07539
0.07957
0.10447
0.07368
0.04121
0.08142
0.06405
0.09883
0.14126
0.11551
0.12075
0.14311
0.17777
0.19304
0.16144
0.14459
0.15752
0.16220
0.18925
0.19053
0.18296
0.20817
0.22409
0.20219
0.22685
0.25438
0.24408
0.23654
0.22344
0.21203
0.21655
0.21521
0.23225
0.23986
0.27307
0.22371
0.22287
0.21647
0.21100
0.20491
0.18244
0.14781
0.15879
0.19061
0.19963
0.19747
0.16621
0.12860
0.14927
0.15504
0.13736
0.14634
0.09029
0.13237
0.13236
0.12606
0.15087
0.09996
0.07201
0.09928
0.14049
0.12544
0.14170
0.17022
0.14415
0.15455
0.16509
0.20449
0.17359
0.20412
0.21753
0.18481
0.20826
0.18981
0.15440
0.12773
0.11882
0.13319
0.11042
0.14359
0.16712
0.16563
0.13309
0.11330
0.11404
0.13117
0.14200
0.12136
0.06761
0.08176
0.04375
0.07705
0.12664
0.12726
0.14602
0.14602
0.13818
0.14342
0.14032
0.06543
0.06673
0.04736
0.06407
0.06389
0.07041
0.06877
0.05064
0.02854
0.00000
0.00000
0.00000
0.00011
0.02277
0.01418
0.00000
0.00036
0.01500
0.03543
0.04643
0.04299
0.02831
0.01245
0.00000
0.03883
0.02270
0.00000
0.00983
0.04135
0.04013
0.03935
0.01486
0.01852
0.04422
0.00537
0.00000
0.01593
0.02855
0.03891
0.03897
0.05035
0.03359
0.00359
0.00365
0.00751
0.00572
0.00000
0.00232
0.00000
0.00051
0.00945
0.00000
0.00000
0.02855
0.05369
0.06461
0.03429
0.03193
0.02425
0.05772
0.02224
0.01299
0.00001
0.01606
0.01891
0.00795
0.02782
0.01561
0.01488
0.01111
0.01002
0.03820
0.02485
0.02554
0.02723
0.04890
0.09133
0.09342
0.06362
0.02984
0.06246
0.08844
0.08671
0.09344
0.17316
0.17989
0.16727
0.18630
0.17480
0.20298
0.21143
0.23127
0.21639
0.23845
0.24622
0.24608
0.23750
0.24179
0.25122
0.24584
0.25020
0.24732
0.25821
0.26578
0.24550
0.22051
0.21661
0.22780
0.23460
0.27173
0.26319
0.23784
0.22591
0.22441
0.23955
0.21167
0.22464
0.23756
0.22714
0.22483
0.22787
0.21301
0.22661
0.22550
0.18485
0.15316
0.17019
0.17866
0.16496
0.22583
0.22507
0.23026
0.20221
0.21788
0.27487
0.27515
0.23979
0.28884
0.26867
0.27081
0.24392
0.24887
0.26406
0.25399
0.28304
0.30497
0.31126
0.30188
0.29858
0.28436
0.30001
0.30279
0.32252
0.29834
0.31693
0.31473
0.30214
0.30505
0.26543
0.26767
0.29567
0.31027
0.33188
0.29051
0.22675
0.22763
0.21173
0.22286
0.23443
0.25453
0.25771
0.27120
0.25270
0.25581
0.25535
0.24945
0.23134
0.16859
0.13810
0.13124
0.12955
0.11219
0.14453
0.13310
0.14294
0.16333
0.15821
0.16390
0.18762
0.20009
0.19344
0.18290
0.19599
0.20645
0.16400
0.18136
0.20680
0.19355
0.18652
0.19838
0.20546
0.22065
0.21666
0.20727
0.18070
0.20209
0.20851
0.18997
0.10580
0.06714
0.04665
0.00145
0.00806
0.02977
0.01714
0.01682
0.02077
0.03678
0.01642
0.00921
0.00302
0.01712
0.05571
0.05683
0.05488
0.04576
0.03657
0.01721
0.03828
0.02796
0.09584
0.11087
0.09332
0.01722
0.06204
0.10646
0.08292
0.05952
0.02832
0.01167
0.01190
0.02478
0.00389
0.02341
0.09436
0.08409
0.11520
0.10182
0.11396
0.12228
0.17059
0.14712
0.13962
0.11477
0.14880
0.21153
0.20593
0.20593
0.20218
0.21560
0.23398
0.19725
0.17633
0.17633
0.19677
0.17482
0.14381
0.17264
0.16913
0.15746
0.15688
0.16686
0.18528
0.20387
0.24185
0.20367
0.22757
0.20749
0.18870
0.19680
0.19249
0.19946
0.19337
0.20206
0.21629
0.20523
0.20676
0.14722
0.16810
0.16450
0.15381
0.13474
0.17889
0.19052
0.19159
0.18813
0.19098
0.16457
0.12251
0.06656
0.08188
0.05294
0.05835
0.07035
0.08434
0.08840
0.09382
0.09173
0.08276
0.10329
0.11129
0.10532
0.10154
0.10467
0.11285
0.11612
0.13201
0.14099
0.10093
0.10093
0.09605
0.10448
0.09580
0.10141
0.11572
0.07459
0.11586
0.08869
0.00000
0.03737
0.01971
0.01676
0.02547
0.03632
0.06478
0.07005
0.09365
0.07744
0.08510
0.11304
0.14257
0.11085
0.13482
0.13507
0.13053
0.13494
0.13537
0.16457
0.16253
0.18262
0.18608
0.16060
0.17521
0.17153
0.15689
0.15577
0.14086
0.19780
0.17698
0.13737
0.09645
0.10610
0.10455
0.09380
0.05091
0.02829
0.01519
0.00000
0.02445
0.00000
0.03126
0.00000
0.03574
0.04096
0.04384
0.02866
0.01701
0.02558
0.00974
0.05288
0.04676
0.02545
0.00914
0.03304
0.02661
0.02963
0.02121
0.03525
0.01191
0.01929
0.00000
0.00000
0.00464
0.01409
0.01746
0.01972
0.00761
0.00303
0.00903
0.00000
0.00000
0.01390
0.03060
0.05869
0.03345
0.07350
0.06096
0.05892
0.04273
0.05639
0.04936
0.02787
0.07876
0.04514
0.03429
0.05408
0.07430
0.08155
0.12367
0.18445
0.21903
0.23497
0.24617
0.23691
0.20890
0.20823
0.19110
0.20785
0.18754
0.19467
0.18631
0.19746
0.19190
0.18015
0.21379
0.21393
0.16678
0.19237
0.19738
0.17909
0.18092
0.18291
0.21860
0.20960
0.18374
0.15991
0.15764
0.15867
0.13851
0.15251
0.16604
0.13154
0.10119
0.09434
0.07073
0.09307
0.11417
0.08157
0.11319
0.12418
0.14392
0.12834
0.15831
0.12279
0.09793
0.06579
0.08134
0.11285
0.11450
0.14388
0.16436
0.15687
0.14050
0.10061
0.10856
0.11495
0.12264
0.09236
0.08064
0.05652
0.01952
0.04201
0.10111
0.09181
0.10277
0.12803
0.12387
0.13999
0.13876
0.15445
0.16627
0.15234
0.18709
0.20212
0.24014
0.28084
0.32033
0.29899
0.29704
0.28833
0.26228
0.25652
0.25007
0.25906
0.18949
0.18853
0.16777
0.17172
0.16608
0.17040
0.18565
0.17550
0.17536
0.19098
0.19842
0.19310
0.19962
0.19290
0.20217
0.19276
0.19845
0.21329
0.16555
0.17929
0.18297
0.18430
0.22780
0.23323
0.20602
0.20740
0.19880
0.18231
0.21615
0.21261
0.21147
0.21508
0.21596
0.24011
0.25087
0.27242
0.27353
0.25454
0.24962
0.25329
0.24184
0.23400
0.17643
0.20190
0.16825
0.15873
0.18389
0.17181
0.17157
0.17101
0.16889
0.17829
0.14778
0.17480
0.17059
0.16663
0.15953
0.13783
0.13533
0.13465
0.16203
0.15326
0.15030
0.16656
0.17792
0.19755
0.20229
0.18866
0.15545
0.11638
0.14629
0.11399
0.10368
0.09413
0.10037
0.11863
0.14173
0.16629
0.14749
0.14724
0.11214
0.13116
0.11061
0.09227
0.08391
0.09637
0.13809
0.12059
0.11794
0.10043
0.10772
0.05548
0.05784
0.05904
0.06360
0.00000
0.00000
0.06082
0.05463
0.06048
0.02557
0.01180
0.00262
0.00000
0.01335
0.00043
0.00000
0.00308
0.03262
0.05578
0.07148
0.07182
0.09259
0.09202
0.05752
0.04335
0.09374
0.11496
0.13259
0.10482
0.09713
0.14041
0.13338
0.10827
0.11175
0.09603
0.09468
0.08567
0.06492
0.09170
0.08145
0.08206
0.09670
0.08769
0.05788
0.07373
0.06352
0.05690
0.06966
0.08943
0.14053
0.18204
0.19726
0.23925
0.24521
0.25662
0.29800
0.29804
0.28459
0.28287
0.24973
0.23848
0.23556
0.22820
0.24792
0.24570
0.28540
0.30977
0.31453
0.29748
0.30380
0.27993
0.32367
0.31693
0.35373
0.35781
0.36055
0.37414
0.36566
0.37504
0.38949
0.36147
0.36049
0.34906
0.31255
0.34510
0.32776
0.33834
0.35470
0.36771
0.36729
0.34348
0.34150
0.35841
0.36990
0.37787
0.38798
0.35444
0.34898
0.34243
0.35327
0.32598
0.32333
0.32066
0.28638
0.27892
0.27872
0.26836
0.24984
0.28598
0.31071
0.30313
0.35305
0.41507
0.39884
0.37510
0.38489
0.36613
0.35108
0.32748
0.34640
0.35211
0.36226
0.35331
0.35331
0.33561
0.31279
0.35233
0.33092
0.27342
0.27594
0.28424
0.29365
0.27860
0.29350
0.29434
0.25910
0.24741
0.23681
0.24824
0.24828
0.24059
0.20356
0.19239
0.17596
0.19262
0.13664
0.14216
0.09141
0.11912
0.07955
0.08347
0.14952
0.10061
0.05912
0.03820
0.05789
0.02021
0.01544
0.02679
0.02883
0.00000
0.01399
0.04161
0.05472
0.06390
0.07958
0.10409
0.13952
0.13025
0.16452
0.16284
0.13279
0.12315
0.12781
0.16640
0.23681
0.26988
0.28561
0.29021
0.26183
0.26045
0.28088
0.29205
0.29823
0.27404
0.28181
0.24999
0.25623
0.26268
0.23674
0.25046
0.24175
0.19670
0.17598
0.20838
0.17241
0.18210
0.21653
0.22300
0.23990
0.22198
0.17195
0.16260
0.17070
0.16324
0.17244
0.15527
0.18168
0.20123
0.21836
0.22050
0.20260
0.18390
0.18643
0.17001
0.18421
0.17317
0.18060
0.14748
0.15397
0.12297
0.14685
0.16280
0.18206
0.18800
0.18609
0.21648
0.26897
0.21048
0.21255
0.19908
0.22741
0.27903
0.27980
0.28017
0.25597
0.25836
0.26141
0.24324
0.21732
0.22161
0.25020
0.24534
0.24227
0.25345
0.25461
0.23932
0.25007
0.25073
0.19579
0.17951
0.16843
0.16428
0.11397
0.12001
0.08898
0.09801
0.08125
0.08684
0.08939
0.06306
0.07476
0.05836
0.02562
0.00949
0.04302
0.00180
0.02275
0.04048
0.03676
0.02470
0.04980
0.04680
0.02950
0.00000
0.03650
0.02617
0.01892
0.02089
0.05883
0.05707
0.03913
0.03046
0.03598
0.07359
0.06398
0.10196
0.11696
0.12056
0.08497
0.07706
0.10559
0.11761
0.11759
0.11987
0.10952
0.08558
0.06906
0.08005
0.06942
0.05980
0.06946
0.08898
0.06732
0.00386
0.01375
0.00000
0.00000
0.02514
0.00488
0.03071
0.05115
0.04831
0.07508
0.07476
0.08391
0.10762
0.08683
0.13454
0.16446
0.21201
0.18729
0.16791
0.17033
0.13930
0.20606
0.21994
0.19683
0.21521
0.20606
0.20565
0.21668
0.21167
0.19591
0.19892
0.17972
0.15651
0.14426
0.17313
0.16068
0.14274
0.16255
0.17400
0.17977
0.21759
0.21389
0.17968
0.20536
0.18793
0.20710
0.20062
0.20025
0.20073
0.21328
0.18736
0.17959
0.20535
0.22670
0.21918
0.20982
0.20297
0.21607
0.21160
0.18517
0.18397
0.21977
0.20706
0.20953
0.18085
0.14590
0.17584
0.18610
0.16570
0.16598
0.14493
0.13594
0.15075
0.15904
0.12392
0.14966
0.14117
0.13911
0.14620
0.12956
0.14779
0.17361
0.18051
0.11826
0.07002
0.06708
0.03913
0.07331
0.07477
0.08766
0.09820
0.11495
0.08962
0.10581
0.09480
0.07083
0.08334
0.07769
0.06024
0.08750
0.07168
0.08574
0.07732
0.08505
0.04990
0.07444
0.02814
0.00000
0.01957
0.02036
0.04225
0.05629
0.04858
0.05187
0.05218
0.05501
0.04950
0.03283
0.04995
0.04673
0.05517
0.06854
0.08167
0.09244
0.07977
0.05561
0.07223
0.07450
0.02983
0.03386
0.04300
0.03052
0.03160
0.00605
0.03798
0.00408
0.00000
0.00000
0.00001
0.01781
0.01904
0.03288
0.03991
0.08061
0.05810
0.03877
0.00853
0.02130
0.00680
0.05800
0.06171
0.02987
0.05111
0.03114
0.03127
0.03127
0.02890
0.03915
0.02764
0.03148
0.00120
0.00933
0.01185
0.00000
0.01905
0.01973
0.01560
0.00567
0.01849
0.05859
0.05277
0.04167
0.07067
0.10572
0.10303
0.09774
0.10615
0.10615
0.10587
0.11302
0.08058
0.04873
0.03943
0.05152
0.06382
0.06513
0.05804
0.05290
0.08649
0.04935
0.02481
0.01064
0.00323
0.01090
0.00000
0.00000
0.01592
0.02945
0.01098
0.00002
0.00000
0.00486
0.06499
0.06531
0.10954
0.11697
0.14901
0.10636
0.10719
0.09339
0.06790
0.08469
0.06665
0.06842
0.02207
0.04134
0.05109
0.07453
0.05018
0.04551
0.02706
0.02249
0.05218
0.07225
0.05130
0.04635
0.05792
0.08755
0.07697
0.09540
0.11775
0.13247
0.14916
0.15389
0.17297
0.20230
0.21175
0.24643
0.25712
0.26745
0.27186
0.26612
0.25785
0.21731
0.20801
0.24734
0.20173
0.20316
0.21086
0.20924
0.18379
0.18552
0.15460
0.19985
0.20594
0.22672
0.22114
0.27803
0.25677
0.25156
0.26909
0.29147
0.28863
0.26636
0.29493
0.27854
0.29477
0.26277
0.26327
0.24475
0.25092
0.24040
0.23841
0.23152
0.26160
0.26304
0.29692
0.28591
0.29356
0.30234
0.30943
0.31156
0.34416
0.34240
0.35211
0.36438
0.36101
0.32228
0.32101
0.31439
0.31352
0.30130
0.28240
0.28014
0.31695
0.30206
0.31261
0.36024
0.36035
0.34784
0.32842
0.30199
0.29736
0.33855
0.33327
0.33982
0.35955
0.33415
0.32675
0.33879
0.34404
0.33728
0.30228
0.28860
0.27998
0.24896
0.23857
0.24896
0.25170
0.24835
0.27777
0.26818
0.27609
0.25727
0.19839
0.21638
0.16579
0.17880
0.17323
0.15887
0.13001
0.17469
0.15640
0.15738
0.17987
0.16612
0.14886
0.16062
0.16320
0.16224
0.16712
0.18072
0.16891
0.15999
0.13871
0.12990
0.10544
0.14728
0.14540
0.13356
0.12667
0.15097
0.15604
0.07528
0.09325
0.07444
0.03079
0.04413
0.05897
0.07584
0.08755
0.04348
0.05280
0.05227
0.04973
0.03729
0.03911
0.00000
0.00000
0.00228
0.03795
0.01304
0.04622
0.02515
0.02972
0.01891
0.04819
0.00000
0.00005
0.00000
0.00871
0.01582
0.03666
0.03218
0.02891
0.04592
0.03848
0.03788
0.03061
0.02656
0.02686
0.03309
0.04138
0.07088
0.07883
0.08402
0.07501
0.07415
0.09596
0.12841
0.15343
0.12866
0.11884
0.06909
0.06984
0.05993
0.05225
0.07180
0.02666
0.01182
0.03180
0.00481
0.00696
0.02758
0.00470
0.00000
0.01721
0.01864
0.02668
0.01373
0.02577
0.02257
0.02739
0.02499
0.01383
0.02733
0.02894
0.04577
0.04463
0.05772
0.08384
0.07705
0.07272
0.08918
0.08821
0.07939
0.07982
0.05902
0.07340
0.09977
0.07689
0.07558
0.08057
0.10946
0.14415
0.15396
0.15396
0.16988
0.17554
0.18668
0.14674
0.16109
0.16192
0.18360
0.16996
0.14827
0.15941
0.18888
0.15480
0.18000
0.18004
0.18124
0.19869
0.17035
0.18396
0.18589
0.20663
0.19861
0.19819
0.18150
0.18103
0.21548
0.16728
0.16452
0.14621
0.14499
0.13263
0.16437
0.12672
0.08329
0.13670
0.11865
0.12055
0.09637
0.05690
0.10066
0.09172
0.10862
0.15744
0.13811
0.10056
0.10516
0.09937
0.09529
0.08028
0.11700
0.09302
0.05447
0.06898
0.05434
0.09616
0.07265
0.05140
0.04774
0.05222
0.05379
0.09096
0.10191
0.11156
0.08385
0.04979
0.03109
0.01485
0.01226
0.02562
0.02952
0.02690
0.00531
0.00994
0.00171
0.02503
0.03368
0.03143
0.01401
0.03344
0.00984
0.00461
0.00511
0.02495
0.02643
0.03479
0.03366
0.05023
0.11431
0.08274
0.08142
0.09528
0.10854
0.17326
0.18094
0.18341
0.27531
0.24831
0.26761
0.25506
0.23222
0.24499
0.23191
0.24336
0.26069
0.26919
0.24462
0.22912
0.24172
0.24501
0.23758
0.23494
0.23403
0.22981
0.22008
0.20238
0.18580
0.21763
0.23276
0.25528
0.24566
0.24724
0.24845
0.28610
0.21239
0.23618
0.25886
0.28155
0.27687
0.27063
0.25797
0.26051
0.26551
0.26009
0.24840
0.25611
0.23964
0.23737
0.25080
0.29113
0.24530
0.24540
0.25880
0.24672
0.25896
0.27638
0.27831
0.25521
0.25222
0.23893
0.22529
0.20251
0.26215
0.27042
0.28968
0.27209
0.24106
0.21664
0.21542
0.19794
0.21346
0.19939
0.19544
0.22359
0.24106
0.22999
0.23780
0.22510
0.21213
0.22661
0.23958
0.25014
0.25643
0.27506
0.26199
0.25683
0.24859
0.24843
0.28388
0.26214
0.30122
0.29414
0.33716
0.33989
0.37792
0.36846
0.37342
0.35781
0.35839
0.35616
0.35862
0.37881
0.37562
0.37633
0.35334
0.37477
0.38670
0.37555
0.34822
0.37709
0.38089
0.33873
0.29693
0.27090
0.26314
0.22651
0.23146
0.21908
0.19747
0.17920
0.18027
0.14175
0.13847
0.13073
0.14016
0.13394
0.08234
0.07051
0.05882
0.10842
0.06912
0.07125
0.07999
0.08000
0.06809
0.08843
0.04484
0.04486
0.06237
0.03946
0.02118
0.00000
0.00000
0.02487
0.02465
0.03438
0.00662
0.00671
0.00226
0.00153
0.00000
0.02300
0.05402
0.04722
0.04765
0.04675
0.03414
0.03283
0.03047
0.03526
0.02662
0.02402
0.04342
0.09230
0.11081
0.09349
0.09031
0.07109
0.10691
0.08421
0.09895
0.10422
0.07884
0.09317
0.08075
0.05927
0.06998
0.05946
0.04644
0.08078
0.10425
0.14267
0.14771
0.15440
0.16693
0.20484
0.26223
0.25394
0.26209
0.25490
0.25275
0.28988
0.29071
0.27989
0.28919
0.28905
0.27452
0.26155
0.20815
0.19849
0.22104
0.18983
0.19217
0.17112
0.19458
0.19133
0.23051
0.22703
0.22736
0.19941
0.20072
0.12134
0.14457
0.15512
0.16377
0.16196
0.14518
0.16872
0.14585
0.15430
0.11714
0.08191
0.10001
0.08896
0.08892
0.08262
0.08962
0.07220
0.08139
0.08023
0.08802
0.08149
0.07311
0.09917
0.09885
0.08917
0.07318
0.06025
0.08019
0.06001
0.06423
0.06316
0.06148
0.05654
0.04486
0.00609
0.00005
0.00000
0.04025
0.00000
0.02070
0.05114
0.04131
0.01664
0.05405
0.00990
0.03473
0.05387
0.05474
0.03410
0.02472
0.03682
0.03734
0.02041
0.04714
0.08551
0.05968
0.03716
0.07799
0.08652
0.00452
0.00404
0.01519
0.00837
0.00561
0.03011
0.01780
0.05016
0.05462
0.03902
0.03949
0.02720
0.02483
0.03840
0.00000
0.01858
0.04051
0.05213
0.03381
0.05198
0.05295
0.08284
0.10702
0.08511
0.08794
0.07958
0.07958
0.04182
0.03537
0.04142
0.03337
0.01602
0.01962
0.00059
0.01875
0.03485
0.02702
0.03377
0.04367
0.03705
0.06216
0.06127
0.06497
0.05582
0.06606
0.05209
0.06183
0.08061
0.05290
0.06759
0.05333
0.05425
0.09223
0.10177
0.05391
0.05233
0.06491
0.01720
0.01660
0.04148
0.04380
0.03147
0.06734
0.06069
0.03768
0.01990
0.03825
0.06708
0.05600
0.02862
0.02228
0.00545
0.00502
0.04013
0.01613
0.04790
0.05601
0.02422
0.00000
0.01589
0.00812
0.00000
0.00000
0.01918
0.00000
0.02291
0.03791
0.02625
0.00519
0.03814
0.07583
0.10050
0.11193
0.11235
0.10688
0.13371
0.17062
0.14835
0.12894
0.13441
0.12289
0.13721
0.13335
0.06128
0.08236
0.10693
0.10513
0.07286
0.08453
0.09875
0.09363
0.09391
0.10447
0.09152
0.07261
0.09229
0.07157
0.07697
0.06555
0.08730
0.07649
0.10540
0.13068
0.14340
0.11260
0.12520
0.11437
0.14290
0.13062
0.09225
0.09222
0.10221
0.11697
0.12834
0.12252
0.14163
0.10884
0.14064
0.14956
0.16007
0.16631
0.18554
0.17930
0.17859
0.19943
0.17727
0.12407
0.14687
0.15102
0.21709
0.19819
0.20016
0.18613
0.21689
0.21457
0.22595
0.21856
0.18359
0.17632
0.14496
0.12981
0.15261
0.14835
0.15282
0.16613
0.13555
0.11673
0.07304
0.06477
0.06398
0.06195
0.05774
0.05766
0.05773
0.07666
0.07155
0.08705
0.09159
0.10246
0.10574
0.14866
0.13992
0.10940
0.12192
0.08703
0.08488
0.09660
0.14748
0.14794
0.13753
0.14539
0.15434
0.12020
0.13231
0.14781
0.14320
0.15520
0.17033
0.17545
0.14163
0.16031
0.15231
0.13629
0.13189
0.13396
0.15236
0.15764
0.12465
0.12257
0.11995
0.15488
0.15654
0.18840
0.19871
0.22076
0.23346
0.18259
0.17298
0.21991
0.21255
0.20128
0.20031
0.20598
0.18913
0.15127
0.14016
0.10737
0.07332
0.08889
0.08148
0.07121
0.02265
0.00384
0.00606
0.01629
0.01873
0.05288
0.08747
0.07926
0.06265
0.06488
0.07550
0.09096
0.10756
0.12396
0.13578
0.16023
0.16952
0.18401
0.20996
0.21379
0.20822
0.18116
0.19340
0.21395
0.20968
0.20695
0.20138
0.18846
0.19609
0.22398
0.21673
0.22526
0.25434
0.24805
0.28109
0.28768
0.29881
0.27077
0.23711
0.23289
0.23588
0.25804
0.25438
0.22654
0.22269
0.20541
0.19460
0.21392
0.18970
0.19881
0.20087
0.19886
0.20788
0.20008
0.19361
0.18125
0.16751
0.17352
0.15239
0.14033
0.15074
0.15101
0.18018
0.16302
0.17771
0.18223
0.15581
0.16348
0.19179
0.17186
0.17318
0.18177
0.17305
0.16347
0.19367
0.18975
0.19133
0.16373
0.16436
0.17670
0.16912
0.15304
0.15810
0.13534
0.09186
0.11107
0.11042
0.11301
0.12851
0.16248
0.16490
0.15162
0.16582
0.14375
0.14413
0.14618
0.13870
0.18305
0.16954
0.14141
0.08467
0.07775
0.12165
0.15015
0.15429
0.16931
0.17348
0.17348
0.17018
0.18339
0.17663
0.19397
0.22034
0.21273
0.21348
0.19834
0.17370
0.17595
0.17312
0.16652
0.13348
0.12673
0.13047
0.14567
0.13000
0.12581
0.16951
0.20063
0.22593
0.21449
0.18499
0.17702
0.18965
0.19363
0.16991
0.16681
0.17543
0.20895
0.20551
0.20238
0.19069
0.16618
0.18163
0.18195
0.17982
0.19976
0.16799
0.14563
0.14903
0.15741
0.17845
0.19684
0.18065
0.17548
0.18238
0.18160
0.17342
0.15555
0.15183
0.15095
0.17527
0.19676
0.20178
0.22192
0.18325
0.17304
0.15300
0.13277
0.13003
0.11636
0.08213
0.09236
0.10484
0.10100
0.09736
0.15729
0.19081
0.19127
0.21296
0.18986
0.16975
0.14733
0.15876
0.16289
0.14609
0.14840
0.15940
0.15868
0.16607
0.19735
0.16871
0.16360
0.09842
0.13331
0.09074
0.10676
0.10870
0.10772
0.09658
0.12935
0.10444
0.04232
0.05362
0.06678
0.10164
0.09606
0.09667
0.08751
0.07060
0.04440
0.01547
0.03015
0.02477
0.03390
0.06972
0.05910
0.03916
0.02508
0.04336
0.00469
0.03370
0.05388
0.02573
0.01748
0.04352
0.03802
0.07055
0.08551
0.08962
0.08426
0.06033
0.05561
0.10522
0.08336
0.12337
0.09733
0.12606
0.15385
0.13646
0.13111
0.15861
0.16808
0.21541
0.21993
0.21349
0.21057
0.19734
0.19694
0.20209
0.17320
0.18312
0.21620
0.24333
0.22690
0.20824
0.18064
0.14993
0.16173
0.13527
0.15008
0.13695
0.12028
0.13992
0.15788
0.18811
0.21433
0.22756
0.25172
0.24224
0.24203
0.26614
0.26511
0.23082
0.23711
0.24027
0.24135
0.24014
0.23473
0.23112
0.22846
0.20611
0.21985
0.18905
0.17858
0.18339
0.18736
0.19705
0.14695
0.13670
0.13910
0.17192
0.19442
0.16808
0.14710
0.16094
0.09714
0.13131
0.11967
0.15456
0.15997
0.22324
0.22028
0.19907
0.22173
0.24204
0.24645
0.22924
0.19874
0.17438
0.17960
0.19541
0.15262
0.12217
0.12393
0.14007
0.15065
0.18317
0.16541
0.15893
0.13219
0.14711
0.15553
0.13231
0.14234
0.14649
0.15147
0.14769
0.12087
0.09849
0.11161
0.13432
0.14791
0.15089
0.14500
0.13313
0.16658
0.18473
0.19751
0.20964
0.24678
0.25435
0.26511
0.27180
0.26075
0.26525
0.27031
0.28341
0.28248
0.22497
0.24694
0.25389
0.23711
0.20389
0.16957
0.17060
0.18353
0.17462
0.15985
0.19847
0.20304
0.17199
0.13307
0.15178
0.17465
0.17280
0.12122
0.11070
0.12449
0.14717
0.14741
0.17463
0.18743
0.18597
0.22121
0.22502
0.18419
0.19627
0.24485
0.26170
0.23833
0.23083
0.20912
0.19451
0.21461
0.20596
0.25829
0.25270
0.27007
0.23724
0.19410
0.22535
0.20472
0.18988
0.20976
0.21378
0.19610
0.23578
0.26034
0.29921
0.28313
0.26908
0.27309
0.26732
0.23114
0.26326
0.28267
0.28094
0.28605
0.26967
0.27726
0.26910
0.30324
0.26027
0.23995
0.27139
0.26893
0.24329
0.31173
0.27630
0.25095
0.31348
0.28111
0.30672
0.30191
0.29638
0.29521
0.31038
0.33513
0.38568
0.40745
0.40465
0.37843
0.38538
0.38471
0.40533
0.39803
0.40708
0.38569
0.37289
0.33425
0.34774
0.31420
0.25662
0.19486
0.17055
0.16598
0.12258
0.11087
0.13752
0.15890
0.14490
0.16430
0.16694
0.16593
0.17215
0.17224
0.17019
0.14743
0.15762
0.18475
0.17730
0.18564
0.18649
0.18633
0.16254
0.10493
0.10476
0.09336
0.09723
0.07450
0.05211
0.03384
0.03677
0.02342
0.00798
0.04738
0.06081
0.07666
0.06112
0.06784
0.05521
0.05136
0.07439
0.08372
0.08365
0.09280
0.12634
0.11225
0.06839
0.04274
0.04258
0.00606
0.02795
0.00322
0.01069
0.00000
0.05829
0.03193
0.00139
0.03918
0.02308
0.03042
0.01279
0.00357
0.02295
0.08332
0.09325
0.08206
0.10606
0.09863
0.05947
0.06824
0.07548
0.07583
0.07885
0.08647
0.08877
0.06865
0.07431
0.08377
0.08949
0.12819
0.11507
0.11827
0.13125
0.11507
0.14255
0.17493
0.19214
0.22088
0.21762
0.20825
0.20616
0.20891
0.20474
0.22479
0.22001
0.21993
0.29030
0.31255
0.35538
0.35168
0.34665
0.33422
0.32180
0.32842
0.32696
0.32923
0.34752
0.35954
0.34622
0.35524
0.40014
0.42936
0.40727
0.38392
0.38390
0.37309
0.36572
0.35124
0.36360
0.37728
0.37083
0.41546
0.44702
0.47254
0.47843
0.48697
0.47392
0.50025
0.47315
0.45620
0.45975
0.45858
0.45567
0.44541
0.45004
0.47619
0.50235
0.48017
0.46111
0.46471
0.46298
0.43074
0.44279
0.43902
0.40159
0.43999
0.42133
0.43571
0.45159
0.44745
0.40421
0.41070
0.42209
0.43456
0.44623
0.43207
0.45397
0.47476
0.44298
0.44090
0.40833
0.43975
0.37723
0.37104
0.34388
0.38412
0.34403
0.32572
0.34543
0.35694
0.35782
0.34214
0.32430
0.29056
0.29669
0.26171
0.23327
0.23983
0.21631
0.20679
0.17308
0.18534
0.18279
0.16853
0.17785
0.21301
0.20158
0.17365
0.21831
0.19072
0.19769
0.17870
0.21450
0.19334
0.20393
0.18335
0.18915
0.19410
0.21994
0.25078
0.24595
0.26232
0.23190
0.22507
0.23068
0.21026
0.20648
0.22735
0.25838
0.23913
0.21606
0.22856
0.22298
0.24592
0.23839
0.23056
0.22860
0.22476
0.25803
0.23891
0.24787
0.21287
0.18843
0.20624
0.16498
0.18801
0.19360
0.16746
0.16510
0.20008
0.19659
0.19898
0.16101
0.14441
0.10526
0.09917
0.08667
0.09316
0.11562
0.09951
0.07550
0.05696
0.05434
0.03759
0.02745
0.03638
0.02774
0.04591
0.04297
0.03096
0.03390
0.04740
0.06942
0.10793
0.10054
0.09911
0.08476
0.07547
0.04448
0.02045
0.02056
0.01400
0.06525
0.08697
0.07157
0.09256
0.05893
0.08902
0.10875
0.10448
0.07913
0.04418
0.05558
0.05651
0.03570
0.03545
0.05398
0.00747
0.00000
0.03931
0.03110
0.02631
0.01378
0.00006
0.01085
0.01629
0.00280
0.01773
0.01034
0.02259
0.00959
0.00000
0.01691
0.04570
0.07030
0.07979
0.05460
0.11213
0.09684
0.08316
0.02263
0.01166
0.03951
0.01849
0.00292
0.02267
0.00393
0.01404
0.02551
0.05195
0.08495
0.10716
0.10099
0.09519
0.09854
0.12129
0.08366
0.08569
0.06334
0.05889
0.07047
0.06413
0.06599
0.02861
0.05310
0.06579
0.08232
0.09258
0.11471
0.12011
0.11912
0.09018
0.08544
0.07600
0.07475
0.06158
0.07056
0.07805
0.10557
0.12476
0.13981
0.15084
0.18338
0.20343
0.20232
0.19639
0.20171
0.22707
0.21133
0.25257
0.28830
0.33328
0.36465
0.35054
0.39200
0.40336
0.40996
0.43318
0.48955
0.47697
0.49371
0.49324
0.51164
0.49518
0.50266
0.49239
0.47112
0.46788
0.43642
0.43634
0.38988
0.32766
0.34576
0.36608
0.35515
0.29702
0.27498
0.25130
0.25496
0.27072
0.26193
0.28980
0.28947
0.26312
0.27090
0.25391
0.23646
0.22704
0.22457
0.22481
0.21902
0.22138
0.26243
0.26387
0.25695
0.25480
0.24554
0.24277
0.21995
0.23928
0.26521
0.26953
0.28080
0.27950
0.23388
0.23503
0.23337
0.22263
0.18869
0.20957
0.27190
0.23424
0.20915
0.19007
0.18831
0.22273
0.17936
0.14992
0.15622
0.17278
0.14949
0.17550
0.15016
0.15009
0.15379
0.16366
0.12479
0.14074
0.16850
0.15299
0.10928
0.11161
0.10883
0.12501
0.12714
0.13040
0.15293
0.17709
0.18197
0.21343
0.23687
0.24747
0.22960
0.26770
0.23447
0.21584
0.22982
0.21906
0.19812
0.19595
0.18723
0.19185
0.18381
0.22926
0.22263
0.22025
0.21838
0.22209
0.24086
0.22982
0.19292
0.16219
0.16209
0.16042
0.10323
0.10851
0.11688
0.12960
0.14188
0.16232
0.17124
0.15066
0.13993
0.14188
0.14453
0.11937
0.12685
0.14695
0.15510
0.14476
0.14705
0.12736
0.10637
0.13887
0.14447
0.14202
0.14779
0.17245
0.15606
0.11813
0.11942
0.11428
0.14789
0.13097
0.12512
0.11654
0.11918
0.13120
0.15710
0.16606
0.15172
0.15222
0.16593
0.13594
0.14911
0.16744
0.16859
0.12133
0.13595
0.13074
0.14812
0.15483
0.16061
0.14762
0.15017
0.11629
0.13053
0.12179
0.07650
0.07666
0.08553
0.10616
0.13622
0.12865
0.14353
0.13165
0.13304
0.12924
0.10865
0.04308
0.04382
0.01350
0.00000
0.00354
0.01212
0.01470
0.00585
0.04693
0.05792
0.03687
0.03086
0.05478
0.11324
0.11746
0.12346
0.09819
0.07255
0.06047
0.06716
0.08194
0.09823
0.07379
0.05466
0.08401
0.07201
0.06612
0.08396
0.06620
0.06029
0.06358
0.06289
0.07290
0.06492
0.08515
0.13069
0.14225
0.18900
0.20694
0.19620
0.19888
0.19674
0.19875
0.22490
0.18689
0.19000
0.19826
0.18674
0.17718
0.20740
0.17451
0.22795
0.25239
0.27685
0.26864
0.26763
0.28059
0.28644
0.30050
0.27330
0.32349
0.30458
0.29783
0.28197
0.30339
0.31579
0.30324
0.32301
0.30969
0.29679
0.31123
0.28813
0.27009
0.28116
0.29581
0.28349
0.28349
0.31331
0.27251
0.26489
0.28065
0.28532
0.27077
0.28482
0.30745
0.27765
0.22170
0.24000
0.23754
0.19901
0.22816
0.24098
0.27804
0.30455
0.32865
0.33122
0.32793
0.31629
0.34211
0.31922
0.31661
0.32753
0.33892
0.38803
0.38229
0.38014
0.36148
0.36274
0.39239
0.37201
0.38412
0.38818
0.37027
0.37714
0.36427
0.36764
0.36352
0.37487
0.37240
0.33570
0.30601
0.30900
0.32801
0.33260
0.32097
0.29806
0.29863
0.33603
0.33062
0.31711
0.33311
0.26732
0.25616
0.22853
0.22666
0.21559
0.20602
0.21034
0.18207
0.19278
0.18433
0.14366
0.18648
0.20892
0.26261
0.26095
0.25013
0.23676
0.18185
0.18315
0.17790
0.17350
0.15885
0.15045
0.17276
0.18642
0.14534
0.13686
0.12455
0.14380
0.14509
0.14219
0.13735
0.13173
0.13603
0.13469
0.11510
0.12995
0.12039
0.18327
0.20694
0.19181
0.18028
0.17545
0.15784
0.17630
0.17510
0.20358
0.24124
0.21475
0.19764
0.19794
0.19393
0.20016
0.18539
0.21008
0.18104
0.14052
0.18271
0.15723
0.13522
0.15340
0.17378
0.18279
0.18452
0.22626
0.23947
0.23060
0.18893
0.21267
0.21676
0.25093
0.25867
0.27366
0.24735
0.22518
0.21043
0.17452
0.15585
0.11060
0.13639
0.11508
0.10422
0.11082
0.15269
0.11992
0.13612
0.15748
0.19657
0.20766
0.19016
0.17510
0.17335
0.22285
0.23009
0.25962
0.22954
0.24420
0.22883
0.23487
0.25072
0.22250
0.21910
0.22590
0.18145
0.20519
0.17891
0.17381
0.14143
0.15707
0.13542
0.12358
0.11891
0.13444
0.14791
0.10632
0.11437
0.13699
0.15292
0.15031
0.11928
0.14206
0.15729
0.18986
0.16550
0.15240
0.14088
0.14795
0.14961
0.13636
0.14922
0.12005
0.12192
0.07122
0.06433
0.09241
0.07957
0.05359
0.03313
0.04299
0.02301
0.04609
0.02622
0.00000
0.00679
0.00000
0.02668
0.05599
0.06253
0.06680
0.08199
0.04555
0.06760
0.03958
0.02112
0.01867
0.03092
0.09098
0.07133
0.06836
0.05325
0.07281
0.05578
0.03726
0.01189
0.01056
0.07894
0.05156
0.10400
0.08353
0.07687
0.06044
0.13514
0.16380
0.16842
0.21203
0.19811
0.21830
0.21988
0.22221
0.22301
0.25528
0.26107
0.28215
0.23673
0.22851
0.22619
0.23399
0.22594
0.22509
0.23346
0.23013
0.22633
0.21164
0.20079
0.16415
0.15278
0.16456
0.17267
0.10647
0.11451
0.13266
0.13920
0.11594
0.09217
0.10852
0.12851
0.10669
0.11508
0.12580
0.12272
0.12217
0.11233
0.09640
0.07728
0.09122
0.08324
0.07380
0.06003
0.06272
0.09198
0.03994
0.01755
0.01282
0.06767
0.01236
0.00312
0.02673
0.03243
0.01800
0.04016
0.02027
0.01022
0.03717
0.05895
0.04401
0.05459
0.06084
0.07810
0.12600
0.12901
0.11905
0.10594
0.14232
0.13109
0.16801
0.12948
0.13140
0.14281
0.15157
0.18637
0.15845
0.16554
0.19862
0.18478
0.22583
0.19567
0.24732
0.25182
0.24649
0.25798
0.24888
0.27198
0.31083
0.31107
0.29228
0.23176
0.21312
0.19295
0.21973
0.20183
0.20118
0.20770
0.22164
0.21503
0.19038
0.22229
0.24159
0.24647
0.24647
0.22220
0.20984
0.20474
0.19889
0.19281
0.18745
0.20692
0.20273
0.20789
0.25797
0.25911
0.23833
0.26363
0.25244
0.24261
0.24584
0.23826
0.24172
0.26046
0.26299
0.26689
0.28227
0.26997
0.28174
0.27094
0.28019
0.24847
0.20918
0.24425
0.25175
0.25453
0.25156
0.22313
0.21082
0.20766
0.22261
0.21841
0.16615
0.15623
0.14195
0.10590
0.10783
0.10172
0.08783
0.06586
0.06607
0.03841
0.01274
0.03143
0.01382
0.00337
0.00839
0.01658
0.02946
0.00217
0.00897
0.03334
0.04277
0.07897
0.05270
0.04135
0.03541
0.05380
0.04445
0.04445
0.05315
0.03045
0.01686
0.01708
0.00000
0.00000
0.02004
0.01658
0.00000
0.01905
0.01197
0.00303
0.01140
0.00000
0.00337
0.02895
0.02691
0.02506
0.00180
0.04992
0.07404
0.05839
0.08746
0.08848
0.10513
0.09900
0.05805
0.09934
0.13145
0.19189
0.19806
0.21004
0.27157
0.30647
0.26906
0.26797
0.28011
0.26228
0.28101
0.23789
0.25689
0.24832
0.24188
0.27415
0.24677
0.22522
0.22258
0.21491
0.21594
0.20328
0.21397
0.20358
0.23354
0.18521
0.17917
0.19117
0.17290
0.18229
0.15552
0.14196
0.13739
0.12115
0.09644
0.08585
0.06248
0.06770
0.06511
0.05806
0.06243
0.04725
0.06293
0.06491
0.04352
0.05169
0.04958
0.03222
0.00495
0.05005
0.05292
0.03857
0.02313
0.02603
0.02022
0.02232
0.08487
0.09499
0.05105
0.03860
0.05167
0.04434
0.06232
0.05175
0.02689
0.00170
0.05292
0.04510
0.04613
0.05798
0.04324
0.03818
0.02219
0.00000
0.00000
0.00143
0.02577
0.01849
0.00000
0.00000
0.00153
0.05851
0.06715
0.06118
0.06015
0.05600
0.04143
0.04303
0.04886
0.06880
0.06011
0.06699
0.06591
0.04387
0.07446
0.09932
0.10120
0.08093
0.06187
0.06882
0.05163
0.05163
0.06289
0.08774
0.06924
0.06013
0.05545
0.02428
0.00856
0.01718
0.04468
0.03677
0.04062
0.01597
0.02522
0.01526
0.03810
0.06810
0.04765
0.05166
0.07532
0.06352
0.07570
0.08200
0.05709
0.11874
0.08604
0.10611
0.12424
0.11471
0.09608
0.08567
0.10841
0.10574
0.06883
0.09436
0.08419
0.07775
0.06009
0.05264
0.04447
0.00891
0.01456
0.00000
0.04029
0.04224
0.02854
0.04289
0.04980
0.11433
0.10805
0.14512
0.17656
0.15543
0.15496
0.17186
0.19234
0.25685
0.25660
0.24630
0.24770
0.24504
0.29829
0.31963
0.33539
0.28723
0.26213
0.24657
0.28315
0.32032
0.31177
0.28010
0.27749
0.26462
0.25124
0.22199
0.20670
0.21211
0.22281
0.21660
0.22774
0.23436
0.23683
0.21999
0.22768
0.20849
0.25792
0.21901
0.24314
0.22675
0.19667
0.20544
0.17840
0.18421
0.20244
0.21348
0.21542
0.23843
0.25156
0.24897
0.25063
0.24351
0.22831
0.22571
0.21605
0.24490
0.23027
0.23931
0.23941
0.22407
0.26045
0.24646
0.25595
0.24773
0.22868
0.27878
0.27850
0.28633
0.28911
0.32907
0.29326
0.32779
0.32413
0.32066
0.32079
0.31960
0.29960
0.29764
0.30413
0.28997
0.32377
0.35793
0.32572
0.34316
0.27936
0.26672
0.27387
0.27501
0.26649
0.29731
0.27931
0.29473
0.25899
0.21792
0.23584
0.21138
0.23037
0.24955
0.26256
0.27384
0.27647
0.22106
0.20661
0.09524
0.07873
0.09721
0.09787
0.06412
0.08246
0.08942
0.04646
0.05146
0.06729
0.05166
0.01068
0.02597
0.05050
0.00590
0.00298
0.00683
0.03330
0.04163
0.02671
0.00000
0.00000
0.01322
0.02268
0.00584
0.01253
0.00283
0.02745
0.02766
0.08411
0.07089
0.05849
0.04428
0.03726
0.05788
0.05839
0.06940
0.08130
0.07371
0.10130
0.10145
0.11578
0.09986
0.08116
0.05850
0.06973
0.05621
0.06692
0.03046
0.04829
0.02307
0.03170
0.01772
0.01994
0.00960
0.00044
0.00038
0.02517
0.04056
0.08181
0.04598
0.07789
0.07515
0.06884
0.08627
0.07647
0.07731
0.04590
0.03670
0.01646
0.00930
0.02506
0.03691
0.00310
0.01758
0.00106
0.00311
0.00986
0.00000
0.01244
0.02550
0.00000
0.01191
0.01663
0.04012
0.04762
0.07779
0.02997
0.04363
0.06224
0.05855
0.06150
0.07223
0.10244
0.10535
0.09601
0.13317
0.10773
0.12946
0.11938
0.12204
0.11435
0.14325
0.17637
0.13197
0.09885
0.08568
0.07935
0.09191
0.08643
0.12741
0.10806
0.09134
0.10366
0.06932
0.06327
0.07934
0.06917
0.05098
0.03866
0.01306
0.00000
0.00000
0.00000
0.00138
0.02711
0.06555
0.07802
0.09330
0.08551
0.07503
0.05098
0.05182
0.03836
0.04459
0.06952
0.05485
0.05907
0.05250
0.04158
0.03989
0.08819
0.10414
0.06062
0.04093
0.02677
0.02439
0.05679
0.04746
0.04040
0.07099
0.07092
0.07334
0.05296
0.03588
0.01381
0.02807
0.03027
0.04100
0.02991
0.04093
0.06554
0.05503
0.05856
0.05550
0.07581
0.05718
0.03800
0.05192
0.06475
0.04080
0.01684
0.01374
0.02268
0.05722
0.08302
0.08596
0.11077
0.12026
0.08373
0.08024
0.09531
0.07681
0.04043
0.02667
0.06204
0.06797
0.07013
0.07703
0.05676
0.05316
0.00816
0.03326
0.03874
0.05790
0.05300
0.06264
0.06718
0.07433
0.05921
0.07855
0.07710
0.06682
0.05980
0.04765
0.02182
0.00983
0.00558
0.01444
0.01006
0.01929
0.02548
0.00932
0.00504
0.00825
0.00142
0.00298
0.00251
0.00395
0.03548
0.07341
0.08220
0.11034
0.11471
0.12006
0.04279
0.09009
0.11567
0.13426
0.14901
0.13495
0.13566
0.12931
0.13057
0.18974
0.20534
0.18721
0.13516
0.11733
0.10982
0.08215
0.12898
0.11424
0.14515
0.11759
0.11160
0.13200
0.06411
0.09622
0.07459
0.09493
0.06516
0.07219
0.06701
0.05104
0.07343
0.07488
0.03532
0.04538
0.03070
0.03667
0.02739
0.04361
0.03797
0.04551
0.06331
0.09112
0.10449
0.05342
0.07050
0.06192
0.08070
0.07669
0.09485
0.10039
0.07414
0.06322
0.07197
0.06722
0.03878
0.05109
0.06908
0.05775
0.05719
0.07687
0.06311
0.04803
0.04581
0.04676
0.06327
0.06169
0.03470
0.04026
0.05681
0.04115
0.02658
0.03982
0.04035
0.00542
0.00427
0.00019
0.01968
0.01106
0.00691
0.01425
0.01131
0.02274
0.02274
0.05771
0.03875
0.08916
0.11567
0.09576
0.06248
0.08684
0.06643
0.03751
0.01498
0.01574
0.01890
0.00825
0.04981
0.05009
0.06276
0.05162
0.02551
0.00000
0.00072
0.00055
0.02939
0.02939
0.02326
0.01739
0.01274
0.00720
0.00649
0.01914
0.03380
0.07579
0.07297
0.09866
0.07274
0.04880
0.04292
0.02546
0.02630
0.04048
0.03153
0.02959
0.02745
0.02294
0.04526
0.06189
0.06021
0.07180
0.08677
0.06159
0.02767
0.06649
0.10393
0.11090
0.07827
0.04851
0.00921
0.08326
0.06423
0.04902
0.06226
0.06253
0.06002
0.04330
0.01308
0.02178
0.03928
0.02405
0.00951
0.03618
0.05707
0.05905
0.08565
0.09889
0.09351
0.13075
0.11883
0.10027
0.13844
0.14862
0.12627
0.12915
0.13597
0.14804
0.14909
0.14309
0.11981
0.10825
0.09705
0.10412
0.10200
0.11109
0.08296
0.09808
0.09278
0.07875
0.06688
0.03714
0.04715
0.05734
0.04163
0.01170
0.04608
0.05640
0.06555
0.08029
0.09955
0.13387
0.12887
0.09158
0.08621
0.05074
0.03830
0.02550
0.00000
0.03097
0.02793
0.04381
0.07187
0.07745
0.08456
0.07648
0.10994
0.14220
0.15548
0.18757
0.17208
0.17767
0.16212
0.15447
0.17036
0.15981
0.18975
0.15613
0.15178
0.15978
0.16804
0.11410
0.13423
0.13759
0.16311
0.18942
0.17338
0.17503
0.16040
0.15835
0.13190
0.14917
0.16638
0.19808
0.16020
0.15396
0.18308
0.21138
0.22531
0.22096
0.21462
0.21567
0.21289
0.18128
0.17726
0.15780
0.15633
0.16691
0.20487
0.17314
0.18621
0.12817
0.13824
0.11819
0.16020
0.12928
0.17251
0.18377
0.17317
0.19078
0.20681
0.21523
0.17963
0.16385
0.16360
0.18630
0.20671
0.18806
0.15599
0.14274
0.11456
0.14169
0.11718
0.05414
0.03991
0.06355
0.08682
0.08023
0.07604
0.07719
0.06426
0.06656
0.07243
0.08851
0.05608
0.06673
0.08073
0.09293
0.06932
0.06448
0.06664
0.06611
0.06060
0.08700
0.04606
0.06335
0.10969
0.13430
0.12681
0.13365
0.15229
0.14663
0.23037
0.20025
0.20284
0.20285
0.20284
0.18682
0.16308
0.13965
0.14900
0.14223
0.14175
0.13077
0.19132
0.22266
0.21194
0.22026
0.22708
0.24217
0.27041
0.23723
0.22248
0.21687
0.18547
0.20583
0.25383
0.23309
0.19572
0.19470
0.20664
0.23696
0.19758
0.19295
0.18601
0.17018
0.19399
0.20508
0.16773
0.16799
0.16184
0.16036
0.15455
0.16387
0.14254
0.14854
0.15902
0.18035
0.20862
0.20598
0.21507
0.18364
0.18473
0.17745
0.19946
0.13997
0.15338
0.17980
0.18020
0.18029
0.16651
0.16819
0.16147
0.17793
0.19003
0.19463
0.18774
0.21125
0.20249
0.22649
0.22650
0.21689
0.22500
0.24245
0.25098
0.25751
0.28482
0.25233
0.28013
0.29619
0.28666
0.32507
0.29812
0.29181
0.30217
0.30160
0.30772
0.32850
0.34137
0.34558
0.34335
0.35565
0.38025
0.39776
0.40278
0.39750
0.39182
0.38259
0.43646
0.41341
0.42975
0.44423
0.44192
0.45500
0.45568
0.43707
0.43580
0.41221
0.41048
0.40664
0.41986
0.45688
0.49905
0.49575
0.49475
0.46610
0.47270
0.42576
0.41793
0.41545
0.40488
0.40775
0.41714
0.40730
0.38221
0.37592
0.38371
0.37460
0.38949
0.37621
0.36938
0.35892
0.29693
0.27823
0.29187
0.24118
0.23750
0.27861
0.19784
0.18599
0.15198
0.16831
0.17774
0.20457
0.20130
0.21746
0.21647
0.19737
0.19644
0.20359
0.19276
0.20663
0.22497
0.19435
0.15524
0.13954
0.17969
0.17963
0.18571
0.16850
0.17486
0.15123
0.15469
0.16831
0.16330
0.10976
0.11112
0.12666
0.13308
0.14149
0.15435
0.14809
0.14807
0.13336
0.12316
0.09132
0.08629
0.10090
0.11743
0.13368
0.13980
0.13949
0.13328
0.14312
0.16501
0.16106
0.17562
0.18393
0.18048
0.20480
0.21945
0.22358
0.23737
0.25356
0.26886
0.31721
0.28313
0.27860
0.27901
0.32511
0.34784
0.33667
0.34502
0.33397
0.33840
0.36609
0.39276
0.37674
0.37804
0.41820
0.38606
0.38590
0.40042
0.40534
0.39772
0.37096
0.37286
0.40071
0.44501
0.43592
0.33484
0.33476
0.34481
0.37002
0.35663
0.32820
0.28503
0.25783
0.28330
0.26044
0.27002
0.28778
0.29032
0.28052
0.26453
0.24031
0.23708
0.22597
0.20700
0.20291
0.17598
0.15622
0.17313
0.16412
0.13436
0.11476
0.10322
0.09210
0.12703
0.07670
0.00000
0.00000
0.00554
0.00440
0.04478
0.04344
0.10013
0.08492
0.09755
0.11693
0.11432
0.10948
0.09272
0.07919
0.09985
0.09902
0.09826
0.09308
0.11829
0.08056
0.07613
0.08280
0.11232
0.11351
0.12592
0.09648
0.09250
0.07641
0.09029
0.09501
0.07967
0.09113
0.12177
0.12904
0.15550
0.17671
0.12214
0.13844
0.11713
0.11722
0.10600
0.09356
0.10230
0.09602
0.09811
0.13218
0.14871
0.13842
0.15122
0.13522
0.10346
0.09054
0.12753
0.16055
0.14223
0.11646
0.13081
0.08657
0.09591
0.07731
0.13477
0.13195
0.14845
0.14180
0.13066
0.13362
0.14031
0.14551
0.16375
0.18462
0.17479
0.16505
0.19485
0.18264
0.15846
0.21573
0.23015
0.20906
0.19250
0.21605
0.18975
0.20148
0.19518
0.21927
0.22983
0.22686
0.21524
0.18813
0.19532
0.19751
0.21217
0.19863
0.21290
0.21660
0.21476
0.19355
0.20581
0.20213
0.18345
0.15237
0.19342
0.18179
0.14728
0.17521
0.13855
0.16295
0.17875
0.14100
0.14241
0.15198
0.14386
0.15250
0.12121
0.10321
0.13964
0.10336
0.11120
0.11511
0.09119
0.10360
0.14146
0.14719
0.15023
0.17357
0.20114
0.18821
0.19441
0.21481
0.23640
0.23372
0.24707
0.22323
0.26371
0.23593
0.25517
0.25517
0.22277
0.23336
0.22356
0.21982
0.22379
0.22643
0.21794
0.18120
0.17942
0.17685
0.16489
0.16286
0.12657
0.10229
0.09088
0.09087
0.08046
0.06662
0.07925
0.04792
0.00357
0.01474
0.02028
0.04934
0.05491
0.04765
0.04620
0.03947
0.04003
0.02304
0.02889
0.08240
0.08754
0.02741
0.04112
0.01418
0.02240
0.00000
0.00657
0.03301
0.00494
0.00003
0.00000
0.00994
0.01062
0.03135
0.00000
0.02842
0.01261
0.04117
0.02647
0.01295
0.03273
0.00000
0.00711
0.01796
0.00000
0.00000
0.00000
0.00000
0.03295
0.04520
0.09584
0.10659
0.16270
0.13657
0.14350
0.15869
0.16592
0.19426
0.14991
0.16292
0.14413
0.17300
0.15233
0.16781
0.15320
0.15451
0.11882
0.11365
0.15093
0.13498
0.11447
0.11754
0.11400
0.11901
0.14626
0.12045
0.12866
0.06480
0.00000
0.03543
0.00256
0.04267
0.02829
0.01943
0.03150
0.02760
0.05012
0.02530
0.01162
0.02126
0.00000
0.02814
0.02743
0.03704
0.05104
0.04817
0.03505
0.00692
0.00495
0.01404
0.04731
0.02467
0.00254
0.00000
0.00444
0.03679
0.02780
0.06141
0.07809
0.08459
0.04647
0.04196
0.03647
0.00156
0.02120
0.02048
0.02189
0.00210
0.00253
0.00616
0.01133
0.02401
0.04581
0.05210
0.02513
0.02503
0.01529
0.04364
0.04376
0.02690
0.01667
0.01468
0.00000
0.00000
0.04602
0.03473
0.00550
0.00422
0.00318
0.00468
0.00000
0.04285
0.00272
0.06838
0.04934
0.03229
0.01641
0.02210
0.03882
0.02469
0.06172
0.08023
0.05950
0.10647
0.09388
0.11526
0.09118
0.07771
0.05789
0.06288
0.08335
0.10835
0.09928
0.04843
0.06448
0.07209
0.07458
0.06809
0.06525
0.06599
0.08011
0.08717
0.05664
0.09872
0.10860
0.10933
0.15651
0.18128
0.14620
0.10981
0.08275
0.07497
0.05000
0.02815
0.06170
0.05765
0.07183
0.07441
0.08244
0.06449
0.02600
0.02284
0.02861
0.00279
0.00003
0.02886
0.04409
0.04846
0.02560
0.00281
0.00738
0.00003
0.02020
0.01155
0.04539
0.05699
0.07349
0.09182
0.07803
0.07797
0.05603
0.06076
0.02477
0.01119
0.03104
0.01330
0.00182
0.02252
0.02113
0.01682
0.00000
0.01463
0.00883
0.01280
0.02429
0.03253
0.03669
0.01222
0.01100
0.00909
0.00717
0.00000
0.00521
0.00692
0.00448
0.00967
0.00896
0.00883
0.00635
0.01656
0.00000
0.00000
0.03519
0.04247
0.01395
0.01614
0.01633
0.04150
0.00000
0.02457
0.00000
0.02584
0.01163
0.00019
0.01888
0.04094
0.06066
0.05722
0.03991
0.07228
0.06759
0.05658
0.09480
0.08384
0.07229
0.08847
0.06640
0.03641
0.01562
0.01235
0.00983
0.01120
0.03498
0.05433
0.00978
0.03342
0.03725
0.01898
0.03928
0.07190
0.09974
0.04806
0.05188
0.05375
0.02862
0.02094
0.04307
0.06674
0.05956
0.05955
0.07619
0.07904
0.05938
0.06004
0.09010
0.11665
0.09113
0.12253
0.12469
0.11767
0.13888
0.16226
0.16675
0.16844
0.16241
0.15760
0.13063
0.15461
0.17836
0.16381
0.17137
0.18228
0.19696
0.22859
0.22295
0.21259
0.21993
0.18824
0.16903
0.17415
0.20229
0.20848
0.16610
0.14106
0.14130
0.10964
0.09092
0.09639
0.03015
0.04312
0.05533
0.02012
0.01122
0.01926
0.00000
0.00319
0.00340
0.02645
0.03669
0.04838
0.02792
0.01513
0.00000
0.00461
0.00491
0.00071
0.01297
0.04210
0.05878
0.06314
0.07352
0.08680
0.07347
0.04010
0.06501
0.10356
0.08875
0.06515
0.07168
0.05227
0.05029
0.04379
0.05028
0.07546
0.05102
0.03195
0.01417
0.02800
0.01805
0.03095
0.06961
0.06249
0.07840
0.07139
0.06910
0.07744
0.06022
0.01948
0.05535
0.03823
0.03172
0.07564
0.09227
0.07080
0.07597
0.05970
0.02062
0.07839
0.09754
0.13834
0.13735
0.09178
0.04258
0.10448
0.08343
0.07482
0.04587
0.06697
0.10977
0.10127
0.09225
0.08926
0.16017
0.17506
0.17383
0.17467
0.17078
0.13582
0.12655
0.14808
0.21356
0.21922
0.20411
0.22049
0.19584
0.21437
0.21287
0.22617
0.22851
0.17324
0.18302
0.17907
0.18986
0.17114
0.15568
0.12257
0.14884
0.10160
0.12983
0.11629
0.12401
0.04833
0.03266
0.00468
0.02106
0.00000
0.00564
0.05931
0.09478
0.07592
0.03564
0.01891
0.02562
0.02028
0.03966
0.05281
0.05991
0.07585
0.08493
0.09974
0.11418
0.09078
0.09583
0.10617
0.10362
0.08015
0.08036
0.02753
0.04648
0.03899
0.04511
0.04440
0.00562
0.01477
0.00015
0.00165
0.00425
0.00035
0.00873
0.07320
0.08033
0.07272
0.05891
0.06319
0.07405
0.07138
0.03254
0.03830
0.07246
0.10082
0.08392
0.09006
0.05335
0.03895
0.04228
0.03980
0.04115
0.03980
0.02266
0.02347
0.02505
0.03230
0.04359
0.04112
0.04629
0.03241
0.00166
0.02584
0.04146
0.03564
0.02128
0.05095
0.06637
0.03253
0.05087
0.03162
0.04308
0.08530
0.07136
0.07850
0.10391
0.10591
0.10447
0.09181
0.10127
0.08236
0.07458
0.07712
0.06806
0.06832
0.05829
0.02279
0.00035
0.00000
0.01674
0.01280
0.00000
0.01543
0.03038
0.02978
0.02026
0.02635
0.04027
0.07852
0.05497
0.05330
0.09647
0.12155
0.13707
0.13615
0.14789
0.12955
0.15226
0.17027
0.15706
0.16369
0.19641
0.20905
0.21883
0.18974
0.17693
0.17515
0.17766
0.17632
0.15468
0.14732
0.18953
0.19019
0.17957
0.18278
0.17746
0.15695
0.13674
0.15696
0.17913
0.16485
0.11321
0.09152
0.07496
0.07588
0.04515
0.03473
0.04634
0.01542
0.00000
0.00007
0.00198
0.03230
0.03314
0.07856
0.09360
0.11896
0.13939
0.13096
0.13369
0.11538
0.05552
0.05483
0.05202
0.08050
0.07283
0.10284
0.13551
0.16602
0.17667
0.16217
0.15522
0.18609
0.18777
0.15888
0.14686
0.13956
0.13956
0.13491
0.16002
0.18680
0.18026
0.22242
0.18322
0.21609
0.20220
0.19898
0.18090
0.22883
0.22620
0.19900
0.19469
0.20027
0.18718
0.19926
0.21954
0.21052
0.23494
0.21501
0.21784
0.16921
0.14401
0.11309
0.12869
0.16462
0.15634
0.11341
0.14084
0.14195
0.14588
0.14833
0.13531
0.12013
0.11274
0.12414
0.15797
0.15387
0.15441
0.14653
0.11381
0.06198
0.04969
0.03670
0.07526
0.07819
0.07409
0.06624
0.05316
0.07885
0.05911
0.03226
0.03739
0.01570
0.00357
0.00147
0.01632
0.03371
0.02937
0.02882
0.00000
0.00374
0.00000
0.01789
0.04251
0.05881
0.07472
0.07887
0.07670
0.10657
0.10909
0.10085
0.07103
0.05287
0.02778
0.02056
0.00672
0.01126
0.02066
0.05976
0.05682
0.08139
0.06506
0.10143
0.10217
0.03810
0.02743
0.06019
0.08394
0.05191
0.04497
0.06231
0.06572
0.04652
0.03065
0.02605
0.00000
0.00792
0.02611
0.03844
0.03598
0.05997
0.05392
0.06030
0.09853
0.09917
0.11181
0.11222
0.11840
0.12904
0.16126
0.15490
0.14492
0.19440
0.18813
0.18316
0.17848
0.17460
0.19403
0.20027
0.19391
0.20092
0.16806
0.14769
0.13121
0.13747
0.13557
0.16181
0.15227
0.13792
0.17277
0.16977
0.14218
0.08264
0.06271
0.04590
0.08650
0.06613
0.09095
0.06760
0.02865
0.01071
0.05003
0.09391
0.06928
0.10893
0.12506
0.11074
0.13054
0.11787
0.14572
0.15215
0.15463
0.11324
0.11339
0.09967
0.09529
0.10815
0.08999
0.10132
0.10247
0.07876
0.09084
0.07891
0.05263
0.03617
0.02489
0.04816
0.03219
0.02443
0.02513
0.03602
0.04521
0.03378
0.03730
0.06906
0.06230
0.04564
0.00000
0.00071
0.00364
0.00418
0.01624
0.02230
0.00485
0.02121
0.02102
0.00481
0.00917
0.01200
0.01066
0.02345
0.07633
0.07885
0.12129
0.09838
0.11411
0.06055
0.07920
0.11037
0.14204
0.13628
0.12878
0.11538
0.13487
0.11163
0.09710
0.12009
0.09229
0.08320
0.08613
0.05468
0.05019
0.04431
0.02194
0.05219
0.03903
0.03048
0.04518
0.00000
0.00147
0.01025
0.00006
0.01827
0.03625
0.03015
0.02047
0.05312
0.02092
0.02488
0.04485
0.06119
0.05103
0.04576
0.00975
0.01082
0.00000
0.00771
0.05150
0.02417
0.03096
0.05935
0.04517
0.05974
0.04935
0.05449
0.06724
0.07152
0.07395
0.06623
0.09150
0.04713
0.07761
0.07487
0.05285
0.06658
0.07695
0.06373
0.07137
0.10474
0.11873
0.11335
0.10878
0.10131
0.10470
0.10022
0.09425
0.09265
0.09383
0.10409
0.12929
0.14445
0.13714
0.11024
0.09186
0.11595
0.10142
0.10538
0.08880
0.09159
0.13779
0.12920
0.14486
0.15880
0.15878
0.19320
0.17731
0.19376
0.20456
0.19654
0.22309
0.25233
0.25660
0.27091
0.24533
0.23318
0.24054
0.23703
0.24953
0.24041
0.25691
0.24395
0.18584
0.21034
0.24054
0.22511
0.21750
0.22083
0.23409
0.23680
0.22574
0.23810
0.29011
0.28375
0.27492
0.25908
0.26297
0.26009
0.27115
0.29540
0.28658
0.24022
0.22515
0.18405
0.17085
0.17547
0.15854
0.13624
0.13646
0.11253
0.17306
0.15754
0.18809
0.22047
0.20370
0.21683
0.22785
0.21975
0.20601
0.24734
0.22258
0.24589
0.21964
0.19953
0.17756
0.16651
0.16435
0.11589
0.11522
0.10106
0.12668
0.12152
0.13146
0.13277
0.12662
0.12902
0.15481
0.15640
0.13707
0.15181
0.14696
0.14244
0.12520
0.07926
0.07775
0.06245
0.06612
0.08016
0.09983
0.15307
0.15041
0.13442
0.13511
0.15462
0.13804
0.07086
0.08221
0.08327
0.05219
0.05856
0.05889
0.03203
0.01733
0.03552
0.03013
0.00188
0.01001
0.03360
0.09616
0.10531
0.12716
0.16083
0.17140
0.17287
0.20479
0.20438
0.21108
0.22118
0.21830
0.24202
0.24754
0.22020
0.19958
0.18521
0.15775
0.14486
0.13812
0.12196
0.12390
0.09206
0.09758
0.13428
0.11896
0.12758
0.13660
0.10762
0.12351
0.18239
0.18903
0.19325
0.21208
0.14933
0.15619
0.17438
0.15549
0.12902
0.10384
0.05683
0.04229
0.05840
0.05881
0.05433
0.06140
0.03508
0.06060
0.05686
0.04412
0.02742
0.01966
0.04330
0.04196
0.05104
0.04287
0.04081
0.03732
0.05004
0.02478
0.03646
0.04286
0.04533
0.04668
0.09229
0.07604
0.07058
0.12740
0.13478
0.10877
0.07147
0.06873
0.07038
0.07786
0.11514
0.11066
0.10722
0.10927
0.13346
0.10955
0.09371
0.09111
0.08108
0.08346
0.09382
0.08960
0.11267
0.14764
0.15781
0.16593
0.15398
0.14499
0.14631
0.14822
0.15063
0.14073
0.12836
0.05044
0.04319
0.06846
0.03899
0.02398
0.06069
0.06958
0.09487
0.08895
0.11071
0.08989
0.10063
0.12460
0.10881
0.16674
0.18233
0.18132
0.18558
0.20641
0.22354
0.20272
0.20874
0.22744
0.21615
0.21896
0.22091
0.21919
0.24360
0.23942
0.26724
0.22852
0.20789
0.19762
0.19824
0.20280
0.21499
0.20102
0.18881
0.19157
0.18241
0.18787
0.15092
0.14898
0.14526
0.16755
0.13758
0.11549
0.11771
0.11719
0.12931
0.10122
0.11032
0.12081
0.10221
0.11010
0.11472
0.10841
0.09383
0.09204
0.07509
0.03879
0.01907
0.03302
0.00000
0.01246
0.00842
0.02493
0.02487
0.00368
0.01237
0.00699
0.01867
0.03449
0.07737
0.07329
0.09236
0.07131
0.04398
0.07037
0.10897
0.07621
0.07274
0.09696
0.06511
0.05219
0.08515
0.10640
0.13169
0.10508
0.11531
0.11193
0.10590
0.14927
0.18242
0.17062
0.16241
0.20311
0.24136
0.21926
0.24812
0.24047
0.24268
0.24511
0.25323
0.22504
0.21176
0.23587
0.19131
0.18700
0.17977
0.20373
0.17977
0.19008
0.20796
0.18476
0.18881
0.18577
0.17692
0.19352
0.22498
0.24073
0.23993
0.22638
0.21332
0.21305
0.22554
0.23579
0.17379
0.17415
0.19782
0.18624
0.24543
0.25407
0.25111
0.24611
0.26271
0.26049
0.28696
0.29232
0.29812
0.29752
0.28888
0.30001
0.29814
0.31220
0.30215
0.29871
0.29180
0.29623
0.27336
0.31342
0.28928
0.26611
0.23607
0.20923
0.22083
0.23019
0.20238
0.16574
0.16922
0.20378
0.19568
0.16778
0.16620
0.18932
0.21944
0.23408
0.18849
0.18362
0.22343
0.25418
0.27655
0.28964
0.26171
0.28193
0.26007
0.22593
0.22941
0.28488
0.28601
0.29990
0.28683
0.31683
0.33427
0.33607
0.34781
0.34925
0.34896
0.32671
0.35201
0.35565
0.35331
0.38420
0.36538
0.36842
0.34210
0.34692
0.31724
0.30335
0.29821
0.27845
0.29802
0.29524
0.29653
0.26418
0.25058
0.22533
0.21217
0.21889
0.22929
0.22328
0.19998
0.18193
0.20985
0.15482
0.16746
0.16261
0.15687
0.16420
0.14283
0.14185
0.13210
0.12727
0.14478
0.14865
0.14708
0.17624
0.20694
0.21070
0.21189
0.20522
0.25844
0.24533
0.27365
0.25645
0.22812
0.20650
0.20376
0.19635
0.19002
0.20247
0.20602
0.18540
0.17828
0.15987
0.11488
0.11814
0.10506
0.08064
0.06762
0.10265
0.13045
0.15585
0.14031
0.07307
0.05699
0.05699
0.05699
0.05762
0.08902
0.04743
0.05932
0.05806
0.02424
0.03268
0.05507
0.06672
0.07892
0.06675
0.05764
0.07565
0.08126
0.08325
0.13539
0.14999
0.14204
0.10089
0.08891
0.10005
0.08639
0.08336
0.13004
0.20136
0.23874
0.23966
0.24082
0.21720
0.19233
0.16868
0.13116
0.12396
0.11606
0.14242
0.13893
0.13511
0.13481
0.18335
0.17126
0.18221
0.14486
0.17418
0.20170
0.19976
0.21212
0.19866
0.19375
0.16388
0.17021
0.17967
0.18647
0.19839
0.23541
0.24017
0.22523
0.23541
0.24028
0.23570
0.25053
0.20900
0.20507
0.20612
0.20516
0.20171
0.19730
0.19306
0.18220
0.16608
0.20392
0.21824
0.20816
0.21600
0.22247
0.22314
0.23219
0.24949
0.27037
0.26834
0.19856
0.18078
0.20740
0.20760
0.19264
0.18947
0.24285
0.23448
0.23173
0.22697
0.18606
0.16295
0.15913
0.17149
0.18115
0.21355
0.22827
0.18722
0.15098
0.16202
0.16076
0.16865
0.17419
0.19159
0.18037
0.19381
0.17795
0.15726
0.16365
0.15580
0.18694
0.16632
0.12477
0.13907
0.15648
0.16440
0.17928
0.16524
0.15230
0.15810
0.17497
0.16858
0.14873
0.12778
0.16268
0.11228
0.12933
0.15416
0.11433
0.08105
0.06722
0.06180
0.06134
0.06654
0.03223
0.07290
0.06796
0.05900
0.06366
0.05655
0.07862
0.08944
0.09346
0.10566
0.11879
0.14025
0.11522
0.13606
0.14607
0.11872
0.12132
0.10205
0.08051
0.08774
0.06648
0.07813
0.08849
0.09488
0.08148
0.07350
0.04560
0.02330
0.01605
0.01437
0.01788
0.02843
0.02806
0.01550
0.00774
0.00851
0.06678
0.04985
0.03041
0.02346
0.00000
0.01216
0.02790
0.03517
0.00126
0.04267
0.03870
0.06883
0.05468
0.04060
0.03993
0.05575
0.04322
0.02805
0.02215
0.01277
0.01165
0.00723
0.01924
0.00342
0.01257
0.00009
0.02204
0.02332
0.00000
0.00000
0.00000
0.00231
0.00000
0.00000
0.03466
0.00729
0.01990
0.03439
0.01326
0.01150
0.01656
0.01360
0.00723
0.01701
0.01450
0.06105
0.05099
0.05624
0.05931
0.06299
0.09918
0.09749
0.07090
0.06605
0.06527
0.04020
0.03610
0.04170
0.04471
0.05548
0.06626
0.07100
0.07363
0.02679
0.05090
0.06248
0.05159
0.03111
0.00033
0.00000
0.01185
0.02726
0.03023
0.07944
0.08111
0.02499
0.01803
0.02635
0.03227
0.05068
0.08855
0.09518
0.10003
0.10912
0.14478
0.14428
0.11410
0.15593
0.15095
0.13569
0.15180
0.17894
0.19520
0.21410
0.21598
0.21605
0.25867
0.24931
0.27632
0.30318
0.31679
0.33816
0.30518
0.29103
0.27192
0.28890
0.26003
0.28775
0.29010
0.29337
0.29365
0.28784
0.29445
0.31050
0.29870
0.31066
0.32367
0.35572
0.35021
0.35902
0.35547
0.36734
0.34748
0.36902
0.38631
0.38921
0.35497
0.35835
0.37041
0.38683
0.38898
0.40550
0.40360
0.37093
0.37489
0.31599
0.32544
0.32331
0.35489
0.35659
0.36022
0.38389
0.42840
0.41525
0.41846
0.39002
0.39331
0.39352
0.40980
0.41539
0.39813
0.40329
0.40098
0.36263
0.36278
0.35282
0.36286
0.37348
0.40722
0.35940
0.35372
0.37646
0.38687
0.40656
0.42544
0.39426
0.39732
0.36551
0.35986
0.38316
0.37553
0.33654
0.32708
0.28940
0.29004
0.28934
0.29974
0.29028
0.28804
0.28559
0.29331
0.30145
0.34142
0.33874
0.30971
0.29498
0.30829
0.29390
0.27647
0.29686
0.29571
0.30498
0.27965
0.24136
0.23574
0.22890
0.25915
0.25767
0.27645
0.27921
0.28986
0.28544
0.30479
0.32492
0.32868
0.30636
0.32128
0.29822
0.32619
0.32927
0.34949
0.33558
0.30166
0.31070
0.32998
0.35684
0.36408
0.37281
0.37100
0.38069
0.35912
0.36217
0.36187
0.36470
0.33440
0.32228
0.31795
0.31537
0.28487
0.29074
0.29780
0.30489
0.33040
0.30080
0.30484
0.26576
0.26489
0.26623
0.30523
0.28034
0.27881
0.31814
0.29370
0.28337
0.29855
0.33181
0.31735
0.32637
0.33957
0.32124
0.33206
0.35871
0.37580
0.38345
0.40287
0.38867
0.39671
0.39253
0.44248
0.44387
0.44411
0.44273
0.42935
0.41394
0.40281
0.36266
0.37362
0.38599
0.38104
0.36292
0.36181
0.37899
0.37782
0.34968
0.35031
0.33709
0.36941
0.35144
0.36099
0.33913
0.29616
0.32108
0.32558
0.32727
0.31580
0.29290
0.28317
0.23939
0.29074
0.26804
0.26255
0.25787
0.23079
0.23660
0.24660
0.22760
0.25606
0.27510
0.24184
0.22174
0.22556
0.23610
0.24888
0.23916
0.21235
0.16558
0.17221
0.16400
0.15684
0.18066
0.19174
0.21006
0.20870
0.21517
0.18279
0.20875
0.21746
0.14577
0.14474
0.14802
0.13974
0.16929
0.17340
0.15536
0.15191
0.14779
0.14484
0.15236
0.12070
0.09761
0.10244
0.11019
0.08650
0.08311
0.08870
0.06463
0.07622
0.06170
0.05362
0.05173
0.06000
0.04085
0.09583
0.11053
0.10164
0.10731
0.10692
0.09937
0.08025
0.08191
0.09378
0.08677
0.06102
0.06093
0.05069
0.05159
0.05874
0.04260
0.04330
0.06109
0.03624
0.03056
0.03953
0.03853
0.04989
0.06847
0.09139
0.08754
0.09050
0.07465
0.08581
0.08205
0.07928
0.06934
0.09595
0.10216
0.09803
0.05828
0.03984
0.00000
0.00011
0.01069
0.03710
0.01010
0.00000
0.00000
0.00087
0.01075
0.02001
0.04723
0.05268
0.02445
0.05340
0.06038
0.08222
0.10010
0.09137
0.09730
0.15044
0.15527
0.14593
0.14061
0.12646
0.07801
0.06815
0.06647
0.08151
0.10470
0.13571
0.14100
0.11278
0.12317
0.10799
0.07559
0.07061
0.04715
0.05280
0.03097
0.04681
0.01979
0.00856
0.00000
0.00007
0.00782
0.00000
0.00000
0.02541
0.04589
0.02959
0.02612
0.02693
0.03112
0.06127
0.03071
0.04414
0.08186
0.06762
0.04972
0.05985
0.08849
0.08361
0.05310
0.07554
0.01615
0.00000
0.00000
0.00199
0.00019
0.00000
0.00327
0.00427
0.00990
0.03356
0.00000
0.00000
0.00860
0.04175
0.04380
0.03881
0.07111
0.08020
0.06247
0.07226
0.07292
0.10855
0.11508
0.13653
0.13316
0.13215
0.14802
0.18402
0.18534
0.18389
0.23647
0.20800
0.19343
0.18247
0.21641
0.21367
0.14464
0.14247
0.14196
0.12606
0.15586
0.11054
0.12196
0.11284
0.13604
0.20096
0.21397
0.23965
0.25879
0.31239
0.28099
0.26684
0.28292
0.27114
0.27059
0.32696
0.34130
0.36518
0.38812
0.37352
0.37103
0.37967
0.38087
0.34361
0.34328
0.34212
0.34371
0.34000
0.33062
0.33065
0.30957
0.27678
0.28255
0.23167
0.23192
0.24592
0.22307
0.20394
0.19232
0.19499
0.19749
0.21399
0.26498
0.25480
0.27297
0.25028
0.24587
0.27526
0.27742
0.27122
0.24404
0.28574
0.31022
0.29530
0.29964
0.29499
0.31818
0.30149
0.28179
0.30629
0.32252
0.36085
0.39677
0.38055
0.41317
0.38129
0.39960
0.36936
0.39471
0.38665
0.37670
0.36270
0.36656
0.34398
0.31160
0.29153
0.26815
0.27330
0.27443
0.25545
0.27439
0.27800
0.27147
0.28162
0.29136
0.28574
0.27594
0.26125
0.27253
0.26212
0.28889
0.29188
0.31555
0.32500
0.33898
0.32174
0.32730
0.32211
0.31271
0.30130
0.31441
0.30687
0.31881
0.31196
0.33675
0.33847
0.35156
0.33887
0.33207
0.28917
0.28920
0.29148
0.26907
0.30114
0.27959
0.30465
0.31171
0.30126
0.23830
0.23886
0.24649
0.23804
0.22308
0.20509
0.21032
0.21346
0.22000
0.23444
0.23287
0.26294
0.23211
0.24132
0.26416
0.22724
0.22821
0.23200
0.27110
0.23827
0.23594
0.22060
0.23635
0.25293
0.17743
0.16927
0.17199
0.18957
0.20348
0.17965
0.17071
0.18293
0.19336
0.17668
0.15673
0.12420
0.14616
0.16299
0.16493
0.17019
0.18057
0.19698
0.22297
0.19326
0.18814
0.19363
0.14904
0.17656
0.17109
0.16437
0.16142
0.16747
0.16469
0.16629
0.16568
0.15881
0.18359
0.20063
0.19423
0.21325
0.20265
0.19063
0.22326
0.21439
0.18370
0.20863
0.19832
0.16453
0.15509
0.20413
0.21130
0.20890
0.21711
0.24004
0.22384
0.23100
0.23273
0.24933
0.23940
0.25788
0.28441
0.24366
0.26767
0.28732
0.31587
0.27523
0.28281
0.23844
0.23940
0.24547
0.23681
0.23873
0.25261
0.24655
0.22402
0.23953
0.20537
0.19982
0.25788
0.22672
0.20576
0.22709
0.23583
0.21834
0.22767
0.25763
0.29345
0.31613
0.31925
0.29948
0.29672
0.32092
0.31734
0.32793
0.34165
0.31963
0.33364
0.30585
0.32678
0.32067
0.32154
0.32208
0.30226
0.31576
0.32852
0.31064
0.30050
0.26846
0.27620
0.26097
0.27451
0.28839
0.28063
0.27434
0.23834
0.20836
0.18292
0.18814
0.14515
0.10732
0.11436
0.10619
0.09753
0.10779
0.13195
0.12191
0.11079
0.10532
0.06430
0.06505
0.06228
0.04420
0.07658
0.12063
0.14365
0.11525
0.08440
0.03750
0.02633
0.03442
0.05228
0.05227
0.03593
0.05621
0.03345
0.03926
0.04238
0.04782
0.04741
0.05879
0.01314
0.00332
0.00000
0.01251
0.00000
0.00198
0.01142
0.02316
0.02078
0.01692
0.00000
0.00000
0.00835
0.00000
0.01981
0.00739
0.00751
0.00950
0.00000
0.02967
0.05669
0.02797
0.02649
0.02337
0.00000
0.04570
0.08275
0.07362
0.07939
0.06983
0.06657
0.05912
0.06504
0.05220
0.02213
0.01365
0.01537
0.01523
0.04504
0.04568
0.05790
0.06914
0.08649
0.07079
0.07338
0.08350
0.08287
0.10310
0.12550
0.13163
0.10811
0.12384
0.12741
0.13769
0.17226
0.12168
0.10621
0.10227
0.09949
0.01845
0.01164
0.00000
0.00974
0.03732
0.04273
0.00832
0.00076
0.00033
0.00000
0.03134
0.04740
0.06960
0.05208
0.06124
0.02600
0.00923
0.00555
0.01160
0.00000
0.00821
0.00506
0.00673
0.04881
0.01186
0.00640
0.00863
0.00000
0.00000
0.04088
0.03871
0.02451
0.01650
0.00977
0.00333
0.03899
0.01904
0.05457
0.05166
0.11357
0.08575
0.04880
0.02927
0.01201
0.00998
0.01622
0.01524
0.00882
0.03449
0.03787
0.04773
0.04750
0.01032
0.00215
0.01258
0.01310
0.01350
0.00004
0.00000
0.04651
0.06473
0.03802
0.00257
0.02279
0.00000
0.02193
0.06249
0.07352
0.09254
0.09688
0.08008
0.11292
0.15414
0.19440
0.20698
0.20269
0.20580
0.21822
0.19248
0.22313
0.20090
0.16826
0.15111
0.15328
0.15192
0.15281
0.16338
0.16559
0.19782
0.17257
0.17426
0.17727
0.18049
0.18399
0.19293
0.17125
0.17603
0.15256
0.14881
0.17878
0.17486
0.19735
0.19391
0.17864
