0.00000
0.01544
0.01203
0.05699
0.03507
0.00000
0.01005
0.00687
0.00687
0.03134
0.00651
0.00911
0.01450
0.00092
0.00048
0.03307
0.02206
0.04785
0.02080
0.00012
0.01756
0.01756
0.00879
0.00000
0.01931
0.02580
0.03523
0.05793
0.06770
0.05627
0.06747
0.04983
0.06002
0.10508
0.07977
0.06795
0.06407
0.08847
0.08937
0.11984
0.05115
0.05665
0.05660
0.03932
0.02534
0.00722
0.01602
0.00000
0.00102
0.00000
0.01148
0.00000
0.01997
0.03930
0.04785
0.05108
0.04111
0.07081
0.09341
0.07221
0.02080
0.05204
0.05158
0.03717
0.04733
0.05659
0.04590
0.00354
0.00080
0.01738
0.00438
0.00024
0.00587
0.00000
0.00614
0.00000
0.00992
0.02674
0.05324
0.05411
0.02947
0.03954
0.02017
0.04815
0.05752
0.04143
0.03555
0.04917
0.00740
0.00281
0.00854
0.00000
0.03687
0.02216
0.02992
0.00077
0.00404
0.00000
0.00001
0.00303
0.00183
0.00000
0.01240
0.04009
0.07976
0.02773
0.00000
0.00000
0.00772
0.04060
0.05060
0.05980
0.02839
0.03729
0.03482
0.03446
0.07294
0.08777
0.03749
0.04102
0.01813
0.03866
0.06256
0.08885
0.05677
0.04940
0.08312
0.14144
0.12593
0.09454
0.09454
0.12632
0.12698
0.10222
0.12937
0.11577
0.10088
0.07510
0.06636
0.05525
0.02643
0.02962
0.00000
0.01633
0.01695
0.03407
0.05403
0.01145
0.01137
0.00251
0.00568
0.00078
0.00000
0.00002
0.02346
0.01107
0.01217
0.00001
0.01409
0.02664
0.04928
0.02706
0.04578
0.06173
0.04935
0.03956
0.04256
0.05881
0.04686
0.05053
0.07449
0.08014
0.10910
0.12157
0.11037
0.09452
0.12753
0.15498
0.20347
0.19854
0.18305
0.13639
0.13779
0.13779
0.15923
0.18179
0.16515
0.09913
0.08501
0.07691
0.04575
0.03758
0.06961
0.05987
0.06510
0.03240
0.02716
0.04507
0.05578
0.09329
0.07264
0.07631
0.07238
0.08021
0.07083
0.06713
0.05350
0.01331
0.01338
0.00000
0.00011
0.00768
0.04292
0.05823
0.04185
0.05453
0.03628
0.05320
0.02877
0.04836
0.07044
0.07859
0.05320
0.06028
0.06699
0.04632
0.03639
0.06818
0.05268
0.04996
0.05239
0.01842
0.01680
0.04946
0.05889
0.03352
0.06086
0.09359
0.09721
0.09268
0.09268
0.12525
0.14711
0.17137
0.17670
0.17799
0.18683
0.16467
0.17017
0.17267
0.17696
0.16559
0.16162
0.18586
0.20580
0.20878
0.22587
0.24220
0.23899
0.24122
0.24527
0.28298
0.21615
0.20631
0.21801
0.20275
0.19793
0.19688
0.17953
0.15596
0.14395
0.14210
0.18383
0.16540
0.21357
0.25107
0.25477
0.23888
0.25092
0.25677
0.27473
0.25475
0.23771
0.24897
0.24331
0.24742
0.22724
0.26853
0.25296
0.27605
0.29335
0.30606
0.29896
0.34171
0.34158
0.34370
0.29439
0.28708
0.30330
0.33621
0.36597
0.41321
0.40481
0.40799
0.39815
0.35730
0.36308
0.38099
0.37815
0.37367
0.34140
0.34375
0.33940
0.32097
0.30837
0.33095
0.31521
0.32461
0.32529
0.34546
0.35579
0.36898
0.38293
0.39131
0.35448
0.38382
0.35818
0.40498
0.41654
0.37473
0.32857
0.30659
0.29030
0.24086
0.23457
0.23587
0.24772
0.24490
0.23296
0.23485
0.25728
0.24949
0.25974
0.25373
0.25642
0.26004
0.26205
0.24068
0.24863
0.24391
0.24311
0.24140
0.18978
0.18033
0.17683
0.19004
0.18724
0.17973
0.22976
0.26554
0.22218
0.22889
0.22811
0.24294
0.24435
0.24813
0.24502
0.23684
0.23988
0.23250
0.24572
0.22923
0.23760
0.25837
0.25794
0.26505
0.29670
0.29465
0.21948
0.21651
0.20757
0.19199
0.21991
0.15011
0.17224
0.16885
0.16630
0.14754
0.13346
0.12529
0.10088
0.08117
0.09733
0.10369
0.10653
0.16925
0.15427
0.16702
0.16004
0.17286
0.21155
0.21708
0.24836
0.20619
0.20926
0.24934
0.26310
0.24825
0.23710
0.23208
0.24688
0.25446
0.25813
0.24407
0.20926
0.19438
0.15616
0.12300
0.17003
0.16747
0.15040
0.14853
0.16623
0.18699
0.21555
0.18007
0.13003
0.14858
0.20351
0.19308
0.19725
0.16071
0.14449
0.08035
0.06748
0.09014
0.08094
0.07748
0.09890
0.09149
0.07598
0.03445
0.03730
0.03345
0.02325
0.00120
0.00000
0.00351
0.00838
0.02636
0.04481
0.02365
0.02596
0.01369
0.00963
0.01091
0.00000
0.02031
0.05360
0.07631
0.02862
0.03589
0.04752
0.03327
0.04786
0.07688
0.10790
0.10358
0.14018
0.16674
0.16515
0.19396
0.19023
0.17451
0.19561
0.18682
0.15784
0.14366
0.15661
0.16870
0.14065
0.10254
0.08407
0.08881
0.13413
0.13046
0.13022
0.10903
0.13803
0.14972
0.15013
0.15288
0.16332
0.18388
0.18121
0.14881
0.12956
0.15335
0.13059
0.12554
0.12548
0.14231
0.16405
0.18320
0.19760
0.21584
0.24355
0.22448
0.21442
0.22870
0.22138
0.21284
0.21824
0.21517
0.23624
0.27893
0.26119
0.22528
0.22645
0.24321
0.27763
0.27599
0.30554
0.31323
0.31313
0.33113
0.36320
0.35216
0.36505
0.36395
0.40313
0.38666
0.38781
0.40095
0.37437
0.36675
0.34152
0.36210
0.34735
0.37398
0.41099
0.43337
0.45640
0.44311
0.44694
0.44222
0.44522
0.44574
0.43345
0.42942
0.42587
0.43382
0.41901
0.42795
0.43497
0.42932
0.42084
0.42920
0.45287
0.39912
0.37218
0.36173
0.36420
0.33923
0.33330
0.28978
0.28328
0.28729
0.26876
0.24793
0.25446
0.22595
0.22800
0.23532
0.19897
0.21929
0.24418
0.23477
0.23367
0.21200
0.24798
0.29244
0.27509
0.27343
0.27856
0.26093
0.26022
0.24663
0.23177
0.20423
0.20387
0.19250
0.20211
0.17432
0.18302
0.21982
0.22727
0.22443
0.19983
0.16365
0.16233
0.14141
0.14965
0.16177
0.12265
0.10854
0.07286
0.04436
0.03295
0.05947
0.05876
0.04289
0.04464
0.05670
0.04058
0.03177
0.02323
0.02690
0.01370
0.01617
0.00000
0.01823
0.02718
0.02079
0.03952
0.03990
0.06849
0.04885
0.03655
0.02856
0.00000
0.01463
0.03926
0.05224
0.06449
0.00763
0.03293
0.03804
0.02799
0.03582
0.03547
0.04078
0.00005
0.00780
0.03382
0.03096
0.06128
0.04936
0.00000
0.00283
0.00032
0.02520
0.01584
0.00954
0.00000
0.00000
0.01926
0.01318
0.01924
0.02722
0.03307
0.02679
0.03000
0.00000
0.02502
0.05989
0.07025
0.15677
0.15856
0.17739
0.16855
0.14694
0.12822
0.12688
0.13723
0.17403
0.13471
0.14233
0.13052
0.11820
0.06548
0.05954
0.10292
0.07799
0.06981
0.10312
0.09191
0.07907
0.12758
0.12424
0.07778
0.09384
0.07501
0.05050
0.07376
0.04410
0.01800
0.00000
0.01801
0.02257
0.01202
0.02790
0.04290
0.02053
0.02142
0.03783
0.06747
0.05060
0.08560
0.06260
0.07850
0.08548
0.06408
0.03298
0.07935
0.07371
0.07604
0.08207
0.08649
0.07926
0.10090
0.10519
0.10373
0.10871
0.12369
0.12234
0.15745
0.16569
0.16026
0.13927
0.18909
0.21841
0.19924
0.24349
0.24242
0.23983
0.23529
0.26476
0.27980
0.28584
0.28126
0.27193
0.24995
0.23793
0.20107
0.23467
0.25015
0.26570
0.30202
0.30053
0.30941
0.31235
0.33256
0.32604
0.35408
0.36837
0.36625
0.37365
0.36873
0.38659
0.38738
0.39993
0.39646
0.40208
0.43922
0.43781
0.45198
0.44802
0.43231
0.44076
0.48562
0.50221
0.48021
0.49571
0.47211
0.45823
0.45012
0.44230
0.45938
0.41549
0.35732
0.32587
0.31188
0.31772
0.33893
0.35679
0.36937
0.37444
0.39511
0.39179
0.40173
0.38853
0.33726
0.34213
0.35072
0.36140
0.36143
0.35603
0.35931
0.30287
0.30536
0.31211
0.30620
0.31478
0.37020
0.41099
0.40114
0.38007
0.38367
0.41230
0.39710
0.38244
0.38048
0.39455
0.39970
0.38356
0.35521
0.35417
0.32632
0.36679
0.36464
0.37657
0.37610
0.35777
0.35552
0.35105
0.33105
0.31199
0.31517
0.33350
0.30252
0.30183
0.34521
0.34980
0.34382
0.34570
0.36905
0.34824
0.37086
0.33789
0.33254
0.30613
0.30063
0.29187
0.22966
0.21871
0.22710
0.23056
0.23483
0.23934
0.22607
0.22641
0.23729
0.23724
0.24711
0.24026
0.23673
0.22198
0.19931
0.20742
0.20836
0.20656
0.21253
0.20975
0.17980
0.14602
0.19455
0.17709
0.17084
0.20437
0.23530
0.21817
0.19696
0.18510
0.20101
0.19215
0.17986
0.19954
0.20735
0.20871
0.19950
0.16898
0.16543
0.19477
0.20249
0.20117
0.21627
0.19744
0.18224
0.16935
0.18752
0.21495
0.20894
0.16948
0.16487
0.14965
0.13006
0.14427
0.14697
0.13866
0.14822
0.12193
0.14488
0.14488
0.14364
0.17116
0.10103
0.09544
0.07983
0.07346
0.08407
0.09253
0.12753
0.10375
0.12343
0.12834
0.12864
0.13318
0.15525
0.15525
0.12166
0.10604
0.11210
0.09818
0.06861
0.07469
0.10324
0.09250
0.10984
0.12202
0.08566
0.08085
0.08011
0.08547
0.09498
0.11239
0.06907
0.06477
0.05578
0.06476
0.06562
0.07737
0.07779
0.07763
0.08536
0.08318
0.07607
0.11144
0.12840
0.12468
0.14804
0.13567
0.16456
0.15088
0.12555
0.09826
0.06885
0.02826
0.03294
0.06520
0.04457
0.05228
0.05676
0.05462
0.07939
0.07966
0.07822
0.09869
0.08204
0.10202
0.12678
0.09403
0.10025
0.07930
0.07085
0.08491
0.10144
0.11633
0.12622
0.15757
0.11952
0.10705
0.10148
0.11627
0.06205
0.07806
0.04524
0.08996
0.09651
0.09243
0.09266
0.18297
0.18343
0.17817
0.17526
0.14100
0.09997
0.08093
0.07834
0.08984
0.10804
0.09872
0.11962
0.15173
0.17009
0.15233
0.15664
0.17734
0.15441
0.13666
0.14550
0.13221
0.16526
0.17771
0.21181
0.19178
0.18246
0.21502
0.22799
0.17856
0.18402
0.17510
0.21816
0.24366
0.27238
0.30033
0.26522
0.26604
0.29692
0.31935
0.31701
0.30256
0.31162
0.31268
0.31290
0.33546
0.34748
0.36028
0.37280
0.35809
0.37331
0.34149
0.37123
0.34785
0.32464
0.30671
0.31315
0.30736
0.34643
0.35325
0.33397
0.32563
0.30142
0.29033
0.29125
0.31909
0.34747
0.34241
0.36967
0.35251
0.35546
0.36730
0.35009
0.36769
0.35273
0.36117
0.34806
0.33361
0.31868
0.30250
0.32574
0.34433
0.33954
0.30834
0.32794
0.37435
0.35392
0.36071
0.38148
0.38435
0.34361
0.33637
0.32909
0.30633
0.26137
0.24497
0.23448
0.24609
0.24335
0.24974
0.27145
0.28549
0.31007
0.33153
0.31459
0.30673
0.30783
0.27563
0.26204
0.27622
0.28172
0.30111
0.29633
0.33173
0.34115
0.36801
0.36316
0.34676
0.35961
0.35101
0.34348
0.37936
0.37499
0.36582
0.35922
0.33878
0.31319
0.28703
0.30556
0.29500
0.31338
0.27873
0.26001
0.25672
0.28674
0.30810
0.30262
0.33943
0.32398
0.33081
0.33685
0.34029
0.34990
0.33978
0.36578
0.36349
0.36929
0.34228
0.32923
0.32770
0.35111
0.35281
0.29325
0.32145
0.32575
0.33276
0.33815
0.34030
0.31713
0.31997
0.32958
0.34398
0.33163
0.30272
0.31060
0.30312
0.33077
0.33678
0.34260
0.30674
0.34369
0.36065
0.37302
0.39340
0.38299
0.36403
0.37965
0.35799
0.39038
0.36954
0.36700
0.37288
0.36427
0.31822
0.33510
0.35066
0.34821
0.35130
0.33840
0.32124
0.30397
0.28301
0.27811
0.29127
0.31017
0.33960
0.32312
0.34769
0.36373
0.35091
0.35792
0.29638
0.29585
0.26369
0.28320
0.26871
0.26780
0.28181
0.29981
0.28914
0.30171
0.26670
0.26460
0.24989
0.26910
0.26706
0.26064
0.26804
0.27385
0.27768
0.26394
0.33597
0.38146
0.39770
0.37475
0.35915
0.36923
0.38694
0.38816
0.39621
0.38669
0.37913
0.38408
0.36728
0.35089
0.35655
0.34253
0.33674
0.34912
0.32867
0.31891
0.33945
0.31114
0.29237
0.29670
0.31762
0.32109
0.29710
0.29384
0.29284
0.27581
0.24514
0.25261
0.25552
0.23568
0.21990
0.19865
0.20123
0.13913
0.16536
0.15842
0.15933
0.19804
0.21853
0.24781
0.21948
0.22515
0.23862
0.25612
0.28750
0.32523
0.30231
0.28001
0.28358
0.27066
0.26369
0.28409
0.26716
0.24450
0.22622
0.21752
0.20451
0.20885
0.22187
0.25526
0.27001
0.25989
0.27884
0.28445
0.31769
0.30479
0.29084
0.29341
0.28395
0.29626
0.30626
0.26365
0.25334
0.23023
0.23424
0.23524
0.24448
0.23171
0.20707
0.20737
0.17115
0.16165
0.19795
0.18459
0.14584
0.14473
0.12269
0.13669
0.13208
0.15290
0.13685
0.14668
0.13674
0.13068
0.10246
0.08808
0.11837
0.11056
0.12626
0.13684
0.12442
0.12287
0.14442
0.12331
0.09105
0.08059
0.09983
0.06759
0.05259
0.07864
0.08523
0.05277
0.02111
0.00090
0.01388
0.01652
0.00000
0.05477
0.03619
0.04980
0.03098
0.02017
0.03020
0.04066
0.06470
0.06872
0.08364
0.04672
0.03597
0.00000
0.01139
0.03593
0.04899
0.04678
0.06722
0.08585
0.12698
0.09826
0.08733
0.09070
0.09475
0.08545
0.04833
0.05940
0.04368
0.04391
0.07516
0.07590
0.05698
0.05231
0.07000
0.06775
0.06682
0.08403
0.00000
0.00201
0.03023
0.04248
0.04610
0.06861
0.06533
0.12261
0.13873
0.10128
0.10190
0.09396
0.09471
0.10807
0.11635
0.14228
0.13903
0.17748
0.13966
0.12594
0.08991
0.07231
0.05145
0.05638
0.04036
0.09427
0.12002
0.13257
0.10985
0.11008
0.07679
0.09144
0.11504
0.10272
0.12270
0.08332
0.09030
0.11166
0.05813
0.06673
0.02531
0.00491
0.02121
0.00644
0.01534
0.02527
0.02714
0.02910
0.06417
0.05712
0.06053
0.06468
0.05486
0.05203
0.05989
0.09729
0.12321
0.08394
0.07845
0.06509
0.02271
0.04961
0.05413
0.05466
0.02543
0.02519
0.02650
0.03099
0.02941
0.00282
0.01525
0.01469
0.02084
0.06867
0.03394
0.02917
0.04283
0.02097
0.06812
0.06682
0.08589
0.11844
0.11610
0.11531
0.10854
0.16777
0.16078
0.14157
0.15556
0.13914
0.11241
0.09171
0.10758
0.13231
0.10668
0.10608
0.10009
0.11131
0.06992
0.06460
0.07683
0.05363
0.01185
0.00179
0.00872
0.02588
0.04290
0.00522
0.00063
0.01731
0.05835
0.06461
0.08059
0.10950
0.09288
0.03136
0.00722
0.00215
0.00533
0.01021
0.01150
0.00552
0.00000
0.00000
0.01690
0.05956
0.08601
0.08560
0.11755
0.09219
0.08397
0.08319
0.13055
0.11718
0.12466
0.14803
0.16306
0.17431
0.17841
0.17890
0.20957
0.23021
0.23566
0.20424
0.19793
0.22458
0.23954
0.22207
0.22241
0.18467
0.15705
0.15159
0.11943
0.12544
0.14427
0.13963
0.17752
0.19281
0.18848
0.21208
0.21178
0.18511
0.18214
0.20597
0.19932
0.15032
0.19391
0.16856
0.11979
0.11924
0.09452
0.11993
0.06275
0.05637
0.04448
0.03306
0.01610
0.00306
0.00000
0.01331
0.00722
0.00000
0.02427
0.05704
0.07771
0.11777
0.11349
0.06799
0.06740
0.07119
0.07886
0.09077
0.07962
0.09776
0.09950
0.08405
0.08104
0.07886
0.09951
0.05231
0.03809
0.00884
0.00542
0.01397
0.03935
0.03425
0.04309
0.06521
0.06014
0.08221
0.09859
0.10206
0.08756
0.06479
0.05770
0.09102
0.09592
0.10062
0.07765
0.10550
0.13011
0.15876
0.12647
0.10041
0.05284
0.11143
0.08028
0.07308
0.01838
0.04086
0.02600
0.05647
0.05275
0.08159
0.08347
0.08045
0.07615
0.08842
0.06540
0.03787
0.03766
0.02806
0.01453
0.04227
0.05950
0.04771
0.05623
0.05203
0.05605
0.10434
0.07499
0.07797
0.09312
0.07784
0.05657
0.04340
0.01752
0.04180
0.03080
0.02849
0.05169
0.05189
0.09252
0.16019
0.16005
0.15049
0.11853
0.13863
0.15121
0.13348
0.10228
0.09876
0.11442
0.12746
0.14070
0.13484
0.11252
0.15222
0.15847
0.14526
0.15364
0.16457
0.13466
0.12198
0.12284
0.13286
0.11813
0.12455
0.13025
0.12033
0.11084
0.11826
0.11826
0.11627
0.11155
0.10346
0.10962
0.12861
0.15777
0.16146
0.13722
0.14628
0.10984
0.12886
0.14300
0.16310
0.13684
0.12884
0.10650
0.11789
0.11878
0.09539
0.13929
0.12255
0.13564
0.13254
0.16489
0.16843
0.19928
0.18045
0.18313
0.19721
0.17167
0.15696
0.18607
0.19600
0.19382
0.22611
0.22992
0.23968
0.24011
0.19987
0.17413
0.15319
0.11803
0.12858
0.12674
0.11273
0.08366
0.07691
0.08706
0.05161
0.06245
0.07777
0.10182
0.02958
0.00396
0.03102
0.00656
0.01202
0.00442
0.03509
0.01951
0.01386
0.01567
0.00000
0.01635
0.04659
0.02677
0.00000
0.02066
0.04491
0.01556
0.01756
0.02262
0.02770
0.04989
0.06711
0.06661
0.05876
0.06522
0.08242
0.10631
0.11891
0.13252
0.13958
0.10004
0.13280
0.16518
0.18303
0.17053
0.16518
0.16311
0.16051
0.17461
0.17217
0.11980
0.11872
0.13358
0.16243
0.12468
0.13809
0.12686
0.12885
0.10748
0.14841
0.13749
0.16760
0.17900
0.20176
0.19315
0.17444
0.15589
0.12576
0.12388
0.11642
0.12437
0.10562
0.13087
0.11901
0.12254
0.11500
0.08459
0.06369
0.07915
0.08517
0.10112
0.06942
0.04497
0.04548
0.07468
0.09100
0.10839
0.09352
0.09153
0.09148
0.05075
0.05407
0.03036
0.03412
0.01525
0.00028
0.00015
0.00213
0.00000
0.03667
0.02964
0.02271
0.00834
0.02912
0.06254
0.04221
0.03902
0.02843
0.04326
0.06555
0.09120
0.09768
0.06403
0.03653
0.03343
0.02943
0.03859
0.05444
0.06765
0.05449
0.07253
0.05754
0.05553
0.07656
0.03922
0.02661
0.04681
0.05017
0.04345
0.04355
0.02117
0.01307
0.00000
0.00945
0.01237
0.03121
0.03800
0.05019
0.05533
0.09404
0.04443
0.05432
0.05906
0.07022
0.06169
0.09112
0.07453
0.03474
0.02270
0.05094
0.02766
0.01368
0.00972
0.01721
0.00000
0.01039
0.01049
0.01484
0.03801
0.02829
0.00114
0.00000
0.00776
0.01652
0.00723
0.00241
0.00000
0.00470
0.00012
0.01122
0.00568
0.02766
0.04969
0.07034
0.07630
0.09424
0.08621
0.08873
0.11106
0.12696
0.13054
0.13546
0.12924
0.11498
0.10921
0.10090
0.09464
0.12801
0.14728
0.15135
0.15926
0.14677
0.11751
0.06797
0.06961
0.09985
0.08121
0.07484
0.08768
0.07894
0.08881
0.09386
0.09036
0.11411
0.12670
0.14853
0.11704
0.11673
0.13793
0.11721
0.12656
0.13737
0.19825
0.23015
0.21296
0.23575
0.20248
0.19205
0.14144
0.16217
0.13666
0.11098
0.10506
0.08532
0.10869
0.10079
0.07704
0.09087
0.10864
0.12667
0.08277
0.06513
0.04513
0.03727
0.06079
0.07090
0.07739
0.09900
0.09023
0.11637
0.13677
0.11945
0.15976
0.15673
0.14577
0.13663
0.09495
0.03475
0.05470
0.06797
0.11964
0.13651
0.15138
0.15399
0.13694
0.16228
0.16345
0.13623
0.19160
0.16065
0.13360
0.14452
0.14419
0.14240
0.16254
0.16649
0.08899
0.09517
0.12066
0.14755
0.10976
0.10067
0.11324
0.10428
0.11269
0.12796
0.12748
0.08454
0.11194
0.10178
0.05914
0.06712
0.05512
0.08610
0.08038
0.08560
0.07284
0.05667
0.00639
0.00011
0.01622
0.02758
0.04403
0.06215
0.07097
0.07504
0.06909
0.05298
0.09372
0.06653
0.06231
0.07186
0.05674
0.07946
0.06632
0.04383
0.04171
0.03173
0.07284
0.03470
0.03299
0.03179
0.04055
0.00230
0.00483
0.01420
0.01580
0.01685
0.00000
0.05776
0.09005
0.07806
0.05617
0.01988
0.00251
0.00522
0.00205
0.01624
0.01797
0.01477
0.00498
0.04095
0.06192
0.02866
0.00958
0.00000
0.03637
0.05753
0.04127
0.00921
0.02323
0.03398
0.03692
0.02387
0.06504
0.06407
0.06301
0.05550
0.03413
0.06626
0.05229
0.09405
0.10021
0.07788
0.04930
0.06608
0.06319
0.06619
0.03981
0.01810
0.02868
0.02147
0.00768
0.03750
0.03027
0.03942
0.00000
0.00430
0.06709
0.06774
0.08175
0.14560
0.14442
0.15119
0.14404
0.16785
0.19431
0.18128
0.16366
0.17721
0.18565
0.22152
0.23320
0.24222
0.25915
0.25417
0.24347
0.25466
0.25788
0.27662
0.26354
0.23664
0.27576
0.26508
0.26507
0.25416
0.27059
0.25747
0.26097
0.23662
0.19067
0.18388
0.21013
0.24614
0.25038
0.24373
0.26754
0.26639
0.28550
0.30465
0.29579
0.32117
0.31486
0.30586
0.28993
0.30244
0.31317
0.30002
0.30353
0.30680
0.31706
0.36207
0.34965
0.34918
0.33325
0.31989
0.30400
0.26812
0.26595
0.26163
0.27724
0.28011
0.29313
0.30408
0.29984
0.33030
0.30662
0.31251
0.31428
0.30448
0.31826
0.34345
0.35136
0.33715
0.33734
0.31538
0.30354
0.28792
0.34630
0.34812
0.36293
0.36088
0.35033
0.35628
0.34595
0.36490
0.33909
0.31534
0.30983
0.31079
0.28529
0.29525
0.27550
0.26557
0.25561
0.27362
0.25879
0.26457
0.24701
0.23399
0.24266
0.25171
0.24111
0.21510
0.20485
0.22083
0.21533
0.18124
0.18466
0.17954
0.18101
0.18049
0.15606
0.11915
0.08944
0.11066
0.12738
0.13806
0.16473
0.19615
0.19989
0.17686
0.15700
0.16594
0.18532
0.18167
0.16804
0.15301
0.14231
0.08621
0.02368
0.05197
0.05923
0.06257
0.07127
0.06487
0.11406
0.12370
0.11089
0.18334
0.18343
0.17058
0.16313
0.18999
0.15867
0.14572
0.15553
0.20070
0.17841
0.18506
0.18542
0.15531
0.17563
0.14834
0.15851
0.15889
0.16494
0.15328
0.18816
0.19277
0.26169
0.29327
0.25872
0.23814
0.23108
0.29774
0.26385
0.24686
0.26087
0.27644
0.28015
0.26004
0.27314
0.27501
0.26482
0.21862
0.21902
0.17655
0.19994
0.19368
0.18001
0.22712
0.24824
0.22791
0.20445
0.23079
0.23163
0.23188
0.23697
0.24979
0.25554
0.25086
0.18743
0.23933
0.23854
0.23061
0.24107
0.17504
0.17527
0.16218
0.18648
0.17746
0.17254
0.16180
0.15322
0.14554
0.14742
0.14807
0.13341
0.13867
0.13418
0.11433
0.11106
0.12752
0.10252
0.08420
0.09999
0.08915
0.09527
0.09500
0.10684
0.09864
0.12013
0.11353
0.09959
0.10710
0.10347
0.12177
0.10512
0.15166
0.16370
0.15178
0.19759
0.20954
0.18800
0.16170
0.16635
0.15579
0.13627
0.09788
0.10375
0.10145
0.10978
0.13765
0.12168
0.10909
0.11889
0.11278
0.15823
0.18396
0.19183
0.22507
0.22542
0.21207
0.21691
0.22369
0.22643
0.25453
0.25662
0.25485
0.27181
0.27763
0.28562
0.25558
0.22308
0.23717
0.25540
0.27209
0.26629
0.24015
0.26234
0.23313
0.23351
0.21158
0.18777
0.21953
0.21104
0.22321
0.22311
0.24035
0.23271
0.24741
0.25537
0.23093
0.24520
0.21844
0.19169
0.19619
0.20130
0.14043
0.14622
0.16608
0.20454
0.20135
0.18043
0.20788
0.23527
0.27624
0.31037
0.31037
0.28128
0.30311
0.30418
0.35285
0.36485
0.37818
0.35955
0.39089
0.44317
0.42910
0.45151
0.48158
0.47448
0.46113
0.46411
0.42615
0.43754
0.47660
0.48101
0.47504
0.47506
0.46654
0.46787
0.48231
0.48633
0.47582
0.47755
0.48804
0.48148
0.46164
0.38476
0.41995
0.42019
0.42109
0.42455
0.38780
0.39765
0.37644
0.44452
0.49192
0.47754
0.48828
0.50239
0.46008
0.44529
0.43744
0.45216
0.44336
0.43901
0.43767
0.39390
0.39772
0.35864
0.36553
0.33759
0.34427
0.31328
0.31167
0.24710
0.26899
0.32141
0.32365
0.31897
0.30926
0.32292
0.34661
0.38150
0.41136
0.41157
0.39592
0.38785
0.39848
0.37838
0.37071
0.33681
0.31757
0.33485
0.35077
0.39337
0.38099
0.40486
0.40270
0.37228
0.37848
0.41803
0.42639
0.43570
0.42265
0.42187
0.41885
0.39597
0.40142
0.34470
0.33563
0.31306
0.31195
0.30984
0.27019
0.28325
0.24022
0.21314
0.16219
0.14080
0.14454
0.14142
0.14754
0.13707
0.13810
0.13718
0.16813
0.15075
0.13926
0.12425
0.10790
0.08981
0.11899
0.10606
0.13350
0.15882
0.14395
0.14556
0.17386
0.13982
0.16477
0.18906
0.18483
0.17872
0.17243
0.19264
0.17729
0.20283
0.18165
0.17271
0.17384
0.12847
0.12491
0.11209
0.11241
0.10720
0.11910
0.08533
0.05934
0.05152
0.04849
0.01078
0.02020
0.02332
0.04305
0.04118
0.04782
0.06959
0.10977
0.12146
0.10990
0.10044
0.08598
0.10733
0.10328
0.06877
0.03167
0.02258
0.03578
0.02703
0.00745
0.00420
0.00000
0.00822
0.05207
0.05843
0.05149
0.04267
0.00000
0.03621
0.07260
0.06785
0.06269
0.00011
0.00000
0.01028
0.00000
0.05266
0.05727
0.01239
0.02381
0.02708
0.03048
0.02022
0.01126
0.03411
0.06086
0.03556
0.00949
0.01190
0.00686
0.00000
0.00000
0.00000
0.01930
0.05579
0.02066
0.03471
0.04657
0.00000
0.02179
0.03849
0.03706
0.01171
0.04441
0.01392
0.01807
0.00000
0.00000
0.02696
0.00785
0.01225
0.01567
0.01855
0.00542
0.04491
0.05896
0.08566
0.09024
0.09769
0.08594
0.05031
0.08266
0.09894
0.09560
0.11212
0.06714
0.08271
0.09510
0.10170
0.15189
0.14747
0.16017
0.15909
0.17433
0.17061
0.18574
0.24019
0.24744
0.22787
0.27560
0.26560
0.24534
0.26188
0.25718
0.26954
0.25120
0.24085
0.26433
0.25360
0.25279
0.22262
0.25905
0.24517
0.22364
0.22484
0.21295
0.26830
0.28837
0.25129
0.26230
0.30240
0.31912
0.31866
0.32516
0.31588
0.29680
0.33427
0.28076
0.29128
0.34103
0.32969
0.30235
0.32724
0.32675
0.33684
0.29251
0.27635
0.28822
0.28320
0.26915
0.28281
0.26561
0.26188
0.28847
0.29366
0.30252
0.29242
0.24955
0.23196
0.25099
0.25748
0.21414
0.21414
0.22399
0.20691
0.23853
0.22174
0.21687
0.21586
0.20196
0.18421
0.18240
0.21664
0.19853
0.20383
0.22074
0.17282
0.17907
0.21474
0.21032
0.17738
0.15942
0.11490
0.11925
0.11035
0.10620
0.08537
0.05351
0.06391
0.04906
0.05471
0.05764
0.06078
0.08268
0.07839
0.07670
0.07098
0.05981
0.07036
0.07040
0.06374
0.06506
0.05628
0.04033
0.06027
0.00698
0.00306
0.02934
0.00336
0.00000
0.01617
0.01480
0.00271
0.00440
0.00000
0.00000
0.00101
0.00338
0.04154
0.06372
0.06159
0.02667
0.01936
0.04744
0.04748
0.02353
0.03612
0.01405
0.00392
0.00042
0.00000
0.00026
0.03261
0.03787
0.06963
0.07262
0.09078
0.06517
0.11306
0.10520
0.12979
0.15021
0.16898
0.19640
0.15289
0.12877
0.10908
0.09842
0.07848
0.04055
0.02917
0.01778
0.00421
0.00495
0.00000
0.01465
0.01341
0.00000
0.00000
0.05225
0.04680
0.02808
0.00983
0.00000
0.00878
0.00203
0.00897
0.03128
0.05046
0.02675
0.00596
0.00321
0.00000
0.02752
0.05493
0.04646
0.05657
0.05678
0.02166
0.00000
0.00000
0.01855
0.00300
0.00000
0.00751
0.00002
0.00000
0.03161
0.04752
0.01997
0.02642
0.00000
0.00000
0.00000
0.00759
0.03003
0.02104
0.02120
0.03926
0.03048
0.00000
0.00519
0.03034
0.00710
0.00100
0.02965
0.05200
0.05350
0.03279
0.01790
0.01330
0.01848
0.02067
0.02100
0.03308
0.00849
0.00935
0.03195
0.04649
0.04962
0.03951
0.02307
0.00145
0.02964
0.02849
0.02456
0.02031
0.01464
0.00226
0.02346
0.01064
0.05521
0.02361
0.00848
0.00767
0.00000
0.02534
0.03522
0.05914
0.03740
0.00727
0.01386
0.00539
0.03565
0.04413
0.03970
0.06941
0.06550
0.07778
0.09894
0.04390
0.04418
0.03742
0.00047
0.01016
0.00655
0.00000
0.01762
0.07502
0.09504
0.07458
0.08417
0.03857
0.03056
0.03665
0.01065
0.03870
0.02812
0.00591
0.05393
0.05789
0.06432
0.07308
0.07882
0.11262
0.12396
0.15146
0.15176
0.17324
0.19372
0.21235
0.22861
0.22140
0.24256
0.25245
0.25822
0.26732
0.23018
0.26335
0.25182
0.25728
0.25804
0.25904
0.21326
0.22118
0.20163
0.20489
0.20985
0.19193
0.19907
0.20495
0.21498
0.21500
0.19555
0.19852
0.19391
0.19812
0.20034
0.17760
0.13043
0.11982
0.12959
0.07142
0.07124
0.05959
0.06452
0.04301
0.03101
0.04855
0.01279
0.00695
0.02492
0.01847
0.03176
0.02379
0.02087
0.03561
0.03627
0.00716
0.01783
0.01110
0.00192
0.00163
0.00000
0.00032
0.00000
0.00557
0.01344
0.01721
0.00000
0.00086
0.00085
0.00122
0.00465
0.01861
0.02047
0.05281
0.09532
0.08923
0.08439
0.06212
0.04245
0.04830
0.07488
0.12165
0.08773
0.08808
0.09067
0.07389
0.10868
0.11606
0.13208
0.12766
0.10573
0.08655
0.08056
0.08020
0.07514
0.07021
0.06631
0.07428
0.07744
0.07359
0.10061
0.10155
0.12850
0.13967
0.12710
0.12083
0.14442
0.13541
0.11909
0.10945
0.10544
0.11603
0.10909
0.12892
0.13456
0.15228
0.13452
0.13159
0.11560
0.11087
0.10549
0.14332
0.08327
0.04512
0.08260
0.07797
0.03745
0.03511
0.02057
0.01071
0.01568
0.00000
0.00911
0.01376
0.01436
0.01372
0.01023
0.00905
0.02866
0.03122
0.05143
0.02728
0.00000
0.00416
0.00233
0.01748
0.07726
0.07980
0.07452
0.05595
0.08885
0.09337
0.07243
0.05993
0.05820
0.07411
0.07104
0.09616
0.12121
0.11699
0.14346
0.15417
0.14806
0.17533
0.18945
0.18287
0.14780
0.12718
0.13115
0.11923
0.14930
0.16507
0.16836
0.17875
0.17582
0.22254
0.25139
0.23848
0.19767
0.11080
0.10145
0.08628
0.12713
0.12666
0.13093
0.14059
0.14722
0.15560
0.13482
0.13633
0.10289
0.12383
0.12085
0.08761
0.07105
0.08526
0.08108
0.07148
0.09058
0.07720
0.08250
0.10124
0.11924
0.17740
0.16489
0.14084
0.14211
0.16123
0.16397
0.17884
0.20633
0.15714
0.16783
0.14212
0.11681
0.11867
0.11051
0.10393
0.11006
0.15319
0.14626
0.14743
0.13417
0.12033
0.11684
0.10326
0.09545
0.13060
0.13646
0.15087
0.16132
0.13230
0.13926
0.15538
0.15144
0.14726
0.18352
0.17107
0.18004
0.17668
0.17434
0.18345
0.16234
0.16856
0.15717
0.15316
0.14925
0.15489
0.14258
0.14134
0.11257
0.09729
0.09100
0.11163
0.10594
0.09576
0.08298
0.09789
0.11465
0.11223
0.10088
0.12214
0.12579
0.09598
0.10832
0.07223
0.03194
0.08717
0.10620
0.10664
0.14836
0.15305
0.13108
0.09482
0.03495
0.03804
0.07985
0.02522
0.06469
0.10412
0.09325
0.11003
0.14972
0.14727
0.14801
0.18226
0.18460
0.17565
0.15696
0.14836
0.13988
0.15049
0.15331
0.18032
0.18833
0.17637
0.18602
0.19466
0.21771
0.25072
0.22711
0.19594
0.21238
0.20352
0.22319
0.22419
0.26214
0.28120
0.27714
0.26885
0.26454
0.22459
0.22784
0.25371
0.24367
0.26361
0.25918
0.27661
0.27232
0.30055
0.33505
0.32673
0.31633
0.33838
0.33240
0.34513
0.34378
0.33714
0.34545
0.36538
0.33313
0.34138
0.32884
0.34076
0.32969
0.30767
0.29164
0.34186
0.33301
0.32020
0.32747
0.33417
0.34490
0.32731
0.29977
0.29057
0.30447
0.32236
0.32044
0.33771
0.33183
0.29263
0.28102
0.27836
0.29702
0.29773
0.29407
0.32543
0.30157
0.30175
0.30852
0.25033
0.24437
0.23118
0.22317
0.18913
0.19192
0.21728
0.22534
0.21752
0.20269
0.22045
0.20968
0.21185
0.21720
0.22576
0.22647
0.18036
0.21294
0.21955
0.21524
0.20308
0.20242
0.20562
0.23653
0.22625
0.19022
0.18016
0.20408
0.20495
0.19680
0.18798
0.20989
0.21091
0.22271
0.23117
0.22996
0.22097
0.20913
0.22372
0.27624
0.27904
0.27309
0.27094
0.28252
0.26856
0.24098
0.21905
0.17568
0.20230
0.21946
0.22637
0.24239
0.23866
0.26880
0.28070
0.23385
0.26539
0.25431
0.24623
0.21293
0.19971
0.20327
0.17190
0.19923
0.18135
0.18927
0.16754
0.21862
0.23685
0.21088
0.21672
0.19241
0.18778
0.16465
0.15664
0.15698
0.12607
0.16076
0.17559
0.23707
0.21766
0.19950
0.19718
0.18632
0.21228
0.26722
0.28214
0.27212
0.26390
0.22132
0.22997
0.20320
0.19484
0.15399
0.16569
0.16985
0.17202
0.16503
0.18099
0.18236
0.21298
0.20934
0.22025
0.23661
0.23548
0.21494
0.22088
0.22900
0.22737
0.24345
0.25431
0.23269
0.24571
0.25326
0.25283
0.30896
0.33749
0.35847
0.34203
0.35727
0.33827
0.32028
0.36719
0.32962
0.30424
0.32038
0.35197
0.39430
0.36761
0.36161
0.37668
0.36014
0.35048
0.34770
0.34036
0.33681
0.34071
0.32977
0.32848
0.34399
0.35035
0.31645
0.29948
0.28605
0.31988
0.30777
0.25282
0.23989
0.26012
0.21547
0.17794
0.17579
0.15812
0.14221
0.08827
0.08872
0.06768
0.06252
0.08712
0.08748
0.12020
0.12617
0.09090
0.08163
0.07383
0.09436
0.09822
0.09427
0.07297
0.10041
0.13274
0.09016
0.08422
0.03559
0.05171
0.05574
0.04688
0.05959
0.01897
0.01154
0.02305
0.03965
0.02173
0.03654
0.04861
0.06083
0.03255
0.02504
0.04270
0.04468
0.05018
0.00108
0.00000
0.00240
0.01310
0.03032
0.04051
0.03465
0.04622
0.05014
0.04093
0.04209
0.04465
0.01174
0.02452
0.00000
0.01289
0.01868
0.03197
0.00005
0.00250
0.00326
0.00854
0.00606
0.01227
0.03800
0.04674
0.04852
0.03087
0.03146
0.02183
0.02352
0.01598
0.03160
0.01396
0.04109
0.03783
0.00000
0.00940
0.01379
0.00000
0.00000
0.03223
0.02539
0.00494
0.01006
0.00102
0.00053
0.05490
0.05917
0.05379
0.06320
0.08547
0.08054
0.10952
0.09711
0.11388
0.12122
0.11022
0.10248
0.10120
0.07234
0.10316
0.10371
0.13453
0.11823
0.10790
0.15045
0.18359
0.20658
0.21476
0.21699
0.20880
0.20335
0.21206
0.20480
0.19608
0.21752
0.22456
0.19139
0.21186
0.25746
0.25637
0.23850
0.22729
0.21328
0.19620
0.18896
0.18385
0.18393
0.25024
0.26265
0.29760
0.33031
0.33637
0.33194
0.32176
0.36286
0.38796
0.40343
0.38631
0.41250
0.39434
0.39159
0.36316
0.36192
0.34875
0.32668
0.29826
0.30172
0.30152
0.28888
0.27695
0.27776
0.27180
0.26699
0.28962
0.34341
0.34476
0.34594
0.34947
0.31691
0.25495
0.24896
0.23093
0.23374
0.27415
0.25342
0.26559
0.25855
0.26003
0.30147
0.30744
0.29868
0.26013
0.22734
0.22075
0.17249
0.16894
0.17452
0.21120
0.20908
0.23201
0.20797
0.20901
0.24880
0.26247
0.26220
0.27212
0.28223
0.26363
0.22090
0.22673
0.21143
0.19988
0.20369
0.23038
0.26533
0.22558
0.20431
0.18752
0.17618
0.17410
0.17731
0.14138
0.15251
0.15861
0.15915
0.18505
0.18742
0.20338
0.20911
0.20382
0.23592
0.23592
0.21902
0.20260
0.18124
0.18661
0.18821
0.17418
0.19692
0.18587
0.16996
0.17326
0.15933
0.13178
0.04851
0.01415
0.03729
0.10151
0.06090
0.07969
0.08306
0.08197
0.12627
0.12786
0.09177
0.12618
0.14148
0.15613
0.16126
0.16010
0.19176
0.20021
0.16470
0.16042
0.18147
0.16075
0.13081
0.09149
0.09366
0.08573
0.12888
0.12062
0.13794
0.10831
0.11012
0.12578
0.09814
0.06977
0.09211
0.11000
0.10592
0.13365
0.16643
0.16143
0.14700
0.13950
0.13052
0.12359
0.15321
0.11193
0.10963
0.07966
0.05503
0.04072
0.01675
0.01034
0.00171
0.03454
0.09331
0.10636
0.13068
0.14481
0.15763
0.16403
0.15311
0.17225
0.14495
0.15868
0.14683
0.15823
0.17757
0.17779
0.17555
0.16719
0.16657
0.17238
0.16138
0.12130
0.10715
0.09209
0.10559
0.11817
0.11967
0.14213
0.14983
0.15958
0.16220
0.18113
0.13387
0.16772
0.16062
0.16201
0.14088
0.16196
0.17760
0.16315
0.13854
0.11877
0.07341
0.07100
0.11006
0.09170
0.10246
0.10711
0.11432
0.06937
0.06964
0.06362
0.02419
0.02419
0.00459
0.02111
0.04688
0.03367
0.03166
0.04781
0.07162
0.06404
0.07714
0.10078
0.09821
0.09378
0.09024
0.08034
0.06637
0.07560
0.12153
0.11624
0.09151
0.08245
0.08854
0.09703
0.12080
0.12890
0.13887
0.12257
0.13139
0.12755
0.11735
0.13482
0.15291
0.17062
0.17975
0.16919
0.20278
0.20487
0.23798
0.24998
0.25598
0.26297
0.27842
0.32033
0.35741
0.36387
0.39025
0.38068
0.34458
0.36072
0.36177
0.29854
0.26229
0.22648
0.22641
0.20041
0.22808
0.24272
0.22677
0.24239
0.23761
0.27020
0.25669
0.23132
0.24484
0.22791
0.23395
0.17339
0.16587
0.19184
0.16839
0.17117
0.15360
0.19502
0.16615
0.12464
0.15497
0.13544
0.15615
0.09354
0.10158
0.09379
0.10611
0.08493
0.08091
0.07231
0.04990
0.05100
0.04513
0.05295
0.04669
0.04405
0.05801
0.03220
0.02818
0.04746
0.05312
0.05139
0.03185
0.08128
0.10028
0.11124
0.12531
0.12281
0.12706
0.14077
0.15038
0.14498
0.09579
0.10125
0.09325
0.11428
0.10033
0.09931
0.10888
0.09020
0.09873
0.06722
0.07043
0.08928
0.10123
0.10229
0.10287
0.07941
0.06264
0.06372
0.08173
0.06595
0.05449
0.06193
0.05241
0.04336
0.04060
0.02571
0.04159
0.03577
0.04452
0.05545
0.09579
0.06591
0.08420
0.05900
0.07062
0.08810
0.10109
0.08352
0.11575
0.12469
0.12972
0.12344
0.10030
0.09139
0.10200
0.10315
0.08823
0.08809
0.04636
0.05193
0.04023
0.04675
0.03285
0.02654
0.00000
0.01067
0.01134
0.00484
0.01666
0.02795
0.01899
0.04752
0.05083
0.02315
0.01147
0.02790
0.02051
0.00343
0.02873
0.05586
0.05036
0.04370
0.05629
0.07348
0.12401
0.12478
0.13316
0.13744
0.11986
0.10851
0.09108
0.09259
0.07616
0.09323
0.08526
0.08188
0.04292
0.06122
0.07331
0.04369
0.03666
0.02645
0.01110
0.00033
0.01950
0.02102
0.01716
0.00811
0.06787
0.06996
0.06526
0.05774
0.06336
0.04358
0.05390
0.07326
0.06731
0.06728
0.09678
0.11495
0.15713
0.18100
0.17803
0.16748
0.15647
0.17137
0.16665
0.17540
0.22213
0.26903
0.23455
0.19904
0.16114
0.13907
0.13086
0.14333
0.14585
0.17736
0.15281
0.15943
0.09506
0.09144
0.13510
0.13631
0.11531
0.12932
0.11265
0.10545
0.08805
0.08090
0.03901
0.04737
0.05436
0.04024
0.05342
0.04844
0.06372
0.06746
0.07816
0.07886
0.07124
0.05620
0.06651
0.03944
0.05312
0.03823
0.06684
0.05950
0.06911
0.06664
0.08141
0.09617
0.04629
0.05292
0.04172
0.04639
0.04935
0.06174
0.05127
0.04148
0.12178
0.08425
0.08319
0.07872
0.07955
0.14312
0.13993
0.09465
0.11436
0.16823
0.15540
0.18533
0.15900
0.17296
0.16942
0.16117
0.20025
0.22702
0.21071
0.22974
0.23057
0.21578
0.21380
0.25535
0.23918
0.23481
0.23471
0.23908
0.23894
0.23001
0.21966
0.24156
0.24253
0.23499
0.22040
0.22587
0.24910
0.22861
0.20766
0.22198
0.21186
0.22513
0.23952
0.25312
0.24712
0.24558
0.26192
0.21449
0.23180
0.22938
0.22433
0.24081
0.24353
0.28788
0.29009
0.31302
0.32081
0.31738
0.34883
0.32049
0.30981
0.29389
0.26325
0.28099
0.27293
0.25910
0.23954
0.26318
0.28673
0.31813
0.36101
0.33335
0.31252
0.33512
0.31361
0.32886
0.31230
0.28784
0.30040
0.29419
0.29916
0.27166
0.28375
0.25384
0.21776
0.19485
0.15420
0.13741
0.15080
0.14889
0.14222
0.11222
0.13820
0.10893
0.12781
0.12331
0.12515
0.12334
0.13828
0.16005
0.15434
0.14705
0.15647
0.12306
0.10725
0.10144
0.11698
0.12881
0.09987
0.05358
0.05194
0.01882
0.02447
0.00571
0.00361
0.00000
0.00000
0.00215
0.00912
0.00000
0.00345
0.00806
0.01604
0.02014
0.06135
0.07310
0.04402
0.04059
0.03154
0.04279
0.03301
0.03326
0.02869
0.03291
0.03625
0.04100
0.03978
0.08502
0.04170
0.05441
0.06943
0.04869
0.03399
0.06267
0.08991
0.08470
0.06442
0.08046
0.04965
0.01926
0.01454
0.03026
0.02106
0.07273
0.06715
0.02696
0.02442
0.01584
0.01608
0.03583
0.03734
0.07622
0.06556
0.09561
0.10582
0.13318
0.09652
0.12966
0.11466
0.10360
0.12624
0.10499
0.12658
0.07674
0.10990
0.10639
0.09613
0.09754
0.11765
0.14418
0.17484
0.16707
0.16059
0.16155
0.13967
0.17241
0.16656
0.19348
0.19435
0.20974
0.22305
0.25163
0.24506
0.23176
0.22922
0.18291
0.16624
0.16757
0.15937
0.14267
0.14169
0.14035
0.13537
0.13074
0.12650
0.12237
0.11661
0.10400
0.11891
0.09356
0.07315
0.08659
0.09390
0.09943
0.09438
0.09281
0.13124
0.14274
0.14561
0.16133
0.14601
0.10583
0.09426
0.10228
0.10148
0.10822
0.12677
0.12373
0.12305
0.11479
0.14229
0.17396
0.15498
0.12239
0.12888
0.15204
0.15195
0.14690
0.14449
0.09777
0.07388
0.07397
0.06167
0.03270
0.02320
0.01196
0.05500
0.04175
0.03137
0.03358
0.02649
0.03634
0.03284
0.01489
0.03699
0.04941
0.04503
0.02176
0.04214
0.03845
0.04729
0.01646
0.03055
0.04067
0.02407
0.03200
0.06591
0.03818
0.00296
0.00000
0.00000
0.00123
0.00053
0.00006
0.02625
0.01855
0.00380
0.01019
0.01472
0.05793
0.04294
0.04677
0.04037
0.05437
0.06559
0.07319
0.10843
0.10843
0.12736
0.15969
0.18430
0.17364
0.18580
0.21081
0.19693
0.28566
0.24704
0.20147
0.24235
0.27871
0.27518
0.29168
0.27899
0.25744
0.26997
0.27067
0.27636
0.28607
0.25600
0.27238
0.29397
0.28292
0.27380
0.26666
0.25050
0.21373
0.25017
0.25551
0.33218
0.33854
0.32708
0.33445
0.34906
0.34972
0.35268
0.29971
0.31823
0.30634
0.29439
0.28380
0.28716
0.28442
0.26339
0.25956
0.25819
0.27855
0.30321
0.29890
0.31756
0.24524
0.27163
0.22862
0.19750
0.18571
0.20187
0.19483
0.18573
0.19201
0.19997
0.17997
0.15547
0.24395
0.24573
0.24247
0.19338
0.21452
0.22844
0.20197
0.20453
0.21632
0.20805
0.19629
0.19339
0.20327
0.16505
0.14916
0.18331
0.19382
0.21293
0.21216
0.22537
0.22406
0.21176
0.19788
0.16238
0.18448
0.15852
0.13503
0.16604
0.18119
0.15420
0.15670
0.14198
0.13150
0.13026
0.11693
0.13039
0.15002
0.19618
0.18634
0.20989
0.19680
0.21549
0.23800
0.26668
0.36952
0.34843
0.38254
0.37356
0.37871
0.39829
0.38853
0.38599
0.40242
0.31545
0.31055
0.28345
0.29295
0.30463
0.27438
0.28617
0.23538
0.25417
0.16863
0.16590
0.16797
0.16609
0.15335
0.15637
0.14576
0.13344
0.13400
0.13250
0.06630
0.06295
0.08868
0.07906
0.05684
0.06711
0.06112
0.04905
0.04623
0.03714
0.05918
0.06530
0.07693
0.10033
0.11226
0.12616
0.12411
0.14361
0.17175
0.20879
0.19184
0.20742
0.21653
0.26089
0.25019
0.26786
0.25245
0.25571
0.23244
0.20320
0.19583
0.23168
0.21796
0.25452
0.30212
0.31037
0.31234
0.29916
0.29335
0.29856
0.25637
0.23973
0.26531
0.25379
0.23157
0.24965
0.28190
0.31794
0.30818
0.30425
0.33460
0.37714
0.39361
0.38720
0.40023
0.39141
0.38673
0.39500
0.38651
0.37355
0.37849
0.36894
0.32780
0.31190
0.30679
0.33162
0.31487
0.33695
0.33974
0.34763
0.33819
0.36226
0.37591
0.37477
0.37952
0.42728
0.36138
0.36985
0.36074
0.34833
0.34314
0.33047
0.30992
0.30859
0.33937
0.30447
0.29360
0.33986
0.32734
0.34009
0.30212
0.31202
0.28044
0.29341
0.27540
0.23472
0.20210
0.17246
0.14981
0.12710
0.12324
0.11460
0.10838
0.09919
0.10368
0.12192
0.12453
0.17821
0.11290
0.11416
0.09324
0.08713
0.07267
0.08374
0.11115
0.08138
0.06507
0.06658
0.07330
0.07018
0.06319
0.06515
0.09638
0.13361
0.13494
0.15144
0.15546
0.13245
0.11263
0.10580
0.13223
0.12319
0.09744
0.11750
0.09437
0.07593
0.05168
0.06465
0.05171
0.02970
0.01062
0.03002
0.02390
0.01330
0.00002
0.01064
0.02285
0.01040
0.00856
0.07013
0.04868
0.06828
0.04200
0.01740
0.00455
0.00000
0.00037
0.00000
0.00344
0.00128
0.00411
0.02436
0.00745
0.00000
0.03334
0.04402
0.06522
0.04765
0.04754
0.08617
0.07602
0.09530
0.14046
0.15573
0.16924
0.16498
0.14727
0.12845
0.18695
0.18617
0.17640
0.17922
0.16000
0.14345
0.12262
0.14432
0.14613
0.17407
0.17116
0.16259
0.14186
0.15241
0.10023
0.12578
0.14895
0.17517
0.19895
0.21739
0.20262
0.20608
0.18162
0.21311
0.18945
0.18936
0.18753
0.18599
0.17907
0.15720
0.18913
0.19335
0.19716
0.22366
0.20465
0.21080
0.18240
0.20478
0.21349
0.24045
0.23254
0.23929
0.22648
0.21721
0.17750
0.24247
0.23681
0.24538
0.25040
0.21222
0.20806
0.20446
0.19566
0.18254
0.13558
0.11594
0.11224
0.09020
0.10131
0.11194
0.10150
0.07325
0.06476
0.05674
0.05447
0.06711
0.06260
0.08098
0.11305
0.10527
0.13909
0.13799
0.13392
0.10038
0.14204
0.14239
0.13347
0.11049
0.12350
0.12852
0.12379
0.10500
0.11891
0.14608
0.14607
0.12302
0.10282
0.07725
0.09765
0.08861
0.09879
0.09097
0.08038
0.08112
0.09711
0.11326
0.11858
0.08207
0.11007
0.10408
0.10142
0.08337
0.05199
0.04546
0.05313
0.06055
0.03092
0.02581
0.02572
0.00962
0.00156
0.00237
0.03483
0.04317
0.05631
0.05704
0.05651
0.05455
0.06766
0.07151
0.04912
0.06411
0.05572
0.04668
0.08189
0.08476
0.09977
0.05378
0.06216
0.06977
0.10032
0.10672
0.06411
0.03026
0.01611
0.00765
0.02567
0.02724
0.03975
0.04947
0.04335
0.06226
0.06453
0.08314
0.06941
0.09865
0.07092
0.03555
0.01255
0.01549
0.03719
0.05482
0.06822
0.09909
0.11025
0.09720
0.10314
0.11538
0.12008
0.15210
0.13664
0.13901
0.14198
0.14664
0.13837
0.10288
0.15359
0.14954
0.16625
0.12019
0.14524
0.14036
0.15659
0.10095
0.05165
0.04117
0.04655
0.06534
0.04627
0.05240
0.05276
0.05948
0.06251
0.07052
0.06238
0.05664
0.06004
0.05597
0.04079
0.04564
0.01793
0.03525
0.07172
0.05931
0.04083
0.02476
0.04204
0.00349
0.00721
0.07053
0.03848
0.06273
0.03821
0.04232
0.04149
0.02578
0.02700
0.05248
0.05876
0.04369
0.00000
0.02446
0.03590
0.03880
0.02502
0.00644
0.02568
0.04702
0.04660
0.05245
0.04460
0.05344
0.02269
0.01358
0.01019
0.00000
0.01040
0.06485
0.05564
0.07321
0.06313
0.06845
0.03733
0.03926
0.04255
0.04876
0.10083
0.10762
0.11186
0.09684
0.08006
0.06384
0.04406
0.06952
0.08641
0.10137
0.13186
0.14227
0.13465
0.13558
0.21237
0.19392
0.19642
0.16868
0.18814
0.23778
0.23104
0.23493
0.22252
0.26007
0.26054
0.28150
0.28905
0.28911
0.29258
0.29402
0.32271
0.36395
0.34721
0.34891
0.32655
0.35616
0.32714
0.29296
0.25999
0.23413
0.25107
0.22047
0.22438
0.19333
0.22560
0.20855
0.21670
0.21790
0.20025
0.18192
0.15293
0.17107
0.17516
0.17445
0.21915
0.21635
0.20968
0.19324
0.16900
0.14115
0.17864
0.15767
0.15411
0.15160
0.18258
0.18371
0.19231
0.24105
0.24969
0.31241
0.31120
0.26642
0.31311
0.29452
0.31345
0.33760
0.33510
0.33770
0.32254
0.34618
0.34216
0.30139
0.29997
0.32260
0.35232
0.36304
0.37113
0.35161
0.33916
0.36582
0.37638
0.39196
0.38279
0.37450
0.38740
0.38633
0.38022
0.40726
0.39612
0.41833
0.42343
0.39519
0.38961
0.39679
0.39215
0.37798
0.36712
0.32301
0.31182
0.30715
0.33662
0.34885
0.32549
0.31549
0.33539
0.35347
0.36091
0.35020
0.36066
0.37168
0.36179
0.33506
0.33232
0.28675
0.28913
0.25001
0.26869
0.25960
0.25356
0.24341
0.24317
0.25247
0.22662
0.18317
0.14709
0.16514
0.13980
0.13374
0.13374
0.14056
0.14974
0.18135
0.21505
0.23026
0.25738
0.25042
0.23704
0.21192
0.25036
0.25025
0.19660
0.18349
0.20018
0.23461
0.23626
0.20020
0.17107
0.15685
0.16689
0.17074
0.15660
0.15057
0.15324
0.16993
0.15307
0.14689
0.16202
0.16494
0.14673
0.14528
0.13449
0.12934
0.14661
0.15791
0.14936
0.15583
0.13722
0.14658
0.14791
0.15549
0.13395
0.13540
0.12785
0.11659
0.10892
0.10511
0.12654
0.14911
0.15846
0.16254
0.16470
0.18215
0.23214
0.23633
0.22922
0.21211
0.17865
0.12558
0.10229
0.07596
0.08275
0.03759
0.04800
0.04119
0.04697
0.05413
0.06746
0.10325
0.07824
0.07355
0.07099
0.07049
0.09091
0.10496
0.14148
0.16842
0.13200
0.09645
0.09419
0.08801
0.10980
0.10704
0.10311
0.09533
0.11949
0.13400
0.13376
0.16417
0.10518
0.10424
0.10996
0.11413
0.12739
0.10815
0.10880
0.04313
0.00000
0.00069
0.02351
0.04074
0.05042
0.05911
0.04431
0.01810
0.02902
0.01333
0.02181
0.01994
0.03391
0.02803
0.04077
0.06013
0.07052
0.06322
0.05947
0.07170
0.08580
0.08037
0.05092
0.06187
0.07447
0.08593
0.05950
0.03521
0.02586
0.00426
0.00928
0.00755
0.00908
0.00978
0.07817
0.09556
0.12257
0.11965
0.10976
0.12095
0.16557
0.17071
0.17066
0.15435
0.14627
0.11177
0.08728
0.04901
0.04068
0.03202
0.02349
0.00000
0.00003
0.00587
0.00000
0.00073
0.00000
0.02788
0.00000
0.00000
0.00896
0.06152
0.05790
0.00000
0.00704
0.00717
0.00044
0.02191
0.01358
0.00000
0.01007
0.00051
0.00000
0.01607
0.00032
0.01464
0.01012
0.04207
0.00397
0.02238
0.02582
0.00695
0.01194
0.00468
0.00015
0.04078
0.04525
0.05171
0.07689
0.09301
0.01805
0.00631
0.03321
0.03943
0.03071
0.02242
0.03977
0.03685
0.08771
0.08649
0.07688
0.08972
0.10336
0.08970
0.07224
0.03818
0.00000
0.01925
0.00281
0.00000
0.03208
0.05255
0.00725
0.00654
0.00010
0.00000
0.00000
0.01106
0.00052
0.00461
0.00000
0.00893
0.02062
0.06442
0.08441
0.05342
0.00050
0.00000
0.00000
0.01377
0.01978
0.02627
0.02368
0.02217
0.02761
0.05001
0.11015
0.11336
0.11889
0.06987
0.05618
0.04746
0.05910
0.03079
0.02777
0.05112
0.06584
0.07760
0.07732
0.06586
0.02626
0.02862
0.00000
0.01368
0.02891
0.04266
0.04954
0.06907
0.06353
0.07793
0.08851
0.05066
0.03413
0.04084
0.04065
0.04949
0.04623
0.05039
0.02794
0.03159
0.04275
0.05824
0.01637
0.00477
0.02823
0.03969
0.00133
0.00720
0.00730
0.00321
0.02692
0.00094
0.01650
0.00889
0.00089
0.02354
0.00957
0.00000
0.01561
0.00000
0.01318
0.01773
0.01612
0.03564
0.04682
0.04775
0.02392
0.03430
0.01959
0.01432
0.01432
0.00000
0.02234
0.05638
0.06595
0.00734
0.03320
0.04650
0.01819
0.00065
0.00000
0.01418
0.02017
0.02147
0.00773
0.03021
0.01559
0.00178
0.00922
0.01709
0.02580
0.00211
0.02338
0.00000
0.01175
0.05223
0.03835
0.03723
0.01437
0.00536
0.03360
0.00000
0.02420
0.08094
0.03820
0.03091
0.01987
0.03676
0.03382
0.01893
0.01578
0.01087
0.00712
0.02806
0.00000
0.02228
0.03534
0.00000
0.01454
0.03059
0.01186
0.00372
0.00000
0.00197
0.00760
0.00000
0.02779
0.01948
0.00248
0.02386
0.04214
0.03994
0.04165
0.05781
0.05020
0.07632
0.05299
0.09873
0.11395
0.11881
0.12924
0.08089
0.07249
0.09593
0.10828
0.11686
0.13952
0.12422
0.13452
0.12750
0.13229
0.11635
0.15271
0.14778
0.15432
0.16564
0.15084
0.14943
0.15944
0.14202
0.13570
0.15684
0.15987
0.18196
0.16910
0.15741
0.15643
0.15948
0.16665
0.19474
0.18331
0.20426
0.19328
0.18864
0.20009
0.20091
0.19375
0.16789
0.15663
0.13589
0.13500
0.13170
0.11066
0.12734
0.16973
0.13385
0.13976
0.15805
0.14604
0.14415
0.13777
0.14900
0.18771
0.13361
0.12750
0.11798
0.15525
0.13212
0.13671
0.14359
0.11868
0.10738
0.08816
0.06582
0.08182
0.07548
0.04419
0.04919
0.05499
0.04563
0.09126
0.10779
0.09032
0.08328
0.07038
0.08537
0.07820
0.06097
0.05518
0.07876
0.09062
0.09114
0.10601
0.08115
0.09867
0.16791
0.12232
0.10860
0.08639
0.07554
0.08127
0.10601
0.10601
0.12490
0.14207
0.10316
0.06421
0.08997
0.09103
0.09966
0.07878
0.08173
0.10354
0.09715
0.10416
0.13890
0.13091
0.11982
0.14315
0.18003
0.15113
0.15762
0.15285
0.17029
0.16891
0.17160
0.18766
0.13819
0.16770
0.19466
0.19260
0.23004
0.22893
0.25277
0.21604
0.21211
0.22745
0.22297
0.21851
0.24165
0.23991
0.23870
0.23430
0.22083
0.22750
0.27960
0.26563
0.25645
0.25392
0.26678
0.27443
0.24774
0.22117
0.28747
0.28979
0.28267
0.26545
0.26391
0.27559
0.27509
0.27561
0.28520
0.27815
0.25916
0.29089
0.25507
0.28346
0.26673
0.28268
0.26249
0.24209
0.27584
0.29493
0.28063
0.28184
0.30616
0.32629
0.34087
0.34559
0.33270
0.29541
0.32794
0.32920
0.27299
0.25994
0.27283
0.27217
0.23370
0.21331
0.16923
0.15604
0.17243
0.15558
0.15223
0.15424
0.13910
0.13900
0.09471
0.05643
0.00239
0.00842
0.03210
0.02835
0.05134
0.05235
0.09224
0.10793
0.08810
0.09027
0.07823
0.06854
0.06009
0.05515
0.07701
0.07304
0.07378
0.06750
0.08410
0.11476
0.16167
0.17583
0.17591
0.19245
0.21063
0.17155
0.15361
0.14107
0.11968
0.12780
0.14617
0.13732
0.15974
0.16632
0.12545
0.14727
0.16694
0.14264
0.11811
0.09071
0.05395
0.03310
0.02433
0.02498
0.01864
0.00245
0.02039
0.03196
0.04889
0.06472
0.05362
0.02899
0.00387
0.00000
0.01331
0.03855
0.04735
0.07052
0.08533
0.13973
0.16009
0.15652
0.15112
0.15665
0.17679
0.16896
0.22366
0.21581
0.20726
0.20199
0.20984
0.22003
0.22322
0.20048
0.20180
0.22029
0.24206
0.28322
0.26729
0.29628
0.29081
0.29895
0.29915
0.30625
0.26602
0.25886
0.23275
0.24953
0.24149
0.24288
0.22819
0.19795
0.18221
0.19119
0.21083
0.19800
0.19790
0.23301
0.24980
0.24453
0.20518
0.21330
0.18354
0.16434
0.24831
0.21407
0.21648
0.26553
0.30221
0.27844
0.27388
0.24802
0.21460
0.20915
0.21103
0.20648
0.17298
0.19343
0.21906
0.22544
0.23752
0.23534
0.17926
0.17355
0.18827
0.20908
0.20062
0.20283
0.19746
0.19355
0.19787
0.18820
0.17586
0.16772
0.16264
0.17761
0.19331
0.22486
0.20285
0.15110
0.16131
0.17875
0.18471
0.17182
0.18104
0.20693
0.17102
0.17504
0.21073
0.17332
0.15988
0.14094
0.11952
0.11415
0.09927
0.09273
0.08657
0.08384
0.08130
0.09924
0.10418
0.08798
0.09825
0.08053
0.09869
0.06628
0.08207
0.07184
0.05382
0.09214
0.12225
0.15665
0.16422
0.13227
0.14247
0.20099
0.23497
0.22565
0.21708
0.21377
0.25514
0.24728
0.25495
0.27721
0.31268
0.28232
0.28771
0.27840
0.26472
0.26935
0.25523
0.22989
0.21892
0.18054
0.17205
0.17403
0.19166
0.22931
0.23424
0.22522
0.22119
0.23217
0.22414
0.23453
0.23570
0.24637
0.26256
0.24968
0.26990
0.30107
0.28469
0.24289
0.21642
0.18729
0.17542
0.17092
0.17025
0.19066
0.15134
0.18518
0.20685
0.17721
0.17604
0.20246
0.23184
0.21795
0.18716
0.23189
0.20806
0.15735
0.16117
0.14288
0.13531
0.12975
0.07032
0.10079
0.08829
0.08660
0.09003
0.08765
0.07608
0.07142
0.11253
0.13141
0.17427
0.19269
0.16530
0.18789
0.21185
0.20920
0.21522
0.23453
0.20485
0.20727
0.18963
0.21509
0.22191
0.24484
0.26444
0.27140
0.25803
0.29015
0.25721
0.25738
0.25989
0.24264
0.22272
0.20742
0.21093
0.20599
0.23726
0.21581
0.22622
0.23277
0.22777
0.25628
0.24551
0.25799
0.28200
0.26909
0.28629
0.27546
0.28544
0.30940
0.30885
0.32638
0.30766
0.30073
0.32213
0.33254
0.34347
0.27871
0.27959
0.27604
0.27871
0.28546
0.27831
0.28700
0.29841
0.31059
0.31948
0.31500
0.30221
0.26730
0.30970
0.26928
0.23233
0.23796
0.23267
0.25430
0.22891
0.21277
0.24832
0.25354
0.24461
0.27114
0.28025
0.26185
0.23701
0.24275
0.24417
0.24419
0.22618
0.21737
0.23078
0.26591
0.25685
0.25522
0.26180
0.26075
0.23382
0.22612
0.22921
0.24261
0.21899
0.20265
0.16565
0.17228
0.18869
0.21183
0.21563
0.21162
0.23225
0.20298
0.21250
0.22208
0.21821
0.20736
0.20237
0.23285
0.24404
0.26822
0.24868
0.22692
0.20139
0.20139
0.13505
0.14203
0.11210
0.08363
0.11760
0.11364
0.11351
0.10984
0.09432
0.11504
0.11404
0.11572
0.15583
0.16538
0.18112
0.20516
0.19839
0.19928
0.20489
0.21152
0.19716
0.18846
0.18981
0.20560
0.23186
0.24161
0.22579
0.16618
0.18463
0.22855
0.25581
0.27833
0.28043
0.24274
0.23662
0.21932
0.20281
0.19812
0.22614
0.25666
0.27079
0.27082
0.24711
0.25524
0.21650
0.19235
0.19217
0.16424
0.15010
0.09646
0.11319
0.12558
0.13062
0.14657
0.12331
0.13031
0.12639
0.13840
0.15701
0.16024
0.17298
0.17880
0.18792
0.18045
0.11741
0.14730
0.16235
0.15367
0.13362
0.14453
0.15090
0.17689
0.12424
0.12678
0.15770
0.18715
0.21861
0.21132
0.20886
0.20036
0.22754
0.20909
0.18879
0.18892
0.16822
0.16815
0.15490
0.14672
0.13438
0.12703
0.11705
0.17471
0.16151
0.16957
0.13072
0.14344
0.13424
0.10746
0.08658
0.07357
0.07338
0.09745
0.11102
0.09920
0.09406
0.13392
0.16861
0.15673
0.17995
0.20157
0.19567
0.14845
0.17414
0.17113
0.19095
0.22119
0.21663
0.18736
0.17643
0.16620
0.15327
0.15688
0.16475
0.19635
0.19430
0.15536
0.19140
0.24075
0.27562
0.27974
0.32715
0.31360
0.32837
0.38304
0.37886
0.37331
0.35020
0.34859
0.35519
0.35658
0.36681
0.36954
0.35886
0.38145
0.39093
0.35394
0.34506
0.30734
0.35703
0.37095
0.42338
0.41251
0.47347
0.47020
0.48841
0.50216
0.51460
0.50199
0.49769
0.52954
0.52874
0.51630
0.52034
0.52945
0.54256
0.53844
0.55114
0.54482
0.53911
0.55276
0.53448
0.51205
0.52141
0.53199
0.53745
0.53548
0.53100
0.49433
0.48995
0.46494
0.45891
0.47467
0.48724
0.49464
0.50306
0.47133
0.46454
0.42953
0.42248
0.37833
0.39926
0.41283
0.39460
0.37772
0.38751
0.39698
0.37657
0.39128
0.44277
0.44795
0.43286
0.44675
0.48866
0.49742
0.51742
0.51768
0.54424
0.56636
0.58587
0.57498
0.56802
0.57605
0.59954
0.60390
0.58412
0.58390
0.59278
0.61670
0.61200
0.62074
0.61017
0.62257
0.60464
0.54979
0.53429
0.53365
0.53773
0.52586
0.51056
0.45561
0.44329
0.44500
0.43345
0.41080
0.36775
0.36541
0.35212
0.33985
0.35613
0.33189
0.33350
0.34410
0.34089
0.30452
0.28941
0.27342
0.27919
0.27383
0.27638
0.29303
0.29137
0.25603
0.24358
0.24259
0.22809
0.22422
0.22053
0.20782
0.22283
0.23969
0.23993
0.22644
0.23594
0.24964
0.21809
0.21375
0.21044
0.19362
0.22132
0.23093
0.22812
0.23920
0.24873
0.27102
0.26696
0.24878
0.23864
0.23026
0.20538
0.19327
0.17181
0.17220
0.16396
0.13078
0.11927
0.12515
0.11855
0.12474
0.11519
0.11450
0.12968
0.13687
0.16987
0.12104
0.10197
0.12677
0.15829
0.17485
0.15362
0.11848
0.06869
0.07772
0.09643
0.07372
0.05999
0.02073
0.03765
0.05613
0.07146
0.04323
0.08366
0.04904
0.06821
0.06929
0.09053
0.14937
0.14371
0.16312
0.17835
0.16518
0.16135
0.15048
0.15109
0.14800
0.17228
0.15274
0.15925
0.19183
0.19332
0.19280
0.17542
0.17701
0.21269
0.20721
0.26016
0.27798
0.27384
0.28242
0.26548
0.32938
0.35113
0.32469
0.33922
0.34437
0.34230
0.32053
0.34753
0.35839
0.35755
0.35643
0.36105
0.37208
0.38356
0.36613
0.34943
0.35887
0.34643
0.32360
0.34124
0.38303
0.39416
0.38228
0.38068
0.33859
0.33315
0.31031
0.30376
0.29578
0.29794
0.31278
0.30301
0.31563
0.29726
0.28304
0.27606
0.29549
0.33312
0.32720
0.32553
0.32061
0.31288
0.28210
0.29199
0.29780
0.28197
0.31742
0.33229
0.31335
0.31601
0.31601
0.33420
0.38032
0.36875
0.36749
0.38178
0.37795
0.35744
0.34401
0.35173
0.35461
0.32134
0.34985
0.35700
0.37736
0.35681
0.36089
0.36883
0.38815
0.41604
0.41184
0.40094
0.37022
0.29996
0.30505
0.30452
0.28405
0.29577
0.26826
0.27203
0.31511
0.33760
0.36570
0.36528
0.36426
0.36729
0.36626
0.35978
0.34193
0.31099
0.34094
0.34519
0.32218
0.30656
0.29363
0.31614
0.33150
0.33580
0.32642
0.34059
0.26661
0.28141
0.28115
0.28635
0.28465
0.28222
0.29310
0.29804
0.33307
0.31609
0.28134
0.26978
0.28130
0.26296
0.30534
0.32349
0.33765
0.34856
0.32851
0.32971
0.35105
0.29252
0.31517
0.31861
0.33506
0.35778
0.33480
0.34293
0.36138
0.40777
0.41107
0.42268
0.39639
0.41124
0.42174
0.43452
0.45346
0.43972
0.45017
0.43230
0.41217
0.43971
0.42636
0.40597
0.45931
0.46733
0.43090
0.43292
0.43353
0.44328
0.43950
0.44749
0.45427
0.44617
0.41772
0.40324
0.42534
0.42787
0.46369
0.44194
0.44725
0.44170
0.45785
0.45105
0.46230
0.46935
0.41990
0.42622
0.38895
0.38927
0.35677
0.33489
0.35696
0.37421
0.32361
0.35242
0.33225
0.30999
0.33223
0.33190
0.30709
0.30180
0.27422
0.26516
0.23715
0.22893
0.30875
0.32080
0.31535
0.29360
0.27475
0.26452
0.27811
0.28237
0.27075
0.32907
0.35802
0.35247
0.34556
0.35170
0.35916
0.38902
0.39665
0.35240
0.35547
0.35904
0.40480
0.41097
0.37147
0.37146
0.37330
0.36521
0.37862
0.37672
0.41737
0.44737
0.44685
0.45227
0.46876
0.42772
0.42916
0.43311
0.38735
0.38715
0.40703
0.39446
0.38569
0.42938
0.38254
0.34807
0.33989
0.32613
0.36222
0.37692
0.39488
0.38746
0.40361
0.40705
0.40554
0.42162
0.40426
0.38942
0.33975
0.33867
0.31114
0.31354
0.31636
0.31000
0.29564
0.32441
0.34897
0.35851
0.33984
0.37818
0.38083
0.37644
0.37356
0.40176
0.41263
0.45149
0.46913
0.50075
0.49412
0.47221
0.50666
0.52646
0.51415
0.49937
0.48398
0.48211
0.47921
0.48157
0.49792
0.50754
0.53583
0.53976
0.49948
0.51828
0.53386
0.55700
0.52041
0.52718
0.54420
0.53883
0.54765
0.53539
0.52762
0.53712
0.53696
0.53365
0.50964
0.49440
0.47192
0.43930
0.44427
0.42132
0.42354
0.42108
0.41910
0.46384
0.46326
0.44453
0.46442
0.44957
0.45455
0.43215
0.43319
0.43332
0.43005
0.43667
0.43723
0.43131
0.39980
0.43196
0.42904
0.42956
0.43069
0.43687
0.46346
0.45903
0.43939
0.44255
0.45389
0.49266
0.49842
0.48353
0.48938
0.47447
0.45603
0.44923
0.42782
0.41713
0.41128
0.41224
0.39567
0.38620
0.38588
0.35127
0.34811
0.32559
0.30899
0.35661
0.33467
0.34768
0.33433
0.35933
0.32133
0.37154
0.34642
0.37267
0.35695
0.37469
0.38523
0.41087
0.44270
0.47672
0.45930
0.44647
0.43144
0.42408
0.39471
0.38874
0.39049
0.37586
0.37052
0.35790
0.35635
0.34819
0.34143
0.34516
0.34617
0.30801
0.29667
0.31342
0.31980
0.32255
0.31099
0.31807
0.29062
0.25110
0.24572
0.22329
0.23113
0.24004
0.24168
0.28147
0.31980
0.29630
0.32130
0.30988
0.30271
0.24575
0.24597
0.26519
0.25951
0.24745
0.24784
0.22817
0.25162
0.21592
0.20722
0.20854
0.22409
0.22458
0.22636
0.19056
0.17129
0.16878
0.19479
0.21051
0.20739
0.18269
0.18352
0.15536
0.11540
0.15809
0.17054
0.15431
0.10513
0.08934
0.12757
0.09560
0.06936
0.07087
0.10273
0.12296
0.11360
0.13344
0.13131
0.10832
0.13215
0.08492
0.09472
0.04831
0.03948
0.00385
0.04467
0.03869
0.04271
0.04637
0.04268
0.04049
0.04773
0.05726
0.06300
0.09677
0.08667
0.08937
0.07968
0.07609
0.05445
0.04101
0.01862
0.02558
0.02375
0.05347
0.04032
0.03210
0.07774
0.08276
0.08059
0.08857
0.10651
0.13408
0.12835
0.14184
0.16025
0.19561
0.21078
0.19339
0.19725
0.20184
0.21921
0.20166
0.22467
0.25010
0.24705
0.25247
0.26036
0.22066
0.19824
0.20971
0.16798
0.18778
0.18130
0.19305
0.21189
0.24213
0.21151
0.19769
0.17232
0.19122
0.18362
0.16128
0.19354
0.22102
0.19880
0.19723
0.19221
0.21819
0.25552
0.23722
0.22676
0.19386
0.22576
0.23659
0.24406
0.27432
0.28579
0.31070
0.29587
0.29561
0.31843
0.34321
0.33569
0.32259
0.32991
0.30150
0.31811
0.32603
0.31722
0.35528
0.34255
0.34057
0.34673
0.32966
0.32504
0.30804
0.29389
0.27326
0.30706
0.28307
0.27163
0.24431
0.27055
0.30349
0.28670
0.29741
0.36246
0.39391
0.35947
0.35761
0.41172
0.41780
0.42374
0.40943
0.44415
0.47629
0.47148
0.47935
0.47277
0.44513
0.47536
0.47498
0.44971
0.45894
0.43279
0.42308
0.43490
0.42632
0.41309
0.36546
0.39529
0.34891
0.36711
0.33363
0.32396
0.31355
0.33435
0.31709
0.31197
0.26980
0.29843
0.28401
0.31346
0.28892
0.31484
0.32967
0.32385
0.29365
0.28335
0.25962
0.22941
0.22956
0.24399
0.22431
0.21403
0.19985
0.19998
0.16772
0.17631
0.17141
0.18361
0.17041
0.19691
0.21001
0.21737
0.21439
0.24254
0.19153
0.17922
0.20891
0.20589
0.18699
0.19805
0.19197
0.21341
0.21337
0.20967
0.21577
0.19830
0.18445
0.20560
0.17775
0.15962
0.17985
0.16950
0.17652
0.17420
0.16726
0.17792
0.13459
0.11929
0.13317
0.13753
0.12738
0.14177
0.13015
0.12945
0.10789
0.06948
0.02335
0.02573
0.06219
0.01354
0.03030
0.06484
0.02922
0.02025
0.01233
0.05445
0.08437
0.11651
0.08662
0.08359
0.05804
0.07789
0.07385
0.07248
0.04347
0.03145
0.03780
0.06797
0.06458
0.06572
0.06590
0.05464
0.04726
0.03842
0.05318
0.05581
0.00450
0.03263
0.04179
0.04418
0.01877
0.00111
0.02904
0.02872
0.03329
0.03475
0.03196
0.04257
0.02757
0.04616
0.00000
0.02619
0.05284
0.07371
0.07149
0.03202
0.01495
0.02659
0.03968
0.01366
0.01801
0.00000
0.00626
0.02904
0.00221
0.02359
0.01655
0.02262
0.00020
0.00000
0.00000
0.02674
0.00000
0.01712
0.00695
0.00000
0.01370
0.00788
0.00982
0.02365
0.00750
0.03110
0.03056
0.03851
0.01253
0.02218
0.02726
0.00592
0.00000
0.00000
0.00004
0.00315
0.01030
0.04497
0.04448
0.03257
0.02561
0.06966
0.05616
0.05227
0.05613
0.05521
0.04402
0.05531
0.04892
0.02230
0.03195
0.02067
0.00078
0.00000
0.00151
0.00000
0.03891
0.00000
0.00377
0.01717
0.02112
0.08103
0.09528
0.10243
0.10875
0.11320
0.11472
0.13749
0.12480
0.12836
0.10476
0.11433
0.17224
0.19910
0.20681
0.23437
0.20392
0.21218
0.20339
0.17067
0.16044
0.19868
0.19911
0.22856
0.19184
0.17893
0.17023
0.17546
0.15421
0.16305
0.19260
0.20812
0.20657
0.22462
0.19424
0.19648
0.16961
0.18564
0.14974
0.15198
0.19742
0.17001
0.18722
0.15521
0.07654
0.06617
0.07724
0.08403
0.09348
0.09537
0.09253
0.06125
0.05203
0.02399
0.00020
0.00779
0.01681
0.00000
0.00654
0.00000
0.01280
0.00000
0.00000
0.00000
0.00594
0.00000
0.00001
0.00000
0.00462
0.00013
0.00000
0.00282
0.04336
0.05674
0.08500
0.05612
0.06501
0.07513
0.07404
0.07100
0.05124
0.06765
0.06031
0.04971
0.05019
0.05387
0.06076
0.09387
0.06800
0.08750
0.06776
0.09858
0.10265
0.09270
0.03989
0.05251
0.02637
0.03632
0.01828
0.00000
0.00810
0.00152
0.01031
0.00316
0.00000
0.00281
0.01621
0.04970
0.08474
0.08737
0.09880
0.11437
0.09672
0.08790
0.08619
0.13007
0.09264
0.06870
0.07872
0.09678
0.11984
0.06555
0.04655
0.01543
0.04559
0.07883
0.07903
0.04915
0.04151
0.06113
0.01437
0.06334
0.06152
0.06798
0.06380
0.06495
0.05739
0.07229
0.09056
0.08394
0.05176
0.04957
0.03663
0.02224
0.00000
0.00618
0.04607
0.03560
0.01002
0.01533
0.01506
0.04330
0.08360
0.07212
0.09988
0.08681
0.09036
0.07378
0.03028
0.03030
0.01411
0.00398
0.01622
0.03543
0.00000
0.01299
0.02125
0.03628
0.02593
0.02111
0.02824
0.02706
0.03000
0.00297
0.00345
0.03992
0.00796
0.01929
0.02959
0.02391
0.03347
0.09055
0.09271
0.07269
0.09548
0.05482
0.05443
0.08037
0.06674
0.04808
0.05456
0.06835
0.08291
0.05831
0.07550
0.08228
0.05024
0.08538
0.08224
0.07986
0.07411
0.07232
0.08132
0.12846
0.13905
0.10572
0.08095
0.06833
0.06464
0.05672
0.10126
0.07103
0.09979
0.10743
0.13415
0.12667
0.12094
0.14738
0.13762
0.14423
0.15595
0.14016
0.13766
0.12717
0.11948
0.12259
0.14528
0.16351
0.17516
0.18029
0.19894
0.19572
0.19731
0.22075
0.21839
0.15504
0.13185
0.12109
0.15136
0.14359
0.09780
0.10451
0.12192
0.14131
0.14749
0.13138
0.13453
0.12997
0.14840
0.14566
0.13132
0.16386
0.15289
0.14553
0.15687
0.13422
0.12004
0.12561
0.10598
0.09516
0.12613
0.10328
0.15000
0.17056
0.16905
0.17658
0.19338
0.19495
0.19997
0.17679
0.22201
0.20327
0.17336
0.19296
0.23296
0.22275
0.23877
0.23613
0.24852
0.24497
0.24062
0.27158
0.32296
0.31078
0.31928
0.32069
0.29792
0.28042
0.28234
0.29972
0.32536
0.31033
0.33989
0.33124
0.31602
0.28643
0.29582
0.30901
0.30589
0.22773
0.24194
0.30276
0.33423
0.27018
0.29877
0.29242
0.31463
0.26088
0.23795
0.33471
0.39526
0.36024
0.36167
0.34160
0.28540
0.24352
0.22516
0.21057
0.23084
0.22892
0.21265
0.21217
0.16347
0.17829
0.17037
0.16296
0.17362
0.18743
0.18188
0.13485
0.12700
0.17329
0.16172
0.13652
0.12667
0.13819
0.14761
0.12422
0.09257
0.10467
0.11331
0.09171
0.09896
0.04301
0.06321
0.09986
0.07394
0.08651
0.11064
0.14060
0.14393
0.14516
0.12501
0.13878
0.11116
0.09382
0.05639
0.01568
0.01856
0.02371
0.00000
0.00000
0.03084
0.03167
0.01689
0.00000
0.03635
0.06281
0.03910
0.05636
0.04912
0.06325
0.08382
0.06136
0.05511
0.05642
0.05416
0.05889
0.05442
0.05724
0.07446
0.06685
0.06234
0.07028
0.05651
0.05230
0.01037
0.00000
0.02605
0.00869
0.00639
0.01239
0.07113
0.10958
0.16178
0.18805
0.18812
0.15194
0.11841
0.22214
0.22545
0.23664
0.23833
0.25994
0.25592
0.26385
0.31294
0.28837
0.28728
0.28586
0.25197
0.25713
0.26843
0.25960
0.21314
0.24810
0.26470
0.23805
0.23402
0.19425
0.18454
0.19531
0.17021
0.16771
0.14803
0.14597
0.13928
0.14994
0.19142
0.18297
0.17743
0.21036
0.19177
0.19069
0.16216
0.16057
0.13670
0.11235
0.13867
0.13016
0.13699
0.13946
0.15196
0.13745
0.07172
0.09037
0.09781
0.09283
0.09783
0.07285
0.09878
0.11125
0.08503
0.12832
0.15150
0.13002
0.15376
0.15009
0.15763
0.13840
0.15166
0.12968
0.14241
0.16222
0.14532
0.15690
0.16778
0.16413
0.15008
0.17380
0.13471
0.11860
0.16198
0.15448
0.17911
0.17607
0.18169
0.17140
0.14834
0.12665
0.12904
0.12582
0.14704
0.13922
0.14790
0.15060
0.15324
0.16280
0.16470
0.20848
0.20326
0.20134
0.19010
0.20530
0.21708
0.22540
0.26700
0.23821
0.25634
0.24764
0.23016
0.22378
0.22453
0.25540
0.24731
0.23092
0.26879
0.28399
0.29760
0.28203
0.27168
0.20956
0.22393
0.24096
0.28799
0.31094
0.33672
0.35668
0.34331
0.38935
0.38118
0.36843
0.35642
0.36772
0.36800
0.35275
0.33243
0.32812
0.31631
0.30855
0.30444
0.29746
0.31409
0.32415
0.34110
0.34311
0.32907
0.33289
0.32379
0.31152
0.29545
0.22572
0.20548
0.20154
0.22945
0.20925
0.20566
0.21444
0.22505
0.20820
0.20416
0.21690
0.18653
0.23340
0.23336
0.24279
0.19827
0.22679
0.20213
0.18828
0.17117
0.17824
0.19437
0.19537
0.17457
0.17039
0.13878
0.14850
0.15177
0.13185
0.13501
0.12390
0.08618
0.07291
0.05929
0.06734
0.02423
0.02899
0.01692
0.04436
0.03539
0.07382
0.04523
0.05630
0.06186
0.06727
0.06565
0.05836
0.01734
0.03330
0.03632
0.06080
0.02925
0.02485
0.02148
0.03384
0.03462
0.02675
0.02377
0.00146
0.01125
0.01698
0.00000
0.01347
0.06426
0.03543
0.04271
0.03938
0.01842
0.01632
0.00863
0.00000
0.02103
0.05107
0.01757
0.02069
0.03354
0.04589
0.06581
0.07900
0.09018
0.08271
0.09207
0.07201
0.04802
0.05593
0.04218
0.02402
0.00117
0.03195
0.03236
0.05927
0.07547
0.06785
0.04029
0.01777
0.00000
0.01310
0.01951
0.04460
0.04639
0.11869
0.07837
0.06023
0.05718
0.06790
0.03888
0.08804
0.12329
0.13514
0.16561
0.17524
0.16387
0.14692
0.14437
0.16894
0.13429
0.19073
0.19439
0.17656
0.18742
0.19234
0.16265
0.17827
0.16865
0.15121
0.12880
0.14197
0.17409
0.17917
0.16849
0.13835
0.11661
0.12411
0.12756
0.11353
0.07350
0.09294
0.09896
0.14103
0.15258
0.14956
0.16403
0.16660
0.16050
0.15969
0.15381
0.12510
0.12356
0.13670
0.15242
0.15162
0.15551
0.17234
0.15319
0.14201
0.11998
0.13125
0.12817
0.11992
0.08855
0.08323
0.06573
0.08327
0.08251
0.08164
0.12369
0.07305
0.03798
0.08122
0.13111
0.09918
0.08215
0.10773
0.12973
0.11287
0.12810
0.13302
0.13808
0.13582
0.16127
0.16133
0.17083
0.11075
0.08450
0.11038
0.10633
0.11369
0.12531
0.10283
0.09118
0.10067
0.11678
0.14994
0.14831
0.12439
0.09833
0.13882
0.13600
0.14001
0.16024
0.13048
0.13559
0.11855
0.10748
0.13643
0.10599
0.08578
0.07054
0.04227
0.04265
0.06144
0.04522
0.05213
0.09422
0.07510
0.07561
0.07260
0.10514
0.09604
0.11796
0.14841
0.16684
0.17370
0.20227
0.19699
0.19950
0.23494
0.25756
0.21541
0.20213
0.18718
0.18806
0.21139
0.18510
0.18842
0.19185
0.19894
0.18531
0.20882
0.15608
0.16036
0.17044
0.16687
0.17050
0.17887
0.18578
0.15765
0.15013
0.13715
0.16336
0.18465
0.17231
0.16139
0.14340
0.13136
0.13836
0.14223
0.13215
0.13348
0.12652
0.12938
0.10567
0.10503
0.11016
0.12296
0.11602
0.11530
0.11737
0.11321
0.15306
0.16160
0.13429
0.10972
0.10928
0.06992
0.06359
0.06662
0.08020
0.07231
0.11575
0.11232
0.11407
0.12863
0.12919
0.13228
0.13265
0.07043
0.06917
0.07930
0.09864
0.13411
0.09272
0.09507
0.09855
0.08134
0.09321
0.09801
0.10317
0.10003
0.08165
0.05569
0.05555
0.00315
0.00808
0.03637
0.05578
0.02212
0.02417
0.03895
0.01787
0.02699
0.00000
0.02013
0.01777
0.00012
0.00796
0.03320
0.03863
0.06517
0.04497
0.06268
0.05555
0.07097
0.06200
0.08108
0.06056
0.09376
0.07013
0.08334
0.11765
0.11609
0.14282
0.14561
0.14404
0.15941
0.17271
0.15963
0.16188
0.15206
0.12848
0.11063
0.12739
0.14185
0.13157
0.09899
0.11580
0.13380
0.11755
0.13262
0.09400
0.08456
0.06411
0.09299
0.10614
0.06146
0.05211
0.04440
0.03633
0.04105
0.03116
0.03402
0.00385
0.03400
0.03481
0.01195
0.04668
0.03168
0.04210
0.04929
0.07813
0.08863
0.08412
0.05198
0.05121
0.03618
0.04623
0.04625
0.06320
0.08536
0.06508
0.04711
0.05756
0.02460
0.04403
0.02020
0.01994
0.01289
0.01296
0.00000
0.00000
0.01117
0.01519
0.04088
0.07643
0.04487
0.03739
0.03780
0.01379
0.01487
0.01918
0.00000
0.03115
0.02891
0.06823
0.04236
0.02417
0.02400
0.02441
0.02539
0.01212
0.05619
0.03228
0.01649
0.00743
0.00000
0.01855
0.03976
0.03126
0.04798
0.06107
0.10520
0.08800
0.08800
0.12158
0.10961
0.14769
0.14310
0.08811
0.08659
0.01885
0.01407
0.03066
0.01030
0.00000
0.00000
0.00000
0.05435
0.04992
0.04672
0.04974
0.06551
0.11451
0.05811
0.06351
0.03283
0.00005
0.03519
0.03919
0.05214
0.05581
0.07404
0.05512
0.00548
0.02138
0.06116
0.07438
0.08497
0.07353
0.06731
0.06726
0.06435
0.06192
0.05930
0.08040
0.09488
0.11769
0.10933
0.13451
0.14434
0.11215
0.11881
0.13702
0.13534
0.12148
0.09480
0.03739
0.03180
0.04244
0.02778
0.02011
0.00830
0.02681
0.00000
0.01187
0.01524
0.06096
0.03015
0.07463
0.07025
0.06590
0.06552
0.08141
0.07818
0.07856
0.09506
0.11289
0.09177
0.09228
0.07449
0.08986
0.10438
0.14876
0.14324
0.15881
0.10560
0.11679
0.11142
0.08533
0.11119
0.09891
0.13473
0.13169
0.12342
0.13386
0.12976
0.14682
0.19270
0.22175
0.23529
0.19153
0.19070
0.15309
0.16071
0.15412
0.14206
0.11114
0.08650
0.08885
0.08292
0.08195
0.07830
0.07689
0.07510
0.09651
0.08083
0.07185
0.07407
0.08504
0.11543
0.12509
0.13911
0.19511
0.18488
0.15719
0.16520
0.14518
0.14847
0.17108
0.17127
0.17929
0.20635
0.14226
0.16450
0.17130
0.14318
0.14827
0.14579
0.15743
0.15785
0.20523
0.20021
0.18578
0.18714
0.16349
0.22213
0.21653
0.22193
0.24359
0.24217
0.26548
0.28329
0.26347
0.25697
0.21630
0.23103
0.24310
0.25340
0.27023
0.28698
0.29336
0.21518
0.23707
0.24735
0.24178
0.20176
0.22285
0.24694
0.24891
0.27583
0.30198
0.32481
0.32126
0.33203
0.32396
0.31910
0.33021
0.32450
0.32755
0.33491
0.32234
0.33311
0.34944
0.33982
0.32600
0.32316
0.32276
0.36041
0.35255
0.32693
0.35697
0.34090
0.36937
0.36970
0.35922
0.33255
0.35779
0.34405
0.36027
0.33437
0.34737
0.36554
0.34993
0.33552
0.34609
0.33031
0.34352
0.30655
0.30940
0.30178
0.31303
0.32225
0.34938
0.34788
0.36194
0.34952
0.37134
0.38609
0.38703
0.39934
0.39423
0.41937
0.40300
0.37452
0.39334
0.38806
0.37163
0.36610
0.37289
0.35271
0.35317
0.35509
0.36631
0.37094
0.36529
0.38446
0.38446
0.36495
0.36845
0.37562
0.38792
0.40498
0.39648
0.43909
0.47226
0.47959
0.45262
0.46579
0.42256
0.43577
0.46227
0.45954
0.42173
0.42479
0.41519
0.45040
0.42742
0.40581
0.43089
0.41081
0.38763
0.37770
0.39959
0.44933
0.45773
0.44913
0.40594
0.37370
0.37911
0.35594
0.35097
0.33063
0.32151
0.30380
0.27590
0.24371
0.24539
0.22397
0.19983
0.17758
0.15423
0.13190
0.16746
0.15660
0.16004
0.16815
0.15858
0.14091
0.10616
0.09938
0.11339
0.13069
0.10660
0.16330
0.15304
0.14505
0.11943
0.12889
0.13795
0.10278
0.13023
0.16680
0.12368
0.07213
0.07479
0.06623
0.08757
0.06084
0.07690
0.02233
0.06043
0.07268
0.08233
0.07975
0.07145
0.04244
0.07921
0.09109
0.10622
0.13512
0.14772
0.15490
0.17319
0.17361
0.20236
0.16152
0.13162
0.15881
0.15919
0.13758
0.14349
0.12745
0.09932
0.10782
0.12567
0.10310
0.06448
0.06174
0.11191
0.12577
0.11332
0.10167
0.08628
0.10763
0.13852
0.16503
0.16624
0.16084
0.16383
0.16644
0.12644
0.14783
0.12783
0.15218
0.13084
0.12233
0.12017
0.10628
0.11637
0.12826
0.12414
0.10247
0.09260
0.05012
0.06788
0.06631
0.06473
0.03921
0.02559
0.01216
0.02930
0.00000
0.02331
0.00456
0.00000
0.01551
0.02178
0.01665
0.01914
0.03381
0.01285
0.05140
0.08060
0.08858
0.08431
0.06279
0.02161
0.04818
0.04184
0.01899
0.02157
0.03046
0.07338
0.06152
0.06241
0.03480
0.00113
0.02950
0.03378
0.04314
0.03454
0.04149
0.03078
0.01365
0.06031
0.09241
0.09629
0.15944
0.16354
0.16213
0.18419
0.15934
0.17755
0.18566
0.17556
0.13800
0.14787
0.12616
0.10324
0.09459
0.09819
0.10432
0.09350
0.06158
0.07050
0.08039
0.08085
0.05891
0.04854
0.04401
0.02140
0.01023
0.02973
0.04065
0.01901
0.05864
0.00000
0.00324
0.00000
0.00228
0.00323
0.03602
0.06140
0.06401
0.04133
0.03223
0.01418
0.02713
0.00671
0.02354
0.00576
0.01476
0.04606
0.01892
0.02168
0.03695
0.02236
0.02130
0.02326
0.02073
0.08836
0.09336
0.10542
0.14620
0.13634
0.14889
0.16000
0.14405
0.14744
0.13536
0.07915
0.04885
0.06909
0.06745
0.09630
0.10792
0.11941
0.12318
0.12598
0.14320
0.11782
0.14016
0.14689
0.15520
0.18510
0.14000
0.13452
0.13809
0.09865
0.07365
0.05219
0.00000
0.01389
0.00000
0.01790
0.00000
0.00911
0.03256
0.01886
0.05346
0.00964
0.02720
0.02204
0.01720
0.00000
0.00000
0.01505
0.02079
0.02396
0.04261
0.05650
0.05013
0.08938
0.09824
0.06775
0.07480
0.05306
0.06818
0.03515
0.01558
0.02943
0.04964
0.05398
0.04915
0.04322
0.07310
0.08613
0.11503
0.10789
0.06394
0.03089
0.00000
0.01130
0.01652
0.01052
0.02730
0.03549
0.04329
0.07385
0.05894
0.05003
0.05879
0.00514
0.01883
0.03694
0.03293
0.04946
0.05353
0.04812
0.00331
0.00670
0.00963
0.00000
0.00694
0.00000
0.03182
0.04165
0.02189
0.02184
0.00121
0.00332
0.00085
0.00819
0.02666
0.00888
0.00000
0.00004
0.01987
0.00000
0.01384
0.04132
0.05917
0.08557
0.04939
0.05251
0.00008
0.00889
0.03528
0.06303
0.03943
0.00573
0.00013
0.00000
0.01092
0.00074
0.00257
0.00766
0.01185
0.03048
0.04214
0.03928
0.00164
0.00294
0.01511
0.02789
0.04503
0.01562
0.00751
0.00573
0.01186
0.01222
0.03968
0.05150
0.05330
0.00723
0.01394
0.03449
0.06395
0.05856
0.03136
0.02555
0.03611
0.02362
0.01035
0.02338
0.04599
0.04513
0.03091
0.00368
0.00450
0.01175
0.00794
0.02556
0.01506
0.01032
0.01561
0.05458
0.01814
0.04755
0.06003
0.05481
0.06994
0.05383
0.02380
0.00011
0.00000
0.00291
0.01442
0.00139
0.00035
0.00108
0.00698
0.02451
0.01961
0.02834
0.02322
0.05740
0.06634
0.07398
0.04437
0.01971
0.02061
0.01585
0.01230
0.00888
0.00000
0.00000
0.02117
0.03416
0.04942
0.00909
0.01840
0.00000
0.02477
0.00183
0.00776
0.02179
0.03654
0.10492
0.09714
0.10185
0.12786
0.13432
0.15147
0.12136
0.10217
0.11355
0.11288
0.09651
0.09455
0.08204
0.07779
0.07066
0.06832
0.05122
0.04292
0.08845
0.07217
0.06029
0.05446
0.05262
0.10913
0.13728
0.14800
0.16120
0.13703
0.14197
0.15252
0.14110
0.14106
0.17083
0.14893
0.13897
0.12146
0.12882
0.12941
0.13564
0.15309
0.18845
0.15499
0.14285
0.14066
0.12989
0.14178
0.13268
0.16108
0.11266
0.12257
0.10291
0.07383
0.07946
0.02048
0.06899
0.05563
0.08413
0.05831
0.09096
0.14068
0.15897
0.15518
0.14373
0.17367
0.16216
0.15797
0.17941
0.16412
0.21950
0.20781
0.21592
0.20280
0.22713
0.21984
0.24726
0.22263
0.19843
0.19033
0.17553
0.16944
0.15023
0.17289
0.14407
0.16275
0.17041
0.14911
0.18171
0.19766
0.19466
0.18230
0.19756
0.21896
0.23719
0.25711
0.24997
0.25428
0.25535
0.26919
0.29764
0.30610
0.30395
0.27156
0.28985
0.29146
0.31328
0.33605
0.31946
0.31219
0.32094
0.29656
0.30874
0.30994
0.28333
0.29533
0.28087
0.30922
0.28632
0.28693
0.29743
0.23781
0.23580
0.25100
0.24315
0.22592
0.23045
0.23159
0.25171
0.27793
0.25957
0.31221
0.30410
0.30107
0.32756
0.33606
0.33056
0.34984
0.34269
0.33159
0.33441
0.34086
0.32251
0.34648
0.34036
0.35521
0.34874
0.35403
0.36588
0.35214
0.35288
0.33475
0.35926
0.37193
0.35269
0.35039
0.33860
0.33225
0.33264
0.30270
0.32228
0.29365
0.26528
0.22618
0.19034
0.20688
0.17778
0.18376
0.20250
0.19817
0.19817
0.20064
0.18530
0.19746
0.22918
0.24446
0.24103
0.18756
0.19524
0.18107
0.17412
0.11492
0.10421
0.13559
0.12258
0.13709
0.12960
0.13599
0.13951
0.12961
0.14889
0.14865
0.19169
0.21792
0.23108
0.23213
0.21939
0.19492
0.18594
0.15747
0.14494
0.15424
0.15932
0.13069
0.13506
0.15224
0.16329
0.14838
0.16102
0.12230
0.11381
0.11207
0.13168
0.15579
0.14839
0.13493
0.13972
0.13294
0.11226
0.13178
0.11969
0.11729
0.11282
0.10944
0.13109
0.13213
0.10317
0.08630
0.09675
0.09654
0.08950
0.08772
0.10064
0.09638
0.10136
0.12401
0.10427
0.11152
0.08802
0.11129
0.11204
0.09595
0.10904
0.09495
0.12497
0.13050
0.11228
0.13133
0.14421
0.09754
0.10751
0.08966
0.07240
0.06018
0.06864
0.07186
0.12487
0.12730
0.11073
0.11566
0.10759
0.11679
0.15505
0.15665
0.15434
0.13648
0.11730
0.14854
0.20290
0.21671
0.19883
0.18355
0.16151
0.17231
0.18752
0.15326
0.14725
0.14393
0.13499
0.12638
0.14343
0.16620
0.17741
0.17567
0.19521
0.18682
0.17449
0.17238
0.15374
0.13764
0.13216
0.14219
0.11631
0.11908
0.11248
0.12762
0.11502
0.14923
0.16143
0.17275
0.17280
0.17143
0.17978
0.16380
0.14321
0.15300
0.17827
0.18539
0.18422
0.14103
0.15109
0.13041
0.17359
0.19835
0.18479
0.20730
0.20997
0.20027
0.18414
0.19453
0.16142
0.14400
0.12154
0.10580
0.10719
0.10719
0.06190
0.09041
0.07518
0.08709
0.06251
0.10887
0.09836
0.08403
0.09374
0.16030
0.14505
0.15053
0.12619
0.10297
0.08843
0.04956
0.06143
0.07586
0.06546
0.08701
0.07053
0.06970
0.07212
0.06147
0.05921
0.06835
0.05331
0.05229
0.01860
0.05789
0.08540
0.10395
0.13187
0.12349
0.14624
0.13354
0.09186
0.06644
0.05344
0.05290
0.05514
0.00638
0.04544
0.05824
0.03143
0.00000
0.00000
0.00000
0.00000
0.00851
0.02629
0.00996
0.00000
0.00134
0.02905
0.02416
0.02818
0.04992
0.06588
0.10285
0.12019
0.10854
0.09566
0.06989
0.08088
0.11086
0.11046
0.17707
0.17197
0.19734
0.18286
0.14707
0.16490
0.15552
0.11033
0.14005
0.16080
0.16106
0.16417
0.14518
0.13841
0.13212
0.14123
0.15840
0.16102
0.14984
0.21641
0.21495
0.19480
0.22313
0.20944
0.19588
0.22945
0.24984
0.26423
0.28782
0.28801
0.26819
0.27043
0.25319
0.25475
0.25614
0.26550
0.26651
0.25988
0.21158
0.20368
0.19610
0.20263
0.21503
0.20374
0.21748
0.22102
0.18379
0.18794
0.19644
0.18826
0.16986
0.17733
0.15089
0.15894
0.18184
0.16516
0.12084
0.09364
0.08747
0.09683
0.05969
0.08989
0.11254
0.13129
0.11141
0.12326
0.12184
0.13917
0.14942
0.14959
0.18182
0.18103
0.13074
0.13289
0.13462
0.14102
0.17370
0.16460
0.14561
0.16890
0.15890
0.14989
0.11045
0.09198
0.09118
0.08243
0.06524
0.08287
0.09725
0.09074
0.07479
0.05294
0.05905
0.06010
0.01425
0.03930
0.00571
0.02763
0.03040
0.04840
0.03041
0.07121
0.06325
0.09139
0.07499
0.02671
0.07066
0.05490
0.08580
0.12894
0.12119
0.11688
0.11456
0.11600
0.07774
0.14010
0.17226
0.16713
0.18960
0.19449
0.19884
0.19628
0.22613
0.24820
0.24933
0.27734
0.20878
0.21015
0.20187
0.18001
0.19425
0.16686
0.19273
0.20778
0.19920
0.19483
0.19818
0.22127
0.20728
0.23029
0.22178
0.19493
0.21702
0.22843
0.23224
0.25043
0.23974
0.22835
0.17383
0.16812
0.16948
0.18366
0.19653
0.19318
0.19382
0.20378
0.21479
0.21182
0.21602
0.17880
0.20729
0.21471
0.21163
0.19342
0.18744
0.22529
0.23153
0.21775
0.22127
0.21140
0.20492
0.20117
0.21553
0.21553
0.24571
0.22590
0.24273
0.28430
0.25984
0.23790
0.28829
0.30145
0.32185
0.32744
0.31422
0.30415
0.29529
0.34882
0.35595
0.37505
0.37665
0.35934
0.34083
0.35819
0.35595
0.34031
0.31730
0.30997
0.34669
0.34349
0.33780
0.31099
0.28093
0.27350
0.26790
0.28386
0.26405
0.24789
0.26465
0.28394
0.30221
0.37353
0.37285
0.35708
0.31332
0.30245
0.33612
0.33647
0.36719
0.39090
0.38645
0.39922
0.36999
0.34786
0.34465
0.33865
0.32026
0.31941
0.32263
0.32352
0.32835
0.33530
0.33954
0.35221
0.35297
0.34054
0.34583
0.32124
0.34181
0.38020
0.38175
0.38273
0.35117
0.34835
0.33831
0.34011
0.33040
0.33744
0.32949
0.32677
0.34029
0.32907
0.33772
0.33556
0.37157
0.35847
0.38640
0.42321
0.40423
0.42112
0.39030
0.39352
0.39694
0.37030
0.38358
0.38919
0.41224
0.39308
0.36405
0.38022
0.34414
0.33584
0.34382
0.33249
0.31880
0.29808
0.27050
0.21505
0.21112
0.18822
0.18629
0.17316
0.19372
0.17766
0.18543
0.16252
0.16107
0.21884
0.23657
0.22282
0.20200
0.20152
0.22260
0.23816
0.24517
0.24231
0.18627
0.18009
0.16788
0.22725
0.23616
0.18887
0.22920
0.17473
0.20668
0.25594
0.24547
0.26828
0.29623
0.30183
0.29286
0.26313
0.23444
0.23250
0.22522
0.25568
0.22496
0.21711
0.21003
0.23154
0.20808
0.20370
0.20832
0.20684
0.23558
0.25070
0.25936
0.23599
0.27540
0.27319
0.27827
0.24391
0.25834
0.24356
0.22310
0.24203
0.24017
0.22947
0.22200
0.27690
0.24344
0.22795
0.22333
0.17945
0.17005
0.14483
0.16267
0.18112
0.21419
0.22493
0.20987
0.22031
0.21156
0.22307
0.20066
0.19898
0.24936
0.26789
0.27960
0.26398
0.23302
0.20245
0.20752
0.22257
0.21138
0.21544
0.21646
0.18942
0.23325
0.26910
0.22689
0.20644
0.19009
0.20305
0.17427
0.13588
0.13974
0.12569
0.19759
0.18218
0.23780
0.25204
0.22695
0.22296
0.21715
0.19260
0.18144
0.18097
0.17446
0.17586
0.16301
0.15507
0.12476
0.11125
0.12141
0.14020
0.12066
0.06624
0.06243
0.05616
0.06887
0.04929
0.05430
0.04965
0.05355
0.07646
0.08121
0.08286
0.03635
0.04043
0.03990
0.05534
0.08758
0.09149
0.08466
0.07121
0.09509
0.08548
0.03524
0.04343
0.00000
0.00841
0.03075
0.03035
0.02554
0.02642
0.01144
0.00967
0.01221
0.00604
0.01717
0.02748
0.01525
0.00121
0.00000
0.00000
0.00000
0.00674
0.01829
0.00088
0.00072
0.00000
0.01090
0.01762
0.02151
0.01024
0.02701
0.07582
0.12395
0.12841
0.09010
0.06421
0.05251
0.07391
0.07134
0.03894
0.01003
0.00499
0.01856
0.01234
0.02849
0.00808
0.00205
0.01997
0.03447
0.04041
0.01081
0.02986
0.01390
0.00577
0.01000
0.01806
0.01487
0.02223
0.02189
0.01562
0.00367
0.00000
0.01059
0.03235
0.05472
0.03273
0.00625
0.00000
0.00000
0.00000
0.00005
0.01576
0.00890
0.00534
0.00000
0.00060
0.00403
0.00000
0.01380
0.00008
0.00356
0.01702
0.00008
0.00000
0.00000
0.01229
0.01632
0.01451
0.01481
0.01021
0.01005
0.01044
0.00000
0.00566
0.00821
0.01928
0.03881
0.06046
0.04485
0.02481
0.02842
0.03820
0.00414
0.00688
0.00036
0.00418
0.01019
0.02606
0.00203
0.02161
0.05769
0.06039
0.04221
0.00000
0.00005
0.02009
0.01467
0.00175
0.00052
0.00186
0.00877
0.04883
0.04759
0.02722
0.03068
0.01422
0.01074
0.00917
0.02633
0.04305
0.04123
0.03870
0.01315
0.00134
0.01240
0.00000
0.01185
0.00597
0.03027
0.05371
0.03343
0.02209
0.01345
0.03188
0.04628
0.02293
0.03104
0.00099
0.00681
0.01495
0.04000
0.03634
0.04453
0.03830
0.03660
0.04217
0.03375
0.05934
0.06891
0.00000
0.01206
0.00885
0.00000
0.00000
0.03381
0.05243
0.06645
0.08360
0.08787
0.07927
0.10637
0.08150
0.08010
0.08099
0.12253
0.14050
0.11795
0.12245
0.14671
0.19086
0.21663
0.23111
0.20831
0.19320
0.14530
0.13473
0.06851
0.11215
0.09466
0.11508
0.11758
0.14403
0.15406
0.14044
0.10207
0.06568
0.06915
0.05689
0.05012
0.04153
0.04123
0.03896
0.02785
0.01545
0.04179
0.08467
0.07496
0.07838
0.08334
0.08764
0.05434
0.00000
0.00100
0.03715
0.02972
0.02644
0.04151
0.03254
0.04557
0.05796
0.04989
0.04700
0.03155
0.00663
0.00000
0.01075
0.00000
0.00265
0.00609
0.01895
0.01720
0.05671
0.03672
0.04427
0.08839
0.07163
0.09215
0.10998
0.11041
0.13664
0.15320
0.15726
0.15034
0.12283
0.14674
0.12782
0.07896
0.12269
0.11713
0.10753
0.10038
0.10080
0.09993
0.10439
0.11634
0.09975
0.09301
0.09343
0.07601
0.06693
0.10529
0.08475
0.08746
0.08743
0.08119
0.13132
0.15978
0.14001
0.15569
0.14975
0.17989
0.17913
0.15081
0.12813
0.11506
0.13172
0.13990
0.09149
0.08113
0.07613
0.08478
0.09622
0.09287
0.09317
0.11400
0.10040
0.06767
0.06293
0.06816
0.06957
0.04166
0.01147
0.00702
0.02741
0.02784
0.06066
0.06395
0.09090
0.09278
0.09746
0.12740
0.17708
0.19822
0.15577
0.15815
0.15889
0.18214
0.20136
0.16417
0.17430
0.17163
0.16984
0.14207
0.14316
0.12174
0.14930
0.18580
0.18528
0.16275
0.14370
0.15339
0.13275
0.15725
0.17132
0.17721
0.16384
0.11548
0.13071
0.14354
0.17662
0.15082
0.15285
0.15168
0.16218
0.17964
0.17270
0.10582
0.07982
0.08442
0.12250
0.14432
0.16510
0.20766
0.20586
0.18562
0.17639
0.17360
0.18902
0.16465
0.18155
0.19472
0.19572
0.18608
0.16637
0.17780
0.17074
0.17392
0.14074
0.11254
0.11262
0.12248
0.11585
0.17053
0.16571
0.16396
0.16842
0.16179
0.16373
0.14963
0.17827
0.21520
0.21553
0.23013
0.22888
0.19113
0.17394
0.18596
0.13883
0.10523
0.13158
0.12094
0.12465
0.14390
0.11430
0.12178
0.12086
0.13319
0.13706
0.16890
0.14567
0.14493
0.14670
0.18691
0.20007
0.18829
0.20461
0.19961
0.22082
0.19991
0.20663
0.20714
0.21540
0.24031
0.19809
0.19052
0.14300
0.15726
0.13430
0.14551
0.13502
0.12556
0.13439
0.17355
0.14919
0.18430
0.17586
0.17354
0.15458
0.16874
0.15849
0.22440
0.22697
0.23607
0.23825
0.22936
0.26081
0.24496
0.22298
0.22160
0.23627
0.23408
0.21630
0.24289
0.25823
0.24743
0.25321
0.22313
0.21558
0.21720
0.22301
0.20927
0.15920
0.17197
0.16278
0.15753
0.16052
0.16265
0.13112
0.11582
0.08591
0.06174
0.07403
0.06371
0.09741
0.05578
0.00324
0.02739
0.02875
0.00875
0.01468
0.02760
0.04416
0.02782
0.00713
0.00026
0.00000
0.03020
0.00000
0.00000
0.00747
0.02501
0.03541
0.02840
0.00625
0.02621
0.01770
0.01101
0.01442
0.00440
0.00165
0.01259
0.02126
0.04181
0.04217
0.05120
0.07353
0.09135
0.07632
0.06684
0.07276
0.07422
0.05461
0.03834
0.04279
0.04025
0.01914
0.04498
0.00667
0.00000
0.00000
0.02698
0.04760
0.03271
0.03763
0.04278
0.03229
0.03894
0.06040
0.04798
0.04301
0.04881
0.03448
0.03956
0.00614
0.00255
0.00927
0.00590
0.01347
0.02736
0.05222
0.08232
0.14749
0.17891
0.17996
0.16890
0.16330
0.16592
0.12715
0.08935
0.06892
0.10419
0.10616
0.08809
0.10852
0.08369
0.10542
0.08280
0.07777
0.06798
0.09538
0.10955
0.09169
0.09383
0.10446
0.12424
0.15528
0.20415
0.21824
0.22480
0.21954
0.20165
0.19576
0.18991
0.15983
0.15346
0.18336
0.16938
0.16488
0.14274
0.17195
0.17804
0.18342
0.16287
0.17785
0.19598
0.20604
0.21603
0.23341
0.20214
0.18133
0.16834
0.18107
0.21330
0.19678
0.19064
0.19247
0.17226
0.17953
0.18757
0.14958
0.13905
0.12296
0.12382
0.13494
0.13346
0.14165
0.13560
0.08705
0.06556
0.03384
0.02042
0.00000
0.00016
0.02441
0.00344
