0.00752
0.00000
0.00852
0.00852
0.00852
0.02396
0.02061
0.00302
0.00199
0.00000
0.00000
0.00000
0.00000
0.00592
0.00621
0.00621
0.00621
0.00621
0.00000
0.00000
0.03471
0.05452
0.06152
0.04501
0.04441
0.04501
0.05468
0.05279
0.05279
0.03386
0.03377
0.00479
0.02052
0.01460
0.01496
0.01461
0.03959
0.03250
0.03250
0.03276
0.03875
0.03722
0.03693
0.03570
0.01838
0.01422
0.01464
0.03172
0.02706
0.02706
0.03169
0.03169
0.02794
0.02330
0.02358
0.02358
0.02622
0.01623
0.03221
0.02720
0.02804
0.03657
0.04608
0.05277
0.05418
0.07293
0.11388
0.08553
0.06175
0.05209
0.02644
0.03519
0.03542
0.04621
0.04155
0.02826
0.02827
0.02827
0.02612
0.02831
0.04083
0.03968
0.06203
0.06203
0.08161
0.08035
0.07503
0.06922
0.07314
0.04852
0.05232
0.06737
0.06030
0.04248
0.04248
0.04248
0.03223
0.03782
0.02478
0.02970
0.01117
0.01140
0.03040
0.01145
0.01102
0.01096
0.01098
0.01895
0.01895
0.03954
0.06178
0.03526
0.02711
0.02584
0.02624
0.03974
0.04404
0.05398
0.05412
0.05780
0.06773
0.06590
0.07259
0.07259
0.08440
0.08640
0.08438
0.08246
0.08142
0.08142
0.08375
0.10415
0.09877
0.11402
0.11397
0.11191
0.06716
0.07265
0.05337
0.05346
0.03440
0.03664
0.04421
0.04205
0.04693
0.04414
0.04414
0.04482
0.04414
0.03823
0.03823
0.03827
0.05026
0.03199
0.01203
0.01551
0.02236
0.02048
0.02048
0.02048
0.00698
0.02294
0.02291
0.02741
0.02741
0.02862
0.02911
0.02909
0.02741
0.00891
0.00262
0.00343
0.00371
0.00372
0.00140
0.02641
0.02641
0.02635
0.00273
0.00273
0.02590
0.01846
0.01846
0.01954
0.00667
0.00000
0.00000
0.00000
0.00000
0.00000
0.00840
0.00000
0.00892
0.01718
0.01188
0.00879
0.00076
0.00723
0.01675
0.02295
0.01790
0.01499
0.01622
0.03232
0.02598
0.02598
0.02817
0.03500
0.04652
0.04652
0.03713
0.03601
0.03250
0.03248
0.03250
0.02846
0.02869
0.02644
0.03053
0.02099
0.02099
0.02335
0.02335
0.01388
0.02560
0.01377
0.00082
0.00082
0.00082
0.03784
0.03844
0.05620
0.04433
0.04433
0.04154
0.04311
0.05122
0.04247
0.04289
0.02736
0.00203
0.00090
0.00937
0.00937
0.01590
0.01590
0.01854
0.03111
0.02729
0.05788
0.06151
0.07546
0.09056
0.09387
0.11370
0.09316
0.08582
0.07638
0.07638
0.08580
0.08544
0.08991
0.08991
0.07136
0.07972
0.08015
0.08054
0.06491
0.06484
0.06504
0.06456
0.06436
0.06248
0.06248
0.06593
0.05930
0.05930
0.05309
0.05309
0.05974
0.06710
0.06533
0.06533
0.06438
0.06533
0.06568
0.06306
0.06306
0.06306
0.06240
0.05675
0.05687
0.05675
0.05675
0.04117
0.05107
0.03679
0.03679
0.03411
0.03601
0.03653
0.02556
0.02556
0.03102
0.03465
0.03438
0.05532
0.05142
0.06749
0.09835
0.09835
0.09835
0.10741
0.09827
0.09480
0.09479
0.09479
0.09479
0.11911
0.12918
0.12907
0.13293
0.13231
0.13137
0.15073
0.17170
0.16089
0.16089
0.15441
0.14897
0.14908
0.14973
0.13290
0.13290
0.13290
0.15870
0.14523
0.15195
0.15130
0.16506
0.16342
0.15518
0.15508
0.14845
0.14300
0.15359
0.15359
0.15359
0.15764
0.15664
0.15017
0.16496
0.16698
0.15748
0.17737
0.17619
0.17638
0.19138
0.18267
0.18269
0.19438
0.19438
0.19440
0.18761
0.20437
0.20432
0.20880
0.20021
0.20021
0.20543
0.20714
0.20576
0.19665
0.17561
0.17586
0.19248
0.21387
0.21383
0.20431
0.20948
0.21479
0.21437
0.21437
0.23512
0.23544
0.22486
0.22434
0.22856
0.25172
0.25167
0.24948
0.25489
0.25493
0.26632
0.26632
0.26170
0.24201
0.24201
0.25160
0.23853
0.24026
0.25269
0.26106
0.26106
0.26106
0.25054
0.25046
0.24281
0.23854
0.23068
0.22542
0.20692
0.20808
0.20878
0.21938
0.22966
0.21933
0.22038
0.23864
0.25527
0.25691
0.26704
0.26673
0.26654
0.26654
0.26654
0.26654
0.26654
0.23458
0.24679
0.24875
0.23815
0.22819
0.22821
0.22777
0.23639
0.23188
0.22777
0.21230
0.21242
0.21242
0.21076
0.19654
0.19653
0.19087
0.19159
0.18695
0.18695
0.19213
0.19214
0.17223
0.17220
0.15976
0.15976
0.15874
0.15976
0.16927
0.17085
0.17373
0.16621
0.15160
0.14887
0.14633
0.14629
0.15228
0.15228
0.15228
0.15224
0.15224
0.15224
0.15224
0.15225
0.15247
0.15747
0.17362
0.17469
0.17461
0.17461
0.17186
0.16595
0.14058
0.16183
0.17826
0.17927
0.16952
0.16442
0.17059
0.17083
0.17019
0.17059
0.16661
0.16809
0.15858
0.16664
0.16658
0.16137
0.16157
0.15497
0.13656
0.13263
0.12991
0.13189
0.13263
0.13531
0.14647
0.13350
0.14473
0.14829
0.14829
0.14829
0.14829
0.15025
0.11299
0.10984
0.09697
0.13390
0.13390
0.14109
0.14902
0.14902
0.14219
0.13474
0.12095
0.12642
0.13576
0.11667
0.11603
0.10541
0.10541
0.11221
0.11521
0.11551
0.10441
0.13573
0.13573
0.13573
0.13471
0.13401
0.13401
0.11924
0.11974
0.12014
0.12389
0.12389
0.12389
0.12389
0.12049
0.11477
0.11141
0.11249
0.10457
0.10457
0.10457
0.09840
0.09637
0.08137
0.07902
0.07658
0.05319
0.05322
0.04482
0.03777
0.01583
0.01583
0.01823
0.02249
0.02367
0.04907
0.06617
0.06617
0.07897
0.07897
0.07897
0.07897
0.08850
0.08833
0.08850
0.11404
0.11905
0.11925
0.11439
0.10684
0.11455
0.11801
0.10752
0.10693
0.09600
0.09553
0.08482
0.09442
0.09491
0.11548
0.11546
0.11639
0.11540
0.12219
0.12946
0.14103
0.14787
0.14803
0.15229
0.16617
0.15715
0.16255
0.16876
0.16827
0.16482
0.17733
0.17112
0.16439
0.17819
0.17797
0.14784
0.13528
0.13518
0.12479
0.12107
0.11720
0.11154
0.14764
0.14529
0.14529
0.15232
0.12905
0.12824
0.12045
0.12772
0.12672
0.13486
0.11576
0.10914
0.11520
0.12937
0.11340
0.11657
0.13033
0.13126
0.12961
0.11702
0.11000
0.11667
0.11667
0.08875
0.09069
0.09221
0.09502
0.09975
0.09975
0.10006
0.12348
0.12360
0.12353
0.11860
0.11880
0.11348
0.10939
0.09511
0.09341
0.09687
0.09922
0.09922
0.09922
0.09922
0.12048
0.11039
0.09104
0.08779
0.08681
0.06997
0.07001
0.07001
0.07736
0.07352
0.07352
0.04914
0.04923
0.05345
0.05498
0.05181
0.05345
0.04825
0.04590
0.04689
0.03073
0.03189
0.04373
0.03082
0.03796
0.03097
0.02755
0.02516
0.01834
0.01786
0.01621
0.00661
0.00006
0.00096
0.00000
0.00000
0.00023
0.00084
0.00000
0.00024
0.00025
0.00025
0.00016
0.00570
0.00994
0.01561
0.01607
0.01662
0.01607
0.01607
0.02842
0.04596
0.04598
0.04597
0.02236
0.00000
0.00000
0.00009
0.00000
0.01875
0.00000
0.00596
0.00376
0.00140
0.00259
0.00623
0.00568
0.02189
0.00745
0.03554
0.04161
0.04127
0.02816
0.02288
0.02261
0.02318
0.02940
0.03134
0.03078
0.03078
0.03366
0.03342
0.03553
0.04635
0.04625
0.06935
0.06950
0.06950
0.06950
0.07206
0.07171
0.07171
0.07779
0.06030
0.06339
0.06905
0.06979
0.07545
0.08149
0.08123
0.07050
0.07050
0.09827
0.09904
0.09904
0.09517
0.09534
0.09534
0.10175
0.10905
0.11508
0.11490
0.11519
0.09591
0.07946
0.10460
0.10967
0.11149
0.10089
0.10467
0.09859
0.08511
0.09169
0.04782
0.05594
0.06124
0.05888
0.06176
0.05263
0.04138
0.05072
0.03881
0.04522
0.04522
0.04522
0.06220
0.06197
0.06202
0.06220
0.06942
0.07524
0.07524
0.10149
0.10173
0.10149
0.10149
0.11655
0.10685
0.11374
0.10142
0.07461
0.05843
0.04679
0.03377
0.03711
0.03268
0.03226
0.03073
0.03073
0.03028
0.02128
0.03285
0.03283
0.03286
0.02489
0.00000
0.00000
0.00150
0.00000
0.01398
0.02572
0.02991
0.03811
0.02908
0.05252
0.05280
0.05286
0.05280
0.05280
0.05243
0.06648
0.06582
0.07073
0.06582
0.07172
0.04818
0.04818
0.04837
0.04793
0.03941
0.03671
0.03134
0.01161
0.00000
0.00000
0.00000
0.00893
0.00891
0.00892
0.00000
0.00000
0.00000
0.00000
0.00000
0.01309
0.01309
0.00791
0.00505
0.01404
0.01401
0.01319
0.02347
0.02347
0.02923
0.02942
0.01278
0.01032
0.00987
0.02928
0.02928
0.02929
0.02928
0.02928
0.02147
0.02137
0.03303
0.03309
0.00354
0.00205
0.00205
0.00041
0.00293
0.01164
0.01165
0.02368
0.00000
0.00000
0.00000
0.01535
0.02837
0.01349
0.01346
0.02159
0.02159
0.00714
0.00714
0.01140
0.00785
0.00521
0.00524
0.00517
0.00000
0.00002
0.00023
0.00061
0.00093
0.00093
0.01655
0.01325
0.01801
0.02121
0.02654
0.02926
0.02840
0.04771
0.05727
0.06841
0.06841
0.06841
0.06640
0.05830
0.06510
0.06515
0.08165
0.08165
0.08140
0.09423
0.09423
0.09423
0.10402
0.09906
0.12721
0.12101
0.12208
0.11867
0.11867
0.11726
0.11726
0.10559
0.11862
0.11640
0.11609
0.11984
0.12581
0.13170
0.13951
0.13151
0.14983
0.14984
0.14983
0.14983
0.15252
0.15240
0.14948
0.14948
0.16300
0.16878
0.16724
0.16164
0.17106
0.17250
0.17212
0.17117
0.17117
0.16613
0.16049
0.16991
0.16520
0.16096
0.16101
0.16101
0.16101
0.16640
0.16461
0.15008
0.14975
0.15905
0.15901
0.16581
0.19696
0.18569
0.18569
0.17552
0.18428
0.18317
0.18352
0.19190
0.17297
0.17245
0.16554
0.12836
0.12818
0.12671
0.12257
0.12257
0.13306
0.15670
0.15670
0.15296
0.15392
0.15618
0.15685
0.15855
0.15758
0.15688
0.14432
0.14432
0.16251
0.16230
0.15576
0.15467
0.16149
0.16149
0.16149
0.17024
0.16990
0.17807
0.16439
0.16477
0.16480
0.16503
0.15772
0.14646
0.13659
0.13662
0.15007
0.14995
0.16606
0.16546
0.18122
0.17595
0.17343
0.18638
0.18254
0.19573
0.22176
0.22168
0.22137
0.20804
0.20036
0.20045
0.20059
0.20347
0.19374
0.19788
0.20010
0.20139
0.20010
0.19992
0.20648
0.20648
0.20648
0.21346
0.21346
0.20450
0.20665
0.20320
0.18372
0.18380
0.19858
0.19858
0.19858
0.19858
0.20836
0.20836
0.20738
0.20738
0.20080
0.22756
0.23654
0.23390
0.23349
0.23349
0.21781
0.21805
0.24285
0.24348
0.24338
0.27458
0.25403
0.26079
0.27603
0.31431
0.31431
0.31385
0.31431
0.30752
0.29884
0.29194
0.28233
0.27654
0.27654
0.30499
0.30499
0.31036
0.30161
0.30088
0.30489
0.31603
0.31603
0.31754
0.32234
0.31919
0.32343
0.31171
0.31171
0.31206
0.31758
0.33320
0.34198
0.34010
0.34010
0.33472
0.33511
0.34352
0.34372
0.34372
0.34372
0.32790
0.33577
0.34783
0.34783
0.34783
0.34127
0.34585
0.35763
0.35914
0.35404
0.33137
0.33134
0.33362
0.31009
0.30997
0.28221
0.27333
0.25587
0.25587
0.25587
0.24973
0.24650
0.24648
0.24678
0.25460
0.26736
0.26736
0.26882
0.26683
0.26683
0.28275
0.28326
0.28318
0.29369
0.30115
0.30115
0.30108
0.31570
0.31376
0.31355
0.33057
0.32624
0.34077
0.35342
0.35769
0.35745
0.35745
0.34640
0.32083
0.33241
0.30266
0.29839
0.29853
0.27234
0.27038
0.27768
0.27735
0.27745
0.29239
0.30228
0.28267
0.27531
0.27314
0.26277
0.25959
0.25003
0.23919
0.23751
0.23606
0.22213
0.22070
0.22070
0.23634
0.23690
0.23690
0.24163
0.24253
0.24286
0.25213
0.24096
0.24100
0.22999
0.21754
0.21735
0.23183
0.22115
0.24019
0.24019
0.27735
0.28945
0.28938
0.28938
0.27335
0.27335
0.27913
0.28818
0.28539
0.28997
0.29534
0.29222
0.29755
0.29801
0.30189
0.30720
0.31503
0.29706
0.29706
0.30102
0.30098
0.30098
0.27897
0.27158
0.27646
0.27850
0.26728
0.26108
0.26118
0.26108
0.30397
0.31618
0.31618
0.34624
0.36905
0.35034
0.35046
0.35113
0.34815
0.33895
0.31691
0.30081
0.29146
0.27409
0.28655
0.28957
0.29235
0.30266
0.30266
0.30267
0.30825
0.31214
0.33811
0.33322
0.32532
0.32556
0.32556
0.32556
0.32559
0.32357
0.31905
0.32052
0.32052
0.31025
0.32973
0.32702
0.34323
0.34323
0.34430
0.34173
0.32558
0.32561
0.32248
0.32025
0.32025
0.31976
0.31922
0.32009
0.31557
0.32059
0.31223
0.31306
0.31283
0.33211
0.34784
0.34524
0.36040
0.35916
0.37127
0.37064
0.39030
0.41287
0.40725
0.40679
0.41991
0.41094
0.40404
0.40804
0.40614
0.40614
0.41132
0.41132
0.41132
0.41132
0.41132
0.40504
0.39666
0.39516
0.39427
0.39427
0.39596
0.38293
0.37223
0.35856
0.34273
0.34669
0.33054
0.32672
0.30772
0.32187
0.33938
0.33782
0.34132
0.35111
0.35698
0.34001
0.34973
0.34967
0.36710
0.36055
0.36826
0.36108
0.36148
0.35541
0.35574
0.36192
0.36433
0.37073
0.37087
0.37076
0.37772
0.37784
0.37704
0.38881
0.38624
0.38056
0.38192
0.38179
0.38040
0.38826
0.38826
0.38270
0.37369
0.38135
0.38425
0.38400
0.38400
0.38718
0.38719
0.39645
0.40318
0.40365
0.42990
0.42567
0.43942
0.43145
0.44250
0.41561
0.42871
0.44088
0.41886
0.45448
0.46337
0.46342
0.46672
0.45322
0.45743
0.45665
0.45745
0.46758
0.46758
0.44516
0.43785
0.43785
0.44468
0.43806
0.43794
0.43794
0.43794
0.42768
0.41229
0.40733
0.39688
0.39688
0.38669
0.38891
0.40230
0.40566
0.40553
0.40550
0.40596
0.41610
0.40964
0.40710
0.39893
0.39594
0.39594
0.39626
0.39211
0.39984
0.39984
0.40568
0.41409
0.41408
0.41408
0.39295
0.39389
0.39110
0.39816
0.40267
0.38672
0.38850
0.38648
0.37030
0.36498
0.36498
0.36030
0.35500
0.35506
0.36100
0.36298
0.35903
0.35309
0.35309
0.35421
0.35773
0.35795
0.35388
0.35238
0.36824
0.36824
0.36465
0.35943
0.35869
0.35573
0.35306
0.34101
0.34101
0.35324
0.35324
0.34406
0.34406
0.34418
0.34406
0.33323
0.33385
0.33808
0.33809
0.33841
0.34254
0.31921
0.31884
0.33541
0.32957
0.32867
0.32893
0.33510
0.33666
0.33666
0.33666
0.33666
0.33666
0.33666
0.33666
0.33347
0.31339
0.31047
0.30622
0.31056
0.30920
0.31504
0.31504
0.31212
0.31212
0.31212
0.31212
0.30185
0.30187
0.30626
0.29933
0.29400
0.29259
0.29249
0.29712
0.29280
0.29249
0.29958
0.28609
0.30652
0.30652
0.29659
0.32469
0.33648
0.33649
0.33649
0.32950
0.34102
0.34102
0.34102
0.34102
0.34575
0.35234
0.35541
0.37603
0.38156
0.36618
0.36575
0.38218
0.38218
0.38447
0.37194
0.37049
0.37090
0.40069
0.40060
0.42135
0.41136
0.42240
0.43758
0.43882
0.43563
0.43563
0.43748
0.43353
0.43561
0.43314
0.43312
0.43299
0.43248
0.41283
0.41283
0.41511
0.42104
0.43400
0.43246
0.45151
0.43852
0.44644
0.45475
0.48385
0.49395
0.49563
0.50537
0.54328
0.54055
0.54055
0.54064
0.53911
0.54062
0.53174
0.53174
0.53174
0.51990
0.51990
0.51990
0.51143
0.51159
0.51819
0.51433
0.48634
0.51288
0.51350
0.51288
0.50418
0.48745
0.45194
0.45232
0.45227
0.47646
0.47987
0.46648
0.47179
0.46651
0.48327
0.47113
0.48454
0.48205
0.45286
0.43796
0.44054
0.46093
0.46091
0.46093
0.44502
0.44502
0.44502
0.44066
0.41492
0.41492
0.42224
0.42062
0.42062
0.43950
0.43950
0.43950
0.42563
0.44207
0.42030
0.41304
0.40362
0.40362
0.40362
0.42826
0.44208
0.44181
0.44181
0.44138
0.44126
0.44329
0.41929
0.41914
0.42012
0.41998
0.42038
0.42035
0.44189
0.44189
0.46287
0.46880
0.46809
0.46809
0.46809
0.46809
0.45929
0.45602
0.46705
0.46464
0.46842
0.47100
0.46047
0.47373
0.47352
0.48881
0.50543
0.49920
0.47989
0.47989
0.47989
0.45841
0.45841
0.45860
0.45969
0.45980
0.45969
0.46439
0.46912
0.46912
0.46897
0.47241
0.46432
0.47590
0.47703
0.47462
0.48024
0.48022
0.49626
0.50817
0.49725
0.49337
0.49337
0.48555
0.50141
0.51115
0.51708
0.50834
0.50991
0.51830
0.51068
0.52307
0.50720
0.49988
0.49982
0.49680
0.49589
0.49589
0.49238
0.49135
0.49135
0.48682
0.48682
0.48682
0.48682
0.48647
0.49190
0.50724
0.49767
0.49267
0.48661
0.48661
0.48072
0.48741
0.48782
0.48782
0.47712
0.50708
0.51013
0.52242
0.51819
0.50784
0.50784
0.50884
0.49319
0.48480
0.47673
0.48265
0.48320
0.48695
0.48699
0.48755
0.48680
0.48699
0.48699
0.49122
0.46566
0.47288
0.47535
0.47662
0.47660
0.47937
0.48831
0.48585
0.48603
0.46330
0.44414
0.46802
0.47681
0.48603
0.48604
0.49003
0.48994
0.48168
0.45231
0.44579
0.44581
0.44953
0.44958
0.45508
0.45508
0.46200
0.41782
0.41782
0.41803
0.41236
0.40454
0.39850
0.39498
0.39502
0.38328
0.40300
0.40967
0.39838
0.39838
0.39839
0.39838
0.39838
0.39838
0.39344
0.37719
0.38079
0.37741
0.37859
0.40113
0.39673
0.39778
0.40625
0.41045
0.41210
0.40238
0.37991
0.38120
0.37984
0.38512
0.38512
0.38607
0.38512
0.37880
0.36689
0.36699
0.36209
0.35461
0.34950
0.34775
0.34775
0.33569
0.33569
0.34360
0.34678
0.36317
0.35218
0.35156
0.35805
0.35649
0.35478
0.35439
0.36406
0.37997
0.38797
0.38790
0.37098
0.33813
0.33813
0.34440
0.35311
0.35311
0.35311
0.34995
0.34995
0.33715
0.34506
0.34697
0.34506
0.33658
0.35374
0.36248
0.35374
0.35374
0.35374
0.34248
0.34867
0.35018
0.34859
0.34859
0.35077
0.33472
0.34566
0.33950
0.33510
0.33510
0.31954
0.31932
0.33029
0.33091
0.32643
0.32643
0.32643
0.31532
0.34148
0.31410
0.31602
0.32492
0.33642
0.33634
0.33634
0.33275
0.33374
0.33972
0.33557
0.33270
0.32359
0.31526
0.30856
0.30622
0.29237
0.31626
0.30485
0.30433
0.30504
0.29598
0.29919
0.30684
0.30759
0.30033
0.27889
0.27889
0.27889
0.27889
0.29328
0.30807
0.30745
0.29817
0.29601
0.30495
0.30225
0.30225
0.30229
0.28221
0.28224
0.27652
0.28110
0.27675
0.29794
0.29368
0.29041
0.29022
0.29063
0.27615
0.27559
0.26695
0.29376
0.29371
0.29368
0.29388
0.30713
0.30811
0.30713
0.33800
0.33784
0.32748
0.32751
0.31860
0.31417
0.32843
0.35172
0.35342
0.35101
0.34933
0.35106
0.34224
0.34059
0.34073
0.32668
0.32667
0.32597
0.31989
0.31989
0.31989
0.31864
0.30759
0.29179
0.29179
0.29212
0.29072
0.29117
0.29117
0.29216
0.29183
0.31717
0.31717
0.31717
0.31071
0.31756
0.31791
0.29528
0.29528
0.30286
0.29711
0.30876
0.30858
0.30371
0.30371
0.30394
0.33034
0.33519
0.33519
0.33519
0.33529
0.32978
0.32978
0.35372
0.34927
0.35091
0.36918
0.36911
0.36232
0.35479
0.37328
0.38120
0.38120
0.37897
0.37897
0.37897
0.36961
0.37257
0.36167
0.37078
0.36579
0.36579
0.34255
0.34336
0.34325
0.34332
0.33461
0.33459
0.31822
0.30057
0.30580
0.32056
0.31913
0.31564
0.31331
0.31331
0.32726
0.31941
0.31108
0.33678
0.33656
0.32839
0.30835
0.30835
0.30862
0.30862
0.29412
0.29069
0.29279
0.26160
0.26250
0.25195
0.25727
0.24808
0.25404
0.25692
0.25404
0.24303
0.24287
0.23891
0.24403
0.24403
0.23284
0.23997
0.23577
0.22343
0.22302
0.22343
0.22330
0.23400
0.23421
0.22503
0.22503
0.21675
0.21578
0.21661
0.20957
0.20252
0.20252
0.22322
0.21214
0.22865
0.21220
0.21616
0.21616
0.21688
0.20182
0.20182
0.21271
0.21271
0.21113
0.21113
0.21141
0.21116
0.21372
0.20948
0.22478
0.21945
0.22523
0.22523
0.20679
0.20679
0.20679
0.20679
0.20680
0.20538
0.19056
0.17605
0.18344
0.14443
0.14594
0.14635
0.14639
0.15435
0.17175
0.17674
0.17677
0.17849
0.19192
0.19192
0.16895
0.18122
0.18122
0.18141
0.17755
0.17776
0.18590
0.18576
0.19256
0.18737
0.18775
0.22935
0.22947
0.21677
0.21260
0.19803
0.19282
0.18655
0.17610
0.17612
0.18820
0.15640
0.15635
0.15485
0.15352
0.15352
0.15235
0.15816
0.15067
0.15532
0.15098
0.14440
0.14161
0.12129
0.12026
0.12445
0.12624
0.12234
0.13408
0.11997
0.11881
0.11880
0.11869
0.11881
0.11881
0.11822
0.12433
0.12471
0.12023
0.11086
0.09560
0.09560
0.10033
0.11034
0.10702
0.10719
0.11771
0.12269
0.12269
0.12273
0.12966
0.13220
0.12764
0.12759
0.13272
0.13222
0.13222
0.13222
0.12776
0.14404
0.14725
0.16710
0.16720
0.17171
0.17357
0.17546
0.19264
0.19038
0.18073
0.18547
0.16662
0.16653
0.17912
0.17878
0.18457
0.19067
0.18348
0.17862
0.17879
0.17336
0.17361
0.17446
0.17444
0.17607
0.19634
0.20898
0.20897
0.22778
0.22061
0.22061
0.24151
0.23228
0.23228
0.23286
0.23467
0.23536
0.22407
0.21924
0.21924
0.21955
0.22032
0.22315
0.22300
0.22657
0.22662
0.22657
0.24186
0.24071
0.23567
0.24043
0.24071
0.26671
0.26669
0.26919
0.28323
0.28323
0.28244
0.28233
0.28233
0.28082
0.28082
0.26120
0.27062
0.27067
0.27062
0.26803
0.26274
0.26275
0.26293
0.26350
0.25179
0.25170
0.24741
0.24632
0.24632
0.25556
0.25615
0.25147
0.25147
0.25600
0.25600
0.25600
0.24326
0.24013
0.21808
0.22635
0.22595
0.21655
0.21655
0.21568
0.20681
0.22134
0.24001
0.23998
0.24274
0.23947
0.25810
0.26321
0.27592
0.28429
0.27821
0.27430
0.27430
0.27713
0.27717
0.29645
0.29634
0.29426
0.28947
0.28750
0.28947
0.28947
0.28977
0.30555
0.30555
0.31302
0.31309
0.32611
0.33612
0.33612
0.33012
0.33240
0.32574
0.32573
0.31319
0.30912
0.30912
0.31844
0.32037
0.31844
0.31876
0.32106
0.32333
0.34542
0.34542
0.34850
0.34803
0.34778
0.33011
0.33018
0.33590
0.33590
0.32911
0.32100
0.32100
0.33351
0.33351
0.33351
0.33471
0.35222
0.35222
0.33791
0.33791
0.32618
0.29449
0.28921
0.30071
0.30170
0.29411
0.29932
0.29966
0.29966
0.30844
0.29404
0.29395
0.29379
0.27333
0.26710
0.26783
0.26789
0.27202
0.27296
0.28518
0.28426
0.28027
0.25850
0.25854
0.23756
0.25836
0.25847
0.25847
0.25847
0.27159
0.27407
0.27374
0.27173
0.27817
0.28084
0.27288
0.25829
0.25788
0.25788
0.25788
0.22924
0.22914
0.23054
0.22134
0.22048
0.22659
0.22582
0.22073
0.23082
0.23082
0.24479
0.24883
0.25417
0.25481
0.25748
0.26951
0.27397
0.26705
0.26695
0.26723
0.25848
0.25851
0.25851
0.25908
0.25462
0.25449
0.24471
0.24342
0.24342
0.24988
0.24248
0.21577
0.21046
0.21577
0.22295
0.25540
0.25540
0.25540
0.25526
0.27272
0.27272
0.27272
0.26880
0.26669
0.26605
0.26669
0.30765
0.32197
0.31420
0.32082
0.32053
0.30600
0.30268
0.30171
0.28725
0.28725
0.29365
0.28922
0.28922
0.29206
0.30251
0.30762
0.29390
0.29458
0.30284
0.30381
0.30657
0.29575
0.29169
0.29169
0.29169
0.29169
0.29131
0.29168
0.28465
0.28465
0.27983
0.27983
0.30375
0.30396
0.30456
0.31040
0.31040
0.31040
0.30561
0.30557
0.32313
0.32265
0.31103
0.31844
0.31947
0.31818
0.31818
0.31818
0.35666
0.34249
0.32513
0.32482
0.31469
0.30311
0.30287
0.30311
0.30826
0.30842
0.30842
0.29624
0.29627
0.29566
0.30983
0.30983
0.30983
0.30982
0.30983
0.30499
0.27928
0.27985
0.25476
0.25471
0.23841
0.23841
0.23841
0.24972
0.24935
0.27483
0.27512
0.28027
0.27325
0.27739
0.26507
0.26494
0.26196
0.26134
0.26619
0.26055
0.25396
0.25234
0.25500
0.25271
0.25281
0.25035
0.25066
0.26426
0.24967
0.26226
0.25646
0.26148
0.24462
0.24460
0.25296
0.24747
0.23979
0.23161
0.23161
0.23161
0.23161
0.23161
0.22598
0.22289
0.22353
0.22281
0.21557
0.22935
0.23795
0.25304
0.25304
0.25338
0.26105
0.26151
0.24412
0.24412
0.23286
0.22163
0.21114
0.21114
0.21114
0.20291
0.20558
0.20557
0.20377
0.22120
0.19953
0.18699
0.17822
0.17822
0.19774
0.20041
0.21051
0.21846
0.21846
0.21851
0.22410
0.21397
0.21578
0.21571
0.21529
0.21044
0.21601
0.21601
0.21816
0.25178
0.24313
0.23220
0.23220
0.23373
0.23829
0.26442
0.29695
0.30000
0.31388
0.30554
0.30750
0.31225
0.33655
0.32687
0.33076
0.33414
0.33381
0.33170
0.34194
0.33613
0.31784
0.31747
0.30235
0.30641
0.31289
0.32319
0.32635
0.31738
0.29954
0.26931
0.26931
0.26931
0.26931
0.28615
0.28351
0.28615
0.28450
0.28450
0.29284
0.27627
0.27328
0.28528
0.30411
0.29880
0.29948
0.29950
0.29966
0.29948
0.31102
0.31102
0.31402
0.31399
0.32040
0.31554
0.29252
0.27960
0.27736
0.27742
0.25353
0.25357
0.25374
0.25345
0.25357
0.27082
0.25984
0.26031
0.24637
0.26700
0.26698
0.25188
0.25222
0.23957
0.23941
0.22393
0.21998
0.21515
0.20647
0.20784
0.20786
0.20784
0.21355
0.21003
0.21009
0.21243
0.21817
0.22383
0.21249
0.20986
0.20986
0.21373
0.20035
0.22723
0.21753
0.21603
0.22023
0.22773
0.22773
0.23379
0.25087
0.24670
0.24670
0.22408
0.22175
0.22174
0.21112
0.19903
0.19303
0.19109
0.17719
0.18206
0.15917
0.15825
0.15825
0.16626
0.16619
0.16619
0.18411
0.18411
0.18411
0.20188
0.20188
0.19578
0.18562
0.18737
0.20223
0.20051
0.20435
0.20435
0.20358
0.18768
0.18770
0.19106
0.20963
0.21064
0.20872
0.20778
0.23199
0.23916
0.23861
0.23780
0.21779
0.21783
0.21915
0.20892
0.20892
0.21238
0.20394
0.20382
0.20407
0.20425
0.20386
0.20773
0.19603
0.20258
0.20817
0.20743
0.20682
0.20682
0.21199
0.22330
0.22770
0.22767
0.23633
0.23971
0.22902
0.22569
0.22583
0.22139
0.22364
0.21180
0.21145
0.20949
0.21445
0.21074
0.20071
0.19949
0.20104
0.20450
0.19471
0.19408
0.16549
0.16044
0.14996
0.15277
0.14394
0.14448
0.14455
0.14451
0.15053
0.15052
0.15052
0.16121
0.16129
0.17681
0.16887
0.17371
0.16255
0.16355
0.16369
0.15983
0.15983
0.15983
0.17350
0.17351
0.17351
0.17120
0.17346
0.17913
0.18184
0.18184
0.18700
0.18074
0.19279
0.19781
0.19924
0.19906
0.19644
0.18114
0.18115
0.16817
0.16763
0.16762
0.16762
0.16373
0.16487
0.16334
0.15130
0.15709
0.14052
0.14388
0.14404
0.13856
0.13154
0.12289
0.11681
0.11681
0.11664
0.11527
0.11732
0.12043
0.12011
0.12113
0.13183
0.12720
0.11607
0.09384
0.09469
0.09476
0.08345
0.07120
0.07875
0.08088
0.08088
0.08057
0.08088
0.08567
0.09699
0.09037
0.10882
0.09450
0.10974
0.10974
0.10893
0.12652
0.12876
0.13595
0.13798
0.13056
0.12008
0.11913
0.11882
0.12661
0.12787
0.12354
0.11013
0.11400
0.11400
0.11400
0.09637
0.09625
0.09733
0.10112
0.11660
0.11655
0.10522
0.09777
0.09874
0.10565
0.10968
0.10691
0.10455
0.07232
0.08285
0.08285
0.08233
0.07546
0.06947
0.07529
0.05665
0.06195
0.05347
0.03875
0.02578
0.02581
0.02684
0.02634
0.01752
0.03150
0.02072
0.01439
0.01442
0.01152
0.00000
0.00000
0.00000
0.00000
0.00000
0.00000
0.00000
0.00691
0.00754
0.00749
0.00749
0.00749
0.01240
0.01147
0.00000
0.01035
0.00801
0.01342
0.03791
0.02609
0.00320
0.00038
0.00942
0.00991
0.00781
0.00600
0.00570
0.00601
0.00911
0.00000
0.00000
0.01241
0.01276
0.01233
0.00893
0.00885
0.02299
0.01718
0.01364
0.00397
0.00851
0.00867
0.00014
0.00000
0.00643
0.00297
0.00249
0.00010
0.00000
0.00134
0.00000
0.00000
0.00000
0.00711
0.00000
0.00000
0.00000
0.00000
0.00166
0.00001
0.00000
0.00000
0.00850
0.00850
0.00190
0.00071
0.00535
0.00848
0.00937
0.00856
0.03071
0.03993
0.03835
0.01960
0.02645
0.02656
0.03295
0.03938
0.03938
0.03929
0.03905
0.04270
0.05550
0.04343
0.04343
0.05755
0.05952
0.05755
0.05991
0.06019
0.04804
0.02503
0.02503
0.02503
0.02503
0.02878
0.02657
0.02700
0.02597
0.02601
0.02974
0.01227
0.01227
0.01169
0.01227
0.01238
0.01227
0.01204
0.02031
0.02716
0.01477
0.01477
0.02279
0.02279
0.01837
0.01698
0.02553
0.00452
0.00738
0.00738
0.01938
0.00947
0.01367
0.00336
0.00336
0.00337
0.00336
0.02285
0.03050
0.03050
0.03372
0.03394
0.02819
0.02861
0.02819
0.03178
0.03195
0.02640
0.02462
0.01161
0.02559
0.02420
0.08273
0.08309
0.08359
0.07654
0.08358
0.09936
0.09936
0.10687
0.11264
0.11264
0.07864
0.08312
0.08312
0.08312
0.09012
0.07823
0.08643
0.06159
0.04466
0.04099
0.06318
0.06323
0.06903
0.09028
0.07534
0.05640
0.06094
0.06094
0.06669
0.06606
0.11077
0.07794
0.06767
0.10745
0.11377
0.11377
0.11380
0.09232
0.09560
0.09557
0.09557
0.09557
0.09876
0.09814
0.11546
0.11240
0.10233
0.09152
0.09473
0.09493
0.10544
0.10701
0.10544
0.10544
0.09959
0.08098
0.08098
0.07071
0.05732
0.05706
0.06199
0.06594
0.06594
0.05365
0.04242
0.04242
0.04655
0.03520
0.03520
0.02735
0.02735
0.04594
0.03965
0.03965
0.03962
0.05096
0.05775
0.06739
0.06911
0.06776
0.06776
0.06629
0.07531
0.09089
0.10157
0.09190
0.08664
0.08738
0.08960
0.08960
0.08960
0.08052
0.06801
0.06893
0.06893
0.05749
0.06236
0.07690
0.08537
0.09531
0.09441
0.11165
0.11150
0.12087
0.12087
0.11986
0.11534
0.11665
0.11534
0.11709
0.12363
0.12607
0.12716
0.13595
0.12356
0.08910
0.08082
0.08082
0.08082
0.10432
0.10558
0.10502
0.09764
0.09727
0.10809
0.10499
0.10499
0.10152
0.09798
0.11620
0.11763
0.10094
0.09983
0.10048
0.09933
0.10958
0.10419
0.09021
0.09035
0.09035
0.10962
0.09548
0.09157
0.08670
0.08624
0.09224
0.09621
0.10012
0.09199
0.07892
0.07287
0.06778
0.06778
0.07315
0.07357
0.08017
0.08323
0.08757
0.08890
0.10448
0.10926
0.10940
0.09672
0.07785
0.03242
0.01169
0.01597
0.00398
0.00892
0.02139
0.02139
0.02597
0.03386
0.03387
0.02514
0.02835
0.02999
0.04990
0.04445
0.04790
0.04688
0.04337
0.05247
0.07237
0.07022
0.07432
0.07094
0.07129
0.07178
0.07178
0.07178
0.10237
0.08946
0.08943
0.08750
0.07977
0.07999
0.10287
0.10020
0.09972
0.10726
0.10726
0.10883
0.11074
0.10077
0.10358
0.12081
0.12078
0.12078
0.13056
0.11613
0.12215
0.12215
0.11127
0.11127
0.11227
0.10108
0.08700
0.08700
0.06960
0.06680
0.07181
0.08116
0.08885
0.07738
0.10245
0.08729
0.08539
0.08314
0.08225
0.08605
0.08013
0.07367
0.07285
0.07336
0.07336
0.06512
0.06512
0.07370
0.06956
0.09709
0.09940
0.09940
0.09938
0.09669
0.09600
0.08834
0.08937
0.11145
0.11142
0.09870
0.09880
0.09880
0.09880
0.09880
0.12555
0.12250
0.12549
0.13142
0.13753
0.13739
0.13739
0.13471
0.13468
0.13731
0.13730
0.13426
0.13383
0.13376
0.13395
0.13387
0.13581
0.10238
0.10590
0.10613
0.10839
0.10856
0.10838
0.10045
0.10081
0.11875
0.11891
0.11891
0.09137
0.11715
0.13310
0.13531
0.13531
0.13651
0.13651
0.13651
0.13393
0.13315
0.13932
0.13932
0.13932
0.11690
0.11748
0.12329
0.12329
0.11763
0.12443
0.12444
0.12444
0.10989
0.10739
0.10740
0.10553
0.10232
0.10084
0.09767
0.08412
0.10729
0.10729
0.10729
0.10474
0.10504
0.10803
0.10803
0.10968
0.10100
0.11527
0.11527
0.11527
0.12316
0.12351
0.12546
0.12544
0.11587
0.11587
0.10900
0.10955
0.10955
0.10955
0.10134
0.10532
0.13323
0.13320
0.13387
0.10753
0.13381
0.13215
0.13834
0.11350
0.09478
0.09996
0.09335
0.08798
0.07151
0.08496
0.05652
0.04302
0.04297
0.04285
0.05077
0.04723
0.04858
0.05302
0.06317
0.08131
0.08388
0.05787
0.05679
0.05671
0.04676
0.04455
0.05143
0.06739
0.04438
0.04512
0.04723
0.03595
0.02435
0.01293
0.03291
0.04230
0.04809
0.04838
0.05793
0.08277
0.09087
0.09101
0.10364
0.10312
0.10312
0.10292
0.12643
0.12643
0.12537
0.12643
0.12643
0.13398
0.13398
0.13398
0.14181
0.13902
0.13903
0.15760
0.13213
0.15955
0.15955
0.17649
0.17982
0.18280
0.16774
0.16733
0.16239
0.16750
0.19461
0.19050
0.19030
0.19255
0.17973
0.17973
0.17130
0.16680
0.16932
0.14794
0.15235
0.15358
0.15082
0.15387
0.16549
0.15900
0.15900
0.14507
0.14926
0.15737
0.14862
0.14713
0.11152
0.12033
0.11123
0.11963
0.12933
0.13304
0.13160
0.13555
0.12908
0.13102
0.14797
0.14803
0.17144
0.17602
0.17843
0.17843
0.16355
0.14694
0.14253
0.12508
0.13191
0.13517
0.13528
0.13528
0.13528
0.13343
0.13351
0.13169
0.14141
0.14141
0.15198
0.15335
0.15336
0.14864
0.13903
0.13416
0.11806
0.12068
0.10142
0.10251
0.09251
0.09251
0.09527
0.08707
0.08590
0.08590
0.08311
0.06541
0.05967
0.05830
0.03310
0.03456
0.04328
0.03610
0.03604
0.03274
0.05102
0.03977
0.00000
0.00007
0.00000
0.01480
0.03827
0.03164
0.03707
0.03355
0.07014
0.06180
0.06175
0.06429
0.06437
0.06432
0.06614
0.07103
0.07271
0.03696
0.03669
0.03669
0.03669
0.03898
0.03796
0.05354
0.07427
0.08856
0.09206
0.08741
0.08749
0.08400
0.11528
0.11649
0.11685
0.11339
0.13203
0.12232
0.13559
0.13666
0.13662
0.12874
0.12874
0.13102
0.13253
0.11574
0.11574
0.10523
0.10523
0.10523
0.13896
0.13234
0.13234
0.13495
0.13909
0.12323
0.12323
0.12667
0.12231
0.13744
0.13627
0.14120
0.15444
0.15427
0.15972
0.16023
0.16033
0.16572
0.17524
0.17073
0.16815
0.13841
0.14990
0.15541
0.12486
0.15634
0.16905
0.17504
0.17800
0.18044
0.18042
0.20766
0.20766
0.19055
0.19450
0.19322
0.19465
0.19465
0.19465
0.20357
0.20357
0.20496
0.17763
0.18459
0.18459
0.18459
0.17417
0.17006
0.17006
0.17127
0.16344
0.14964
0.12796
0.11006
0.11092
0.09951
0.11334
0.11270
0.12668
0.11872
0.12474
0.12563
0.10396
0.11455
0.11455
0.12513
0.12749
0.12426
0.10552
0.11707
0.10265
0.09980
0.09831
0.08663
0.08302
0.08324
0.10686
0.10284
0.10279
0.08617
0.07595
0.07527
0.07934
0.06391
0.05120
0.03868
0.03973
0.06903
0.06903
0.06903
0.07740
0.08821
0.08869
0.08011
0.07959
0.08615
0.08796
0.08795
0.10530
0.10591
0.12472
0.12415
0.12417
0.11326
0.10443
0.09614
0.09614
0.11024
0.09709
0.09174
0.08958
0.08958
0.08789
0.07577
0.06948
0.06948
0.06948
0.08946
0.08943
0.08941
0.08941
0.08941
0.08941
0.10152
0.10797
0.11450
0.11450
0.10912
0.10793
0.10912
0.11063
0.10989
0.10009
0.08745
0.10634
0.13449
0.12939
0.14603
0.16604
0.16604
0.18118
0.15163
0.15448
0.15032
0.15585
0.16127
0.16985
0.17114
0.17114
0.17114
0.17686
0.16304
0.16936
0.17825
0.17009
0.17102
0.16352
0.16280
0.16420
0.16331
0.16333
0.15424
0.15424
0.13798
0.14243
0.13685
0.13800
0.13926
0.12830
0.10180
0.10189
0.11020
0.10705
0.10734
0.10734
0.11489
0.11483
0.12475
0.12161
0.12470
0.12341
0.12475
0.11865
0.12846
0.12715
0.12784
0.12784
0.11654
0.12390
0.12390
0.12390
0.11946
0.11550
0.11732
0.10653
0.10653
0.10755
0.10755
0.10755
0.10713
0.10669
0.10669
0.10669
0.10669
0.11111
0.11230
0.11230
0.10546
0.10606
0.12771
0.13217
0.12955
0.11521
0.13839
0.13421
0.13629
0.12914
0.14507
0.14533
0.14886
0.15514
0.17297
0.17158
0.16861
0.19326
0.20328
0.19940
0.19945
0.21617
0.20092
0.21506
0.20709
0.20578
0.21826
0.19479
0.18748
0.16832
0.16634
0.13709
0.13232
0.12905
0.13144
0.12441
0.12441
0.10691
0.11430
0.11404
0.11434
0.10897
0.10144
0.10106
0.10106
0.10484
0.11527
0.10096
0.10096
0.11015
0.10814
0.10189
0.09389
0.09101
0.08856
0.10079
0.10866
0.12307
0.12102
0.12104
0.12318
0.12309
0.12309
0.12309
0.12814
0.09045
0.08915
0.09557
0.11736
0.11736
0.11736
0.11736
0.11736
0.13523
0.13523
0.13492
0.12860
0.12842
0.13722
0.13376
0.12196
0.11653
0.08936
0.09223
0.10982
0.10982
0.10982
0.11337
0.11156
0.10933
0.10913
0.11702
0.10556
0.10469
0.10459
0.10459
0.10469
0.09808
0.09808
0.09319
0.09214
0.08453
0.08447
0.08447
0.08447
0.10751
0.10749
0.09517
0.09517
0.09050
0.09042
0.09629
0.08955
0.08674
0.08631
0.07808
0.07864
0.07864
0.07037
0.07915
0.08204
0.08056
0.08056
0.07728
0.04525
0.04524
0.06040
0.03976
0.04929
0.06086
0.04409
0.02547
0.02259
0.00448
0.00421
0.00444
0.03534
0.01029
0.01013
0.00001
0.00000
0.00286
0.00275
0.00275
0.00275
0.00123
0.00348
0.00321
0.00000
0.01193
0.01343
0.02201
0.02211
0.04124
0.04114
0.02512
0.02512
0.03463
0.04389
0.04370
0.03539
0.03756
0.04020
0.03501
0.03822
0.03682
0.01599
0.01604
0.02594
0.01544
0.01609
0.01815
0.01796
0.00787
0.00787
0.00983
0.00983
0.00983
0.00365
0.00358
0.00323
0.00773
0.00809
0.01255
0.00657
0.00831
0.02236
0.02396
0.02396
0.02396
0.02396
0.02396
0.02396
0.02396
0.03777
0.04213
0.07077
0.07870
0.07870
0.07870
0.07377
0.05977
0.06286
0.06286
0.06268
0.06329
0.08502
0.08502
0.09520
0.09446
0.09873
0.12339
0.13767
0.12972
0.12509
0.12559
0.13063
0.12892
0.13930
0.13722
0.13930
0.13983
0.13983
0.13983
0.15015
0.15005
0.14528
0.15284
0.15130
0.16083
0.15871
0.15596
0.15803
0.17156
0.16728
0.17086
0.19371
0.19342
0.20000
0.19371
0.18753
0.18613
0.18753
0.19816
0.19415
0.19120
0.17195
0.15994
0.14861
0.17924
0.19116
0.19116
0.19115
0.19116
0.19114
0.19605
0.19612
0.17861
0.18240
0.18240
0.18240
0.17788
0.17788
0.18889
0.19047
0.18344
0.19127
0.19127
0.18664
0.18035
0.18035
0.16083
0.15018
0.14563
0.15793
0.15739
0.13318
0.13531
0.13672
0.13982
0.16587
0.17377
0.17059
0.18616
0.19733
0.18902
0.18926
0.18473
0.16746
0.16488
0.16243
0.14792
0.16308
0.16876
0.17275
0.17327
0.17652
0.18267
0.19156
0.18956
0.19803
0.19803
0.19701
0.19694
0.19235
0.18667
0.17525
0.17517
0.17982
0.18958
0.18955
0.17320
0.17320
0.16903
0.16664
0.17552
0.18808
0.19128
0.19122
0.19116
0.19351
0.20848
0.22013
0.21681
0.21681
0.22945
0.22907
0.24165
0.24165
0.24165
0.24173
0.24165
0.24165
0.23785
0.23792
0.25153
0.24955
0.22112
0.22812
0.20992
0.20809
0.22892
0.23695
0.24091
0.23173
0.23051
0.22825
0.22586
0.22689
0.22901
0.22045
0.22644
0.22650
0.22786
0.21852
0.21852
0.22182
0.22504
0.22444
0.20357
0.20328
0.20322
0.22296
0.21287
0.21269
0.21287
0.20089
0.20089
0.18842
0.19422
0.19423
0.19755
0.20299
0.20299
0.19226
0.18934
0.18737
0.18934
0.18789
0.17231
0.16006
0.16006
0.16416
0.16383
0.16383
0.15810
0.15481
0.16011
0.19390
0.19390
0.18652
0.18692
0.18649
0.18652
0.18484
0.18553
0.19370
0.19275
0.19275
0.19841
0.18492
0.18494
0.18494
0.18494
0.18494
0.18382
0.18382
0.17538
0.17530
0.17538
0.16472
0.16472
0.16472
0.16975
0.16916
0.16886
0.16886
0.16823
0.15781
0.19859
0.20371
0.20371
0.20371
0.22575
0.22575
0.20480
0.21107
0.21105
0.24777
0.24421
0.24359
0.24832
0.24832
0.24239
0.24239
0.24118
0.24672
0.24672
0.24739
0.25216
0.24590
0.29172
0.29654
0.29654
0.29571
0.31562
0.31823
0.31328
0.31328
0.31962
0.33458
0.33760
0.33735
0.33734
0.34058
0.34058
0.34058
0.34058
0.33704
0.31215
0.31117
0.31043
0.32308
0.32250
0.32583
0.32227
0.30671
0.30636
0.30562
0.30562
0.31004
0.30823
0.30718
0.32576
0.32834
0.33907
0.34680
0.35906
0.35848
0.34694
0.36180
0.38251
0.36889
0.39125
0.37953
0.37933
0.37953
0.37904
0.37181
0.37861
0.38188
0.39675
0.39675
0.39718
0.39675
0.39851
0.40461
0.39759
0.39743
0.38629
0.38571
0.38891
0.39045
0.37253
0.37253
0.38016
0.39422
0.39793
0.39467
0.39451
0.39450
0.38412
0.40434
0.40434
0.40234
0.40077
0.40068
0.41073
0.41895
0.41873
0.41143
0.39308
0.39308
0.39308
0.38628
0.38194
0.38193
0.38216
0.38744
0.40374
0.38610
0.36439
0.36439
0.37948
0.35862
0.38073
0.36389
0.36410
0.37699
0.39079
0.39656
0.40043
0.39666
0.39298
0.39373
0.38984
0.39599
0.38471
0.38471
0.38471
0.41984
0.42607
0.43935
0.43944
0.44069
0.43188
0.42414
0.42414
0.42414
0.41240
0.40514
0.40939
0.41048
0.37677
0.37677
0.39365
0.37621
0.37593
0.37846
0.38670
0.41205
0.39157
0.36796
0.35232
0.36886
0.38000
0.38944
0.38125
0.38603
0.39191
0.38525
0.37779
0.37780
0.37779
0.38687
0.40381
0.40140
0.38562
0.38561
0.39761
0.39042
0.38814
0.37513
0.37217
0.37199
0.37214
0.37199
0.37199
0.36297
0.36889
0.37646
0.37867
0.37761
0.37759
0.37767
0.39387
0.39387
0.39291
0.41211
0.40456
0.40440
0.39155
0.38724
0.38732
0.38137
0.38137
0.39637
0.38577
0.39359
0.39338
0.39076
0.39338
0.39338
0.39345
0.40415
0.40401
0.40491
0.40660
0.42691
0.41735
0.41263
0.41505
0.41773
0.41773
0.41773
0.41773
0.42045
0.41423
0.41423
0.40419
0.39938
0.39937
0.39088
0.38886
0.39175
0.38853
0.38751
0.37691
0.38668
0.38612
0.38722
0.38722
0.38722
0.39137
0.39725
0.39430
0.40568
0.42077
0.42055
0.41105
0.38619
0.38619
0.35728
0.35728
0.35708
0.35250
0.34621
0.34424
0.34621
0.33058
0.33041
0.33041
0.33319
0.33796
0.35030
0.34897
0.35356
0.35842
0.35887
0.35642
0.35538
0.35657
0.36724
0.37929
0.37688
0.37744
0.39864
0.40968
0.39417
0.38706
0.38958
0.38958
0.38891
0.40122
0.40844
0.40641
0.40295
0.40233
0.40237
0.42365
0.42134
0.42105
0.42132
0.41111
0.41912
0.40084
0.39493
0.40497
0.41699
0.41699
0.40415
0.41532
0.41387
0.41604
0.39917
0.39689
0.39667
0.39664
0.40286
0.39269
0.39376
0.39501
0.39463
0.40308
0.39409
0.39409
0.38929
0.38967
0.38799
0.38978
0.38968
0.38967
0.38967
0.39015
0.38962
0.38669
0.38669
0.38669
0.39530
0.39182
0.38124
0.38124
0.38124
0.37119
0.37119
0.36880
0.34359
0.36448
0.35764
0.34615
0.36277
0.35058
0.36215
0.35819
0.35819
0.35819
0.34211
0.33944
0.34944
0.32293
0.31403
0.31335
0.31330
0.31330
0.29476
0.28266
0.25771
0.25722
0.25714
0.25714
0.25943
0.25805
0.25807
0.24550
0.23449
0.23449
0.23465
0.21999
0.22631
0.20502
0.19630
0.19630
0.19833
0.21286
0.17367
0.17456
0.17313
0.17309
0.15638
0.17641
0.21323
0.22297
0.22425
0.20628
0.20585
0.20525
0.20628
0.21203
0.21701
0.21701
0.21215
0.21266
0.21269
0.19794
0.19335
0.17242
0.15976
0.14298
0.14300
0.12014
0.12032
0.11998
0.12683
0.12686
0.12616
0.12664
0.13081
0.13659
0.13901
0.13442
0.12780
0.12042
0.12433
0.12518
0.12517
0.12648
0.12517
0.12517
0.14495
0.15251
0.15983
0.15044
0.13960
0.14311
0.15555
0.15767
0.15762
0.16827
0.16694
0.16709
0.16610
0.16843
0.17425
0.17465
0.17835
0.17860
0.19864
0.18414
0.19959
0.19958
0.19077
0.19291
0.19731
0.20479
0.17649
0.17661
0.18825
0.19983
0.19787
0.19787
0.18683
0.18683
0.20029
0.21083
0.22111
0.22111
0.21549
0.20662
0.22476
0.20521
0.21201
0.21201
0.21150
0.19875
0.18908
0.18176
0.18132
0.19291
0.18163
0.18161
0.18171
0.18879
0.19204
0.19217
0.17360
0.16918
0.17040
0.17185
0.17040
0.17868
0.18086
0.16836
0.18940
0.18229
0.19307
0.19307
0.19307
0.19413
0.17267
0.18507
0.18566
0.18471
0.16941
0.16468
0.15844
0.17047
0.17460
0.17460
0.17939
0.17251
0.19364
0.17881
0.17672
0.17594
0.17063
0.17063
0.17380
0.16982
0.17494
0.17411
0.16673
0.16734
0.16455
0.16455
0.16279
0.16455
0.16455
0.17635
0.17644
0.17644
0.17629
0.18731
0.20026
0.20078
0.18654
0.16643
0.16628
0.16672
0.14966
0.17105
0.18118
0.19688
0.19731
0.20445
0.20425
0.18583
0.18358
0.18342
0.17993
0.18027
0.17981
0.17993
0.17033
0.14565
0.13117
0.12973
0.12304
0.12304
0.12020
0.11911
0.11435
0.09630
0.08543
0.07058
0.06389
0.06389
0.06457
0.04622
0.04622
0.05535
0.05535
0.03003
0.02417
0.03100
0.02951
0.03100
0.03100
0.03100
0.02956
0.02936
0.04187
0.04216
0.05664
0.05668
0.05078
0.05266
0.06883
0.04697
0.04630
0.04642
0.07303
0.05726
0.07139
0.07139
0.07139
0.07139
0.09015
0.09015
0.07183
0.08113
0.07397
0.07396
0.06782
0.07467
0.07188
0.06362
0.06295
0.06369
0.09202
0.07999
0.07813
0.07813
0.07764
0.07751
0.09574
0.11924
0.11710
0.07719
0.07719
0.05193
0.05201
0.05194
0.06177
0.06177
0.06177
0.08297
0.08119
0.08032
0.08112
0.09092
0.10377
0.10611
0.10252
0.10713
0.09771
0.09771
0.11282
0.11186
0.09850
0.09772
0.09450
0.08421
0.08699
0.08893
0.09243
0.09314
0.09027
0.08914
0.07183
0.06153
0.06075
0.06076
0.04227
0.04223
0.04227
0.03858
0.04458
0.05379
0.04359
0.03420
0.03420
0.03901
0.05149
0.04926
0.05575
0.04100
0.05934
0.06701
0.06715
0.06697
0.08312
0.11021
0.11033
0.11183
0.11429
0.11426
0.11426
0.11251
0.10271
0.10302
0.10274
0.11214
0.10780
0.10490
0.09187
0.09191
0.09797
0.09107
0.07179
0.07179
0.07179
0.07607
0.08434
0.08553
0.09459
0.09446
0.09437
0.08958
0.09007
0.09007
0.09007
0.08351
0.08607
0.07913
0.07588
0.07588
0.08671
0.08910
0.08583
0.08220
0.06238
0.05269
0.05269
0.05267
0.05265
0.05256
0.05452
0.06287
0.07657
0.06362
0.06266
0.06363
0.06363
0.06362
0.06482
0.06482
0.06482
0.02434
0.06133
0.02138
0.02138
0.01197
0.01180
0.01197
0.01344
0.01864
0.01446
0.01223
0.02382
0.02382
0.00408
0.00408
0.00408
0.00000
0.00000
0.00414
0.00046
0.00881
0.04710
0.06738
0.06726
0.06735
0.06947
0.05808
0.04896
0.04594
0.04934
0.05507
0.06678
0.06678
0.06678
0.07611
0.06678
0.06286
0.07389
0.06774
0.06217
0.05360
0.06693
0.06727
0.06664
0.07736
0.08629
0.08629
0.08629
0.08629
0.07929
0.07876
0.09606
0.09606
0.09758
0.09833
0.10727
0.11640
0.14434
0.14434
0.14902
0.13840
0.14736
0.11344
0.11547
0.11437
0.11788
0.11788
0.11854
0.11362
0.09616
0.09452
0.09489
0.09489
0.09481
0.09463
0.07851
0.11172
0.10118
0.07605
0.07644
0.08001
0.08244
0.07759
0.07205
0.06651
0.08153
0.04207
0.04207
0.04336
0.01596
0.02043
0.00000
0.00000
0.00325
0.00323
0.01879
0.01950
0.03514
0.03514
0.02808
0.02797
0.01929
0.03109
0.03607
0.06418
0.06419
0.06419
0.06419
0.06211
0.06596
0.07710
0.07710
0.08032
0.08102
0.06698
0.09352
0.09756
0.10923
0.10288
0.12422
0.12417
0.12417
0.12357
0.12214
0.12172
0.12172
0.12172
0.11885
0.11805
0.11559
0.11552
0.12741
0.12741
0.12744
0.13610
0.11936
0.12053
0.12673
0.13346
0.14393
0.11964
0.13772
0.14072
0.15219
0.15898
0.16207
0.15650
0.15650
0.15585
0.14760
0.13856
0.14157
0.15647
0.14244
0.14413
0.14339
0.14338
0.15596
0.12537
0.12666
0.13333
0.13333
0.13349
0.11937
0.11895
0.11868
0.11895
0.11895
0.11895
0.11888
0.11536
0.11489
0.12209
0.11867
0.11179
0.10541
0.09494
0.11253
0.10960
0.11331
0.11327
0.09451
0.07223
0.07023
0.07853
0.09823
0.09826
0.11242
0.08828
0.08888
0.07914
0.09914
0.08361
0.09004
0.09004
0.09005
0.09398
0.09060
0.07602
0.07602
0.08186
0.07688
0.07688
0.07987
0.08525
0.08525
0.09906
0.08790
0.08607
0.08136
0.07581
0.07850
0.08357
0.08546
0.08505
0.08466
0.08466
0.08465
0.08466
0.09347
0.09342
0.09338
0.08602
0.08602
0.11507
0.11500
0.12098
0.13707
0.13631
0.13093
0.13095
0.13662
0.13662
0.13662
0.14088
0.14253
0.14253
0.12863
0.12626
0.12686
0.12648
0.13393
0.13393
0.13377
0.12989
0.12834
0.12989
0.10337
0.10226
0.11022
0.11220
0.11220
0.11220
0.11220
0.11220
0.11637
0.12208
0.11541
0.11805
0.13683
0.14084
0.14084
0.13747
0.13297
0.14741
0.14950
0.14143
0.14464
0.14145
0.14108
0.14094
0.13201
0.14584
0.13946
0.13739
0.12151
0.11985
0.11890
0.11890
0.11991
0.11996
0.12955
0.12961
0.12955
0.12955
0.13388
0.13072
0.13072
0.13541
0.12899
0.10738
0.10806
0.10532
0.10515
0.10532
0.10442
0.09859
0.07811
0.07811
0.06669
0.06789
0.07480
0.07480
0.08328
0.07322
0.07312
0.06473
0.06619
0.05870
0.08780
0.08826
0.08896
0.09290
0.10207
0.10310
0.10314
0.11321
0.10863
0.10857
0.09847
0.10630
0.11902
0.11905
0.12653
0.13150
0.13951
0.13780
0.15371
0.14404
0.14413
0.14367
0.15000
0.16529
0.16608
0.14563
0.13792
0.14794
0.14795
0.14055
0.15436
0.15017
0.15809
0.15797
0.13946
0.11314
0.13669
0.15245
0.14763
0.14754
0.16696
0.16884
0.17160
0.16259
0.16706
0.13306
0.13290
0.13290
0.12046
0.14375
0.14408
0.14417
0.12816
0.12185
0.12866
0.14799
0.16870
0.16985
0.15896
0.14420
0.14420
0.14420
0.15458
0.15173
0.16626
0.16626
0.16565
0.16463
0.15179
0.15611
0.12220
0.12732
0.10819
0.10819
0.10819
0.11571
0.10713
0.11127
0.11129
0.11577
0.11339
0.10617
0.10626
0.10731
0.09934
0.07652
0.07788
0.05856
0.06381
0.07677
0.04153
0.04482
0.04081
0.04081
0.04388
0.05329
0.05369
0.05329
0.02722
0.01306
0.02577
0.01348
0.01600
0.01619
0.01330
0.01121
0.00000
0.00000
0.00983
0.02949
0.02973
0.01742
0.01140
0.01204
0.00905
0.01019
0.00972
0.00964
0.02416
0.00028
0.00001
0.01171
0.01171
0.02169
0.01459
0.01683
0.01536
0.01571
0.02126
0.02126
0.00961
0.00900
0.00162
0.01344
0.01311
0.01344
0.00357
0.00000
0.01754
0.00950
0.01144
0.01144
0.01058
0.01737
0.01377
0.01376
0.00000
0.00001
0.01258
0.01782
0.02430
0.02430
0.02034
0.02045
0.02034
0.01747
0.00243
0.00243
0.00213
0.00999
0.01586
0.03780
0.02255
0.02202
0.03491
0.04132
0.04158
0.05539
0.05378
0.07658
0.06777
0.07794
0.05681
0.07167
0.06533
0.07303
0.07094
0.04821
0.04142
0.04996
0.06498
0.04696
0.04652
0.04842
0.03941
0.03905
0.03567
0.03928
0.01671
0.05110
0.05199
0.05086
0.04763
0.05310
0.05310
0.05310
0.05310
0.05389
0.04682
0.04682
0.05842
0.05842
0.05842
0.06265
0.06264
0.07082
0.07082
0.08001
0.08836
0.08831
0.08831
0.07291
0.07288
0.07596
0.08518
0.08508
0.08640
0.08628
0.09008
0.09595
0.09592
0.10222
0.10144
0.10144
0.10021
0.10003
0.11537
0.11587
0.11587
0.11586
0.11473
0.12753
0.15760
0.15888
0.16799
0.15611
0.16733
0.17235
0.19952
0.19952
0.18934
0.17850
0.17441
0.17474
0.17572
0.18169
0.18179
0.18179
0.18882
0.18882
0.16620
0.17006
0.16664
0.16420
0.16419
0.16437
0.16422
0.16437
0.16437
0.15892
0.15390
0.17639
0.17639
0.16930
0.16932
0.17308
0.17308
0.17308
0.15624
0.16317
0.17045
0.17876
0.18603
0.18822
0.19775
0.19553
0.19623
0.19581
0.19553
0.19553
0.19647
0.20762
0.20764
0.19785
0.19187
0.20524
0.20521
0.20452
0.21539
0.21539
0.21944
0.21702
0.22576
0.20721
0.19386
0.19125
0.19065
0.18918
0.18919
0.18930
0.18918
0.20211
0.19748
0.19728
0.19661
0.19653
0.19658
0.19668
0.20178
0.19824
0.19979
0.20175
0.17766
0.18973
0.19991
0.21369
0.20332
0.20332
0.21147
0.21037
0.21621
0.21662
0.21871
0.18215
0.18976
0.19241
0.18776
0.18953
0.18713
0.18713
0.18291
0.18006
0.19890
0.17320
0.17011
0.19219
0.20385
0.20595
0.19460
0.19460
0.19195
0.19195
0.19480
0.19476
0.19480
0.19484
0.18711
0.17422
0.16351
0.15816
0.15819
0.15814
0.17642
0.17551
0.17551
0.17551
0.17144
0.18192
0.17766
0.17790
0.17137
0.15866
0.15962
0.15974
0.16483
0.17434
0.19397
0.19718
0.20791
0.18956
0.18360
0.18566
0.18361
0.17719
0.17850
0.17705
0.17713
0.17713
0.17713
0.19428
0.19059
0.18348
0.19322
0.18590
0.17943
0.19896
0.19852
0.19765
0.21092
0.21787
0.21164
0.21273
0.20670
0.20670
0.21527
0.22581
0.23531
0.23431
0.23682
0.23694
0.23694
0.23694
0.24178
0.23444
0.26040
0.27851
0.28859
0.28680
0.28663
0.28577
0.28504
0.28636
0.28670
0.28636
0.29364
0.29358
0.28892
0.28941
0.28892
0.29301
0.29447
0.31104
0.31011
0.31547
0.31547
0.31547
0.31547
0.29772
0.30609
0.30609
0.30792
0.27706
0.27683
0.28325
0.28403
0.29546
0.27963
0.26387
0.26247
0.25509
0.25509
0.25533
0.24446
0.24822
0.26331
0.26689
0.25813
0.24784
0.24282
0.25063
0.24687
0.23742
0.22830
0.21664
0.19977
0.19983
0.20860
0.20085
0.20085
0.20404
0.20404
0.20506
0.21103
0.21184
0.21600
0.22912
0.22628
0.23242
0.21972
0.23255
0.23267
0.23255
0.23255
0.22328
0.22466
0.21262
0.21262
0.20948
0.20948
0.20688
0.20843
0.21453
0.21475
0.21390
0.21214
0.20420
0.18584
0.15487
0.16189
0.16184
0.16189
0.15222
0.15222
0.15659
0.14680
0.14680
0.13354
0.13633
0.13633
0.14465
0.16079
0.17715
0.18407
0.18903
0.19707
0.19597
0.19600
0.19561
0.19631
0.19162
0.21835
0.22307
0.24246
0.24876
0.24209
0.23020
0.24978
0.24926
0.24971
0.24971
0.24915
0.25824
0.25240
0.25242
0.25297
0.24322
0.23646
0.22905
0.23662
0.23548
0.23219
0.21648
0.21913
0.22633
0.21045
0.21033
0.21648
0.21649
0.21688
0.21554
0.21565
0.22530
0.23512
0.23703
0.24651
0.23279
0.25843
0.26110
0.25758
0.25805
0.25802
0.25805
0.24448
0.24455
0.24449
0.24429
0.24539
0.24811
0.24694
0.25977
0.26101
0.26842
0.27177
0.26744
0.25529
0.25529
0.25529
0.25529
0.23437
0.23437
0.20823
0.20755
0.21774
0.21803
0.22978
0.24035
0.24035
0.23225
0.22945
0.22947
0.22964
0.23843
0.24916
0.24827
0.24501
0.23075
0.20467
0.20020
0.20152
0.20453
0.20456
0.20675
0.22270
0.22270
0.22270
0.20517
0.20460
0.20588
0.20517
0.20126
0.20128
0.20126
0.17773
0.16770
0.17276
0.17597
0.17453
0.17505
0.17597
0.17597
0.19491
0.19492
0.18724
0.18724
0.18462
0.18492
0.17835
0.17260
0.17732
0.18405
0.18113
0.18023
0.17732
0.15921
0.15745
0.15718
0.15430
0.16595
0.16911
0.16130
0.16130
0.16949
0.16949
0.16945
0.18514
0.18514
0.18444
0.18514
0.18453
0.21337
0.21189
0.20900
0.22366
0.22577
0.19953
0.19873
0.18848
0.19400
0.19584
0.19344
0.19344
0.19091
0.21223
0.21615
0.19130
0.19188
0.19200
0.20475
0.18796
0.20189
0.20189
0.20189
0.21202
0.20305
0.19333
0.18372
0.18699
0.17938
0.17744
0.17744
0.17744
0.18064
0.17182
0.17307
0.17307
0.17307
0.18030
0.18461
0.17874
0.17050
0.15824
0.15826
0.18063
0.17608
0.18705
0.18740
0.19133
0.19112
0.18428
0.18694
0.19371
0.19214
0.18342
0.19271
0.19271
0.19271
0.19275
0.18800
0.20188
0.22398
0.22115
0.22115
0.22541
0.22537
0.22118
0.22128
0.22128
0.22128
0.20583
0.19402
0.18584
0.17639
0.17581
0.18431
0.19147
0.19116
0.19147
0.19147
0.21482
0.21429
0.21226
0.21607
0.19676
0.22169
0.24106
0.24112
0.24110
0.23899
0.24758
0.26076
0.27047
0.27047
0.27047
0.27047
0.27231
0.27388
0.27159
0.27215
0.26572
0.29122
0.28217
0.28217
0.28926
0.30245
0.29175
0.29139
0.28906
0.29498
0.29151
0.28470
0.28489
0.28355
0.28772
0.28287
0.28810
0.28424
0.29115
0.29054
0.29007
0.28750
0.29011
0.28984
0.28947
0.26238
0.26294
0.26572
0.25609
0.25032
0.22439
0.22455
0.21807
0.22126
0.22407
0.20404
0.19470
0.19470
0.19471
0.18452
0.18227
0.19163
0.16585
0.16158
0.17948
0.17948
0.17246
0.17962
0.18376
0.18377
0.17958
0.15358
0.15339
0.15343
0.15926
0.16639
0.16238
0.16330
0.15009
0.12795
0.12712
0.12712
0.12712
0.11870
0.10432
0.10005
0.10005
0.09463
0.10230
0.10251
0.08373
0.08357
0.09218
0.10110
0.12142
0.12884
0.12930
0.12325
0.12325
0.13484
0.13484
0.14373
0.14384
0.16617
0.15291
0.15909
0.14763
0.14603
0.14990
0.14664
0.14277
0.14256
0.15065
0.12763
0.13686
0.14680
0.14672
0.14680
0.14467
0.13133
0.13133
0.14739
0.17354
0.15945
0.16588
0.16409
0.16409
0.16409
0.16373
0.16411
0.16936
0.18383
0.18359
0.17056
0.19549
0.19710
0.18976
0.18481
0.19173
0.19173
0.20370
0.21895
0.21143
0.19953
0.20703
0.21603
0.20123
0.20123
0.18549
0.16912
0.18241
0.18771
0.18773
0.17225
0.15601
0.15256
0.15146
0.16063
0.16063
0.17628
0.17144
0.16440
0.16927
0.18781
0.16317
0.16265
0.18437
0.18539
0.18750
0.17165
0.17770
0.17118
0.17056
0.15444
0.15555
0.15562
0.15340
0.17688
0.16519
0.13530
0.16502
0.16922
0.17786
0.17930
0.19587
0.19587
0.19588
0.18520
0.15908
0.15927
0.13935
0.13753
0.13595
0.13986
0.13147
0.14948
0.14948
0.13968
0.12844
0.12844
0.12844
0.12844
0.13740
0.13480
0.12207
0.12207
0.12207
0.12530
0.13541
0.13493
0.14175
0.14175
0.13595
0.13703
0.09705
0.09705
0.09705
0.09260
0.09057
0.10182
0.09561
0.08775
0.08151
0.06045
0.05885
0.06909
0.06950
0.06724
0.06861
0.05693
0.07643
0.07625
0.08212
0.10295
0.09027
0.09027
0.08747
0.09027
0.08340
0.08468
0.08738
0.08355
0.10742
0.10742
0.11533
0.11435
0.10807
0.10345
0.09341
0.10105
0.10883
0.10380
0.12543
0.12543
0.10165
0.08555
0.08555
0.08909
0.10047
0.09643
0.09063
0.08355
0.08315
0.08315
0.08308
0.08308
0.09956
0.09684
0.09840
0.10825
0.10828
0.10756
0.10050
0.11786
0.11624
0.13273
0.13058
0.13231
0.13571
0.13569
0.13898
0.14490
0.14754
0.15606
0.16771
0.15206
0.16538
0.17888
0.18208
0.16487
0.15841
0.16563
0.14099
0.15626
0.17256
0.16292
0.16249
0.16250
0.16249
0.16249
0.16276
0.16249
0.16586
0.13020
0.13357
0.13614
0.13593
0.13593
0.13663
0.13593
0.13368
0.13593
0.13593
0.13593
0.10837
0.10389
0.10417
0.09978
0.10969
0.07629
0.08977
0.08972
0.09480
0.11333
0.10899
0.10899
0.12213
0.12666
0.13352
0.13577
0.14642
0.12216
0.12216
0.11472
0.11309
0.12174
0.12174
0.12144
0.12848
0.12642
0.12646
0.11433
0.12008
0.10325
0.10325
0.08178
0.07398
0.07851
0.07523
0.07495
0.06610
0.06610
0.03808
0.02727
0.02838
0.03031
0.03025
0.02214
0.02391
0.02517
0.02452
0.02509
0.04968
0.04968
0.05687
0.05310
0.04059
0.04814
0.04554
0.04740
0.04583
0.04554
0.04554
0.04305
0.04469
0.02754
0.03415
0.03415
0.03415
0.03745
0.03745
0.04051
0.02668
0.02126
0.01517
0.00000
0.00001
0.00000
0.02382
0.02348
0.02347
0.02918
0.04400
0.04242
0.04242
0.04216
0.05380
0.06017
0.06145
0.06012
0.07011
0.06256
0.06256
0.04243
0.04241
0.03966
0.03934
0.03934
0.04514
0.04514
0.04514
0.03509
0.03964
0.03990
0.04654
0.05199
0.05199
0.04500
0.04500
0.04039
0.01771
0.01859
0.02993
0.02993
0.02548
0.04595
0.03988
0.04205
0.03716
0.03794
0.02847
0.01129
0.01262
0.01129
0.00108
0.00108
0.00108
0.04082
0.03432
0.03432
0.03432
0.03428
0.03432
0.02983
0.02986
0.03304
0.03027
0.03065
0.03110
0.03691
0.02188
0.03291
0.03049
0.02647
0.02576
0.02598
0.02337
0.02794
0.00655
0.00000
0.00000
0.00000
0.00000
0.00027
0.00280
0.00000
0.00047
0.00047
0.00047
0.00000
0.00048
0.00341
0.00091
0.00984
0.00192
0.01135
0.01932
0.01036
0.00000
0.00000
0.00541
0.00378
0.00175
0.01556
0.01911
0.01911
0.01911
0.03486
0.03525
0.03083
0.03162
0.03032
0.03280
0.03280
0.03280
0.03101
0.02687
0.04082
0.05625
0.05751
0.05751
0.05751
0.04894
0.05693
0.05693
0.06112
0.06364
0.07177
0.08354
0.08155
0.05338
0.04962
0.04821
0.04969
0.05029
0.06437
0.06742
0.06779
0.07937
0.08113
0.07937
0.07937
0.07937
0.08089
0.10953
0.10617
0.09537
0.08738
0.08859
0.07113
0.05872
0.05872
0.05872
0.06659
0.07436
0.07217
0.06766
0.06766
0.05247
0.06047
0.04747
0.02716
0.02716
0.02706
0.00609
0.01507
0.00000
0.00718
0.01091
0.01091
0.02333
0.03510
0.03510
0.03596
0.02878
0.02644
0.02026
0.01719
0.01758
0.01719
0.00540
0.01348
0.00213
0.00771
0.01048
0.02423
0.02709
0.05081
0.03613
0.07258
0.06196
0.06183
0.06183
0.06671
0.06671
0.08157
0.08157
0.08789
0.08751
0.08746
0.08633
0.08746
0.10861
0.11043
0.11043
0.11046
0.11043
0.10153
0.11606
0.11183
0.11554
0.11408
0.11386
0.11056
0.10836
0.11161
0.11123
0.11993
0.11273
0.12123
0.11980
0.12473
0.13146
0.13174
0.12889
0.14078
0.14935
0.14935
0.15056
0.14935
0.15238
0.14826
0.13197
0.13673
0.13378
0.13378
0.13461
0.12453
0.12306
0.12306
0.12470
0.11879
0.10876
0.10876
0.10861
0.10866
0.10876
0.11808
0.12482
0.13580
0.13319
0.13380
0.15725
0.14274
0.11565
0.11114
0.12331
0.12340
0.13355
0.15035
0.17595
0.14514
0.14514
0.13456
0.13455
0.13456
0.13456
0.13463
0.13449
0.12321
0.12277
0.12612
0.13447
0.13447
0.13447
0.12749
0.12756
0.12720
0.14578
0.14667
0.12896
0.13007
0.14097
0.15476
0.15453
0.15342
0.15320
0.13862
0.16033
0.16029
0.17168
0.17410
0.17401
0.17401
0.17585
0.18414
0.18516
0.18872
0.20973
0.22350
0.22350
0.23075
0.23246
0.23132
0.23715
0.23982
0.23981
0.24426
0.24423
0.24423
0.24531
0.24531
0.24761
0.24748
0.26742
0.27991
0.27758
0.28084
0.26789
0.26431
0.27627
0.27304
0.26418
0.26438
0.28591
0.27667
0.26308
0.26595
0.26595
0.26611
0.26623
0.26595
0.26208
0.27125
0.26701
0.26701
0.26551
0.27125
0.27125
0.26672
0.27310
0.27384
0.28480
0.28784
0.28760
0.28784
0.28784
0.28784
0.26667
0.26667
0.26323
0.25665
0.23329
0.22980
0.22980
0.22026
0.22158
0.22757
0.22374
0.23808
0.23396
0.24336
0.24887
0.23875
0.23875
0.23875
0.23875
0.24683
0.24902
0.24683
0.24619
0.23390
0.22925
0.22684
0.23705
0.23705
0.23534
0.23531
0.25178
0.25186
0.25186
0.25186
0.23145
0.21637
0.23090
0.22985
0.21001
0.19840
0.19442
0.19442
0.17524
0.19621
0.21088
0.20843
0.20843
0.20031
0.17756
0.17085
0.17604
0.18441
0.18257
0.18402
0.16728
0.18744
0.17992
0.18441
0.18246
0.19738
0.19241
0.18661
0.18669
0.18645
0.16459
0.15338
0.16176
0.15686
0.14366
0.13981
0.13971
0.14199
0.13270
0.13563
0.13379
0.13480
0.13384
0.13796
0.13781
0.13879
0.13151
0.11720
0.12010
0.12010
0.12029
0.11968
0.11759
0.11661
0.12485
0.12485
0.12485
0.12474
0.10089
0.10451
0.08674
0.07602
0.07851
0.07851
0.09440
0.10224
0.10273
0.10279
0.10278
0.10920
0.10324
0.10485
0.11524
0.12506
0.10396
0.10396
0.10432
0.10400
0.10432
0.10423
0.10749
0.10511
0.11560
0.11303
0.11173
0.10785
0.10785
0.10785
0.10785
0.10785
0.10785
0.09864
0.06913
0.07697
0.07941
0.07693
0.07635
0.07697
0.08915
0.08907
0.09687
0.10025
0.09944
0.11141
0.12052
0.11369
0.10866
0.10233
0.10644
0.09366
0.08774
0.08760
0.08310
0.08771
0.08771
0.11110
0.11459
0.11639
0.11463
0.15624
0.16988
0.17459
0.17574
0.16300
0.15875
0.13857
0.13328
0.13346
0.13346
0.13346
0.12258
0.12279
0.11650
0.11441
0.10269
0.10114
0.10114
0.07967
0.07967
0.07967
0.07350
0.07347
0.10346
0.14790
0.14798
0.14931
0.14786
0.14649
0.12746
0.12746
0.12746
0.14332
0.12277
0.12143
0.11043
0.09562
0.09555
0.09542
0.10237
0.11874
0.11874
0.12514
0.12528
0.10861
0.08381
0.09132
0.09076
0.09072
0.09040
0.08114
0.08042
0.08592
0.08450
0.08319
0.07606
0.07606
0.07606
0.07601
0.07553
0.10067
0.08856
0.09140
0.09617
0.07718
0.08091
0.08907
0.08907
0.07163
0.06284
0.06284
0.06168
0.05928
0.05929
0.06141
0.06959
0.07417
0.06631
0.01924
0.01924
0.02994
0.03309
0.03247
0.02965
0.01462
0.01466
0.01469
0.01462
0.01462
0.04767
0.05768
0.05767
0.04910
0.05456
0.05456
0.05458
0.05312
0.04994
0.02055
0.02281
0.02062
0.02047
0.02051
0.01417
0.01755
0.01755
0.01755
0.02321
0.02016
0.00060
0.00000
0.00000
0.00000
0.00007
0.00000
0.00000
0.00000
0.00060
0.01286
0.01286
0.01442
0.04224
0.04224
0.05975
0.07523
0.07522
0.07523
0.07526
0.06993
0.06275
0.04772
0.04337
0.04131
0.04007
0.02844
0.02862
0.02862
0.02862
0.02862
0.04442
0.05654
0.04208
0.04918
0.05857
0.05053
0.06306
0.05709
0.06953
0.06953
0.06953
0.08635
0.08635
0.08811
0.08808
0.09189
0.10190
0.10190
0.10190
0.10190
0.11437
0.11403
0.12389
0.12407
0.12389
0.12404
0.12389
0.14462
0.15726
0.20390
0.20390
0.20938
0.20987
0.20623
0.21446
0.20994
0.20994
0.21012
0.21517
0.21517
0.20811
0.19034
0.19065
0.18133
0.18979
0.20802
0.22809
0.22917
0.25040
0.25587
0.24559
0.23187
0.22471
0.24774
0.24693
0.22980
0.22956
0.23677
0.23663
0.23661
0.22621
0.22349
0.21036
0.20853
0.21036
0.21030
0.21123
0.21104
0.21179
0.19994
0.19351
0.17502
0.18070
0.18287
0.17362
0.17357
0.17399
0.17633
0.17661
0.17638
0.15744
0.17713
0.17713
0.17237
0.16656
0.16731
0.14906
0.14688
0.12850
0.12926
0.13968
0.13968
0.13783
0.13968
0.13847
0.13847
0.14591
0.14608
0.14609
0.14172
0.13338
0.13387
0.14442
0.13954
0.13954
0.13853
0.13202
0.13232
0.13195
0.14915
0.13391
0.13701
0.14275
0.16336
0.16315
0.15707
0.15688
0.18766
0.19381
0.17522
0.16564
0.16564
0.16564
0.17687
0.17694
0.17687
0.19260
0.19260
0.15946
0.15936
0.16124
0.14392
0.14417
0.14417
0.14385
0.13930
0.14138
0.17558
0.18009
0.17686
0.17686
0.17686
0.17731
0.17564
0.15676
0.15520
0.16251
0.16261
0.14826
0.14814
0.14440
0.12122
0.13390
0.13597
0.12256
0.12740
0.12740
0.12419
0.12383
0.12407
0.11967
0.13437
0.13417
0.12760
0.13151
0.14639
0.13937
0.16993
0.16993
0.14393
0.14009
0.14189
0.14053
0.13729
0.13714
0.13729
0.14479
0.15393
0.16767
0.16767
0.13838
0.14099
0.14451
0.14634
0.14759
0.14634
0.15040
0.15043
0.15337
0.14806
0.15284
0.15283
0.15608
0.15991
0.15416
0.16296
0.15808
0.15790
0.17066
0.17066
0.17891
0.15475
0.15507
0.14023
0.15402
0.15402
0.14732
0.14138
0.13175
0.13175
0.12624
0.13190
0.13216
0.13035
0.12012
0.11462
0.11402
0.12155
0.13782
0.17735
0.17740
0.18846
0.19173
0.19002
0.19316
0.19437
0.19274
0.17473
0.17393
0.16300
0.18535
0.19888
0.19791
0.19808
0.20437
0.18961
0.18962
0.20133
0.20299
0.20264
0.20156
0.19351
0.20388
0.20399
0.20405
0.20399
0.19145
0.18045
0.16885
0.17683
0.17683
0.17063
0.15717
0.15244
0.15415
0.15492
0.15492
0.15325
0.15783
0.16159
0.15700
0.16429
0.16323
0.15904
0.13164
0.13569
0.12878
0.12854
0.14286
0.12663
0.13097
0.11726
0.09664
0.09650
0.09650
0.09943
0.09943
0.10162
0.10161
0.10163
0.10289
0.10770
0.08206
0.06532
0.07712
0.08560
0.09138
0.09379
0.08731
0.13987
0.13789
0.13771
0.12168
0.12780
0.12772
0.12780
0.12846
0.12846
0.12848
0.14822
0.13536
0.13194
0.12557
0.12583
0.12557
0.12557
0.11935
0.11193
0.11206
0.11123
0.12020
0.12161
0.10646
0.11406
0.11543
0.12843
0.12861
0.12861
0.13187
0.12928
0.15244
0.15293
0.15465
0.17213
0.16461
0.17666
0.17850
0.19411
0.18472
0.18598
0.20843
0.18112
0.18114
0.18869
0.18867
0.16817
0.19360
0.19352
0.19933
0.19933
0.18376
0.19499
0.23566
0.20015
0.19343
0.19593
0.19909
0.20447
0.21528
0.21934
0.21522
0.21908
0.22295
0.22295
0.22295
0.22243
0.22118
0.22187
0.21021
0.21036
0.20768
0.21452
0.21674
0.21349
0.21555
0.21210
0.21678
0.21677
0.21678
0.18312
0.17313
0.17253
0.17596
0.17440
0.18390
0.19389
0.19437
0.19829
0.18085
0.18085
0.19798
0.19798
0.18937
0.18937
0.18939
0.20695
0.20877
0.20900
0.20858
0.20841
0.20455
0.19503
0.19115
0.19163
0.16914
0.17892
0.17892
0.18920
0.18924
0.18939
0.18347
0.18378
0.18958
0.19181
0.20516
0.19359
0.16489
0.16489
0.16697
0.16781
0.16794
0.15986
0.16047
0.15152
0.14926
0.15152
0.16036
0.16066
0.16076
0.16984
0.16422
0.16880
0.17417
0.17543
0.17698
0.18948
0.19016
0.18325
0.15684
0.15718
0.15703
0.15695
0.15709
0.16763
0.15239
0.17835
0.18609
0.19417
0.18706
0.19717
0.21089
0.21089
0.21089
0.21089
0.21002
0.20745
0.20745
0.20745
0.20774
0.20774
0.23714
0.24211
0.23948
0.23948
0.23948
0.23948
0.24456
0.25438
0.25371
0.26095
0.25860
0.25685
0.25897
0.24468
0.25428
0.26816
0.26617
0.26677
0.25805
0.26137
0.28244
0.26902
0.26984
0.26902
0.26902
0.26867
0.25569
0.27251
0.29870
0.30073
0.30073
0.29104
0.30474
0.30607
0.31609
0.31065
0.30628
0.30628
0.31176
0.30002
0.30005
0.30002
0.30036
0.26541
0.24490
0.24517
0.24517
0.24522
0.24665
0.25101
0.24715
0.24715
0.24715
0.24715
0.24715
0.24720
0.24715
0.24658
0.26741
0.26769
0.26975
0.27540
0.27540
0.28313
0.28069
0.28439
0.29002
0.29125
0.28703
0.28708
0.28093
0.28093
0.27945
0.28246
0.28244
0.28246
0.27713
0.27698
0.27634
0.27713
0.27556
0.26338
0.28331
0.28802
0.29259
0.29189
0.27996
0.28112
0.26891
0.26373
0.25488
0.23924
0.23924
0.22804
0.22845
0.25159
0.23825
0.22383
0.22383
0.23437
0.25978
0.24153
0.24153
0.25460
0.26388
0.26523
0.24761
0.22445
0.22573
0.22505
0.22557
0.23681
0.23686
0.24416
0.24024
0.24024
0.24558
0.24693
0.25360
0.26480
0.26313
0.25232
0.24890
0.24890
0.26865
0.26865
0.27048
0.27043
0.26964
0.27507
0.27499
0.27089
0.27509
0.28777
0.29198
0.27506
0.27778
0.28663
0.28724
0.29455
0.29878
0.32905
0.32865
0.32716
0.32722
0.32722
0.34317
0.34212
0.33423
0.33762
0.33762
0.34195
0.37519
0.37573
0.38274
0.38274
0.38274
0.38269
0.39472
0.38730
0.38730
0.39906
0.39705
0.39705
0.39753
0.40026
0.40026
0.40026
0.39952
0.41001
0.41001
0.41832
0.41850
0.41002
0.40876
0.40683
0.40683
0.39571
0.39860
0.41266
0.42294
0.42294
0.42841
0.43123
0.43139
0.43107
0.43107
0.43705
0.44901
0.44455
0.48335
0.48283
0.48335
0.48009
0.47860
0.45432
0.45644
0.45644
0.44050
0.44307
0.42964
0.42592
0.42603
0.42606
0.42588
0.42588
0.42417
0.42308
0.42308
0.43390
0.43390
0.44514
0.45094
0.44803
0.44902
0.45215
0.45181
0.44684
0.44546
0.44545
0.44000
0.44000
0.44720
0.44778
0.45278
0.45477
0.45518
0.45520
0.45452
0.45452
0.43763
0.47149
0.48271
0.47949
0.46500
0.47026
0.48673
0.48813
0.50112
0.49005
0.49063
0.49073
0.50121
0.52186
0.51649
0.49232
0.49454
0.49225
0.49222
0.49232
0.51064
0.49886
0.48567
0.48947
0.48363
0.50447
0.49215
0.50418
0.50847
0.49968
0.49937
0.50071
0.50433
0.50433
0.50262
0.50428
0.51680
0.51175
0.51998
0.51488
0.51686
0.51799
0.51449
0.51442
0.51449
0.52754
0.52922
0.53127
0.53688
0.52847
0.52355
0.53389
0.53378
0.53378
0.52388
0.52526
0.52526
0.53054
0.53054
0.54983
0.55082
0.54992
0.54974
0.55402
0.56254
0.54093
0.54098
0.54093
0.54912
0.54933
0.53585
0.54209
0.54190
0.52744
0.52744
0.52744
0.52657
0.53583
0.54728
0.54828
0.54837
0.54828
0.54828
0.54746
0.54203
0.53866
0.54182
0.53670
0.53753
0.53065
0.52550
0.53674
0.53475
0.52619
0.52240
0.52059
0.52059
0.52314
0.52059
0.54835
0.54844
0.52692
0.51372
0.51300
0.51168
0.50726
0.50596
0.49977
0.49164
0.49162
0.49164
0.49167
0.49164
0.49166
0.48521
0.48521
0.49404
0.49424
0.49398
0.47634
0.47787
0.48093
0.48093
0.47398
0.49542
0.49503
0.49474
0.49066
0.49008
0.47985
0.47283
0.46192
0.46955
0.46952
0.47171
0.46178
0.46875
0.47039
0.47039
0.47039
0.49137
0.49483
0.50738
0.50532
0.49692
0.48207
0.48103
0.48205
0.48489
0.49900
0.47734
0.47756
0.48325
0.48926
0.49050
0.50481
0.52123
0.53161
0.55063
0.54310
0.55383
0.57139
0.57245
0.57460
0.58545
0.58878
0.58878
0.59080
0.59252
0.60413
0.60429
0.60046
0.60046
0.60189
0.61377
0.61377
0.62025
0.62025
0.62915
0.62968
0.63157
0.62572
0.62567
0.62567
0.62567
0.62322
0.61594
0.60932
0.60010
0.60010
0.60010
0.60320
0.59678
0.60338
0.60064
0.60570
0.63514
0.63501
0.64640
0.64997
0.63642
0.63642
0.63687
0.63415
0.63457
0.62353
0.62353
0.62423
0.61377
0.59797
0.59798
0.59798
0.58654
0.58162
0.58040
0.58784
0.60262
0.65373
0.66064
0.64157
0.63187
0.63187
0.63976
0.62324
0.63329
0.63376
0.64842
0.64841
0.64642
0.63026
0.63835
0.64010
0.64264
0.64261
0.65559
0.66476
0.65832
0.64307
0.65669
0.65670
0.65670
0.65638
0.65625
0.65550
0.64947
0.68380
0.68380
0.68786
0.68787
0.68134
0.67265
0.65528
0.64953
0.63140
0.61700
0.62998
0.63198
0.62348
0.62405
0.62781
0.63158
0.63569
0.63931
0.65299
0.65936
0.65372
0.65370
0.65372
0.62532
0.60659
0.60659
0.62673
0.63094
0.62777
0.63709
0.63709
0.64368
0.63718
0.63224
0.63232
0.63797
0.59947
0.59195
0.59090
0.59090
0.58749
0.59304
0.59744
0.59051
0.59464
0.59569
0.59481
0.59751
0.59140
0.56715
0.58411
0.57871
0.56421
0.56421
0.57474
0.57474
0.57474
0.57464
0.57474
0.57474
0.56009
0.55978
0.56062
0.56062
0.56062
0.55223
0.57090
0.56757
0.57062
0.58979
0.60220
0.60262
0.60262
0.60742
0.59663
0.59702
0.59663
0.60036
0.58057
0.58057
0.56351
0.56152
0.56228
0.56221
0.57036
0.56242
0.55826
0.55967
0.55832
0.57461
0.56854
0.57322
0.57322
0.56941
0.56013
0.56013
0.55130
0.55076
0.55076
0.53197
0.52915
0.53719
0.53864
0.53613
0.53492
0.53492
0.51081
0.50545
0.47969
0.47517
0.47318
0.47803
0.47832
0.47832
0.47035
0.46998
0.46981
0.47892
0.47892
0.48701
0.48697
0.48317
0.48313
0.48843
0.48881
0.48542
0.49673
0.49864
0.49673
0.48729
0.48900
0.47685
0.45680
0.45686
0.47979
0.49894
0.49894
0.49894
0.49220
0.49690
0.48400
0.48733
0.48723
0.48729
0.48717
0.49599
0.49338
0.49137
0.49246
0.50223
0.51465
0.52119
0.52140
0.51177
0.51177
0.52798
0.53151
0.53545
0.53545
0.53545
0.53545
0.53375
0.54687
0.56858
0.57163
0.57703
0.57885
0.58060
0.57856
0.58557
0.58027
0.57970
0.57720
0.58663
0.59064
0.57632
0.55983
0.56979
0.57495
0.57496
0.56929
0.55471
0.55757
0.54409
0.54349
0.56030
0.57688
0.57617
0.58285
0.58285
0.57709
0.59904
0.56799
0.56537
0.57863
0.57334
0.57325
0.57334
0.57837
0.56837
0.57152
0.57139
0.57146
0.57152
0.56556
0.55547
0.55546
0.54359
0.53664
0.55401
0.55916
0.53587
0.53598
0.52406
0.52859
0.52658
0.53845
0.55719
0.54588
0.53888
0.53903
0.53740
0.53740
0.53703
0.53694
0.53739
0.52742
0.52742
0.54206
0.54206
0.54835
0.52492
0.53738
0.53356
0.52468
0.52472
0.52382
0.52725
0.54675
0.54722
0.54729
0.54890
0.54890
0.54890
0.54838
0.55593
0.56079
0.55343
0.55652
0.55186
0.55160
0.55207
0.54455
0.49807
0.50451
0.48934
0.48659
0.48659
0.48810
0.48936
0.48523
0.50674
0.50254
0.50254
0.50249
0.51149
0.51149
0.52545
0.51988
0.52427
0.52427
0.52427
0.52427
0.52362
0.50855
0.50836
0.51599
0.52566
0.52577
0.52241
0.53237
0.53133
0.53133
0.52827
0.52475
0.52475
0.52639
0.52639
0.52970
0.54123
0.50465
0.50208
0.51289
0.51909
0.51909
0.53708
0.54240
0.51810
0.51097
0.51136
0.51050
0.51271
0.51065
0.51038
0.49244
0.49244
0.49244
0.48112
0.48253
0.49267
0.49266
0.49277
0.49269
0.48896
0.49733
0.50506
0.50791
0.51025
0.50330
0.50499
0.50480
0.50499
0.50499
0.50173
0.51361
0.51361
0.51361
0.54049
0.53415
0.51753
0.52573
0.54429
0.54429
0.54429
0.54488
0.52196
0.52168
0.52126
0.50933
0.51150
0.51524
0.52164
0.52514
0.52517
0.52517
0.52517
0.52078
0.49426
0.47498
0.46077
0.46616
0.47185
0.47185
0.47172
0.47190
0.46422
0.49152
0.48234
0.48234
0.47223
0.47304
0.47930
0.46636
0.45962
0.45962
0.44416
0.43184
0.44523
0.45119
0.45188
0.45188
0.46093
0.46095
0.47379
0.46130
0.46134
0.45885
0.45895
0.47741
0.47741
0.47741
0.45632
0.45596
0.44186
0.44186
0.44186
0.42727
0.42756
0.42756
0.42756
0.42756
0.42756
0.42756
0.39629
0.40450
0.40450
0.40425
0.42632
0.41513
0.41513
0.42089
0.42235
0.42237
0.40974
0.40328
0.40258
0.38922
0.38871
0.38450
0.37228
0.35868
0.35827
0.34950
0.35589
0.35244
0.35898
0.36707
0.36024
0.35316
0.35328
0.38048
0.35585
0.36578
0.34798
0.34798
0.34584
0.35109
0.34194
0.34782
0.33766
0.33750
0.32182
0.32182
0.32182
0.35123
0.33469
0.33655
0.33658
0.33718
0.35234
0.35234
0.35234
0.35132
0.35519
0.34856
0.34851
0.34851
0.34826
0.34774
0.34790
0.35797
0.35797
0.35454
0.35577
0.35209
0.36946
0.35976
0.35540
0.35540
0.35540
0.39147
0.38984
0.37490
0.37552
0.37704
0.40345
0.39498
0.39513
0.39535
0.40576
0.39808
0.39808
0.37358
0.36361
0.35631
0.38401
0.38671
0.38671
0.37045
0.34640
0.36882
0.37487
0.37484
0.37487
0.37487
0.38211
0.37225
0.38531
0.38531
0.38688
0.38993
0.40376
0.40378
0.40376
0.40064
0.40367
0.40244
0.39685
0.39163
0.39168
0.39170
0.38993
0.38977
0.36960
0.35215
0.35471
0.33755
0.33753
0.35382
0.35301
0.34985
0.35066
0.35066
0.36525
0.36559
0.37276
0.38227
0.37733
0.38110
0.38156
0.38431
0.38158
0.39947
0.39947
0.41538
0.41360
0.41526
0.38901
0.37113
0.36375
0.36384
0.36385
0.36383
0.35481
0.35504
0.35513
0.36710
0.39667
0.39239
0.39193
0.39193
0.39193
0.39437
0.39293
0.38441
0.40935
0.40942
0.39962
0.39204
0.39331
0.39442
0.38720
0.38742
0.38742
0.38865
0.38382
0.37457
0.36739
0.36211
0.36105
0.36162
0.35742
0.35742
0.35742
0.35553
0.34333
0.33423
0.33455
0.32274
0.29986
0.29986
0.29959
0.29233
0.29242
0.30174
0.29091
0.29191
0.30773
0.32188
0.33054
0.32725
0.34542
0.33211
0.33211
0.33211
0.33167
0.34102
0.33266
0.33266
0.33930
0.33178
0.33578
0.33897
0.30355
0.30355
0.31285
0.29903
0.29903
0.27935
0.27963
0.28436
0.29074
0.29074
0.29029
0.26329
0.27436
0.28484
0.28311
0.27957
0.27700
0.27700
0.27684
0.26125
0.26681
0.28313
0.29504
0.28968
0.30124
0.30371
0.28834
0.27280
0.28988
0.26084
0.26252
0.27487
0.29570
0.29995
0.30732
0.28421
0.32911
0.31935
0.31935
0.31732
0.31935
0.32465
0.31747
0.31745
0.34108
0.33109
0.35635
0.34102
0.33765
0.34772
0.34693
0.34741
0.34853
0.34689
0.34828
0.34828
0.34512
0.34566
0.34512
0.33968
0.33947
0.34197
0.33963
0.33894
0.33912
0.31756
0.32320
0.32321
0.34279
0.34279
0.34756
0.36344
0.37148
0.36536
0.37382
0.37382
0.35545
0.36579
0.35877
0.35877
0.36270
0.36241
0.36241
0.36602
0.34033
0.34678
0.34776
0.34632
0.35632
0.36267
0.36726
0.36682
0.37487
0.35679
0.36476
0.36476
0.36504
0.36476
0.35688
0.35700
0.35403
0.35321
0.35821
0.37110
0.37987
0.39021
0.39021
0.37769
0.37763
0.38169
0.36635
0.36609
0.34183
0.34606
0.33175
0.32987
0.33672
0.33667
0.33672
0.33155
0.31907
0.27989
0.29370
0.29352
0.29307
0.28923
0.29992
0.28618
0.28942
0.30000
0.30005
0.30697
0.30697
0.30697
0.30697
0.30865
0.29399
0.29452
0.28387
0.28014
0.27962
0.27985
0.28490
0.28997
0.29000
0.29944
0.30104
0.29605
0.30036
0.32328
0.32246
0.30678
0.31223
0.31227
0.31014
0.31014
0.31396
0.31396
0.31396
0.30695
0.30623
0.29311
0.29435
0.31197
0.29345
0.27513
0.26721
0.26717
0.26717
0.26047
0.25740
0.27865
0.24539
0.24671
0.24668
0.24668
0.24668
0.24397
0.21433
0.21141
0.18260
0.16977
0.14438
0.15110
0.13897
0.14695
0.12738
0.12738
0.12738
0.11823
0.11823
0.11824
0.12730
0.13506
0.12498
0.11714
0.12864
0.11687
0.11743
0.11687
0.11774
0.11774
0.11765
0.11417
0.11417
0.10211
0.09859
0.09756
0.08716
0.07349
0.07345
0.07654
0.07811
0.07618
0.07852
0.07811
0.08500
0.08651
0.07601
0.07601
0.06995
0.07009
0.05190
0.06170
0.06120
0.05573
0.05573
0.06583
0.06583
0.07161
0.06203
0.06203
0.06210
0.06158
0.06154
0.06275
0.06275
0.06275
0.06275
0.04848
0.04832
0.06513
0.06513
0.06513
0.06513
0.06865
0.06812
0.06812
0.08059
0.07847
0.07847
0.07848
0.06816
0.06816
0.06814
0.05404
0.05404
0.08596
0.08854
0.07637
0.07858
0.07994
0.08757
0.07623
0.07315
0.06545
0.06134
0.06133
0.05956
0.06210
0.06390
0.06499
0.06431
0.06390
0.05952
0.05820
0.05820
0.05627
0.05627
0.05753
0.06821
0.05403
0.05445
0.06643
0.07079
0.07543
0.07226
0.07226
0.07820
0.07227
0.04759
0.04766
0.04766
0.04967
0.04688
0.04615
0.04615
0.05812
0.07347
0.07275
0.05357
0.05618
0.04326
0.03800
0.03489
0.04135
0.02654
0.02665
0.02665
0.02020
0.02020
0.01285
0.00548
0.01292
0.00779
0.00337
0.00337
0.00333
0.00398
0.00441
0.00623
0.01212
0.01212
0.01212
0.01384
0.01280
0.01231
0.01280
0.01280
0.01251
0.01251
0.00000
0.02057
0.02575
0.02536
0.02140
0.02201
0.02235
0.00000
0.00000
0.00000
0.00000
0.00000
0.00000
0.00015
0.00000
0.00000
0.00718
0.02743
0.02743
0.04230
0.04433
0.04770
0.05352
0.07076
0.06028
0.04745
0.06241
0.06241
0.06161
0.06319
0.03385
0.03893
0.03893
0.03800
0.04253
0.03306
0.03439
0.03291
0.01933
0.00458
0.00459
0.01158
0.00992
0.00898
0.01692
0.00506
0.01035
0.01035
0.01035
0.01559
0.02587
0.02561
0.02567
0.02185
0.02192
0.01488
0.01095
0.01103
0.01386
0.02642
0.03330
0.03785
0.03750
0.03802
0.01889
0.01562
0.02981
0.01692
0.01575
0.01393
0.02272
0.03004
0.03187
0.03166
0.05639
0.05617
0.06584
0.08201
0.08201
0.07839
0.06218
0.06591
0.05948
0.04925
0.04933
0.04476
0.04811
0.03475
0.03939
0.03939
0.03603
0.03603
0.03284
0.01845
0.01845
0.01871
0.02401
0.02401
0.01652
0.01652
0.01648
0.00357
0.00308
0.00427
0.00002
0.00000
0.00000
0.00000
0.00000
0.00000
0.00000
0.00000
0.00000
0.00000
0.00322
0.00255
0.00262
0.00051
0.00006
0.00000
0.00009
0.00000
0.00039
0.00000
0.00307
0.01785
0.01994
0.00851
0.00851
0.01658
0.01658
0.00942
0.01382
0.03566
0.04222
0.04222
0.04705
0.07171
0.09606
0.10207
0.09437
0.10758
0.09466
0.11095
0.11771
0.10607
0.10799
0.10799
0.09574
0.09611
0.09574
0.10904
0.11124
0.09674
0.09677
0.08540
0.08419
0.07437
0.06530
0.06530
0.07511
0.03135
0.03252
0.03252
0.02916
0.01426
0.02485
0.02508
0.02012
0.00968
0.02899
0.02913
0.02899
0.02899
0.02899
0.02909
0.05889
0.06211
0.06214
0.06262
0.04101
0.02253
0.02968
0.02959
0.02965
0.02968
0.00700
0.00000
0.01304
0.01027
0.00000
0.00000
0.00000
0.00000
0.00005
0.01306
0.00000
0.00000
0.00038
0.00000
0.00000
0.00000
0.00136
0.00131
0.01748
0.01540
0.01599
0.01599
0.01599
0.00540
0.00966
0.00966
0.00622
0.01402
0.03727
0.03713
0.03725
0.02868
0.02596
0.03145
0.04913
0.04889
0.05035
0.05222
0.05289
0.06177
0.08070
0.08838
0.08128
0.08128
0.10008
0.09004
0.09004
0.06648
0.04726
0.04726
0.07258
0.07218
0.06877
0.06807
0.06818
0.06840
0.05606
0.05606
0.05606
0.06081
0.07893
0.08624
0.08375
0.08469
0.08421
0.08477
0.10137
0.10704
0.10153
0.11107
0.11473
0.11471
0.11467
0.11719
0.12977
0.12855
0.15232
0.14549
0.14046
0.14109
0.15354
0.14692
0.14446
0.12867
0.12104
0.12637
0.12795
0.12795
0.11968
0.12106
0.10791
0.10900
0.10139
0.10139
0.10531
0.10166
0.09518
0.08069
0.08069
0.08069
0.06187
0.06389
0.06385
0.06186
0.07434
0.07314
0.06358
0.06358
0.07725
0.06441
0.06609
0.06609
0.06244
0.07768
0.08359
0.08359
0.08354
0.06346
0.05074
0.05074
0.05074
0.05074
0.06867
0.06864
0.08403
0.09102
0.09102
0.07785
0.06972
0.07624
0.07614
0.07614
0.07511
0.07702
0.08238
0.08691
0.09197
0.11025
0.10175
0.08323
0.08678
0.08564
0.07796
0.08654
0.07614
0.08917
0.07916
0.06908
0.06770
0.08777
0.09073
0.08499
0.08496
0.08610
0.09464
0.10298
0.09783
0.09511
0.09511
0.08390
0.09382
0.09382
0.09160
0.09156
0.09156
0.09641
0.09631
0.08704
0.08666
0.08673
0.07622
0.06255
0.06747
0.06439
0.07610
0.07610
0.07610
0.06720
0.08409
0.09739
0.09739
0.11513
0.11513
0.10845
0.11767
0.12539
0.12149
0.12149
0.12081
0.14250
0.13946
0.18482
0.17683
0.17673
0.17976
0.16666
0.17736
0.17736
0.18158
0.18949
0.18635
0.19212
0.19173
0.18238
0.20393
0.19213
0.19254
0.19677
0.18657
0.17779
0.17972
0.17925
0.17925
0.16483
0.16784
0.16786
0.16784
0.16776
0.16948
0.15886
0.15886
0.16025
0.16047
0.16068
0.15998
0.16116
0.16670
0.16684
0.14856
0.14856
0.16505
0.16505
0.14941
0.14826
0.14679
0.17434
0.17387
0.17424
0.16733
0.17688
0.18270
0.18282
0.18493
0.18527
0.18510
0.19508
0.18427
0.18504
0.17051
0.18634
0.18122
0.18547
0.18746
0.19540
0.19544
0.19374
0.21027
0.21357
0.21651
0.20790
0.20888
0.19336
0.19413
0.19395
0.20232
0.20968
0.20000
0.20345
0.20316
0.20313
0.18724
0.18870
0.18724
0.17737
0.16857
0.18081
0.17986
0.18084
0.18081
0.18081
0.17433
0.18209
0.18209
0.18184
0.21199
0.21589
0.21139
0.20863
0.20570
0.19773
0.18814
0.18542
0.18845
0.18075
0.16473
0.16044
0.17966
0.17615
0.17615
0.18317
0.19951
0.21945
0.22962
0.22973
0.23238
0.23347
0.25445
0.25585
0.26258
0.26254
0.24975
0.25829
0.24974
0.24974
0.24974
0.24735
0.24236
0.25286
0.28169
0.29198
0.29198
0.29302
0.29302
0.28889
0.28888
0.29915
0.29915
0.29420
0.28708
0.26333
0.24905
0.24893
0.24962
0.24902
0.24674
0.23653
0.23651
0.24497
0.24387
0.24206
0.23891
0.24537
0.24844
0.24601
0.24601
0.25800
0.26025
0.26343
0.26340
0.26340
0.25976
0.26288
0.26347
0.24118
0.24113
0.23768
0.23746
0.23839
0.23768
0.23848
0.27536
0.27522
0.27536
0.27536
0.28019
0.28019
0.27135
0.27188
0.27660
0.28137
0.28292
0.28061
0.30514
0.29546
0.28928
0.30028
0.29375
0.29455
0.29455
0.28897
0.29051
0.29479
0.29254
0.29283
0.30388
0.30442
0.31229
0.29887
0.29910
0.29885
0.29889
0.29889
0.29446
0.30279
0.30279
0.30279
0.33318
0.33317
0.33302
0.33096
0.33114
0.32389
0.30545
0.29370
0.29355
0.29352
0.31158
0.31055
0.32775
0.32775
0.31924
0.32738
0.36855
0.35075
0.33701
0.33671
0.33720
0.34326
0.33629
0.33616
0.33616
0.33749
0.34671
0.34679
0.35043
0.34874
0.34874
0.34925
0.34794
0.34678
0.33284
0.33283
0.31709
0.31709
0.30468
0.30254
0.31563
0.31260
0.30906
0.29806
0.28890
0.29423
0.29212
0.30395
0.30395
0.31891
0.32741
0.32045
0.32326
0.31729
0.30910
0.29856
0.29839
0.29995
0.31357
0.32311
0.32311
0.32308
0.32311
0.32311
0.33451
0.33440
0.32154
0.32168
0.32198
0.32134
0.31660
0.31760
0.31422
0.34153
0.34024
0.36604
0.36513
0.37330
0.36026
0.35905
0.34244
0.35992
0.37092
0.36572
0.36413
0.38157
0.39828
0.39573
0.40492
0.40944
0.41754
0.40401
0.38991
0.38477
0.38469
0.37212
0.37212
0.37789
0.39323
0.41338
0.42674
0.41432
0.41432
0.41520
0.41289
0.39094
0.39206
0.39850
0.39850
0.39437
0.39458
0.39439
0.39382
0.40126
0.40124
0.40479
0.41223
0.41223
0.40958
0.41561
0.44283
0.44243
0.44243
0.41970
0.41970
0.41970
0.39869
0.40278
0.40276
0.40276
0.40045
0.39905
0.39276
0.39791
0.39807
0.43305
0.43305
0.43953
0.43953
0.43391
0.43400
0.44162
0.44166
0.43470
0.43470
0.43394
0.43470
0.43443
0.43607
0.43601
0.42608
0.43561
0.41888
0.41575
0.40704
0.40030
0.40252
0.40716
0.38997
0.38997
0.35131
0.35131
0.35121
0.36926
0.39327
0.39327
0.39327
0.39346
0.38328
0.38290
0.38149
0.38847
0.38406
0.37855
0.36213
0.36618
0.35467
0.35625
0.36025
0.36392
0.36871
0.36608
0.36997
0.36871
0.37354
0.36857
0.35927
0.35519
0.34197
0.34414
0.34316
0.35001
0.33788
0.33595
0.33487
0.31926
0.32958
0.32996
0.32968
0.32958
0.30397
0.31085
0.30949
0.30490
0.30154
0.30278
0.30278
0.30274
0.29904
0.30605
0.30640
0.30461
0.29031
0.29381
0.29096
0.28906
0.29021
0.27412
0.27411
0.27423
0.25105
0.24947
0.25144
0.25490
0.24916
0.24916
0.24916
0.24916
0.24912
0.24916
0.25032
0.23877
0.25618
0.25618
0.24779
0.24301
0.24614
0.24684
0.24091
0.24127
0.25333
0.26715
0.26720
0.25700
0.26790
0.30076
0.30076
0.30550
0.30550
0.30550
0.30550
0.27802
0.26636
0.25005
0.24240
0.24182
0.25020
0.24894
0.26983
0.26981
0.26630
0.26702
0.27148
0.28685
0.29062
0.26967
0.25051
0.25585
0.25596
0.25533
0.25667
0.24633
0.29359
0.31032
0.32932
0.32987
0.32387
0.35756
0.35347
0.35297
0.35390
0.35664
0.35310
0.32959
0.35370
0.34518
0.35048
0.34290
0.31683
0.31645
0.30758
0.31342
0.31836
0.31836
0.31836
0.32218
0.31625
0.30978
0.28738
0.28767
0.29046
0.29543
0.29829
0.30415
0.30429
0.34228
0.34136
0.32807
0.32428
0.32368
0.33652
0.34399
0.33438
0.33401
0.32962
0.33509
0.32828
0.33806
0.33227
0.34087
0.35339
0.35357
0.37956
0.38022
0.38100
0.38594
0.38046
0.38160
0.39681
0.38717
0.38715
0.40285
0.37364
0.36938
0.36251
0.36416
0.36424
0.34836
0.34867
0.36579
0.37949
0.39733
0.38719
0.40240
0.40352
0.41220
0.39556
0.39442
0.40036
0.39688
0.38411
0.37466
0.38368
0.36892
0.36892
0.37077
0.33835
0.33491
0.34762
0.35491
0.34671
0.34534
0.34534
0.34500
0.33468
0.33468
0.33468
0.33468
0.33466
0.33468
0.33687
0.33939
0.34304
0.35069
0.33928
0.32992
0.32966
0.34926
0.34636
0.33531
0.33644
0.33542
0.32834
0.31657
0.32249
0.31044
0.29338
0.29338
0.29862
0.30325
0.31412
0.31410
0.31066
0.31007
0.32911
0.32296
0.31677
0.33184
0.33184
0.35162
0.35164
0.35162
0.34241
0.33778
0.33219
0.32766
0.32766
0.32041
0.32138
0.32006
0.32006
0.33055
0.33212
0.33628
0.32478
0.32108
0.31432
0.31935
0.31488
0.32332
0.32309
0.32317
0.32309
0.32309
0.33340
0.33342
0.32495
0.32069
0.31640
0.31575
0.31398
0.30434
0.30434
0.28279
0.28935
0.28958
0.29803
0.29790
0.30225
0.29568
0.29099
0.29160
0.30411
0.30464
0.29914
0.26935
0.26910
0.26132
0.25344
0.25305
0.24820
0.24667
0.25687
0.25064
0.25064
0.25064
0.25146
0.25063
0.24952
0.24109
0.23137
0.22244
0.22963
0.24603
0.24594
0.24654
0.26433
0.27352
0.28222
0.28121
0.29458
0.30842
0.30676
0.29805
0.28801
0.29197
0.30437
0.30433
0.30003
0.29118
0.30479
0.30497
0.30488
0.32101
0.31327
0.31327
0.31193
0.30689
0.31237
0.31239
0.30987
0.30659
0.28656
0.27366
0.27298
0.28017
0.28077
0.28005
0.28199
0.28058
0.29310
0.30006
0.30479
0.30479
0.29554
0.29326
0.29324
0.31181
0.32317
0.32653
0.31966
0.31917
0.30222
0.30947
0.30957
0.31010
0.30452
0.30445
0.31612
0.29355
0.29355
0.28458
0.29192
0.29574
0.29531
0.28929
0.30638
0.30756
0.31303
0.31308
0.31354
0.31811
0.31253
0.31201
0.33300
0.32304
0.32304
0.32310
0.33769
0.34549
0.34551
0.35931
0.34752
0.34227
0.34493
0.35693
0.35775
0.34724
0.32949
0.32960
0.35557
0.34622
0.33760
0.33894
0.33850
0.35104
0.35220
0.35221
0.35274
0.32378
0.32135
0.32378
0.32593
0.31813
0.33018
0.32986
0.32308
0.36479
0.36307
0.35417
0.34749
0.35116
0.34613
0.35316
0.36877
0.35622
0.35432
0.35493
0.35324
0.33183
0.33182
0.32606
0.32606
0.32487
0.31760
0.31097
0.29441
0.32214
0.32273
0.33386
0.34053
0.34093
0.33729
0.33387
0.33646
0.36512
0.36518
0.36851
0.37019
0.37777
0.37995
0.38926
0.40236
0.37210
0.35597
0.34393
0.34414
0.34458
0.34458
0.34360
0.35135
0.33063
0.33969
0.35378
0.35242
0.35107
0.35107
0.35107
0.35287
0.35107
0.34847
0.33876
0.36740
0.34262
0.34262
0.34262
0.35399
0.33639
0.33838
0.33755
0.33971
0.34610
0.34531
0.34531
0.33285
0.33281
0.33739
0.35135
0.35130
0.35130
0.35170
