0.00000
0.00061
0.00780
0.01490
0.00161
0.00000
0.00299
0.00318
0.00000
0.00686
0.00660
0.00358
0.00340
0.00000
0.00000
0.00000
0.02226
0.03479
0.03479
0.04425
0.03932
0.03932
0.03926
0.02776
0.02776
0.04573
0.06815
0.06071
0.06097
0.04363
0.04369
0.03320
0.01504
0.02392
0.02392
0.02314
0.01511
0.01535
0.01525
0.01525
0.03173
0.03173
0.03259
0.03305
0.03380
0.03119
0.03028
0.03015
0.00656
0.00749
0.00749
0.00749
0.00946
0.00956
0.00946
0.00946
0.01517
0.01895
0.01895
0.01895
0.01373
0.02478
0.03188
0.03001
0.00975
0.01114
0.00000
0.00000
0.01842
0.01158
0.01205
0.01158
0.01485
0.01488
0.03486
0.02950
0.03976
0.03977
0.05047
0.05409
0.03054
0.04501
0.05216
0.05418
0.02944
0.03431
0.02263
0.02206
0.02682
0.04538
0.04539
0.06104
0.07656
0.08601
0.08800
0.12146
0.12330
0.12099
0.13074
0.14164
0.13416
0.13011
0.13011
0.13011
0.12909
0.12057
0.12057
0.11480
0.11401
0.11375
0.10556
0.11310
0.10566
0.10566
0.10557
0.10557
0.09918
0.09918
0.11602
0.13186
0.13186
0.12530
0.12355
0.10244
0.10465
0.10272
0.10216
0.10317
0.11782
0.11782
0.11782
0.12283
0.13884
0.14279
0.13598
0.13598
0.13489
0.13100
0.12760
0.12789
0.13009
0.13009
0.11246
0.11200
0.11011
0.11443
0.11442
0.11065
0.11103
0.11007
0.11007
0.10471
0.12128
0.12711
0.12941
0.12941
0.13514
0.13527
0.13637
0.13615
0.13638
0.11249
0.10104
0.11086
0.11086
0.11383
0.12008
0.12626
0.12872
0.11793
0.11816
0.15084
0.14487
0.16018
0.16018
0.13077
0.14335
0.15694
0.16969
0.17087
0.17416
0.16716
0.16709
0.16716
0.18697
0.18053
0.18697
0.17519
0.16102
0.16102
0.16025
0.16921
0.16921
0.16946
0.16921
0.16921
0.16921
0.17315
0.16658
0.16700
0.16645
0.16701
0.16072
0.16111
0.19255
0.19246
0.18275
0.20796
0.20797
0.21893
0.21893
0.19986
0.19831
0.19813
0.17972
0.16758
0.16793
0.15945
0.15972
0.16899
0.17529
0.17529
0.17529
0.18364
0.17280
0.17122
0.17534
0.18634
0.18634
0.18479
0.18677
0.20632
0.21776
0.22584
0.22597
0.22584
0.24221
0.22081
0.22345
0.22346
0.22365
0.22363
0.20508
0.21136
0.19842
0.19795
0.19795
0.19795
0.19993
0.19993
0.21412
0.23357
0.23357
0.23389
0.22747
0.20870
0.20104
0.20102
0.19430
0.17964
0.17345
0.16644
0.16808
0.17214
0.17358
0.16330
0.16500
0.16500
0.14754
0.17563
0.16046
0.14886
0.15021
0.16149
0.16120
0.16740
0.16740
0.14007
0.15632
0.15079
0.15603
0.15591
0.15526
0.15562
0.15961
0.15921
0.17505
0.17376
0.17359
0.17236
0.19258
0.20170
0.20192
0.20937
0.20524
0.21822
0.21168
0.20136
0.20157
0.20055
0.20953
0.20799
0.21861
0.21781
0.21852
0.22161
0.21698
0.24921
0.25616
0.25595
0.26458
0.26458
0.26448
0.25366
0.24417
0.24026
0.25633
0.25633
0.25205
0.25617
0.25202
0.24906
0.27458
0.27441
0.26815
0.26473
0.26498
0.26774
0.26599
0.26599
0.25694
0.26244
0.26244
0.27213
0.27213
0.27194
0.27213
0.27216
0.27280
0.28152
0.29245
0.29208
0.32316
0.30774
0.30717
0.30669
0.30029
0.28166
0.28166
0.26274
0.25601
0.25598
0.25599
0.24030
0.22407
0.20168
0.20168
0.19975
0.18981
0.18981
0.18496
0.18761
0.18469
0.19036
0.17589
0.18437
0.17630
0.18331
0.17800
0.16930
0.16931
0.18122
0.18053
0.18535
0.18987
0.18101
0.19317
0.19317
0.20335
0.22047
0.21455
0.21960
0.21518
0.20220
0.20220
0.20667
0.20669
0.20670
0.19383
0.19862
0.20635
0.20624
0.20624
0.18917
0.19564
0.22193
0.22652
0.22756
0.22750
0.23952
0.23952
0.23952
0.23317
0.23026
0.23026
0.24221
0.23343
0.24329
0.24329
0.24329
0.24683
0.25686
0.25164
0.24864
0.24864
0.24860
0.24864
0.25235
0.24864
0.23796
0.26764
0.27244
0.28308
0.28153
0.28144
0.28153
0.28134
0.28291
0.28291
0.28291
0.28292
0.28190
0.28181
0.26653
0.26403
0.26271
0.25845
0.24877
0.22883
0.22813
0.22581
0.23799
0.23598
0.21667
0.21044
0.20875
0.20946
0.20946
0.20946
0.20092
0.20091
0.19932
0.18827
0.18983
0.18920
0.17701
0.18398
0.18958
0.19709
0.20882
0.19597
0.19597
0.20968
0.20968
0.20968
0.20974
0.20595
0.20747
0.21985
0.20847
0.20599
0.20599
0.22298
0.25005
0.25005
0.25005
0.23281
0.22600
0.22403
0.23327
0.22930
0.23185
0.22477
0.21530
0.21530
0.21139
0.21403
0.21409
0.21234
0.21167
0.20500
0.20500
0.20843
0.22025
0.24370
0.24371
0.22899
0.21164
0.20939
0.20620
0.20570
0.20666
0.20645
0.21056
0.20912
0.18354
0.17377
0.17377
0.18641
0.19967
0.19074
0.19074
0.19074
0.19074
0.17532
0.20180
0.19494
0.17891
0.18420
0.18413
0.23371
0.22301
0.20921
0.20921
0.19147
0.17885
0.17885
0.19143
0.18360
0.17688
0.15218
0.18224
0.18224
0.18522
0.17266
0.17173
0.16385
0.15988
0.16006
0.15988
0.15988
0.16320
0.16440
0.15103
0.15159
0.14600
0.13607
0.13906
0.13238
0.13232
0.16046
0.16025
0.16030
0.16046
0.16551
0.15983
0.15258
0.13724
0.13859
0.12702
0.12627
0.15300
0.13166
0.12864
0.12605
0.12784
0.11794
0.11794
0.11387
0.11784
0.08215
0.08170
0.09746
0.10118
0.09933
0.07973
0.07882
0.07653
0.08994
0.09508
0.09508
0.10131
0.09519
0.09519
0.08734
0.08797
0.08796
0.07996
0.08010
0.06094
0.06105
0.06094
0.06073
0.06419
0.05599
0.04874
0.04923
0.04394
0.04561
0.05251
0.05336
0.03139
0.03115
0.04648
0.04553
0.04553
0.04553
0.04553
0.04553
0.03442
0.03447
0.03087
0.01896
0.01693
0.01728
0.01693
0.01693
0.05089
0.05650
0.05263
0.04630
0.04650
0.04625
0.04236
0.03772
0.02674
0.01472
0.02516
0.02716
0.02739
0.03086
0.02553
0.02740
0.01885
0.02324
0.02324
0.02324
0.01460
0.01284
0.01255
0.01206
0.01144
0.01234
0.01572
0.01575
0.02096
0.02508
0.01544
0.01068
0.00298
0.00286
0.00273
0.00284
0.00591
0.00317
0.00602
0.00656
0.00000
0.00000
0.00000
0.00000
0.00012
0.00073
0.02165
0.02165
0.02293
0.00284
0.00000
0.00897
0.00806
0.00182
0.00189
0.00115
0.00115
0.00557
0.00581
0.01164
0.01164
0.00511
0.00520
0.00022
0.00031
0.00000
0.00000
0.00000
0.00000
0.00485
0.00000
0.00318
0.00000
0.00000
0.00000
0.01013
0.01460
0.00238
0.01759
0.02678
0.02863
0.03897
0.01893
0.01943
0.01544
0.01786
0.01544
0.02615
0.02444
0.03533
0.03405
0.02839
0.03999
0.03653
0.02899
0.02890
0.02353
0.01875
0.00060
0.01056
0.03064
0.02889
0.02122
0.02342
0.03643
0.02214
0.02214
0.04482
0.05351
0.05351
0.04602
0.05861
0.05773
0.05777
0.05777
0.05777
0.05777
0.06373
0.06373
0.06409
0.04925
0.04855
0.04789
0.03812
0.03812
0.02258
0.01915
0.02509
0.02103
0.02103
0.03194
0.03471
0.07096
0.06430
0.07166
0.06997
0.06058
0.06058
0.07219
0.05457
0.05455
0.05803
0.05820
0.05771
0.05768
0.05425
0.08433
0.10399
0.10111
0.10720
0.10720
0.12596
0.12594
0.12423
0.11570
0.10705
0.10707
0.10354
0.10354
0.10354
0.09882
0.09882
0.10423
0.13293
0.13633
0.14338
0.14461
0.15275
0.15351
0.15350
0.14376
0.13957
0.13159
0.13159
0.13171
0.13159
0.12522
0.10172
0.11756
0.11756
0.12500
0.14781
0.14876
0.14787
0.15097
0.15652
0.15652
0.15235
0.13492
0.13790
0.14850
0.14383
0.11489
0.12372
0.12372
0.13498
0.14237
0.13964
0.14001
0.13709
0.15522
0.16040
0.15518
0.15336
0.15336
0.15286
0.14048
0.13474
0.14477
0.14720
0.16267
0.15179
0.14750
0.15664
0.14488
0.13549
0.13178
0.14355
0.14536
0.14314
0.13313
0.12332
0.11268
0.13699
0.13200
0.13927
0.13517
0.13742
0.13742
0.14874
0.14874
0.14874
0.14878
0.15815
0.16574
0.17316
0.17152
0.17152
0.17100
0.17152
0.17152
0.17152
0.17331
0.17331
0.17304
0.17445
0.17595
0.18821
0.17507
0.18133
0.18681
0.20253
0.20205
0.20165
0.21281
0.18107
0.18113
0.15706
0.16196
0.14489
0.15766
0.15747
0.14979
0.15563
0.14745
0.14772
0.14772
0.15796
0.15756
0.15756
0.15344
0.15660
0.15714
0.15802
0.15981
0.15802
0.15802
0.15802
0.12132
0.12132
0.13340
0.13392
0.15230
0.15230
0.15229
0.15230
0.15492
0.14560
0.14580
0.12041
0.12472
0.13636
0.12168
0.12225
0.13762
0.13595
0.13595
0.13595
0.14199
0.14294
0.12855
0.13407
0.14291
0.14424
0.15113
0.14210
0.14438
0.14438
0.14438
0.14485
0.15579
0.15457
0.16274
0.16542
0.17088
0.17088
0.17300
0.18991
0.18627
0.18626
0.18824
0.18732
0.19727
0.19064
0.19063
0.18951
0.18107
0.19049
0.19832
0.19832
0.19832
0.19832
0.19230
0.20892
0.23850
0.23566
0.23629
0.23632
0.23629
0.23629
0.25775
0.25790
0.25775
0.26460
0.26351
0.25197
0.24732
0.24765
0.24733
0.24732
0.22393
0.22009
0.21566
0.19776
0.19661
0.23439
0.23594
0.23594
0.23594
0.22920
0.22878
0.23958
0.24876
0.25311
0.25309
0.25311
0.25101
0.25106
0.25193
0.25772
0.26244
0.26282
0.23145
0.23364
0.25042
0.25028
0.25042
0.25042
0.25335
0.25615
0.24383
0.24069
0.23256
0.22875
0.24534
0.25085
0.23446
0.23349
0.22744
0.22918
0.23213
0.23446
0.22915
0.22787
0.22787
0.23409
0.24703
0.24572
0.24707
0.24407
0.23790
0.25374
0.24713
0.24878
0.24885
0.26831
0.27217
0.29912
0.30087
0.30585
0.29859
0.28268
0.30122
0.30508
0.30051
0.29103
0.28312
0.26639
0.26638
0.26814
0.25835
0.23747
0.23619
0.23366
0.23483
0.26564
0.26132
0.26564
0.25928
0.28776
0.28771
0.29184
0.28547
0.27576
0.27449
0.27190
0.27563
0.27636
0.27563
0.27532
0.28769
0.28770
0.29533
0.29329
0.29520
0.29519
0.29821
0.29481
0.29658
0.31044
0.31103
0.31267
0.33151
0.33151
0.32146
0.32318
0.30680
0.29411
0.29411
0.29411
0.31291
0.31522
0.30419
0.30410
0.30600
0.29385
0.29622
0.31108
0.31058
0.32397
0.32900
0.31324
0.29034
0.27408
0.27409
0.24881
0.26341
0.25240
0.26865
0.27703
0.27703
0.28338
0.30228
0.30228
0.30228
0.29807
0.30119
0.30535
0.30535
0.30535
0.30534
0.30914
0.30906
0.30611
0.30835
0.30835
0.30835
0.30835
0.30835
0.30835
0.30835
0.29794
0.29794
0.29794
0.28704
0.28103
0.31322
0.33604
0.33339
0.33206
0.33102
0.31778
0.32167
0.32106
0.32164
0.32086
0.31365
0.31874
0.31844
0.32065
0.32065
0.32065
0.33451
0.34092
0.32856
0.32890
0.31436
0.32161
0.29800
0.29800
0.29636
0.29636
0.29666
0.30248
0.31192
0.31192
0.31192
0.32161
0.32180
0.31348
0.31388
0.30430
0.30259
0.29910
0.30613
0.30613
0.32759
0.34863
0.34825
0.34823
0.34201
0.34198
0.34296
0.34296
0.34827
0.36319
0.36105
0.37027
0.35120
0.34016
0.34016
0.31760
0.31390
0.33228
0.33627
0.33255
0.36467
0.36467
0.37476
0.37476
0.37614
0.37614
0.37197
0.35929
0.35929
0.37052
0.37034
0.38133
0.38700
0.39751
0.40022
0.40022
0.38010
0.39356
0.37552
0.37482
0.32669
0.32455
0.33561
0.33747
0.35427
0.36614
0.36619
0.34319
0.35070
0.33851
0.32736
0.33660
0.33848
0.34138
0.34098
0.34358
0.34485
0.34484
0.35968
0.35944
0.35742
0.34918
0.34918
0.34015
0.35807
0.35450
0.36044
0.36041
0.35919
0.35348
0.35169
0.34202
0.33592
0.33604
0.33949
0.33949
0.33586
0.34054
0.37019
0.36323
0.36913
0.37100
0.35576
0.35588
0.35588
0.36559
0.37140
0.37140
0.39003
0.39003
0.37982
0.37924
0.38546
0.38643
0.37747
0.39155
0.39155
0.39490
0.39184
0.39175
0.39804
0.39798
0.39808
0.40055
0.40083
0.39928
0.41290
0.41099
0.41114
0.41843
0.42513
0.41273
0.41336
0.42087
0.42087
0.42087
0.41217
0.42279
0.42400
0.44951
0.45178
0.45155
0.44170
0.45121
0.45102
0.44984
0.44984
0.44984
0.44682
0.45977
0.46212
0.46500
0.46198
0.46635
0.46635
0.47288
0.47110
0.49972
0.49972
0.49298
0.49292
0.51889
0.51980
0.51980
0.52001
0.52001
0.52040
0.50931
0.50929
0.53553
0.53722
0.53369
0.53362
0.52425
0.51579
0.51579
0.50336
0.50336
0.49184
0.51443
0.51441
0.51686
0.51783
0.51413
0.55372
0.55773
0.55299
0.55522
0.55724
0.55258
0.55899
0.55899
0.56424
0.55808
0.54176
0.54690
0.55435
0.55465
0.55435
0.52697
0.52367
0.52367
0.51273
0.51612
0.52845
0.52088
0.51284
0.51144
0.52165
0.52143
0.51216
0.51216
0.51216
0.51217
0.52180
0.53017
0.52854
0.54138
0.54784
0.54190
0.54190
0.54190
0.54190
0.53238
0.53248
0.51639
0.51182
0.50627
0.50622
0.51175
0.51178
0.50350
0.47796
0.48501
0.46234
0.46641
0.46698
0.46261
0.44422
0.45846
0.45665
0.45666
0.46828
0.49710
0.49965
0.52778
0.54385
0.55712
0.57064
0.57064
0.57064
0.58507
0.57575
0.56300
0.56622
0.56782
0.56981
0.56989
0.56982
0.56267
0.56840
0.56558
0.56165
0.56160
0.56165
0.55814
0.54996
0.55146
0.54996
0.54411
0.51675
0.52014
0.51068
0.51068
0.50124
0.46815
0.46662
0.47159
0.47666
0.47666
0.47015
0.46532
0.46532
0.45740
0.44408
0.45466
0.45970
0.45237
0.44232
0.44200
0.45049
0.46227
0.46231
0.45133
0.44328
0.44185
0.44140
0.44094
0.44158
0.44013
0.43966
0.44013
0.43742
0.43864
0.45455
0.45392
0.44784
0.42952
0.43100
0.45204
0.44732
0.45848
0.45229
0.44521
0.44331
0.44890
0.44890
0.44853
0.44854
0.46090
0.46090
0.44648
0.43693
0.43306
0.43911
0.43911
0.43895
0.43392
0.42861
0.43724
0.42969
0.42977
0.42977
0.42997
0.42977
0.40882
0.39228
0.38792
0.38431
0.37437
0.37990
0.38376
0.38376
0.38964
0.38964
0.39904
0.40157
0.40313
0.40125
0.40125
0.39699
0.36890
0.37634
0.35758
0.35669
0.35641
0.35641
0.36011
0.35983
0.35961
0.34873
0.35985
0.35652
0.35573
0.35557
0.35573
0.34550
0.36169
0.35230
0.35735
0.36645
0.36732
0.37829
0.39279
0.39952
0.40925
0.39832
0.37921
0.37982
0.38214
0.38214
0.38214
0.39719
0.41092
0.43036
0.44077
0.42570
0.45001
0.44420
0.41207
0.40999
0.40999
0.39361
0.37652
0.39530
0.39116
0.39125
0.39318
0.39158
0.36970
0.35769
0.36824
0.36971
0.36971
0.37742
0.37511
0.37729
0.36754
0.35821
0.32571
0.32571
0.34946
0.33604
0.34324
0.32962
0.32962
0.33075
0.32393
0.32393
0.33753
0.33458
0.30794
0.29578
0.29267
0.29267
0.29267
0.29748
0.28682
0.28756
0.28756
0.30046
0.30513
0.31611
0.31323
0.31716
0.32668
0.33486
0.31268
0.31268
0.31268
0.33102
0.32542
0.31919
0.31546
0.31546
0.31546
0.33711
0.33691
0.33711
0.33669
0.33711
0.34938
0.34472
0.34494
0.35194
0.33995
0.34123
0.34123
0.34224
0.33494
0.34560
0.33250
0.33924
0.31656
0.31519
0.30427
0.30434
0.31631
0.31298
0.31298
0.31091
0.30972
0.28827
0.28926
0.28733
0.28601
0.28601
0.27130
0.27167
0.26139
0.26498
0.25186
0.26690
0.25782
0.25223
0.27506
0.28806
0.29845
0.29604
0.29604
0.30983
0.31260
0.30477
0.29804
0.29589
0.29917
0.30974
0.31101
0.31193
0.31193
0.31092
0.30684
0.29625
0.30493
0.31107
0.30177
0.26477
0.28129
0.27290
0.28054
0.27818
0.27751
0.29100
0.29527
0.30643
0.30336
0.29822
0.30502
0.30351
0.30381
0.26957
0.29622
0.31096
0.31224
0.29255
0.30610
0.30431
0.31256
0.31270
0.30600
0.30734
0.30734
0.30734
0.30734
0.30889
0.30691
0.29954
0.31344
0.30460
0.30299
0.30954
0.28905
0.28905
0.29951
0.29961
0.29683
0.28301
0.26587
0.27193
0.27198
0.27178
0.27198
0.29036
0.30092
0.29760
0.29194
0.32293
0.30501
0.30397
0.31390
0.32326
0.32326
0.32311
0.31463
0.30489
0.32178
0.32178
0.32178
0.32186
0.32186
0.30242
0.31285
0.31788
0.31641
0.31816
0.29252
0.29926
0.29926
0.28678
0.28678
0.30381
0.30381
0.32007
0.31773
0.33920
0.35054
0.35561
0.35556
0.35561
0.35561
0.36915
0.36915
0.36338
0.36102
0.35290
0.36697
0.34256
0.34862
0.36291
0.36943
0.34188
0.35290
0.36349
0.36907
0.37909
0.37947
0.37270
0.37595
0.38212
0.38242
0.36473
0.38299
0.38305
0.38305
0.38517
0.37960
0.37960
0.38196
0.37960
0.37960
0.39347
0.39332
0.39332
0.38470
0.38470
0.37852
0.39525
0.39385
0.37305
0.35905
0.35905
0.35548
0.33627
0.33627
0.33836
0.33166
0.31395
0.31899
0.31899
0.31899
0.31899
0.31899
0.31899
0.33157
0.34926
0.34829
0.33926
0.34532
0.33362
0.34174
0.34176
0.32275
0.30952
0.31291
0.30605
0.30631
0.30605
0.30605
0.31236
0.31236
0.28899
0.28896
0.30005
0.28480
0.28471
0.28808
0.29895
0.29859
0.29944
0.29944
0.29933
0.31061
0.29282
0.29671
0.29118
0.30294
0.30263
0.31051
0.31051
0.31519
0.30162
0.31391
0.30955
0.31467
0.31688
0.29099
0.29097
0.29474
0.30764
0.31015
0.31007
0.32650
0.34606
0.34812
0.34817
0.34817
0.32598
0.33569
0.34224
0.34224
0.34224
0.33007
0.33007
0.33009
0.30734
0.31808
0.32352
0.32375
0.32474
0.34078
0.33494
0.33245
0.34275
0.34275
0.34275
0.34206
0.34994
0.36448
0.36465
0.35001
0.35292
0.32467
0.34859
0.33655
0.34325
0.32057
0.28825
0.29659
0.27799
0.27799
0.30531
0.30855
0.28995
0.28988
0.29036
0.28971
0.28924
0.28925
0.28925
0.27651
0.25900
0.24704
0.24691
0.24845
0.24072
0.24072
0.23463
0.23044
0.23449
0.23854
0.23854
0.22849
0.21567
0.21491
0.21491
0.22300
0.22601
0.21724
0.23152
0.23457
0.22360
0.22418
0.21067
0.20983
0.18617
0.18617
0.19121
0.17075
0.16950
0.19455
0.19996
0.19409
0.19644
0.19433
0.19991
0.19692
0.20090
0.20247
0.20765
0.21115
0.21115
0.22315
0.21410
0.22074
0.22074
0.22814
0.22816
0.22816
0.22817
0.21218
0.19778
0.19838
0.19778
0.19778
0.19449
0.19455
0.19370
0.20362
0.20996
0.22381
0.22347
0.20897
0.20687
0.21716
0.21716
0.21610
0.21716
0.21716
0.22885
0.25434
0.25573
0.27462
0.27124
0.24949
0.24949
0.24949
0.24964
0.27516
0.27978
0.28944
0.28865
0.30449
0.30159
0.31378
0.31378
0.31378
0.32906
0.32906
0.33223
0.33223
0.34668
0.34625
0.34552
0.34335
0.33959
0.33962
0.33834
0.35458
0.36021
0.36034
0.36021
0.36694
0.36687
0.36429
0.36577
0.36578
0.36145
0.36145
0.36240
0.38436
0.38767
0.38767
0.38989
0.40367
0.41153
0.41353
0.41436
0.38770
0.40069
0.42060
0.44303
0.44493
0.46569
0.46563
0.47300
0.48729
0.49201
0.49186
0.49186
0.49093
0.45777
0.45387
0.45405
0.45393
0.45405
0.46329
0.47327
0.47327
0.49789
0.49789
0.49547
0.49544
0.49173
0.48423
0.48423
0.48733
0.47604
0.46414
0.46414
0.48742
0.47076
0.47783
0.49987
0.50060
0.50061
0.47804
0.47995
0.47532
0.47064
0.45683
0.45683
0.46456
0.46456
0.46431
0.46347
0.46347
0.45435
0.45435
0.45435
0.44128
0.43581
0.43601
0.44458
0.42177
0.41684
0.43036
0.42198
0.40410
0.40213
0.40280
0.40818
0.42745
0.41983
0.43483
0.43483
0.44173
0.44171
0.45333
0.45928
0.45811
0.45928
0.44302
0.44118
0.44305
0.44312
0.44305
0.44305
0.44305
0.45463
0.45829
0.45458
0.43747
0.43747
0.43927
0.43644
0.42128
0.40301
0.41050
0.43553
0.43317
0.45111
0.44896
0.43339
0.45891
0.46886
0.46851
0.46156
0.45134
0.46439
0.46479
0.46482
0.46479
0.46513
0.46763
0.46769
0.46769
0.47800
0.48279
0.47807
0.46995
0.48206
0.50758
0.50712
0.52302
0.52482
0.53353
0.53341
0.53254
0.50978
0.51490
0.51410
0.51095
0.50903
0.50758
0.51657
0.48713
0.48705
0.48711
0.49426
0.47262
0.48547
0.48501
0.51032
0.51782
0.50897
0.50085
0.50087
0.50085
0.50126
0.48724
0.49283
0.48680
0.48795
0.48744
0.50747
0.50747
0.50940
0.51958
0.52979
0.53032
0.52979
0.53354
0.53354
0.50122
0.48851
0.48949
0.48940
0.47712
0.50346
0.50165
0.51850
0.53328
0.50639
0.50639
0.50639
0.51194
0.51834
0.51834
0.51834
0.51834
0.51834
0.52860
0.52860
0.52845
0.52860
0.51177
0.50868
0.52018
0.51714
0.49793
0.50565
0.51669
0.51790
0.53240
0.51992
0.51914
0.52334
0.52011
0.52011
0.51054
0.50396
0.49573
0.49552
0.48907
0.50543
0.51284
0.50691
0.47284
0.47225
0.47509
0.44775
0.44776
0.45535
0.45304
0.45860
0.46413
0.46275
0.45965
0.47268
0.47384
0.45186
0.45200
0.44673
0.42579
0.41302
0.41366
0.41366
0.41366
0.41440
0.41366
0.40718
0.41002
0.41799
0.42775
0.43111
0.42582
0.42130
0.42130
0.40106
0.40112
0.39622
0.39335
0.40368
0.38852
0.38693
0.38693
0.38693
0.38948
0.40263
0.39211
0.37145
0.38975
0.37365
0.36545
0.36619
0.36699
0.36189
0.36189
0.36189
0.35956
0.36744
0.34824
0.34772
0.34174
0.34809
0.34809
0.34710
0.35775
0.35775
0.34127
0.33108
0.34260
0.33277
0.33484
0.32079
0.31168
0.31169
0.31167
0.31216
0.31986
0.32202
0.32202
0.32649
0.30544
0.30547
0.29484
0.28422
0.28420
0.28415
0.28415
0.26865
0.26831
0.27050
0.27469
0.27277
0.25061
0.23887
0.23887
0.23625
0.24189
0.24190
0.24133
0.24744
0.24205
0.23159
0.23870
0.23334
0.22983
0.24595
0.25886
0.27441
0.28476
0.28476
0.28476
0.28476
0.28476
0.28476
0.28476
0.28952
0.30176
0.30176
0.29683
0.29683
0.28037
0.28751
0.29629
0.29599
0.27770
0.27770
0.27770
0.26992
0.27894
0.28408
0.26199
0.26127
0.26602
0.26095
0.26086
0.26095
0.25581
0.25560
0.27531
0.27436
0.26753
0.26982
0.26431
0.26431
0.26431
0.26318
0.25539
0.23226
0.21949
0.21552
0.20818
0.20710
0.20719
0.22622
0.22620
0.22637
0.23087
0.23096
0.23251
0.22693
0.23360
0.26992
0.28857
0.31252
0.32070
0.32384
0.32857
0.33856
0.33627
0.33627
0.33624
0.34369
0.34369
0.34301
0.34110
0.35860
0.35860
0.36730
0.38734
0.38734
0.38734
0.39718
0.39718
0.40882
0.40882
0.41743
0.42453
0.42612
0.42612
0.44309
0.44666
0.44666
0.44669
0.44183
0.44183
0.44275
0.42610
0.42610
0.39727
0.39328
0.39207
0.38378
0.38378
0.38058
0.37072
0.35705
0.35302
0.36025
0.36025
0.36025
0.36240
0.35774
0.36504
0.36412
0.35811
0.35811
0.35811
0.33970
0.34251
0.33364
0.32795
0.31709
0.31712
0.30353
0.30360
0.28056
0.28758
0.28758
0.30457
0.28194
0.27989
0.27924
0.29112
0.29353
0.29353
0.29463
0.29634
0.29635
0.28176
0.28308
0.28308
0.28308
0.28308
0.27695
0.25998
0.25364
0.25364
0.23991
0.25548
0.24761
0.24760
0.24758
0.25583
0.26298
0.26526
0.27063
0.27381
0.27411
0.26775
0.25682
0.26811
0.27803
0.27106
0.25834
0.27243
0.21999
0.22232
0.22232
0.22737
0.24088
0.28489
0.26364
0.26554
0.26404
0.26715
0.26715
0.26715
0.26779
0.26715
0.24558
0.25417
0.25417
0.25427
0.25417
0.26969
0.27309
0.27344
0.29795
0.29928
0.28555
0.28559
0.28546
0.28559
0.25604
0.24573
0.24573
0.24573
0.25682
0.25442
0.25682
0.27650
0.29990
0.30076
0.30379
0.30553
0.28235
0.28134
0.27558
0.27092
0.28548
0.27258
0.28012
0.28012
0.29731
0.29855
0.30034
0.29487
0.30588
0.30371
0.30067
0.29270
0.29720
0.29270
0.29270
0.31209
0.31232
0.28082
0.26898
0.25095
0.25095
0.25455
0.25072
0.25072
0.28064
0.29540
0.29425
0.29274
0.27859
0.25856
0.25122
0.25735
0.25430
0.26050
0.27392
0.28075
0.28402
0.28669
0.28669
0.30410
0.30838
0.30904
0.31438
0.30747
0.31436
0.31503
0.30247
0.30522
0.29869
0.29860
0.29649
0.29795
0.29666
0.28629
0.27911
0.27528
0.27528
0.27729
0.27528
0.26608
0.27066
0.26230
0.26315
0.26122
0.26121
0.24671
0.23882
0.21351
0.22524
0.22545
0.23917
0.22070
0.22325
0.22591
0.22591
0.21669
0.21747
0.22343
0.20837
0.21676
0.21679
0.21836
0.21836
0.24812
0.24812
0.25485
0.24942
0.23882
0.23882
0.23315
0.23315
0.23328
0.22779
0.22762
0.22779
0.23052
0.23077
0.22833
0.23620
0.23673
0.23673
0.23673
0.24730
0.23999
0.23999
0.24522
0.24396
0.24911
0.24919
0.24917
0.25521
0.25738
0.25566
0.24928
0.23606
0.22366
0.21870
0.24521
0.24177
0.24521
0.24519
0.24521
0.25150
0.25151
0.25146
0.25086
0.25918
0.25918
0.25357
0.24924
0.25123
0.25123
0.25564
0.25873
0.24706
0.24746
0.25060
0.27037
0.29157
0.29191
0.29537
0.29537
0.27637
0.28503
0.27665
0.28787
0.28251
0.27067
0.23399
0.22101
0.24008
0.25219
0.24944
0.25840
0.26359
0.26562
0.26562
0.26562
0.28094
0.28632
0.27803
0.27200
0.27200
0.25699
0.25643
0.25588
0.25667
0.25655
0.26211
0.26707
0.26704
0.25435
0.25251
0.24216
0.24201
0.25402
0.26342
0.27882
0.28914
0.29859
0.32458
0.34213
0.34930
0.34934
0.35350
0.34070
0.34029
0.34359
0.34384
0.34392
0.34390
0.34390
0.35596
0.38335
0.38070
0.36542
0.36702
0.38952
0.38439
0.39275
0.39737
0.38924
0.38950
0.39573
0.39573
0.40454
0.41824
0.41824
0.41972
0.41579
0.39476
0.40252
0.40265
0.41501
0.39279
0.39279
0.39279
0.38991
0.39453
0.39476
0.39474
0.41441
0.41201
0.38699
0.39475
0.43565
0.43709
0.43112
0.43112
0.43545
0.43565
0.43793
0.44646
0.44419
0.44412
0.44367
0.44409
0.44363
0.45699
0.45729
0.43441
0.43418
0.43755
0.44042
0.43406
0.42466
0.41063
0.40548
0.39248
0.39336
0.38595
0.38575
0.38595
0.37973
0.38041
0.38412
0.38757
0.39121
0.39663
0.35775
0.36328
0.36280
0.37340
0.37340
0.35984
0.37864
0.37821
0.39579
0.39579
0.35415
0.35438
0.34399
0.34453
0.34399
0.35025
0.34993
0.33772
0.34167
0.34199
0.34199
0.34199
0.34197
0.34199
0.34719
0.35076
0.35186
0.35413
0.35594
0.34796
0.36052
0.33982
0.32036
0.28971
0.28228
0.29341
0.29341
0.29818
0.30611
0.31984
0.32313
0.32766
0.29984
0.30105
0.30074
0.30105
0.30105
0.30105
0.30105
0.30283
0.30224
0.30288
0.31165
0.31416
0.31059
0.30364
0.30364
0.30364
0.30705
0.30855
0.30897
0.30901
0.30897
0.29504
0.29504
0.29504
0.29695
0.29326
0.29234
0.29234
0.29234
0.30005
0.28873
0.28989
0.28997
0.29410
0.27832
0.27832
0.27222
0.27222
0.27222
0.27368
0.27345
0.27327
0.27712
0.27958
0.26040
0.25375
0.24917
0.26802
0.28165
0.26946
0.26023
0.25982
0.28092
0.28094
0.28094
0.26844
0.27014
0.28133
0.28133
0.24879
0.25212
0.24729
0.24410
0.24406
0.24893
0.25874
0.25887
0.25874
0.25874
0.24968
0.21901
0.20619
0.18153
0.18961
0.18941
0.19206
0.19249
0.19249
0.18477
0.19318
0.19269
0.19232
0.19291
0.19570
0.19570
0.19358
0.18618
0.18545
0.16423
0.16888
0.15728
0.15646
0.16091
0.16091
0.16293
0.14520
0.15360
0.15360
0.15394
0.16272
0.16272
0.15817
0.18225
0.19732
0.18556
0.20190
0.20072
0.20434
0.20209
0.19414
0.19477
0.21071
0.21065
0.21072
0.19951
0.21105
0.20609
0.20104
0.20254
0.19374
0.20728
0.20728
0.20723
0.20728
0.18775
0.18948
0.15051
0.14433
0.15328
0.16959
0.16957
0.16731
0.16731
0.16015
0.16686
0.16718
0.19529
0.19263
0.18525
0.19323
0.19257
0.19910
0.22120
0.22120
0.23696
0.23559
0.23559
0.23574
0.22294
0.22193
0.23663
0.23442
0.22820
0.22845
0.21320
0.21320
0.21520
0.20759
0.20759
0.22728
0.22751
0.22728
0.22728
0.24400
0.23017
0.22229
0.22229
0.25868
0.26077
0.25262
0.23571
0.24152
0.24522
0.24518
0.24522
0.24522
0.23702
0.23702
0.25340
0.25308
0.25340
0.25478
0.26214
0.25177
0.27342
0.27777
0.27405
0.29071
0.29067
0.29067
0.28635
0.30482
0.32064
0.34340
0.33719
0.34638
0.36124
0.34690
0.34687
0.34588
0.33185
0.33185
0.33185
0.32717
0.32595
0.32592
0.32592
0.32775
0.33372
0.36033
0.35973
0.36015
0.35088
0.35090
0.35227
0.36089
0.36230
0.36230
0.36898
0.37260
0.37261
0.37245
0.37017
0.37017
0.38292
0.38292
0.37767
0.36216
0.36190
0.35535
0.35535
0.35525
0.35535
0.36585
0.38049
0.38708
0.38458
0.38439
0.38169
0.37418
0.37418
0.37418
0.37540
0.37418
0.37244
0.37420
0.37306
0.38131
0.38397
0.38157
0.37957
0.39689
0.39694
0.40853
0.40611
0.39884
0.39893
0.39749
0.40380
0.40380
0.39265
0.40707
0.40707
0.40707
0.40707
0.41659
0.42328
0.42328
0.39485
0.39477
0.40293
0.40448
0.40699
0.40610
0.40606
0.39797
0.40290
0.40788
0.41628
0.41731
0.41485
0.39869
0.41304
0.42046
0.41924
0.41039
0.41202
0.40926
0.39558
0.37119
0.37512
0.37512
0.37409
0.36562
0.37328
0.34867
0.32945
0.33370
0.32945
0.33663
0.35112
0.35943
0.36390
0.36062
0.36583
0.36583
0.36599
0.35626
0.38553
0.38968
0.38730
0.38745
0.38745
0.40201
0.40931
0.40912
0.41193
0.41195
0.40673
0.40699
0.42710
0.42710
0.42710
0.42212
0.42212
0.42228
0.42141
0.40603
0.40375
0.40266
0.41378
0.41910
0.40606
0.41106
0.40714
0.41107
0.40329
0.39833
0.39833
0.39833
0.39838
0.38506
0.40700
0.40081
0.39320
0.37408
0.37408
0.37181
0.37181
0.37187
0.37375
0.38974
0.38974
0.37834
0.40135
0.40420
0.40612
0.39501
0.37896
0.36111
0.36155
0.36980
0.34815
0.34812
0.34184
0.32834
0.32438
0.32678
0.32800
0.32761
0.32800
0.32583
0.32453
0.32052
0.31336
0.31255
0.31153
0.29462
0.30608
0.29375
0.29287
0.28779
0.28504
0.27955
0.28073
0.28390
0.28023
0.27558
0.28728
0.28728
0.29006
0.30821
0.30684
0.30733
0.30724
0.32762
0.33991
0.34950
0.33858
0.33858
0.33858
0.33859
0.33958
0.32658
0.32658
0.32253
0.31752
0.32537
0.33214
0.33214
0.33207
0.33218
0.33354
0.32853
0.31150
0.33565
0.33712
0.33565
0.33565
0.33565
0.33552
0.33340
0.32172
0.29974
0.30114
0.30114
0.30114
0.29473
0.29440
0.29407
0.29276
0.28581
0.26995
0.26996
0.26995
0.26287
0.24985
0.25916
0.25410
0.26414
0.27794
0.27558
0.28820
0.29590
0.29590
0.30554
0.28574
0.29484
0.27650
0.29934
0.30405
0.30403
0.30048
0.28200
0.28273
0.28489
0.30333
0.30301
0.33289
0.31920
0.31910
0.31920
0.32074
0.32971
0.32945
0.34018
0.32891
0.32891
0.32919
0.34318
0.33369
0.33165
0.33259
0.33259
0.32487
0.31831
0.31832
0.34852
0.34852
0.35250
0.34952
0.34664
0.33686
0.32772
0.31925
0.30490
0.30940
0.30834
0.29763
0.29503
0.28080
0.28003
0.28003
0.28003
0.26304
0.24911
0.26556
0.25978
0.25949
0.25949
0.25949
0.25949
0.25010
0.23910
0.23917
0.22589
0.23219
0.23251
0.22040
0.22040
0.22487
0.22054
0.21716
0.21716
0.21716
0.22134
0.22134
0.25643
0.25949
0.24384
0.24627
0.26909
0.26909
0.26886
0.26909
0.26710
0.27199
0.27108
0.28034
0.28888
0.28909
0.29110
0.29050
0.28836
0.27741
0.27585
0.30596
0.30944
0.29135
0.29135
0.29297
0.29297
0.29298
0.29761
0.29759
0.30690
0.29511
0.30309
0.29820
0.29724
0.30390
0.29149
0.29149
0.29930
0.30869
0.31228
0.31187
0.31199
0.31199
0.30089
0.31312
0.30260
0.30260
0.29197
0.28905
0.29197
0.31572
0.29271
0.30159
0.30142
0.30159
0.30159
0.30159
0.30159
0.30159
0.30014
0.29165
0.31186
0.31719
0.31786
0.31753
0.31308
0.30698
0.31564
0.30698
0.31645
0.31553
0.31507
0.33231
0.35829
0.35829
0.35829
0.35837
0.35189
0.35189
0.35204
0.36583
0.36254
0.36653
0.37482
0.35882
0.35882
0.35785
0.35936
0.36252
0.36628
0.36904
0.35477
0.36907
0.35975
0.35076
0.34432
0.32576
0.31613
0.31613
0.32696
0.32601
0.33144
0.33146
0.31120
0.31804
0.30815
0.30448
0.30383
0.31081
0.31081
0.31787
0.31787
0.31089
0.31773
0.31773
0.31773
0.31969
0.32047
0.32090
0.32292
0.33012
0.33029
0.33038
0.33770
0.34147
0.36401
0.34177
0.34750
0.34750
0.35333
0.35334
0.36942
0.36942
0.38910
0.38811
0.38429
0.38584
0.38584
0.37005
0.36696
0.38472
0.38472
0.38668
0.38018
0.38018
0.38882
0.38888
0.38245
0.37649
0.37496
0.37080
0.36453
0.36940
0.35899
0.37421
0.36602
0.36601
0.37994
0.37076
0.36315
0.37380
0.37691
0.37628
0.38799
0.39133
0.39114
0.39121
0.40802
0.41091
0.41030
0.41383
0.42886
0.43362
0.43960
0.44576
0.43708
0.44783
0.45001
0.44403
0.44090
0.44090
0.44090
0.44789
0.44819
0.44821
0.45545
0.44589
0.44097
0.44096
0.44670
0.44670
0.45306
0.45280
0.45060
0.45134
0.45000
0.44470
0.43638
0.43632
0.43787
0.43632
0.43698
0.43800
0.46180
0.47003
0.46422
0.46422
0.46422
0.46422
0.47063
0.45840
0.46667
0.46123
0.45742
0.44501
0.44501
0.44567
0.42994
0.43201
0.43702
0.43118
0.43118
0.43381
0.45139
0.45128
0.42899
0.39974
0.39956
0.41520
0.41510
0.41156
0.40924
0.41302
0.41303
0.41303
0.42337
0.42337
0.42924
0.43299
0.45376
0.45533
0.46144
0.49750
0.49980
0.49348
0.48465
0.48465
0.46709
0.46130
0.49298
0.48910
0.48871
0.49312
0.47576
0.47531
0.47417
0.49194
0.48923
0.47814
0.46767
0.46987
0.46797
0.46805
0.47062
0.45533
0.45078
0.44976
0.44976
0.44839
0.43041
0.40723
0.40717
0.39845
0.37531
0.35735
0.34614
0.34579
0.35642
0.35270
0.37070
0.34422
0.34422
0.34422
0.34114
0.34115
0.34114
0.35367
0.33873
0.33863
0.33870
0.33873
0.33873
0.33873
0.33987
0.33922
0.34049
0.33370
0.33370
0.32422
0.32622
0.32712
0.32712
0.32715
0.32477
0.32469
0.33090
0.33095
0.33095
0.33187
0.31526
0.31540
0.31540
0.31549
0.31482
0.31540
0.30583
0.30583
0.29964
0.27510
0.27097
0.25820
0.26856
0.27004
0.26814
0.26467
0.26437
0.23869
0.23563
0.23563
0.23637
0.23923
0.23923
0.23783
0.24509
0.24509
0.23952
0.24727
0.24999
0.25016
0.25156
0.25272
0.25941
0.26015
0.25490
0.25851
0.25914
0.26072
0.26075
0.26075
0.25469
0.26204
0.25972
0.27759
0.27759
0.26669
0.28386
0.28803
0.31238
0.31836
0.31770
0.31836
0.31836
0.31363
0.31362
0.31362
0.31265
0.31264
0.32119
0.32688
0.32706
0.32767
0.32305
0.30339
0.25334
0.24765
0.23877
0.23434
0.23439
0.25706
0.25442
0.25100
0.25161
0.25601
0.25601
0.25601
0.25601
0.24627
0.24186
0.24212
0.24212
0.25257
0.24846
0.26877
0.26031
0.25913
0.26288
0.25873
0.25897
0.25790
0.25779
0.25960
0.24652
0.25018
0.22691
0.22719
0.22124
0.23836
0.23833
0.23833
0.23833
0.22718
0.22583
0.22513
0.21973
0.23786
0.22567
0.22544
0.21492
0.20959
0.20755
0.19676
0.20023
0.20111
0.20171
0.20223
0.19419
0.18799
0.18910
0.19388
0.21401
0.21413
0.20241
0.20652
0.20695
0.19362
0.21526
0.20562
0.20562
0.20803
0.19388
0.20330
0.22204
0.21704
0.25083
0.25342
0.25652
0.25228
0.23624
0.25282
0.25540
0.27155
0.26691
0.26406
0.27399
0.27679
0.27679
0.28183
0.30980
0.30980
0.30980
0.30980
0.30318
0.31182
0.31437
0.31437
0.30465
0.28974
0.27836
0.28879
0.29475
0.28378
0.28385
0.28378
0.28583
0.28583
0.27726
0.28825
0.28825
0.28825
0.30008
0.30050
0.29901
0.29566
0.29382
0.26999
0.26863
0.26871
0.26391
0.28489
0.27528
0.27240
0.27183
0.30024
0.29988
0.29925
0.29237
0.28319
0.28634
0.28740
0.26598
0.26549
0.26549
0.26678
0.25480
0.26736
0.27940
0.28948
0.27228
0.25770
0.22743
0.21879
0.21879
0.21974
0.21780
0.21540
0.21911
0.20491
0.20531
0.20055
0.19119
0.19119
0.17868
0.17469
0.17916
0.18325
0.19884
0.19887
0.19884
0.19987
0.21459
0.21327
0.21459
0.21809
0.22038
0.22003
0.21861
0.21868
0.22432
0.22081
0.22175
0.21057
0.21057
0.21057
0.19858
0.19858
0.20945
0.20098
0.20131
0.20496
0.20496
0.22123
0.22123
0.21979
0.23086
0.23083
0.23488
0.23792
0.23791
0.23792
0.23792
0.23792
0.23792
0.23019
0.23308
0.22861
0.21973
0.22395
0.22297
0.22519
0.22426
0.21850
0.22715
0.22715
0.23227
0.23671
0.23671
0.23869
0.21946
0.21946
0.21951
0.20307
0.20304
0.20492
0.20307
0.20338
0.22236
0.21790
0.20216
0.19936
0.17912
0.17321
0.17321
0.17798
0.18173
0.18881
0.18892
0.18881
0.19421
0.19608
0.17956
0.17890
0.17612
0.15690
0.17960
0.16931
0.19539
0.19603
0.19296
0.19289
0.19279
0.19283
0.19283
0.20786
0.20387
0.22048
0.22046
0.22227
0.23087
0.23655
0.23903
0.23904
0.23903
0.25010
0.25006
0.24780
0.25254
0.24460
0.24399
0.21189
0.19737
0.19502
0.19499
0.21438
0.22534
0.22787
0.23119
0.23119
0.23119
0.20899
0.20428
0.19984
0.19393
0.19369
0.19369
0.20041
0.19487
0.17991
0.18309
0.18561
0.17602
0.19524
0.21674
0.21191
0.18028
0.18964
0.18680
0.19511
0.20946
0.20941
0.17956
0.17997
0.17997
0.18525
0.18525
0.18749
0.19326
0.18642
0.18208
0.18179
0.17441
0.18712
0.20896
0.21649
0.22117
0.22104
0.22977
0.24144
0.24137
0.24699
0.27790
0.23741
0.23315
0.23359
0.25407
0.25407
0.25407
0.25203
0.23004
0.21644
0.21707
0.20933
0.21988
0.21988
0.21960
0.21739
0.22877
0.22880
0.22771
0.22872
0.22972
0.22641
0.21605
0.22424
0.22424
0.22792
0.22775
0.22260
0.22216
0.21270
0.21270
0.21270
0.21545
0.21127
0.21127
0.21449
0.21178
0.21045
0.20723
0.20723
0.18862
0.18854
0.18884
0.20806
0.24336
0.24370
0.25781
0.26877
0.27481
0.27468
0.26909
0.27703
0.28163
0.28752
0.28752
0.28752
0.28741
0.28752
0.29182
0.29182
0.29182
0.29182
0.29158
0.29158
0.29158
0.29152
0.29879
0.29869
0.31720
0.33354
0.34321
0.35895
0.35757
0.35768
0.35882
0.37404
0.37394
0.35197
0.36174
0.35558
0.32613
0.31612
0.32715
0.32342
0.32919
0.32823
0.32806
0.33644
0.33747
0.34337
0.32930
0.33577
0.33032
0.30738
0.30816
0.30219
0.30219
0.30309
0.30309
0.30100
0.31845
0.31973
0.31726
0.31138
0.29582
0.28438
0.28438
0.28438
0.28432
0.28433
0.29733
0.29577
0.29688
0.29496
0.29104
0.31289
0.31304
0.31289
0.32007
0.31052
0.31237
0.32463
0.32902
0.34369
0.33115
0.30643
0.30639
0.30633
0.31188
0.31160
0.31475
0.30954
0.30957
0.31677
0.32604
0.32677
0.33538
0.33538
0.33538
0.34111
0.34093
0.34786
0.34786
0.34786
0.34758
0.34782
0.35470
0.35497
0.35497
0.35597
0.35038
0.34278
0.34540
0.32917
0.33533
0.33533
0.33544
0.31938
0.31938
0.31743
0.30578
0.31323
0.31320
0.31323
0.32897
0.31595
0.31732
0.31707
0.31817
0.31871
0.31731
0.31731
0.32763
0.32900
0.32299
0.29841
0.30213
0.30261
0.30208
0.29140
0.31329
0.31324
0.31602
0.31553
0.31766
0.31766
0.32052
0.31852
0.33652
0.33506
0.34171
0.35612
0.35434
0.35659
0.35792
0.34278
0.34908
0.34455
0.34116
0.31899
0.30676
0.30676
0.31491
0.30327
0.30336
0.30533
0.30977
0.30333
0.30312
0.30333
0.30313
0.30333
0.30309
0.30333
0.31447
0.31378
0.31378
0.31519
0.31517
0.33271
0.32500
0.33174
0.33824
0.36274
0.33905
0.34523
0.34466
0.33975
0.34006
0.33708
0.33716
0.33704
0.34104
0.33420
0.31448
0.31463
0.31236
0.31656
0.31614
0.31748
0.32365
0.31809
0.31408
0.31408
0.30896
0.30896
0.30896
0.32343
0.32410
0.33048
0.34468
0.34779
0.34779
0.33238
0.33492
0.31880
0.30282
0.29378
0.30955
0.30956
0.29464
0.28375
0.28742
0.30664
0.34195
0.33976
0.34616
0.34616
0.35474
0.35356
0.35367
0.35372
0.33784
0.33753
0.33753
0.33753
0.34707
0.32553
0.31872
0.31838
0.31836
0.33313
0.32981
0.33301
0.33244
0.33633
0.33517
0.35101
0.34671
0.36792
0.36626
0.35018
0.35169
0.34653
0.32968
0.32968
0.32976
0.32999
0.33429
0.32563
0.32563
0.31295
0.33007
0.32945
0.32120
0.32961
0.32976
0.31776
0.27814
0.27438
0.27805
0.26759
0.26987
0.27308
0.27331
0.27355
0.27351
0.27331
0.26726
0.28834
0.28224
0.27953
0.27953
0.26492
0.25962
0.25409
0.26368
0.26417
0.27383
0.27940
0.27051
0.27709
0.28122
0.28122
0.28122
0.29035
0.29200
0.27730
0.27366
0.27392
0.24980
0.24980
0.24083
0.26013
0.25261
0.25325
0.23968
0.25618
0.25618
0.25623
0.25044
0.24272
0.21993
0.22058
0.20179
0.18816
0.19921
0.19846
0.19845
0.19826
0.19613
0.20709
0.22273
0.23686
0.24007
0.23958
0.24007
0.24221
0.24221
0.23770
0.23743
0.24961
0.24603
0.23778
0.24543
0.23555
0.23509
0.22868
0.22463
0.24257
0.24154
0.23578
0.23578
0.24879
0.24879
0.24879
0.25099
0.25281
0.23957
0.23996
0.24249
0.23864
0.23761
0.23924
0.22766
0.22006
0.20956
0.20945
0.21348
0.20945
0.21733
0.20519
0.21711
0.22642
0.22700
0.21929
0.22860
0.21713
0.22887
0.23647
0.24235
0.22761
0.22660
0.22761
0.22761
0.26246
0.26246
0.26246
0.26825
0.26537
0.24183
0.25090
0.25090
0.25603
0.25288
0.25291
0.25288
0.24180
0.24180
0.24180
0.24180
0.20835
0.20518
0.19495
0.22627
0.21383
0.19235
0.19893
0.16260
0.15550
0.16220
0.14540
0.14655
0.14540
0.12605
0.12605
0.14353
0.16065
0.16749
0.16679
0.16500
0.16482
0.15188
0.15188
0.13239
0.13239
0.14014
0.14017
0.12119
0.12119
0.12782
0.11743
0.11744
0.11754
0.12164
0.13625
0.12534
0.13455
0.13349
0.13144
0.13144
0.13035
0.12766
0.12465
0.11951
0.11951
0.10569
0.10569
0.10026
0.09765
0.08508
0.08508
0.08200
0.08348
0.08839
0.09891
0.09334
0.09334
0.09315
0.08878
0.09011
0.10080
0.10495
0.09812
0.10971
0.12346
0.12333
0.12333
0.11820
0.13201
0.14423
0.14420
0.14420
0.14482
0.14432
0.15020
0.14812
0.14529
0.14330
0.13802
0.14652
0.13620
0.13558
0.13731
0.11830
0.11254
0.11299
0.11733
0.11910
0.11422
0.10208
0.08845
0.09156
0.09251
0.13207
0.14321
0.14037
0.11299
0.11299
0.11299
0.11558
0.11558
0.11481
0.12039
0.11735
0.09502
0.09265
0.07250
0.06765
0.05368
0.05390
0.04722
0.05025
0.05482
0.06118
0.06134
0.05957
0.09519
0.09698
0.09316
0.09322
0.09561
0.09736
0.09679
0.10053
0.09723
0.09773
0.08857
0.08830
0.07128
0.07421
0.09098
0.09098
0.08921
0.06057
0.06135
0.06215
0.05915
0.07012
0.06316
0.06316
0.06316
0.06316
0.05650
0.04271
0.04422
0.04423
0.04423
0.04422
0.04202
0.03734
0.03734
0.04805
0.04240
0.01975
0.01974
0.01472
0.01465
0.03248
0.03868
0.05455
0.05455
0.03695
0.03500
0.02920
0.02719
0.01677
0.02152
0.02681
0.02681
0.02681
0.04339
0.03864
0.01500
0.01597
0.01288
0.01287
0.00000
0.00355
0.00308
0.00000
0.00000
0.01384
0.01583
0.01399
0.01385
0.01423
0.02097
0.00692
0.01232
0.01459
0.01459
0.00109
0.00005
0.00000
0.00000
0.00000
0.00993
0.00000
0.00594
0.01421
0.01421
0.01421
0.00342
0.00677
0.01507
0.01990
0.02546
0.01360
0.01312
0.00180
0.01707
0.00136
0.01364
0.00603
0.02127
0.02307
0.03072
0.03063
0.06752
0.06953
0.06953
0.07258
0.08967
0.09172
0.06989
0.06707
0.06724
0.07802
0.07951
0.08288
0.08288
0.08288
0.08055
0.08601
0.08544
0.07243
0.08084
0.07788
0.08113
0.10048
0.12181
0.12303
0.13082
0.13180
0.14514
0.15928
0.15928
0.15927
0.14765
0.15928
0.17407
0.16449
0.16999
0.14769
0.15552
0.17520
0.19051
0.19142
0.19014
0.19014
0.19014
0.19213
0.19020
0.21018
0.21018
0.19876
0.20039
0.20335
0.19993
0.19997
0.19160
0.20125
0.20168
0.21236
0.21589
0.22363
0.22395
0.23375
0.25487
0.25935
0.25169
0.25173
0.25173
0.25177
0.25113
0.25151
0.23170
0.22830
0.20802
0.20824
0.20802
0.19237
0.19237
0.19946
0.19822
0.19826
0.18343
0.18045
0.18045
0.18045
0.18045
0.18005
0.18025
0.18077
0.19005
0.20034
0.19671
0.21702
0.21718
0.21225
0.21247
0.19523
0.19506
0.19569
0.20324
0.20324
0.20096
0.20096
0.20096
0.20096
0.20605
0.20605
0.20605
0.21107
0.21357
0.21597
0.20978
0.21554
0.22402
0.20962
0.20956
0.20956
0.21671
0.21671
0.21678
0.21671
0.20797
0.20797
0.20797
0.20809
0.20797
0.19951
0.19551
0.19166
0.19315
0.19331
0.19316
0.19362
0.18922
0.18952
0.17713
0.17771
0.18806
0.18786
0.17092
0.16520
0.14778
0.14778
0.15652
0.15914
0.14811
0.15473
0.16505
0.15637
0.16050
0.17062
0.17079
0.16076
0.16074
0.16074
0.18003
0.17481
0.18493
0.17949
0.16921
0.17022
0.14758
0.14784
0.14749
0.14675
0.14667
0.14667
0.14667
0.15404
0.15444
0.12760
0.13682
0.12961
0.13219
0.13254
0.15110
0.15097
0.14713
0.15394
0.15490
0.16388
0.16659
0.16610
0.17109
0.17101
0.19495
0.19699
0.18108
0.18803
0.18803
0.18730
0.17732
0.17753
0.18454
0.16657
0.15711
0.14282
0.14810
0.15378
0.16331
0.17794
0.16251
0.16984
0.16199
0.17318
0.17318
0.19310
0.18509
0.18623
0.16696
0.16660
0.15904
0.15964
0.15887
0.15741
0.14723
0.14719
0.13532
0.15056
0.13532
0.14599
0.15118
0.13347
0.14894
0.17328
0.16063
0.16063
0.16063
0.15073
0.13643
0.13643
0.13643
0.13763
0.14893
0.15261
0.15261
0.14228
0.15994
0.15607
0.14610
0.13898
0.17656
0.20254
0.20255
0.20254
0.20267
0.20590
0.20585
0.20585
0.22658
0.20025
0.20037
0.20149
0.20103
0.20769
0.21729
0.21055
0.20682
0.21075
0.22314
0.21550
0.21539
0.23241
0.22152
0.21998
0.21998
0.22579
0.25703
0.25701
0.24364
0.24628
0.22086
0.21967
0.19636
0.18445
0.18469
0.18331
0.17088
0.17063
0.15769
0.15224
0.15224
0.15196
0.16394
0.16440
0.16440
0.15039
0.15152
0.15158
0.15160
0.15176
0.14363
0.14374
0.11556
0.11576
0.11607
0.08753
0.08733
0.08047
0.08040
0.07782
0.07107
0.07097
0.06816
0.06574
0.07039
0.07039
0.08062
0.05735
0.05492
0.05139
0.04469
0.04065
0.04326
0.04195
0.04195
0.05194
0.06255
0.05593
0.05547
0.04834
0.04387
0.04989
0.04842
0.05316
0.05384
0.04251
0.04242
0.03306
0.03332
0.03982
0.03899
0.03898
0.03560
0.04084
0.04084
0.03406
0.03406
0.02532
0.03331
0.03147
0.05027
0.01385
0.03218
0.04866
0.04866
0.04866
0.04941
0.03098
0.03098
0.03098
0.03560
0.02706
0.01683
0.02087
0.00000
0.00000
0.00000
0.02201
0.02376
0.02715
0.03128
0.01691
0.00799
0.00000
0.00000
0.00705
0.00197
0.00197
0.00653
0.00019
0.00000
0.00000
0.02312
0.01610
0.01721
0.01610
0.02898
0.02821
0.03626
0.03201
0.03021
0.02549
0.03794
0.05542
0.06176
0.07056
0.07100
0.06718
0.06688
0.06700
0.06698
0.07288
0.07344
0.07431
0.07258
0.07255
0.07258
0.07258
0.07366
0.08634
0.07727
0.08961
0.08979
0.08956
0.08727
0.07656
0.07656
0.06089
0.05432
0.06089
0.04093
0.04054
0.04096
0.04097
0.04026
0.04026
0.05259
0.06639
0.06941
0.06233
0.04694
0.04519
0.04978
0.04978
0.05154
0.04088
0.04754
0.04758
0.04754
0.05277
0.05043
0.03343
0.03231
0.03234
0.03248
0.03231
0.05944
0.06496
0.05639
0.04185
0.04185
0.04185
0.06733
0.06539
0.04601
0.04846
0.05815
0.05805
0.04666
0.04946
0.06782
0.05527
0.06400
0.07014
0.06889
0.08155
0.08153
0.08693
0.08790
0.08838
0.09447
0.10800
0.11722
0.11724
0.11752
0.11181
0.10639
0.11225
0.12956
0.11465
0.12727
0.12743
0.12847
0.12847
0.15389
0.15388
0.15388
0.15382
0.15992
0.17669
0.17233
0.15062
0.15062
0.15062
0.15060
0.15101
0.15882
0.15920
0.17148
0.16643
0.18130
0.19602
0.19667
0.19674
0.19625
0.17861
0.17861
0.17676
0.17453
0.17787
0.14951
0.14860
0.14991
0.13368
0.13767
0.12724
0.10993
0.10931
0.14020
0.12782
0.13122
0.12855
0.12848
0.12879
0.11672
0.10172
0.11859
0.11077
0.11030
0.11090
0.10471
0.10412
0.10471
0.10433
0.10471
0.10471
0.07505
0.09256
0.09273
0.09074
0.08124
0.09871
0.10704
0.10704
0.10704
0.10275
0.07180
0.07589
0.07589
0.06949
0.07968
0.08759
0.08900
0.10906
0.12544
0.13216
0.13648
0.13648
0.14494
0.14795
0.15362
0.16095
0.16205
0.15074
0.16260
0.16256
0.16258
0.17520
0.18527
0.19738
0.20034
0.20452
0.21397
0.21270
0.20597
0.20746
0.20328
0.16959
0.16959
0.17300
0.18264
0.17962
0.17935
0.17802
0.17937
0.17925
0.17043
0.17043
0.18411
0.18441
0.17537
0.18669
0.16737
0.17701
0.17789
0.17622
0.17709
0.17779
0.17779
0.17182
0.18199
0.18379
0.17671
0.18546
0.18400
0.16423
0.15173
0.15321
0.14780
0.14128
0.14209
0.14937
0.14281
0.14816
0.14894
0.14894
0.16330
0.17510
0.15186
0.15554
0.15069
0.14852
0.14870
0.14592
0.15014
0.15014
0.16381
0.16424
0.21084
0.21928
0.20623
0.22072
0.22072
0.21600
0.21600
0.22057
0.20097
0.20098
0.19935
0.20097
0.19426
0.19431
0.19432
0.19426
0.18881
0.20042
0.20021
0.20042
0.20657
0.21337
0.21575
0.21997
0.21997
0.24416
0.24415
0.26570
0.28451
0.27315
0.27280
0.26770
0.26770
0.24809
0.25551
0.26753
0.26753
0.26757
0.26976
0.27826
0.27826
0.27826
0.26828
0.26871
0.26871
0.27743
0.27471
0.27453
0.26352
0.26352
0.26496
0.25495
0.25318
0.25602
0.26346
0.26316
0.26287
0.26316
0.26316
0.24362
0.23312
0.23312
0.23716
0.23010
0.23010
0.22083
0.20263
0.19765
0.19867
0.19867
0.18911
0.17556
0.18925
0.16754
0.16754
0.16754
0.17438
0.18627
0.17002
0.15552
0.15974
0.16250
0.16997
0.16568
0.16436
0.16483
0.16546
0.18479
0.18289
0.18252
0.17637
0.17637
0.17637
0.17166
0.18852
0.21769
0.22161
0.22161
0.22161
0.22177
0.22177
0.22041
0.21765
0.21192
0.21192
0.21192
0.21192
0.23208
0.23220
0.23338
0.21467
0.21439
0.20845
0.20673
0.20748
0.20748
0.20748
0.20985
0.19857
0.20383
0.20383
0.20650
0.20753
0.21636
0.21831
0.23250
0.21992
0.22092
0.21920
0.20469
0.18899
0.18896
0.18501
0.18531
0.18315
0.18626
0.21774
0.20723
0.20723
0.20629
0.20828
0.20120
0.19045
0.19695
0.19644
0.19644
0.20619
0.20619
0.19410
0.18925
0.19231
0.19143
0.19363
0.20286
0.20569
0.20631
0.20043
0.20851
0.19584
0.19662
0.18162
0.18161
0.18282
0.17122
0.17149
0.16983
0.18287
0.20125
0.18909
0.18601
0.13793
0.13793
0.13032
0.13698
0.12688
0.11187
0.11234
0.12775
0.11964
0.12112
0.10547
0.11322
0.11325
0.11322
0.10943
0.10405
0.10405
0.11560
0.11126
0.11005
0.10056
0.08626
0.09152
0.07826
0.07369
0.07457
0.06617
0.06615
0.05616
0.05328
0.05069
0.04117
0.04785
0.04785
0.04785
0.03606
0.03606
0.03606
0.02572
0.02075
0.03426
0.03426
0.03426
0.05797
0.05952
0.05952
0.07299
0.07300
0.07299
0.05872
0.06635
0.07108
0.07575
0.07774
0.07582
0.08032
0.09241
0.09241
0.07249
0.06074
0.06487
0.06485
0.06485
0.06485
0.06485
0.06332
0.06332
0.07583
0.05610
0.05533
0.03351
0.03351
0.02300
0.02300
0.02537
0.00687
0.00687
0.05895
0.05743
0.05749
0.05727
0.04526
0.04526
0.04352
0.01640
0.01376
0.01376
0.01376
0.00308
0.00487
0.00000
0.00000
0.00769
0.00260
0.01445
0.00994
0.01222
0.01010
0.01010
0.00000
0.00000
0.00326
0.00325
0.00326
0.00330
0.01681
0.01567
0.01523
0.00528
0.00527
0.00163
0.00551
0.00198
0.00399
0.00234
0.01426
0.01426
0.01718
0.03190
0.02357
0.02357
0.03098
0.04374
0.05057
0.02861
0.02861
0.02609
0.02857
0.04084
0.05981
0.06691
0.08380
0.09142
0.12751
0.13985
0.14111
0.13829
0.12736
0.11412
0.10515
0.10515
0.11843
0.11843
0.11970
0.12318
0.12318
0.14573
0.14857
0.14863
0.14857
0.14896
0.16604
0.17957
0.18149
0.18926
0.17338
0.17647
0.17345
0.16732
0.15267
0.15376
0.15364
0.14348
0.14868
0.14722
0.14772
0.14079
0.13388
0.13296
0.12910
0.12930
0.12912
0.12161
0.12495
0.12495
0.11890
0.12073
0.11521
0.12468
0.12476
0.12475
0.11226
0.12755
0.12538
0.12580
0.13994
0.12933
0.12773
0.12767
0.12769
0.12463
0.12990
0.13890
0.12840
0.12973
0.13775
0.13775
0.13900
0.13802
0.13900
0.15764
0.15764
0.16047
0.16060
0.17299
0.17299
0.18863
0.18922
0.19052
0.19097
0.19071
0.19097
0.19097
0.19097
0.19246
0.19524
0.20068
0.19961
0.21563
0.22165
0.22207
0.22165
0.20815
0.20832
0.20832
0.20832
0.21064
0.21464
0.21398
0.22693
0.21632
0.19870
0.19119
0.19985
0.19986
0.19985
0.19985
0.19452
0.20454
0.20756
0.19282
0.19470
0.18738
0.18545
0.18551
0.18575
0.20211
0.20210
0.20145
0.17263
0.18775
0.16653
0.17221
0.15016
0.15735
0.13311
0.13311
0.12421
0.12465
0.12322
0.12823
0.12789
0.13385
0.13372
0.15008
0.14303
0.14196
0.14401
0.14401
0.12445
0.12800
0.13321
0.14483
0.14809
0.14809
0.13981
0.13776
0.14926
0.16012
0.15869
0.14700
0.15115
0.15115
0.15631
0.14774
0.14444
0.13670
0.13678
0.12788
0.12351
0.12385
0.12415
0.12385
0.13565
0.12713
0.12692
0.12595
0.11661
0.11615
0.11615
0.12027
0.10905
0.09081
0.09081
0.07387
0.07391
0.05361
0.04832
0.03180
0.02932
0.02683
0.02339
0.01831
0.02142
0.00798
0.01431
0.02033
0.02457
0.01858
0.01990
0.02078
0.02078
0.02060
0.01158
0.01158
0.01570
0.02308
0.02537
0.02537
0.03328
0.04112
0.05094
0.04078
0.04078
0.04577
0.04683
0.05652
0.05650
0.05164
0.05199
0.04318
0.06648
0.04621
0.03659
0.04025
0.04247
0.04900
0.06711
0.06711
0.07671
0.07858
0.05669
0.05693
0.05688
0.05671
0.05693
0.06920
0.07309
0.08639
0.06705
0.08159
0.03361
0.03361
0.03373
0.06493
0.06490
0.07103
0.07039
0.07994
0.07994
0.08002
0.07994
0.07682
0.08029
0.07519
0.07516
0.06172
0.06172
0.06172
0.06353
0.04709
0.04705
0.04704
0.05844
0.05874
0.06766
0.04910
0.03985
0.02684
0.02171
0.01930
0.01910
0.00514
0.00612
0.03340
0.01745
0.01939
0.02490
0.02490
0.01749
0.01196
0.01152
0.01195
0.01195
0.01195
0.01192
0.01195
0.01195
0.02541
0.02910
0.03082
0.02909
0.02934
0.02713
0.01731
0.01731
0.01136
0.01141
0.01630
0.01630
0.01630
0.01694
0.01757
0.02041
0.03384
0.03384
0.03315
0.03384
0.03414
0.03737
0.06093
0.04406
0.04824
0.02233
0.04835
0.04835
0.04835
0.05851
0.05863
0.06507
0.06507
0.06978
0.06978
0.07419
0.07401
0.07883
0.04268
0.03939
0.03939
0.03939
0.03905
0.03172
0.02088
0.01014
0.01850
0.01850
0.01366
0.00000
0.00000
0.00473
0.00606
0.00606
0.00003
0.00211
0.00765
0.00771
0.01674
0.02665
0.02471
0.02682
0.03515
0.03561
0.03480
0.03478
0.03071
0.02918
0.03071
0.01613
0.01604
0.01627
0.02964
0.03058
0.02906
0.02942
0.00668
0.00876
0.00000
0.00000
0.00002
0.00430
0.01010
0.00540
0.00460
0.00000
0.00000
0.00007
0.00003
0.00914
0.00231
0.00000
0.00000
0.00000
0.00595
0.00432
0.00495
0.00000
0.00000
0.00000
0.00151
0.00000
0.00000
0.01519
0.01086
0.01455
0.01467
0.01446
0.01080
0.01079
0.02939
0.04578
0.04191
0.04191
0.03629
0.03629
0.03987
0.04046
0.04650
0.04183
0.04026
0.06828
0.07095
0.07002
0.06213
0.06220
0.05626
0.06459
0.05687
0.04858
0.03201
0.03256
0.03256
0.03256
0.01880
0.01784
0.01318
0.01852
0.01968
0.00000
0.00000
0.00000
0.00000
0.00000
0.00065
0.00000
0.00007
0.00000
0.00000
0.00624
0.00603
0.00000
0.00000
0.00000
0.00000
0.01329
0.01809
0.01777
0.01545
0.01471
0.01372
0.01537
0.00000
0.00448
0.01398
0.01400
0.01373
0.01402
0.01378
0.00000
0.00782
0.00905
0.03970
0.04342
0.04342
0.02931
0.02648
0.02262
0.01960
0.02201
0.01348
0.01700
0.01702
0.01702
0.02169
0.01803
0.00767
0.00119
0.00000
0.00330
0.01278
0.01736
0.02804
0.02804
0.03329
0.04321
0.04318
0.04355
0.04355
0.04580
0.04152
0.03275
0.02918
0.02959
0.05800
0.05797
0.05868
0.05048
0.05578
0.04695
0.04735
0.04794
0.04798
0.05611
0.05500
0.05500
0.05499
0.05500
0.05496
0.05710
0.05561
0.03563
0.03511
0.03531
0.03531
0.03532
0.03532
0.03404
0.03369
0.03404
0.03416
0.02339
0.03274
0.02885
0.01762
0.01160
0.01490
0.01490
0.01323
0.04057
0.00996
0.01940
0.02256
0.00866
0.00866
0.00889
0.01066
0.00791
0.01295
0.01295
0.02631
0.02804
0.02804
0.02929
0.04009
0.01988
0.02144
0.03091
0.03497
0.02959
0.03786
0.03729
0.04717
0.04785
0.06558
0.06602
0.07925
0.09793
0.09640
0.08578
0.06367
0.05438
0.06098
0.05425
0.05408
0.05425
0.04408
0.05425
0.05425
0.05425
0.05425
0.05425
0.05372
0.07032
0.08955
0.08971
0.08256
0.08947
0.11221
0.10534
0.11660
0.08613
0.08613
0.08613
0.07863
0.08229
0.08187
0.08229
0.07873
0.08933
0.08451
0.08923
0.08925
0.08925
0.08930
0.10822
0.11390
0.10443
0.10446
0.11904
0.11904
0.11904
0.12277
0.11793
0.11904
0.14373
0.14101
0.14690
0.14697
0.14424
0.16299
0.18311
0.18287
0.18565
0.18546
0.17988
0.19321
0.19321
0.18530
0.15747
0.14024
0.14447
0.15216
0.16332
0.17451
0.18417
0.20659
0.19721
0.19721
0.18500
0.21755
0.22077
0.23336
0.23652
0.23663
0.24547
0.23133
0.22938
0.23133
0.22004
0.22013
0.21702
0.22825
0.22358
0.22364
0.21992
0.22563
0.22699
0.22699
0.22984
0.23319
0.24918
0.24918
0.24272
0.24271
0.24507
0.23807
0.25581
0.25760
0.25631
0.24738
0.24745
0.24334
0.24476
0.24017
0.25706
0.25536
0.25545
0.26423
0.27778
0.26647
0.25639
0.25248
0.25388
0.23915
0.23676
0.23676
0.24899
0.24910
0.24899
0.26030
0.26030
0.24739
0.26510
0.27127
0.26763
0.26763
0.24930
0.24936
0.24953
0.24916
0.24953
0.24790
0.24147
0.23425
0.23689
0.23691
0.23612
0.23142
0.23400
0.23144
0.22035
0.23087
0.23147
0.22947
0.22932
0.21974
0.22354
0.23215
0.23001
0.22453
0.21868
0.21791
0.21791
0.20541
0.20794
0.20758
0.20106
0.20106
0.20106
0.21669
0.21221
0.21221
0.21002
0.22483
0.22068
0.22053
0.22053
0.22125
0.22924
0.22827
0.21957
0.20884
0.22692
0.22591
0.22692
0.22692
0.22692
0.22692
0.21581
0.23223
0.23111
0.23213
0.21899
0.21713
0.21713
0.20887
0.20887
0.20887
0.20880
0.21079
0.21660
0.23397
0.24428
0.24428
0.23684
0.23181
0.23904
0.24047
0.26185
0.24720
0.23046
0.23046
0.22922
0.21562
0.22300
0.22248
0.21507
0.22438
0.21877
0.21877
0.21985
0.21989
0.21583
0.21582
0.21583
0.22992
0.23026
0.23575
0.23573
0.23559
0.22544
0.23010
0.22173
0.22492
0.21687
0.21721
0.21710
0.21710
0.21710
0.22357
0.21277
0.21270
0.20939
0.20939
0.20939
0.20613
0.22073
0.22653
0.22653
0.25046
0.23397
0.23381
0.24057
0.22316
0.22305
0.23878
0.23878
0.23878
0.22771
0.22410
0.22372
0.22433
0.22723
0.21374
0.21381
0.21239
0.21364
0.21218
0.21214
0.20902
0.20902
0.21172
0.20006
0.18443
0.17149
0.17926
0.17271
0.17271
0.16055
0.15428
0.14887
0.15234
0.15320
0.15320
0.16067
0.17428
0.17661
0.17075
0.17070
0.16510
0.16603
0.16337
0.18645
0.17343
0.16796
0.17337
0.18946
0.18909
0.18909
0.20808
0.20808
0.20771
0.22686
0.22431
0.22961
0.22925
0.22911
0.24121
0.24121
0.24121
0.23939
0.25072
0.25031
0.22678
0.22678
0.22678
0.21971
0.24321
0.25353
0.25738
0.25878
0.25738
0.26356
0.26941
0.26304
0.26548
0.27432
0.27606
0.27404
0.27629
0.28608
0.28610
0.28610
0.28352
0.29269
0.29269
0.29077
0.29269
0.28693
0.26037
0.26128
0.25793
0.25793
0.25892
0.27509
0.27509
0.27509
0.27509
0.28645
0.28111
0.28797
0.28797
0.28797
0.28797
0.30688
0.30688
0.30688
0.30283
0.30282
0.31778
0.32673
0.33380
0.33938
0.32595
0.34916
0.33861
0.33285
0.35784
0.35908
0.35724
0.35712
0.35387
0.34862
0.32268
0.32271
0.32056
0.31708
0.29875
0.29875
0.31987
0.32582
0.32004
0.29919
0.30612
0.31663
0.31663
0.32655
0.32845
0.34502
0.35581
0.34522
0.33532
0.34405
0.33658
0.33910
0.33039
0.32860
0.33049
0.34757
0.34321
0.34583
0.34336
0.33157
0.33157
0.32169
0.32869
0.32520
0.33609
0.36064
0.36086
0.34768
0.35235
0.37821
0.37821
0.37879
0.39130
0.39130
0.38210
0.38210
0.38210
0.38210
0.38336
0.38511
0.39877
0.39855
0.41550
0.41550
0.41550
0.42002
0.42002
0.40128
0.40246
0.40517
0.35687
0.35706
0.34763
0.34763
0.38384
0.38860
0.37848
0.37972
0.38764
0.36738
0.38160
0.37087
0.37403
0.36629
0.35085
0.34756
0.34756
0.33978
0.33978
0.34564
0.32518
0.31205
0.30559
0.30559
0.30747
0.31201
0.31731
0.33158
0.33158
0.33165
0.33125
0.33245
0.30205
0.30234
0.30618
0.30610
0.30182
0.30182
0.30182
0.29735
0.29513
0.28223
0.28299
0.29573
0.28888
0.27465
0.27426
0.27210
0.27211
0.27079
0.26599
0.25214
0.23552
0.23633
0.23552
0.24517
0.25800
0.26067
0.26110
0.23905
0.25810
0.26815
0.26794
0.27251
0.27575
0.29422
0.29394
0.29422
0.28152
0.28152
0.25078
0.24978
0.25949
0.26965
0.25184
0.25596
0.26301
0.26301
0.26301
0.25288
0.25288
0.23124
0.24599
0.23560
0.24412
0.23822
0.24136
0.24130
0.22911
0.22911
0.20331
0.20331
0.20331
0.20336
0.21743
0.21750
0.22902
0.21921
0.22893
0.21060
0.21060
0.21060
0.21211
0.21209
0.21378
0.21113
0.22350
0.22350
0.18625
0.18607
0.18625
0.19985
0.19026
0.17925
0.17925
0.17925
0.21324
0.21324
0.21325
0.21324
0.21480
0.21571
0.22361
0.21831
0.21787
0.21831
0.21831
0.21666
0.22478
0.22412
0.22279
0.18765
0.18763
0.17995
0.18335
0.16610
0.16605
0.15897
0.16540
0.18070
0.18269
0.17270
0.17345
0.17195
0.16342
0.18356
0.19152
0.20073
0.19729
0.20243
0.20243
0.20224
0.21021
0.21046
0.21082
0.21324
0.21625
0.20686
0.18750
0.17870
0.17320
0.15679
0.15678
0.15679
0.15679
0.15688
0.15396
0.15389
0.15976
0.16919
0.17479
0.15849
0.15604
0.15809
0.13570
0.15784
0.15784
0.14801
0.15134
0.15486
0.15178
0.15194
0.14594
0.13386
0.14887
0.14887
0.14886
0.15081
0.15546
0.15556
0.14869
0.15398
0.17065
0.18352
0.15008
0.14798
0.14526
0.15283
0.14575
0.14003
0.14437
0.14401
0.14340
0.12818
0.12717
0.12717
0.14008
0.14018
0.14016
0.13083
0.14557
0.13635
0.13640
0.13079
0.13836
0.15747
0.15512
0.14261
0.14336
0.15006
0.15006
0.12944
0.12863
0.12944
0.11342
0.11342
0.10777
0.11028
0.09721
0.07892
0.07892
0.07888
0.06643
0.06854
0.07717
0.08179
0.08316
0.08179
0.08179
0.07955
0.07365
0.06735
0.08121
0.08668
0.06570
0.06462
0.06462
0.05496
0.05721
0.02609
0.01846
0.01988
0.02643
0.00000
0.00094
0.00407
0.00005
0.00025
0.01644
0.02108
0.02797
0.02523
0.02659
0.01885
0.01494
0.00639
0.00000
0.00000
0.00000
0.00000
0.03157
0.03157
0.02860
0.03148
0.03136
0.06553
0.04796
0.07495
0.09296
0.08696
0.08653
0.08653
0.08775
0.08776
0.08776
0.08988
0.03029
0.03818
0.03806
0.04749
0.04333
0.02187
0.02187
0.00741
0.00396
0.00396
0.01087
0.00494
0.01747
0.00763
0.00676
0.00635
0.00000
0.02694
0.02694
0.01140
0.01096
0.01096
0.01165
0.01429
0.02043
0.03637
0.02443
0.02231
0.02620
0.03587
0.03587
0.02491
0.03557
0.01553
0.01553
0.03725
0.03725
0.03123
0.03019
0.02277
0.02521
0.02923
0.02098
0.02106
0.02194
0.01664
0.01657
0.01514
0.01692
0.02437
0.04279
0.06237
0.05064
0.05064
0.05415
0.04532
0.05250
0.05250
0.05250
0.03813
0.05488
0.06823
0.06805
0.07374
0.06724
0.06724
0.06742
0.06724
0.07680
0.09526
0.09511
0.07869
0.06626
0.06494
0.04697
0.04647
0.03923
0.03451
0.02370
0.02031
0.03613
0.03613
0.04504
0.04434
0.03069
0.04157
0.04160
0.04156
0.04156
0.03659
0.02805
0.02805
0.03504
0.02943
0.03225
0.02107
0.02096
0.03695
0.03686
0.03082
0.01302
0.01516
0.00489
0.00494
0.00134
0.00000
0.01255
0.01258
0.01258
0.03378
0.00533
0.00609
0.00000
0.00003
0.02644
0.02653
0.02644
0.02709
0.01169
0.00574
0.00574
0.00786
0.00000
0.00278
0.00617
0.00154
0.00000
0.00101
0.00000
0.00727
0.01488
0.00848
0.00510
0.00510
0.00448
0.00510
0.02602
0.03255
0.03284
0.03307
0.05826
0.06172
0.08737
0.08747
0.10956
0.10956
0.14170
0.14170
0.14837
0.14397
0.13630
0.13634
0.11857
0.11857
0.11773
0.10637
0.10017
0.10017
0.10017
0.10090
0.11018
0.12316
0.12314
0.12671
0.11128
0.11409
0.10662
0.09989
0.10128
0.09989
0.10157
0.09387
0.09312
0.09640
0.11029
0.11029
0.11029
0.10003
0.08920
0.08904
0.06952
0.06652
0.05958
0.05958
0.05958
0.05958
0.05958
0.06933
0.06947
0.06418
0.05710
0.07259
0.09528
0.09696
0.09752
0.09696
0.09545
0.10575
0.10575
0.10575
0.11015
0.11015
0.12813
0.12559
0.13469
0.13712
0.12441
0.12230
0.11837
0.11837
0.11327
0.10683
0.12791
0.12791
0.12791
0.10936
0.10943
0.09642
0.09783
0.09764
0.09496
0.09496
0.07781
0.07781
0.07781
0.07086
0.06921
0.05641
0.06104
0.06115
0.06115
0.05454
0.05454
0.04316
0.02605
0.02602
0.02505
0.02505
0.00653
0.00092
0.02377
0.02364
0.02057
0.00654
0.00000
0.01053
0.00203
0.00395
0.01029
0.00662
0.00000
0.00000
0.00129
0.00000
0.00564
0.00575
0.00696
0.00238
0.00242
0.00573
0.00573
0.02309
0.02276
0.02276
0.03653
0.04819
0.04826
0.08039
0.11540
0.11470
0.14113
0.13921
0.14518
0.13579
0.13579
0.13155
0.12744
0.12828
0.12254
0.11942
0.11822
0.12660
0.12517
0.12517
0.12508
0.11779
0.11779
0.11621
0.11563
0.11563
0.11563
0.10718
0.10313
0.10313
0.10316
0.10187
0.11606
0.11733
0.10718
0.12052
0.13824
0.13237
0.13239
0.11775
0.11779
0.12784
0.12820
0.12787
0.14186
0.14186
0.14186
0.14186
0.14465
0.16420
0.16270
0.16301
0.16301
0.16333
0.16301
0.15558
0.17380
0.16753
0.17410
0.17460
0.16397
0.16776
0.17364
0.16974
0.16628
0.15020
0.13707
0.13941
0.15052
0.15052
0.14279
0.15255
0.14828
0.16003
0.17255
0.17970
0.18714
0.17896
0.19421
0.19396
0.19394
0.20315
0.20313
0.20423
0.19130
0.19016
0.19130
0.19296
0.19297
0.18905
0.20180
0.20986
0.22754
0.22388
0.21688
0.23252
0.23252
0.23252
0.23252
0.20609
0.21406
0.20061
0.20103
0.20723
0.20598
0.20422
0.20420
0.20420
0.20200
0.19539
0.23597
0.23051
0.23051
0.24572
0.24616
0.24616
0.24863
0.24364
0.24368
0.24139
0.25199
0.25910
0.25645
0.26862
0.26862
0.26862
0.27696
0.27259
0.27259
0.27259
0.28756
0.28772
0.28769
0.28275
0.29424
0.30394
0.29988
0.29988
0.28299
0.28383
0.28105
0.28397
0.28273
0.28273
0.30394
0.30394
0.30740
0.29913
0.31064
0.30985
0.31615
0.31615
0.31105
0.32498
0.32872
0.32317
0.32138
0.32155
0.32156
0.31924
0.32341
0.32515
0.32648
0.32648
0.33572
0.33640
0.33640
0.33640
0.33291
0.33295
0.33291
0.33059
0.33738
0.31934
0.31818
0.31818
0.31553
0.29874
0.29874
0.29268
0.27433
0.26481
0.26633
0.26631
0.26456
0.26250
0.26250
0.24760
0.24011
0.23371
0.24150
0.24268
0.24268
0.23739
0.24460
0.24375
0.24375
0.24253
0.24375
0.24375
0.27733
0.27719
0.28730
0.29628
0.30138
0.31531
0.32190
0.34070
0.34280
0.34343
0.33594
0.32656
0.31648
0.31648
0.30916
0.30694
0.29662
0.29150
0.30073
0.30773
0.30692
0.30018
0.29779
0.29253
0.29247
0.29215
0.28940
0.28940
0.28940
0.29693
0.29693
0.30786
0.31528
0.29172
0.27388
0.27106
0.25796
0.27460
0.27363
0.27361
0.26710
0.26585
0.25364
0.26088
0.23697
0.23754
0.23745
0.24167
0.24692
0.24692
0.24692
0.25500
0.25646
0.25339
0.25534
0.25485
0.25745
0.24902
0.25487
0.26078
0.26078
0.26158
0.26100
0.27317
0.28193
0.28193
0.28055
0.26674
0.26674
0.27316
0.27310
0.27790
0.27784
0.27631
0.27631
0.27414
0.27669
0.28806
0.29304
0.29020
0.28789
0.25588
0.25243
0.24973
0.25280
0.25290
0.25275
0.25275
0.25872
0.25241
0.26274
0.26274
0.26274
0.25923
0.25087
0.26016
0.26232
0.25911
0.26147
0.26147
0.28816
0.26990
0.26316
0.26316
0.25937
0.25623
0.26730
0.25689
0.25938
0.26741
0.25709
0.26512
0.26512
0.25523
0.23798
0.23798
0.23793
0.23798
0.23798
0.25861
0.25716
0.25809
0.23984
0.21650
0.21603
0.21052
0.19370
0.20063
0.19348
0.19348
0.19291
0.19373
0.16879
0.16879
0.16879
0.17842
0.17835
0.17835
0.17835
0.17225
0.18910
0.18916
0.18916
0.19079
0.18916
0.18932
0.17755
0.18882
0.17676
0.16844
0.17754
0.16833
0.15877
0.14117
0.14083
0.13802
0.10695
0.10861
0.09966
0.11458
0.11458
0.11458
0.12856
0.12874
0.13334
0.11330
0.13798
0.13299
0.13702
0.13702
0.13487
0.14382
0.16220
0.15730
0.13825
0.14087
0.14090
0.13697
0.13697
0.13648
0.14697
0.14902
0.14910
0.13892
0.13768
0.16412
0.18064
0.17583
0.16972
0.16686
0.16686
0.16684
0.18341
0.18261
0.18260
0.18716
0.20103
0.20105
0.20060
0.20173
0.21954
0.21770
0.21055
0.20200
0.20582
0.20093
0.20175
0.20349
0.20346
0.22972
0.22383
0.20112
0.21223
0.20581
0.21174
0.22581
0.22565
0.22565
0.22175
0.22337
0.22501
0.24419
0.24419
0.23789
0.23523
0.24003
0.24291
0.24389
0.23408
0.23418
0.23543
0.24147
0.23543
0.24033
0.27299
0.26807
0.25928
0.25389
0.24300
0.24756
0.23107
0.22973
0.21548
0.21689
0.21052
0.21083
0.21022
0.21812
0.21812
0.21964
0.20669
0.20669
0.19373
0.19784
0.19350
0.18839
0.17175
0.17986
0.17985
0.16343
0.14816
0.14486
0.14495
0.15394
0.15415
0.16212
0.16185
0.15748
0.15486
0.13984
0.15848
0.15855
0.15848
0.16811
0.17305
0.16929
0.15271
0.13741
0.13301
0.13745
0.14691
0.13758
0.13585
0.15477
0.15503
0.15948
0.16079
0.16564
0.16623
0.16570
0.15645
0.13705
0.14122
0.13805
0.13805
0.13805
0.13805
0.16561
0.17767
0.16894
0.17550
0.17550
0.17529
0.16545
0.14871
0.15924
0.13793
0.15377
0.17395
0.16656
0.18297
0.19323
0.21182
0.21185
0.21669
0.21503
0.21563
0.21549
0.21549
0.19860
0.19976
0.20271
0.20271
0.20091
0.23783
0.23645
0.24006
0.23953
0.24527
0.24537
0.24537
0.24559
0.24533
0.24537
0.26381
0.26195
0.26369
0.26371
0.26372
0.28010
0.28010
0.28014
0.26439
0.26441
0.26496
0.25122
0.26277
0.27941
0.27941
0.27546
0.29015
0.29611
0.29300
0.29298
0.30079
0.29773
0.28359
0.28339
0.30277
0.30295
0.29604
0.29486
0.30757
0.30353
0.30358
0.30676
0.30609
0.32531
0.32407
0.32401
0.31608
0.31662
0.31080
0.32112
0.31963
0.28188
0.28188
0.28013
0.27288
0.27406
0.29987
0.29987
0.32559
0.32458
0.32458
0.32458
0.31425
0.31410
0.31422
0.31199
0.30313
0.30439
0.30439
0.30782
0.32157
0.32333
0.32330
0.31035
0.31254
0.31247
0.31254
0.31254
0.31872
0.32591
0.32889
0.32447
0.32635
0.32461
0.32519
0.34354
0.32630
0.31334
0.31334
0.31336
0.32535
0.31958
0.30962
0.30962
0.31642
0.31794
0.31790
0.31542
0.32367
0.33090
0.33084
0.33100
0.33097
0.34264
0.32364
0.32515
0.29902
0.29925
0.29606
0.30715
0.30715
0.30715
0.33312
0.35384
0.35811
0.35384
0.34968
0.35075
0.37416
0.37388
0.37416
0.37426
0.37416
0.39666
0.41127
0.39450
0.40822
0.41389
0.41872
0.41867
0.42958
0.43471
0.44041
0.42865
0.43492
0.40590
0.41269
0.41176
0.42324
0.42269
0.43142
0.42052
0.42052
0.43174
0.44269
0.44326
0.44825
0.43192
0.44284
0.44559
0.45636
0.45661
0.45272
0.45591
0.45162
0.45332
0.43906
0.45875
0.46077
0.46077
0.46077
0.47068
0.49684
0.50409
0.51348
0.51240
0.51291
0.51291
0.50285
0.51824
0.51898
0.50569
0.51839
0.51658
0.51646
0.52032
0.52035
0.52035
0.52035
0.52495
0.53817
0.53748
0.54268
0.56112
0.56013
0.56110
0.56110
0.56106
0.56255
0.56880
0.56042
0.56042
0.56042
0.56042
0.56450
0.54270
0.53367
0.52074
0.54042
0.54971
0.54275
0.53627
0.54366
0.53934
0.52578
0.52578
0.52141
0.51224
0.51245
0.50990
0.50990
0.50955
0.50990
0.50990
0.50990
0.50990
0.52130
0.52130
0.50828
0.50828
0.50817
0.50673
0.51368
0.51381
0.51920
0.51920
0.51256
0.49941
0.48975
0.49274
0.50173
0.50168
0.50168
0.50124
0.50168
0.51087
0.50785
0.49763
0.49749
0.48547
0.47140
0.48093
0.50193
0.50193
0.49391
0.47957
0.47073
0.46160
0.46709
0.46833
0.46819
0.46605
0.46796
0.47638
0.47638
0.47638
0.46351
0.46437
0.45126
0.45081
0.44510
0.47258
0.47658
0.47658
0.47059
0.48057
0.48832
0.49168
0.48461
0.48541
0.48113
0.49605
0.49287
0.49394
0.48961
0.49014
0.48899
0.48873
0.48899
0.48899
0.48551
0.48546
0.51036
0.51036
0.49310
0.49310
0.49302
0.49310
0.49310
0.49310
0.49626
0.49278
0.50009
0.49193
0.47667
0.47228
0.47242
0.45830
0.42693
0.39428
0.40166
0.40684
0.40623
0.41295
0.40996
0.40704
0.41101
0.40892
0.40221
0.43308
0.41617
0.41768
0.41617
0.42944
0.42620
0.43262
0.41712
0.40591
0.40590
0.42024
0.42546
0.45543
0.47483
0.45346
0.46341
0.46520
0.45624
0.46174
0.46216
0.45332
0.45564
0.44184
0.42875
0.41329
0.39222
0.38296
0.37589
0.38209
0.38094
0.37158
0.37115
0.37119
0.37855
0.37842
0.38924
0.39640
0.39252
0.39252
0.41576
0.41576
0.39222
0.39770
0.39770
0.39188
0.39989
0.40582
0.39265
0.39258
0.39265
0.38510
0.38748
0.37626
0.37626
0.40887
0.40276
0.38949
0.38988
0.38981
0.38998
0.38991
0.39970
0.39970
0.38882
0.38766
0.39132
0.39132
0.38914
0.38914
0.38175
0.39074
0.39371
0.39316
0.39850
0.40060
0.40060
0.37633
0.38045
0.36701
0.36701
0.37316
0.38982
0.38785
0.38785
0.38799
0.38939
0.36699
0.36699
0.37089
0.38258
0.38825
0.38438
0.38438
0.38443
0.38642
0.38572
0.38571
0.39488
0.38892
0.39008
0.36246
0.36321
0.34021
0.34923
0.34472
0.34472
0.34050
0.34107
0.34107
0.33723
0.32315
0.32327
0.30960
0.30567
0.30552
0.30536
0.30492
0.29760
0.29760
0.30085
0.28367
0.26801
0.26763
0.26013
0.25826
0.25826
0.25648
0.25861
0.25861
0.26264
0.26763
0.27092
0.26954
0.26960
0.26954
0.26954
0.26954
0.25350
0.20277
0.20222
0.20243
0.20486
0.20104
0.20453
0.20456
0.18084
0.18015
0.18184
0.18084
0.17031
0.17031
0.17031
0.17238
0.15253
0.15196
0.15266
0.15406
0.15405
0.15532
0.14925
0.15485
0.15462
0.14447
0.14580
0.12568
0.12621
0.11138
0.09426
0.10414
0.11114
0.11035
0.12125
0.12519
0.12418
0.12347
0.13317
0.10929
0.10929
0.10929
0.09882
0.09245
0.11456
0.11456
0.11456
0.11456
0.11031
0.11031
0.11031
0.11031
0.12337
0.13655
0.13161
0.11669
0.12405
0.12502
0.12502
0.12064
0.11404
0.11523
0.11827
0.11382
0.09550
0.09795
0.09795
0.09788
0.10550
0.11529
0.13341
0.12337
0.12337
0.12337
0.12337
0.11767
0.09128
0.08023
0.05894
0.05606
0.05238
0.05998
0.05539
0.05776
0.05139
0.05055
0.04258
0.04258
0.02476
0.00000
0.00232
0.00232
0.00232
0.00582
0.00582
0.01692
0.03812
0.03812
0.03818
0.02604
0.02734
0.00740
0.01474
0.00232
0.00187
0.00187
0.00187
0.00113
0.02579
0.01466
0.00000
0.00320
0.00000
0.00001
0.00000
0.00820
0.00000
0.00735
0.00000
0.00394
0.00000
0.01520
0.01466
0.01520
0.01520
0.03720
0.03720
0.03720
0.04177
0.04645
0.04794
0.04930
0.04949
0.04854
0.04436
0.03602
0.03146
0.05356
0.05943
0.05754
0.04296
0.03118
0.02796
0.02227
0.02227
0.02793
0.01802
0.01802
0.00619
0.01320
0.01301
0.01320
0.00618
0.00000
0.00000
0.01087
0.00558
0.01335
0.02238
0.02248
0.02238
0.00924
0.00923
0.00923
0.01473
0.01473
0.01473
0.01288
0.01395
0.00958
0.00808
0.00000
0.00972
0.00827
0.01677
0.00000
0.00959
0.01067
0.01067
0.00000
0.00000
0.00000
0.00000
0.00000
0.00000
0.02251
0.02554
0.01717
0.02052
0.02255
0.02421
0.02635
0.02278
0.02058
0.02762
0.02834
0.04454
0.05789
0.05789
0.05789
0.05692
0.08027
0.09241
0.09615
0.08435
0.08299
0.08765
0.06152
0.04332
0.04332
0.04810
0.04030
0.06762
0.06762
0.06297
0.06118
0.06108
0.06142
0.05127
0.04654
0.04677
0.04677
0.05985
0.04729
0.05260
0.05291
0.05260
0.05827
0.05860
0.05879
0.05839
0.05468
0.04464
0.04464
0.05162
0.04808
0.04810
0.04809
0.05717
0.05969
0.05968
0.07176
0.07451
0.08929
0.08653
0.08653
0.08324
0.08357
0.10318
0.10181
0.10066
0.10344
0.10141
0.09855
0.10176
0.09295
0.11805
0.12657
0.10964
0.10151
0.10964
0.10780
0.11238
0.10603
0.09930
0.11158
0.11168
0.11158
0.12875
0.12873
0.12871
0.14049
0.12185
0.08860
0.10091
0.11112
0.10630
0.10629
0.11950
0.10813
0.10813
0.10813
0.09611
0.09660
0.10951
0.09429
0.09434
0.09434
0.08222
0.07726
0.07727
0.07726
0.08516
0.06496
0.06496
0.06222
0.06222
0.06891
0.06891
0.06891
0.07969
0.08255
0.08211
0.08413
0.06570
0.05414
0.05432
0.04957
0.06186
0.06186
0.06915
0.07219
0.07192
0.07531
0.06940
0.06940
0.06456
0.05721
0.04900
0.05162
0.05163
0.04414
0.03619
0.01429
0.01409
0.01409
0.01902
0.01881
0.01509
0.02162
0.04706
0.05485
0.05431
0.07533
0.07518
0.07510
0.07524
0.08115
0.08130
0.07061
0.05485
0.05492
0.04254
0.04691
0.05867
0.08025
0.07260
0.06743
0.06702
0.03510
0.03234
0.03156
0.03156
0.03156
0.03156
0.03156
0.04480
0.04480
0.03778
0.01413
0.01454
0.00422
0.00482
0.00003
0.00000
0.00000
0.02044
0.02578
0.01250
0.01250
0.01974
0.00945
0.01062
0.01047
0.01998
0.01977
0.01551
0.01505
0.01196
0.01252
0.01731
0.00529
0.00509
0.00461
0.00295
0.01179
0.00971
0.00939
0.01355
0.01337
0.02772
0.02343
0.02374
0.01931
0.01973
0.04176
0.05114
0.05293
0.05917
0.05917
0.04398
0.05833
0.05838
0.05833
0.05830
0.04502
0.04498
0.05407
0.07885
0.07885
0.09937
0.09086
0.10268
0.09406
0.09418
0.11154
0.11149
0.10441
0.10348
0.11037
0.11400
0.11400
0.11966
0.11369
0.10214
0.10214
0.10201
0.10214
0.10214
0.10214
0.10214
0.10288
0.10216
0.10242
0.09789
0.09864
0.10211
0.09153
0.09153
0.08071
0.11485
0.12498
0.12498
0.12498
0.09679
0.10446
0.12075
0.12074
0.12312
0.12461
0.12461
0.12461
0.13093
0.13088
0.11545
0.11545
0.11545
0.12102
0.12114
0.12340
0.12309
0.11139
0.11623
0.11667
0.12127
0.12127
0.12747
0.07411
0.07632
0.07632
0.08138
0.08139
0.08552
0.07964
0.09229
0.10167
0.10143
0.09900
0.10559
0.06954
0.06975
0.06975
0.06975
0.08041
0.08168
0.06826
0.07051
0.07051
0.04982
0.04628
0.04002
0.02362
0.02365
0.01290
0.02112
0.02326
0.02891
0.02055
0.01320
0.00971
0.00389
0.00290
0.00290
0.00625
0.00000
0.00034
0.00000
0.00000
0.00761
0.00650
0.02183
0.02171
0.02008
0.01838
0.02410
0.02771
0.02371
0.01275
0.00000
0.00000
0.00000
0.01224
0.00440
0.01659
0.02130
0.02130
0.02130
0.01156
0.02488
0.00752
0.00799
0.00777
0.03291
0.03291
0.02510
0.02510
0.00597
0.00602
0.01120
0.01120
0.02642
0.02709
0.00001
0.00000
0.00000
0.00000
0.02084
0.02919
0.04501
0.04145
0.03476
0.03897
0.04826
0.03252
0.03252
0.04789
0.04770
0.06291
0.06424
0.06424
0.06424
0.07300
0.07300
0.07300
0.07289
0.07567
0.05271
0.05277
0.04768
0.04768
0.03907
0.04049
0.03742
0.03340
0.02795
0.02892
0.03752
0.03752
0.03835
0.02586
0.02131
0.00023
0.00764
0.01308
0.00675
0.00675
0.02607
0.01239
0.02609
0.03107
0.03992
0.05590
0.03872
0.04061
0.03142
0.02856
0.03061
0.03625
0.01938
0.01941
0.01938
0.02578
0.01779
0.00235
0.00235
0.01659
0.02253
0.02253
0.02355
0.03501
0.02149
0.02554
0.03366
0.03112
0.02905
0.02593
0.03264
0.03264
0.03264
0.01997
0.00140
0.00140
0.00005
0.00000
0.01184
0.01212
0.03164
0.03022
0.03167
0.03181
0.01961
0.01961
0.00824
0.01127
0.01087
0.00794
0.01730
0.03500
0.03500
0.03500
0.03500
0.03210
0.03210
0.03210
0.02357
0.01824
0.01824
0.01383
0.01189
0.01202
0.00130
0.00306
0.00820
0.00875
0.00824
0.00000
0.00000
0.00339
0.00526
0.01246
0.01265
0.01247
0.01620
0.02302
0.02307
0.02301
0.02413
0.02413
0.01864
0.01103
0.01098
0.00000
0.00000
0.00000
0.00000
0.00000
0.00000
0.01387
0.01387
0.01387
0.01239
0.01250
0.01250
0.00000
0.01235
0.01237
0.01634
0.01634
0.01148
0.03148
0.02863
0.01609
0.02577
0.02594
0.02524
0.03875
0.03157
0.03150
0.04036
0.04037
0.03979
0.02982
0.03293
0.03307
0.02991
0.02202
0.01574
0.03984
0.02087
0.01545
0.02341
0.02341
0.03442
0.02536
0.03010
0.03018
0.03047
0.03018
0.03760
0.03782
0.01629
0.01222
0.02098
0.00000
0.00009
0.00000
0.00000
0.00000
0.00580
0.04310
0.06997
0.06930
0.07488
0.07779
0.10833
0.14305
0.15073
0.15073
0.14719
0.14615
0.15886
0.16815
0.16815
0.16814
0.17030
0.17415
0.17443
0.18978
0.18610
0.18212
0.17609
0.17764
0.17257
0.17251
0.17251
0.17248
0.18205
0.18205
0.16337
0.17884
0.15987
0.16851
0.16866
0.14311
0.14026
0.14110
0.15471
0.14531
0.14472
0.14565
0.13611
0.13942
0.12945
0.12572
0.13044
0.13044
0.11881
0.12553
0.11459
0.11643
0.11716
0.12023
0.12023
0.12693
0.12399
0.12426
0.12426
0.10637
0.10427
0.10167
0.08481
0.08517
0.10565
0.07991
0.07992
0.07992
0.07992
0.07992
0.08714
0.09516
0.09516
0.10155
0.09477
0.06683
0.07943
0.07771
0.05871
0.05955
0.06128
0.06931
0.07785
0.08014
0.07242
0.07398
0.07646
0.12033
0.12788
0.12193
0.12193
0.11821
0.11377
0.13010
0.12808
0.12243
0.13736
0.14245
0.14277
0.12351
0.11185
0.11671
0.10663
0.10664
0.10778
0.10783
0.10600
0.09685
0.09685
0.09120
0.09837
0.09137
0.09252
0.09252
0.09252
0.08465
0.08454
0.08294
0.08437
0.08362
0.08153
0.08153
0.08153
0.07166
0.07166
0.05137
0.05819
0.07103
0.07100
0.05172
0.04567
0.05241
0.06015
0.06775
0.06750
0.05224
0.03239
0.03762
0.03745
0.02938
0.02938
0.02734
0.02563
0.02329
0.03246
0.04312
0.04091
0.01453
0.00252
0.00503
0.00503
0.00503
0.00612
0.01307
0.00000
0.01911
0.01911
0.01013
0.00334
0.00446
0.00312
0.01208
0.02037
0.02058
0.02037
0.02029
0.00000
0.01222
0.01448
0.00835
0.00981
0.00396
0.00369
0.00341
0.00396
0.00323
0.00323
0.00000
0.00000
0.00000
0.00312
0.00666
0.00628
0.00625
0.00545
0.00542
0.00652
0.00652
0.01601
0.02272
0.01118
0.00462
0.00105
0.00000
0.00028
0.00014
0.00778
0.00000
0.00000
0.00000
0.00000
0.00000
0.00000
0.00144
0.00000
0.00000
0.00000
0.00000
0.00000
0.00013
0.00000
0.00314
0.00967
0.01336
0.03342
0.03343
0.01977
0.01610
0.00003
0.01886
0.02251
0.03130
0.00615
0.00624
0.00649
0.01354
0.02611
0.00000
0.00957
0.00957
0.02456
0.01819
0.03057
0.03340
0.02978
0.02963
0.02197
0.01817
0.02947
0.02947
0.00074
0.00082
0.00261
0.00000
0.00067
0.00022
0.00000
0.00007
0.00000
0.00030
0.00379
0.00000
0.00773
0.00606
0.00609
0.00603
0.00054
0.00054
0.00000
0.00649
0.00649
0.00649
0.00649
0.01243
0.01271
0.01175
0.01761
0.03093
0.03673
0.03276
0.03276
0.03453
0.03325
0.04013
0.04176
0.04180
0.03027
0.03027
0.03027
0.01111
0.01054
0.00545
0.02099
0.02728
0.03931
0.03519
0.03522
0.03946
0.03738
0.03706
0.03704
0.03510
0.03510
0.03865
0.01616
0.02534
0.02510
0.01529
0.02405
0.03636
0.03151
0.04613
0.05492
0.06077
0.05093
0.03123
0.02970
0.00817
0.00000
0.02132
0.02132
0.02132
0.02137
0.02645
0.02645
0.01650
0.01650
0.01657
0.01690
0.02155
0.02134
0.02373
0.03650
0.03650
0.03635
0.02531
0.04022
0.03449
0.03449
0.06369
0.06138
0.05745
0.04455
0.04455
0.03952
0.04216
0.02609
0.01839
0.01328
0.00832
0.00097
0.00004
0.00000
0.00300
0.01168
0.01517
0.00967
0.01281
0.01837
0.00563
0.00188
0.00188
0.03706
0.03456
0.02900
0.04324
0.05689
0.00460
0.00003
0.00437
0.00000
0.00000
0.00000
0.00000
0.00698
0.00669
0.00483
0.01387
0.01387
0.03190
0.02888
0.02967
0.02823
0.02823
0.02149
0.00119
0.00988
0.00136
0.00888
0.00163
0.00900
0.00900
0.00900
0.01531
0.01594
0.02741
0.02906
0.02741
0.02783
0.02739
0.02818
0.02834
0.02830
0.03492
0.03492
0.04948
0.04916
0.03931
0.05709
0.08974
0.10624
0.10054
0.11991
0.13581
0.13581
0.14207
0.13639
0.13639
0.13639
0.13639
0.13515
0.13613
0.13039
0.13404
0.14135
0.13667
0.12100
0.12085
0.14965
0.14343
0.14715
0.12357
0.12880
0.12892
0.12705
0.12703
0.12137
0.11272
0.12424
0.11324
0.11428
0.11336
0.11371
0.12073
0.10403
0.10241
0.12333
0.14018
0.14490
0.15034
0.15034
0.15865
0.14493
0.15445
0.16511
0.16511
0.16427
0.16022
0.17084
0.15905
0.15425
0.16573
0.17836
0.17705
0.17785
0.20389
0.20613
0.19829
0.20622
0.23817
0.25608
0.25610
0.25476
0.25613
0.27473
0.28233
0.26863
0.27261
0.29454
0.28005
0.29643
0.32060
0.31623
0.31585
0.29759
0.29759
0.29700
0.28914
0.29975
0.30007
0.28319
0.29309
0.29099
0.31200
0.31253
0.31106
0.30869
0.31100
0.31100
0.32773
0.32942
0.32895
0.31512
0.30609
0.30634
0.30666
0.30416
0.31412
0.31412
0.32206
0.32206
0.32186
0.32189
0.32337
0.32178
0.32167
0.32198
0.32167
0.35250
0.35224
0.34956
0.34643
0.34635
0.34618
0.34635
0.34635
0.33196
0.30768
0.30768
0.30136
0.28815
0.28820
0.28085
0.27232
0.26344
0.27825
0.29682
0.29671
0.29671
0.29523
0.30696
0.30517
0.30726
0.31488
0.31488
0.31488
0.31349
0.31488
0.31277
0.31277
0.31273
0.31964
0.31619
0.32368
0.30868
0.30953
0.31049
0.30528
0.30528
0.30913
0.30194
0.30758
0.32128
0.32128
0.32492
0.31205
0.31187
0.30081
0.31340
0.30822
0.30822
0.30822
0.30421
0.30421
0.31121
0.28512
0.28382
0.25957
0.25599
0.25743
0.25763
0.26266
0.26509
0.26423
0.25733
0.25733
0.25026
0.23158
0.23544
0.25502
0.24850
0.25669
0.27839
0.27841
0.27841
0.26214
0.25864
0.26735
0.27237
0.28551
0.28075
0.27795
0.27806
0.29372
0.29379
0.28683
0.28928
0.28794
0.28795
0.28819
0.29314
0.29420
0.28794
0.29182
0.29182
0.28923
0.28923
0.27829
0.27083
0.25897
0.26926
0.26947
0.26845
0.26868
0.26484
0.26249
0.24425
0.23584
0.23762
0.24752
0.25483
0.25163
0.23027
0.22156
0.21653
0.21718
0.22461
0.21734
0.21734
0.22057
0.21925
0.21136
0.18831
0.20105
0.18898
0.18208
0.18666
0.17999
0.17999
0.19040
0.17537
0.16860
0.16599
0.16913
0.16913
0.17064
0.18813
0.17474
0.18436
0.15594
0.15631
0.15146
0.14328
0.13872
0.13852
0.13856
0.15337
0.15652
0.16853
0.16912
0.16853
0.16853
0.18026
0.17155
0.16060
0.17512
0.17157
0.17689
0.18042
0.18716
0.18751
0.17620
0.15352
0.17135
0.16960
0.16960
0.18273
0.17446
0.16178
0.16988
0.16817
0.16853
0.16370
0.15929
0.15732
0.14158
0.13350
0.13364
0.13364
0.13364
0.13632
0.13065
0.13569
0.15235
0.15235
0.16256
0.16360
0.15714
0.15714
0.17483
0.18261
0.17308
0.17155
0.16284
0.16372
0.17362
0.16114
0.16109
0.16109
0.18047
0.19823
0.19772
0.20512
0.18228
0.18112
0.16013
0.15258
0.15258
0.15339
0.10531
0.09346
0.08770
0.08773
0.09123
0.08725
0.10592
0.10593
0.10592
0.09837
0.09837
0.09837
0.07159
0.07158
0.06391
0.08405
0.08391
0.08391
0.08303
0.08244
0.08142
0.06130
0.05617
0.05099
0.05104
0.05709
0.05709
0.04202
0.01954
0.01441
0.01118
0.01118
0.02389
0.03950
0.03067
0.05044
0.04153
0.04013
0.04843
0.04703
0.05577
0.05577
0.05577
0.04791
0.05393
0.05378
0.05990
0.05378
0.04792
0.05201
0.05201
0.05201
0.05201
0.05201
0.05201
0.05000
0.06833
0.08309
0.06520
0.06521
0.06933
0.06161
0.05743
0.04779
0.07004
0.06947
0.06898
0.06898
0.07535
0.07059
0.07238
0.07436
0.06805
0.05953
0.06898
0.06421
0.06582
0.04723
0.04822
0.03453
0.06101
0.05449
0.04064
0.04048
0.04154
0.05129
0.05756
0.04113
0.04036
0.04030
0.05895
0.05294
0.05294
0.04531
0.03262
0.03262
0.03262
0.03220
0.04571
0.04552
0.04504
0.03869
0.03181
0.03181
0.03181
0.03175
0.02811
0.02006
0.02006
0.01864
0.00954
0.01048
0.00073
0.00073
0.00000
0.00000
0.00000
0.00273
0.00000
0.01567
0.01574
0.01745
0.00000
0.00000
0.00000
0.00000
0.00286
0.00286
0.00253
0.00960
0.00331
0.00331
0.01281
0.02229
0.02229
0.03973
0.03973
0.03354
0.03301
0.03229
0.02559
0.01568
0.01580
0.02443
0.02755
0.01039
0.00787
0.00000
0.00000
0.01227
0.01235
0.00930
0.00931
0.00926
0.04877
0.04694
0.04694
0.04085
0.04085
0.06194
0.06190
0.05829
0.07791
0.07795
0.09974
0.09974
0.12355
0.12671
0.13821
0.11651
0.11647
0.11588
0.11399
0.11400
0.11400
0.11043
0.11400
0.11409
0.11400
0.11400
0.12082
0.11216
0.11767
0.11151
0.10815
0.09317
0.09870
0.10027
0.09106
0.05852
0.05051
0.06439
0.05016
0.04901
0.04370
0.04969
0.04969
0.04895
0.04113
0.04108
0.02398
0.01707
0.01499
0.01496
0.02184
0.02324
0.01803
0.01803
0.01803
0.01804
0.01803
0.04000
0.03558
0.01861
0.03958
0.03215
0.03207
0.03330
0.03338
0.02728
0.02029
0.01278
0.02406
0.00880
0.01956
0.01956
0.01824
0.01821
0.01940
0.00741
0.00532
0.00000
0.00000
0.00000
0.00011
0.00000
0.00069
0.00000
0.01469
0.01472
0.01077
0.02179
0.01862
0.01726
0.01726
0.00134
0.00007
0.00419
0.02344
0.02263
0.03821
0.02486
0.02486
0.03566
0.03363
0.03210
0.04236
0.05510
0.04569
0.05207
0.04731
0.04520
0.02050
0.02184
0.02179
0.01613
0.02444
0.02598
0.02598
0.01727
0.00000
0.00000
0.00206
0.00001
0.00000
0.01017
0.01017
0.01490
0.01490
0.01680
0.00983
0.01328
0.01328
0.01328
0.00419
0.00489
0.01840
0.00925
0.00860
0.00859
0.00000
0.00000
0.00000
0.01284
0.02778
0.02778
0.02560
0.02565
0.02615
0.02740
0.02755
0.02764
0.04728
0.05074
0.04968
0.05485
0.05485
0.05485
0.05474
0.07250
0.09566
0.09502
0.09518
0.09899
0.09950
0.09317
0.08405
0.07410
0.07127
0.07140
0.10204
0.10437
0.10724
0.10438
0.10346
0.10445
0.10445
0.10294
0.10695
0.10695
0.10695
0.09675
0.07637
0.07518
0.06190
0.07540
0.08163
0.08463
0.09546
0.09546
0.07950
0.08800
0.07760
0.07665
0.07568
0.07487
0.06961
0.06919
0.05386
0.05096
0.05387
0.05392
0.05387
0.06222
0.07887
0.08051
0.07718
0.07714
0.07553
0.07282
0.08245
0.08252
0.08252
0.08252
0.07755
0.05751
0.04085
0.05604
0.05628
0.05084
0.05125
0.05125
0.03807
0.05001
0.03722
0.04809
0.04480
0.02054
0.02012
0.01436
0.02413
0.00000
0.00053
0.00000
0.00031
0.00001
0.00165
0.01823
0.03064
0.02932
0.02729
0.02141
0.01423
0.02437
0.01323
0.00150
0.00477
0.02017
0.00045
0.00000
0.00000
0.00140
0.01371
0.01372
0.02653
0.02176
0.01416
0.00358
0.00049
0.00025
0.00130
0.00183
0.00031
0.00128
0.00000
0.00000
0.01307
0.01307
0.02323
0.02362
0.02909
0.02621
0.03127
0.04643
0.04675
0.04811
0.04034
0.04731
0.04695
0.04695
0.07142
0.05508
0.05123
0.05478
0.05460
0.05690
0.05690
0.05692
0.05691
0.03300
0.03359
0.05724
0.03932
0.03931
0.07591
0.07591
0.06105
0.05688
0.03777
0.03777
0.03777
0.03927
0.00936
0.01508
0.01750
0.01761
0.01747
0.01328
0.02718
0.03955
0.03442
0.03604
0.07377
0.06663
0.06520
0.05063
0.05056
0.05167
0.05044
0.05057
0.02699
0.02704
0.05851
0.06165
0.06357
0.07079
0.07509
0.06728
0.06396
0.06394
0.07150
0.04466
0.05646
0.05646
0.05646
0.04675
0.03394
0.04408
0.04441
0.04768
0.04768
0.04962
0.02369
0.02593
0.02831
