0.00393
0.00393
0.01019
0.01439
0.01372
0.01390
0.01390
0.01390
0.01390
0.02616
0.02401
0.02477
0.02375
0.02375
0.02345
0.02405
0.00992
0.01311
0.02025
0.00774
0.00982
0.00389
0.00312
0.01500
0.00995
0.00007
0.00000
0.00000
0.00000
0.00003
0.00000
0.00033
0.00005
0.00450
0.00137
0.00115
0.00002
0.00000
0.00608
0.00608
0.01140
0.00000
0.00554
0.01508
0.01178
0.01177
0.00000
0.00744
0.00774
0.02260
0.02040
0.03167
0.03135
0.02462
0.02618
0.02805
0.03871
0.03851
0.03988
0.03988
0.03988
0.03988
0.03631
0.03618
0.03618
0.02625
0.02611
0.09467
0.10663
0.10805
0.10803
0.11598
0.12442
0.11386
0.11660
0.11633
0.11612
0.12427
0.13684
0.12408
0.12408
0.12408
0.14683
0.13022
0.13159
0.11512
0.11448
0.10767
0.10767
0.11681
0.13917
0.12562
0.12568
0.12518
0.10762
0.11613
0.11741
0.11459
0.11459
0.12547
0.11611
0.10983
0.12556
0.10689
0.11071
0.08900
0.10084
0.06970
0.06970
0.08763
0.08148
0.06882
0.07278
0.07287
0.05858
0.04145
0.03915
0.02669
0.02636
0.04416
0.05164
0.07627
0.07650
0.06876
0.08549
0.08549
0.08549
0.07717
0.07717
0.07719
0.07323
0.07717
0.02313
0.02231
0.02256
0.02282
0.02256
0.01224
0.01233
0.01093
0.01029
0.00729
0.00729
0.01041
0.01041
0.01685
0.01685
0.00400
0.00000
0.00000
0.01479
0.01479
0.02614
0.01209
0.00660
0.00590
0.02389
0.00000
0.01613
0.01601
0.03453
0.03060
0.03059
0.02058
0.02058
0.01879
0.02822
0.02564
0.02760
0.02513
0.02255
0.02513
0.03190
0.03665
0.01109
0.01109
0.00930
0.01691
0.00743
0.00743
0.00765
0.00027
0.00000
0.00010
0.00000
0.00350
0.00828
0.00829
0.00829
0.00506
0.01772
0.04039
0.04039
0.04039
0.04241
0.02978
0.02720
0.03005
0.02613
0.02544
0.02613
0.02613
0.03022
0.04253
0.03755
0.04253
0.04827
0.04086
0.03578
0.03380
0.02704
0.02709
0.03008
0.04478
0.04588
0.04272
0.04272
0.04710
0.03139
0.03434
0.03139
0.03139
0.04148
0.02283
0.02105
0.00723
0.01653
0.02844
0.03829
0.03974
0.04513
0.04449
0.04824
0.07092
0.07521
0.06801
0.05921
0.05562
0.05562
0.05562
0.05562
0.05562
0.05603
0.05888
0.06355
0.06351
0.05939
0.04357
0.04350
0.04323
0.04323
0.04045
0.03169
0.03670
0.03516
0.03679
0.01616
0.01616
0.02582
0.03999
0.04164
0.04722
0.05671
0.05724
0.06425
0.06649
0.06111
0.05118
0.04847
0.06026
0.04952
0.04957
0.05882
0.05882
0.05851
0.05882
0.06473
0.06100
0.06100
0.07122
0.06186
0.04617
0.04587
0.04832
0.04689
0.04591
0.05329
0.05329
0.05329
0.05332
0.06356
0.06508
0.06377
0.07220
0.06925
0.07512
0.07512
0.07512
0.06439
0.06723
0.07500
0.05242
0.06681
0.06656
0.04836
0.05578
0.05488
0.05466
0.05466
0.06374
0.06113
0.05622
0.05622
0.05622
0.05578
0.05617
0.05082
0.04602
0.04602
0.04602
0.04581
0.03229
0.03251
0.03935
0.04276
0.06093
0.04470
0.04402
0.03607
0.03548
0.03600
0.01658
0.01046
0.01854
0.01854
0.02837
0.02455
0.02389
0.00815
0.01608
0.01608
0.02116
0.02677
0.02686
0.02029
0.01953
0.02329
0.02623
0.02025
0.00000
0.00148
0.00000
0.00000
0.00000
0.00000
0.00000
0.03546
0.02320
0.02623
0.02649
0.03575
0.03575
0.04078
0.04062
0.03867
0.05523
0.05726
0.05690
0.05618
0.05602
0.06157
0.08397
0.08385
0.08385
0.08385
0.08717
0.12172
0.12172
0.12172
0.12088
0.12296
0.10190
0.10091
0.10091
0.09348
0.09348
0.09188
0.09603
0.09603
0.09603
0.10110
0.11744
0.12636
0.10685
0.09037
0.08960
0.08927
0.08080
0.10092
0.10092
0.10381
0.08899
0.09191
0.09804
0.09665
0.09634
0.09833
0.10129
0.09958
0.10032
0.08054
0.08054
0.08113
0.06817
0.06704
0.06483
0.06444
0.06441
0.06977
0.07605
0.07181
0.07181
0.02723
0.03626
0.04124
0.03992
0.04124
0.04124
0.03227
0.03217
0.03217
0.03829
0.03984
0.03836
0.03124
0.03874
0.03872
0.03691
0.04709
0.03195
0.03142
0.02146
0.02146
0.02146
0.03396
0.03604
0.03602
0.03638
0.03694
0.03604
0.03610
0.02642
0.02532
0.01072
0.01168
0.01163
0.01170
0.01109
0.00852
0.02768
0.02457
0.02621
0.01247
0.01115
0.01838
0.03050
0.03148
0.03406
0.03461
0.03406
0.03392
0.03486
0.01366
0.01559
0.02631
0.02623
0.02919
0.04676
0.04676
0.04141
0.04141
0.04141
0.06254
0.06127
0.06276
0.06234
0.06551
0.06517
0.05204
0.05840
0.04688
0.01309
0.01084
0.03867
0.03082
0.03097
0.02716
0.02817
0.02817
0.02817
0.02816
0.02718
0.03613
0.03930
0.02834
0.03661
0.03783
0.03775
0.04462
0.04298
0.03123
0.03584
0.04394
0.05031
0.05033
0.05476
0.05638
0.05206
0.05219
0.04986
0.05967
0.05971
0.05740
0.04434
0.04517
0.04573
0.03408
0.04096
0.04097
0.04057
0.04141
0.06118
0.05720
0.05720
0.05473
0.06482
0.06482
0.05743
0.06746
0.06719
0.06987
0.06988
0.06974
0.07356
0.06760
0.06760
0.06879
0.06464
0.06464
0.06464
0.06464
0.08241
0.08969
0.05116
0.04862
0.04760
0.05154
0.05154
0.03435
0.04528
0.04863
0.04283
0.05820
0.06101
0.06217
0.06200
0.06600
0.06554
0.09789
0.07738
0.07520
0.07520
0.07072
0.07072
0.04439
0.04681
0.04681
0.04896
0.04926
0.05807
0.04773
0.04410
0.04377
0.04429
0.05191
0.05231
0.04801
0.04681
0.05204
0.05559
0.05563
0.04483
0.01778
0.01844
0.03061
0.02303
0.02303
0.06183
0.06204
0.06816
0.04515
0.05036
0.06066
0.07006
0.07006
0.07014
0.06975
0.06980
0.07180
0.06164
0.05981
0.09379
0.09532
0.10343
0.10343
0.08859
0.08043
0.08839
0.08673
0.08673
0.07677
0.07412
0.09054
0.09054
0.09001
0.07102
0.07080
0.07080
0.08232
0.09694
0.09696
0.09684
0.08882
0.08620
0.08625
0.07063
0.04712
0.04588
0.03918
0.03323
0.05351
0.04708
0.03218
0.03224
0.03224
0.03081
0.03648
0.03487
0.03738
0.03571
0.03411
0.03405
0.04468
0.04323
0.04308
0.04541
0.05260
0.02775
0.03153
0.02919
0.02797
0.02803
0.03838
0.03776
0.03821
0.03163
0.03397
0.05357
0.04543
0.04543
0.07759
0.08537
0.09606
0.10010
0.08990
0.11430
0.11433
0.08738
0.08030
0.07132
0.07137
0.07132
0.07643
0.09287
0.09287
0.09375
0.10447
0.10447
0.11160
0.11160
0.10725
0.11628
0.09448
0.09448
0.09448
0.09425
0.08707
0.06820
0.07549
0.07550
0.07550
0.10197
0.10180
0.10171
0.10152
0.07267
0.08574
0.08929
0.09151
0.09093
0.09076
0.09097
0.09215
0.09219
0.09612
0.09632
0.08576
0.09042
0.08448
0.08137
0.07482
0.06722
0.06778
0.05984
0.05982
0.08413
0.08179
0.07511
0.07331
0.07486
0.06072
0.06072
0.06504
0.07289
0.05193
0.04425
0.04425
0.03183
0.03445
0.04695
0.04681
0.04682
0.01628
0.00873
0.00688
0.02532
0.01741
0.01122
0.00474
0.00000
0.00000
0.00081
0.00848
0.02313
0.00414
0.01661
0.01548
0.00398
0.00398
0.00291
0.00000
0.00000
0.00055
0.00000
0.00000
0.00413
0.00954
0.01078
0.01624
0.02636
0.03937
0.03121
0.02738
0.02755
0.04717
0.04509
0.04509
0.05253
0.05253
0.05253
0.03188
0.00524
0.01210
0.01184
0.01177
0.00393
0.00394
0.00000
0.00000
0.01445
0.01445
0.02257
0.02257
0.02257
0.02605
0.03493
0.03034
0.03034
0.03034
0.03672
0.03672
0.03914
0.03482
0.03583
0.03740
0.03550
0.03212
0.03212
0.02205
0.02197
0.02722
0.02616
0.02600
0.02179
0.01440
0.01806
0.01071
0.00313
0.00313
0.00528
0.00688
0.00625
0.00625
0.00320
0.00818
0.00818
0.02229
0.04068
0.04076
0.04053
0.04024
0.03069
0.03311
0.03313
0.02278
0.03231
0.03231
0.02148
0.01053
0.01053
0.02433
0.02433
0.05148
0.04726
0.05891
0.05182
0.05192
0.04815
0.02145
0.00510
0.00255
0.00000
0.00307
0.00313
0.00088
0.02009
0.02009
0.02612
0.03536
0.03536
0.06132
0.08106
0.08075
0.07963
0.07914
0.09253
0.08515
0.08630
0.08241
0.07537
0.08151
0.07777
0.06312
0.07349
0.07337
0.06396
0.07808
0.07488
0.08838
0.08236
0.06739
0.06777
0.06487
0.10076
0.07907
0.07907
0.07907
0.07907
0.07907
0.06982
0.07000
0.07000
0.05611
0.05361
0.07316
0.09222
0.08374
0.08374
0.06110
0.04684
0.05717
0.05717
0.05614
0.05991
0.06477
0.05455
0.05455
0.06001
0.08340
0.08520
0.09290
0.09720
0.09290
0.10128
0.10748
0.10203
0.10377
0.11714
0.10907
0.09056
0.09067
0.09362
0.09596
0.09540
0.08403
0.08140
0.07752
0.08098
0.08098
0.10417
0.09377
0.09401
0.09417
0.10197
0.10445
0.10197
0.10197
0.12162
0.12162
0.12881
0.14726
0.14726
0.15460
0.15749
0.15715
0.13373
0.12086
0.12086
0.11753
0.13755
0.13689
0.10112
0.10439
0.10913
0.09864
0.09877
0.09864
0.10758
0.10829
0.12094
0.12094
0.12087
0.12598
0.11205
0.10306
0.10947
0.10950
0.09608
0.09205
0.09351
0.08242
0.08242
0.08274
0.10069
0.11908
0.12105
0.10703
0.09576
0.09413
0.09389
0.09411
0.12030
0.10509
0.09484
0.09162
0.09076
0.09069
0.08211
0.08045
0.08158
0.07322
0.08153
0.08164
0.08164
0.07513
0.06252
0.03179
0.03410
0.04990
0.04800
0.05079
0.04757
0.02722
0.00000
0.00371
0.00000
0.00000
0.00000
0.00011
0.00006
0.01294
0.01510
0.02603
0.02603
0.03507
0.04953
0.04948
0.04953
0.04789
0.05382
0.04483
0.04490
0.04410
0.03636
0.03686
0.05247
0.05247
0.05247
0.05255
0.05254
0.04137
0.04838
0.07234
0.06703
0.07494
0.07494
0.07494
0.07386
0.08764
0.08475
0.07832
0.09717
0.09717
0.10550
0.10550
0.09517
0.08941
0.09227
0.10636
0.11783
0.13701
0.14339
0.14511
0.14824
0.14639
0.13048
0.14186
0.14203
0.14207
0.14042
0.14083
0.14083
0.11756
0.11756
0.12414
0.12546
0.11138
0.11057
0.10601
0.10601
0.09504
0.09504
0.09504
0.09504
0.08680
0.10623
0.10615
0.09906
0.11390
0.12057
0.10509
0.10511
0.11012
0.13316
0.13264
0.13302
0.13065
0.12368
0.12376
0.13260
0.13547
0.14189
0.16202
0.15810
0.15921
0.16415
0.16127
0.14713
0.14505
0.14380
0.14388
0.17303
0.16249
0.15415
0.14273
0.14273
0.14273
0.14273
0.14304
0.14275
0.14199
0.14197
0.14237
0.13055
0.13117
0.13716
0.12784
0.12784
0.14047
0.14171
0.12817
0.12825
0.09346
0.09062
0.09092
0.09092
0.09440
0.09988
0.08816
0.08568
0.08185
0.09468
0.09461
0.09468
0.09468
0.09734
0.10227
0.10106
0.11848
0.12229
0.12534
0.11910
0.10973
0.12703
0.12334
0.11560
0.11561
0.11602
0.13624
0.13043
0.13565
0.13621
0.13792
0.14386
0.12627
0.09827
0.10076
0.10487
0.10686
0.11607
0.10973
0.10887
0.10540
0.08949
0.09090
0.08901
0.08901
0.08901
0.08901
0.07814
0.07822
0.07822
0.07822
0.07181
0.08621
0.08928
0.10178
0.10272
0.10427
0.10284
0.06077
0.06002
0.04790
0.04897
0.03978
0.04020
0.04574
0.06514
0.07923
0.07024
0.07069
0.06934
0.07024
0.10867
0.09234
0.09188
0.09313
0.09419
0.08699
0.08015
0.08268
0.09883
0.09992
0.09992
0.09992
0.11816
0.11629
0.10730
0.10730
0.10308
0.08587
0.08508
0.09230
0.08759
0.10389
0.10389
0.10389
0.11003
0.11925
0.12033
0.11404
0.11172
0.11474
0.10184
0.10184
0.12047
0.11330
0.11330
0.11472
0.11491
0.13744
0.13744
0.14630
0.14608
0.15958
0.15958
0.16219
0.17965
0.17966
0.19376
0.16840
0.17912
0.17442
0.18122
0.14503
0.15837
0.15867
0.15777
0.14882
0.15502
0.13971
0.13014
0.13688
0.14017
0.13607
0.12360
0.12360
0.14987
0.14878
0.14587
0.14588
0.10888
0.13413
0.14115
0.14125
0.15398
0.15356
0.15641
0.15153
0.15407
0.15246
0.15109
0.13771
0.15043
0.16554
0.17113
0.17662
0.17857
0.16765
0.16763
0.16765
0.16953
0.17941
0.17820
0.17820
0.17820
0.18676
0.17822
0.17131
0.17131
0.17131
0.16872
0.16283
0.16266
0.16283
0.16283
0.16283
0.15783
0.15910
0.16741
0.16741
0.18045
0.18045
0.17417
0.17036
0.17102
0.17036
0.20032
0.18869
0.18038
0.18024
0.19048
0.18643
0.18815
0.18707
0.17728
0.18520
0.18519
0.18455
0.20582
0.20194
0.20939
0.21316
0.20386
0.20545
0.21045
0.21060
0.21045
0.20275
0.21613
0.21705
0.22252
0.20957
0.21196
0.19817
0.19493
0.19817
0.18339
0.16939
0.17244
0.16942
0.17156
0.19264
0.17691
0.17823
0.18186
0.20038
0.17657
0.17657
0.17291
0.18681
0.18689
0.19221
0.18752
0.17791
0.17737
0.17202
0.17127
0.16930
0.17019
0.16195
0.16225
0.16086
0.15069
0.14141
0.14135
0.13558
0.14276
0.14038
0.13247
0.14692
0.14237
0.15625
0.14887
0.14675
0.13573
0.13573
0.15524
0.16690
0.18431
0.18661
0.18720
0.18679
0.19023
0.17812
0.19768
0.19768
0.16717
0.17388
0.18151
0.18151
0.18151
0.18151
0.16072
0.14788
0.14034
0.14113
0.14113
0.14113
0.13801
0.13797
0.13795
0.13796
0.13796
0.13796
0.13796
0.13795
0.13796
0.14522
0.13214
0.15039
0.15083
0.15045
0.13913
0.13913
0.13896
0.14153
0.14165
0.14183
0.15143
0.17012
0.15977
0.15977
0.15741
0.15741
0.14362
0.14832
0.15191
0.15605
0.14811
0.14443
0.14401
0.13176
0.11801
0.11043
0.11039
0.09996
0.09996
0.10015
0.11046
0.10384
0.10384
0.07922
0.07838
0.06796
0.06752
0.07957
0.09700
0.09703
0.09485
0.06956
0.07539
0.07531
0.04151
0.04188
0.03153
0.03500
0.03576
0.03029
0.02969
0.01856
0.01210
0.01210
0.02931
0.01924
0.01924
0.00580
0.00630
0.05604
0.05607
0.05604
0.06114
0.04459
0.01570
0.01570
0.01292
0.01447
0.01881
0.03254
0.05822
0.03637
0.02314
0.03569
0.05338
0.05331
0.05413
0.05682
0.05414
0.06504
0.06749
0.06733
0.05777
0.04621
0.03924
0.03922
0.03924
0.03924
0.04116
0.00000
0.01885
0.02182
0.02238
0.02267
0.02554
0.02417
0.02517
0.05903
0.05889
0.05934
0.05831
0.05220
0.04932
0.07196
0.08323
0.07901
0.07737
0.06073
0.08726
0.07919
0.07106
0.04848
0.05357
0.04828
0.04379
0.06904
0.06672
0.06672
0.06672
0.06384
0.03430
0.02725
0.02870
0.03972
0.03752
0.03241
0.03019
0.02401
0.01854
0.01854
0.00551
0.01228
0.01055
0.00000
0.00000
0.00000
0.01257
0.01257
0.01241
0.00012
0.00333
0.01275
0.01674
0.00843
0.00000
0.00000
0.01321
0.02605
0.02531
0.02544
0.02624
0.02029
0.02030
0.02225
0.01452
0.01452
0.00837
0.00000
0.00090
0.00000
0.01191
0.01191
0.01557
0.02195
0.00375
0.00000
0.00000
0.00000
0.00000
0.00000
0.00381
0.00006
0.01058
0.00000
0.00642
0.01201
0.00229
0.00229
0.00702
0.01251
0.01156
0.00487
0.00647
0.00620
0.00620
0.01722
0.00905
0.00905
0.01232
0.02629
0.02356
0.01337
0.01026
0.01143
0.01143
0.02281
0.03584
0.03907
0.04222
0.05537
0.05457
0.02839
0.01816
0.01816
0.01856
0.01856
0.01323
0.01045
0.01045
0.01045
0.01044
0.01589
0.01589
0.01586
0.01608
0.00654
0.00520
0.00266
0.00110
0.00107
0.00000
0.00018
0.01271
0.01952
0.01963
0.02883
0.02703
0.02883
0.03210
0.03210
0.03906
0.02373
0.01035
0.00914
0.01029
0.01086
0.01086
0.01498
0.00000
0.00000
0.02834
0.02861
0.03106
0.03113
0.04155
0.04073
0.04073
0.04351
0.04980
0.04986
0.04198
0.02743
0.01090
0.01091
0.01032
0.01531
0.00007
0.00000
0.01158
0.00965
0.01029
0.00966
0.01385
0.01385
0.01385
0.00512
0.00457
0.00330
0.00322
0.00059
0.00000
0.01413
0.01413
0.01892
0.01501
0.02047
0.02627
0.03676
0.04512
0.04659
0.02725
0.02034
0.00384
0.00395
0.00975
0.00412
0.00403
0.00412
0.00412
0.00390
0.00000
0.00000
0.00000
0.00846
0.00846
0.00846
0.00826
0.00819
0.00824
0.00813
0.00813
0.00803
0.00000
0.00343
0.01400
0.01043
0.00789
0.00780
0.00872
0.00861
0.01324
0.02147
0.01237
0.02073
0.02073
0.02073
0.00000
0.00494
0.01702
0.01310
0.02931
0.02937
0.04899
0.05478
0.03542
0.02669
0.02682
0.04407
0.04354
0.04220
0.04961
0.05153
0.05153
0.05843
0.05600
0.05423
0.05415
0.05423
0.05024
0.05024
0.05024
0.04071
0.03808
0.02256
0.04639
0.04630
0.03517
0.03648
0.05440
0.06459
0.06477
0.05990
0.04649
0.04888
0.04661
0.04635
0.04661
0.04401
0.04401
0.04466
0.04466
0.02655
0.02656
0.03147
0.02211
0.01010
0.01010
0.00531
0.01634
0.00217
0.00000
0.01225
0.01600
0.02801
0.02801
0.02339
0.02339
0.02339
0.03469
0.03469
0.03131
0.02475
0.02947
0.02947
0.03476
0.04268
0.04802
0.02775
0.02775
0.02827
0.02756
0.02958
0.01404
0.01872
0.03238
0.01334
0.01335
0.01334
0.01334
0.00738
0.02363
0.00000
0.00000
0.02767
0.03078
0.03262
0.03219
0.02389
0.02298
0.01531
0.00429
0.00000
0.00000
0.00000
0.02371
0.02491
0.02345
0.00315
0.00311
0.00313
0.00000
0.00000
0.00000
0.00000
0.00100
0.00100
0.00098
0.01432
0.02624
0.02631
0.02935
0.02110
0.03740
0.06148
0.04741
0.04414
0.03743
0.03756
0.03224
0.03220
0.03224
0.03224
0.01986
0.02971
0.03913
0.03464
0.02960
0.02953
0.03351
0.04397
0.04551
0.02275
0.02275
0.02249
0.02275
0.02205
0.01891
0.01130
0.04114
0.03869
0.05528
0.06564
0.06511
0.08096
0.07844
0.04415
0.04415
0.08483
0.08222
0.08222
0.08329
0.08222
0.08383
0.08836
0.07905
0.08006
0.08507
0.08525
0.11111
0.11151
0.10696
0.10897
0.11362
0.11852
0.11424
0.11879
0.11879
0.11879
0.13096
0.14608
0.13535
0.14799
0.14452
0.14751
0.15346
0.15346
0.15346
0.14340
0.14360
0.14357
0.14444
0.13375
0.11750
0.13801
0.14546
0.15836
0.16357
0.15966
0.15391
0.15391
0.14452
0.14191
0.12241
0.11196
0.11196
0.11196
0.08726
0.08714
0.08726
0.08726
0.08726
0.10934
0.10707
0.10707
0.10443
0.10707
0.09416
0.08604
0.08503
0.08425
0.08506
0.10188
0.10011
0.10225
0.10113
0.10151
0.08328
0.08670
0.07419
0.07560
0.09598
0.08706
0.09300
0.10236
0.10173
0.10408
0.10338
0.10933
0.10927
0.10462
0.10085
0.09632
0.07482
0.06609
0.06173
0.05699
0.04129
0.04320
0.00908
0.01493
0.01917
0.02668
0.02539
0.03503
0.03199
0.03172
0.03199
0.02865
0.02258
0.01518
0.02710
0.01640
0.02264
0.04506
0.04519
0.04519
0.04147
0.06347
0.05536
0.05536
0.03999
0.05267
0.06178
0.08182
0.09115
0.09105
0.11715
0.11710
0.10979
0.09907
0.10128
0.10123
0.10123
0.12600
0.12175
0.12184
0.12175
0.11076
0.10874
0.12320
0.12346
0.14617
0.15176
0.14585
0.14585
0.14585
0.13319
0.13323
0.17184
0.17184
0.18183
0.17330
0.17330
0.14538
0.14971
0.14970
0.16383
0.16007
0.16940
0.17017
0.15466
0.14927
0.14994
0.17089
0.17614
0.14818
0.14902
0.14009
0.15091
0.13556
0.13641
0.15412
0.15522
0.15463
0.17247
0.15808
0.15956
0.17421
0.19154
0.19154
0.19154
0.19154
0.18764
0.18767
0.18767
0.16609
0.18176
0.16786
0.16786
0.15629
0.15172
0.14427
0.14209
0.13550
0.14167
0.13746
0.13746
0.14218
0.14213
0.16187
0.15885
0.15900
0.15272
0.16026
0.17278
0.15947
0.15538
0.16211
0.13418
0.13539
0.13859
0.13863
0.13128
0.13133
0.11279
0.11520
0.09116
0.10099
0.08128
0.07974
0.07974
0.08071
0.07204
0.07866
0.07866
0.08638
0.08537
0.09488
0.09412
0.08156
0.07568
0.06796
0.04270
0.04506
0.04778
0.05063
0.06758
0.06776
0.09081
0.09076
0.09076
0.08530
0.08267
0.07236
0.07268
0.07268
0.07268
0.07749
0.10156
0.10018
0.10008
0.09397
0.10446
0.10208
0.10395
0.10395
0.09737
0.08706
0.09671
0.09499
0.08413
0.08416
0.08364
0.08413
0.09275
0.09269
0.09382
0.09426
0.07686
0.05476
0.07206
0.04479
0.04480
0.04686
0.04702
0.04009
0.03786
0.03786
0.05827
0.05632
0.05312
0.05312
0.05372
0.05340
0.05819
0.05862
0.05862
0.05829
0.05220
0.05924
0.02046
0.01671
0.03254
0.01404
0.01269
0.01153
0.01151
0.00910
0.01932
0.02772
0.02772
0.02772
0.02772
0.01863
0.01663
0.01646
0.01663
0.01673
0.01663
0.01663
0.00624
0.00326
0.02004
0.02016
0.02040
0.02016
0.02030
0.02602
0.02806
0.02806
0.01262
0.01079
0.01288
0.01079
0.01072
0.00000
0.01163
0.00554
0.00554
0.00554
0.00608
0.00554
0.00860
0.00860
0.00000
0.00563
0.00563
0.00000
0.00007
0.00000
0.02881
0.02878
0.02198
0.01962
0.02029
0.03021
0.03530
0.03380
0.03373
0.03547
0.01956
0.02728
0.02260
0.03413
0.03114
0.02336
0.02290
0.02290
0.02100
0.01646
0.01461
0.01363
0.01348
0.01365
0.02826
0.03666
0.03687
0.05683
0.05020
0.04478
0.05508
0.05467
0.05268
0.05503
0.08041
0.07346
0.07401
0.07851
0.07851
0.07152
0.07490
0.07391
0.07500
0.07501
0.08701
0.08147
0.07411
0.06352
0.04109
0.04109
0.05266
0.05256
0.06166
0.06175
0.06175
0.06016
0.06016
0.06016
0.07436
0.07436
0.07372
0.06887
0.05649
0.06110
0.05297
0.05297
0.05279
0.05297
0.05224
0.04601
0.04418
0.04336
0.07081
0.10530
0.09358
0.10801
0.10796
0.10761
0.10796
0.12429
0.11997
0.13368
0.11668
0.11589
0.11866
0.09731
0.09900
0.09871
0.11623
0.11622
0.12994
0.13704
0.13704
0.13148
0.13849
0.15328
0.15502
0.13157
0.12180
0.10556
0.08576
0.09984
0.08998
0.08641
0.08607
0.09503
0.09509
0.08534
0.10413
0.11826
0.12590
0.12621
0.12231
0.12231
0.12271
0.12231
0.12025
0.12025
0.10367
0.09421
0.09468
0.08744
0.10116
0.08186
0.08186
0.06435
0.03630
0.02973
0.04890
0.04890
0.04890
0.03532
0.03666
0.03726
0.03712
0.03712
0.03712
0.04425
0.04425
0.04246
0.04810
0.05143
0.07466
0.07465
0.07335
0.08001
0.05009
0.05009
0.04889
0.03483
0.04346
0.04084
0.04322
0.04322
0.04322
0.03299
0.04908
0.02659
0.02529
0.02659
0.01865
0.00747
0.00727
0.00577
0.01380
0.01854
0.02804
0.02804
0.02804
0.01312
0.00972
0.00962
0.01015
0.01017
0.01017
0.01017
0.00557
0.00000
0.00000
0.00000
0.01031
0.01285
0.01986
0.01608
0.03176
0.03176
0.01179
0.01243
0.00427
0.00000
0.00000
0.00069
0.02711
0.03351
0.03500
0.04303
0.03313
0.03314
0.02551
0.00051
0.01057
0.01512
0.01512
0.00000
0.00000
0.00000
0.00071
0.01422
0.01423
0.00910
0.00923
0.00099
0.00000
0.01999
0.02003
0.01796
0.03502
0.00257
0.00217
0.00253
0.02177
0.01041
0.01269
0.00000
0.00232
0.00232
0.00000
0.00876
0.00876
0.01373
0.02422
0.03932
0.03932
0.02632
0.03507
0.04027
0.04900
0.04998
0.04998
0.04998
0.04256
0.04256
0.05941
0.06483
0.05247
0.05208
0.07072
0.07071
0.06460
0.03520
0.03197
0.03703
0.03704
0.02321
0.00297
0.00297
0.00000
0.00000
0.00000
0.00000
0.00000
0.00000
0.00000
0.00002
0.00013
0.00000
0.00000
0.00000
0.00577
0.02369
0.02819
0.01149
0.02200
0.02712
0.03025
0.02209
0.02209
0.02991
0.03066
0.02611
0.02327
0.01778
0.03103
0.06114
0.07995
0.07321
0.08131
0.08116
0.09150
0.09292
0.09354
0.10480
0.08732
0.07538
0.08276
0.06419
0.07119
0.07116
0.07124
0.07249
0.08512
0.08512
0.08493
0.08250
0.08413
0.06425
0.06425
0.06425
0.06592
0.04128
0.05080
0.05850
0.05253
0.05865
0.05279
0.05145
0.05126
0.05582
0.04925
0.05919
0.05922
0.05562
0.04996
0.04811
0.04811
0.05170
0.05166
0.05162
0.04729
0.06923
0.06923
0.06871
0.05890
0.05872
0.06177
0.07959
0.09560
0.10214
0.10214
0.10206
0.09021
0.09021
0.09152
0.08450
0.08011
0.08009
0.08997
0.10785
0.08299
0.07188
0.05857
0.04162
0.04337
0.05976
0.07727
0.09296
0.09265
0.10725
0.10725
0.10725
0.10725
0.09739
0.10010
0.10876
0.10138
0.10138
0.10138
0.10785
0.10785
0.10849
0.09362
0.09362
0.08292
0.08393
0.08393
0.08388
0.08393
0.08393
0.10281
0.10322
0.12745
0.12923
0.11887
0.14957
0.13785
0.15066
0.15066
0.13371
0.13331
0.14671
0.16480
0.16278
0.15721
0.17058
0.15511
0.13905
0.16422
0.16371
0.15470
0.15178
0.12769
0.13700
0.13159
0.13446
0.13560
0.09876
0.09876
0.09312
0.09485
0.09747
0.08780
0.08636
0.08636
0.06194
0.05929
0.05824
0.05824
0.03865
0.04887
0.04300
0.06165
0.06110
0.07420
0.08644
0.07758
0.09111
0.09112
0.09111
0.09111
0.09111
0.08980
0.07858
0.07616
0.09953
0.11165
0.11165
0.11165
0.11161
0.11165
0.11165
0.12136
0.12243
0.12243
0.13048
0.10450
0.10451
0.11972
0.12788
0.13954
0.16013
0.16013
0.13373
0.13373
0.13373
0.13373
0.10352
0.10234
0.10255
0.09899
0.10788
0.11998
0.11998
0.11755
0.14609
0.15236
0.13965
0.13965
0.13965
0.14065
0.14176
0.14540
0.14540
0.14845
0.15014
0.15551
0.14443
0.14449
0.15141
0.13910
0.13017
0.13017
0.13234
0.13108
0.13507
0.14302
0.15625
0.15486
0.14401
0.15610
0.14638
0.15995
0.15543
0.14907
0.13459
0.12133
0.09696
0.10378
0.10383
0.10387
0.09884
0.11100
0.10867
0.10867
0.10867
0.09571
0.09508
0.13939
0.15122
0.15122
0.14557
0.14448
0.14067
0.14062
0.14430
0.12212
0.12212
0.12229
0.12251
0.11137
0.07658
0.05766
0.05687
0.05726
0.05879
0.05902
0.05879
0.04332
0.02781
0.08124
0.08131
0.10271
0.10269
0.10339
0.10626
0.07613
0.07583
0.06636
0.07510
0.06446
0.06446
0.07314
0.07799
0.07279
0.07799
0.07799
0.07799
0.07744
0.07618
0.08059
0.07703
0.04905
0.04922
0.05389
0.05778
0.05805
0.05805
0.05052
0.05052
0.05052
0.04603
0.05818
0.05818
0.06124
0.05669
0.04100
0.02944
0.02061
0.02588
0.02705
0.02588
0.03307
0.04119
0.04119
0.04506
0.04506
0.04506
0.03135
0.03102
0.02889
0.02416
0.03680
0.04162
0.04162
0.04283
0.05569
0.05651
0.03718
0.04273
0.04508
0.04510
0.03493
0.02774
0.01042
0.00840
0.00779
0.02702
0.02220
0.02217
0.02220
0.02220
0.02430
0.03125
0.03125
0.03160
0.03125
0.03815
0.03856
0.04696
0.03874
0.01715
0.01885
0.01095
0.00968
0.03242
0.03576
0.03576
0.03566
0.03423
0.02812
0.03318
0.03356
0.02095
0.01732
0.01732
0.01632
0.01487
0.01196
0.02077
0.00710
0.00572
0.00572
0.01514
0.00842
0.00782
0.00776
0.00871
0.00943
0.01151
0.01151
0.01415
0.01415
0.00941
0.03304
0.03749
0.01728
0.01731
0.01492
0.00554
0.02221
0.02115
0.02511
0.02693
0.03077
0.03149
0.03109
0.04404
0.05042
0.05051
0.04341
0.03693
0.03580
0.00952
0.01971
0.02392
0.02171
0.02481
0.00543
0.00543
0.00747
0.01345
0.01345
0.01380
0.00013
0.00000
0.00000
0.00049
0.00000
0.00629
0.00629
0.03365
0.03365
0.03915
0.03915
0.03897
0.03921
0.03764
0.04279
0.05378
0.05151
0.03301
0.03347
0.04921
0.04223
0.02775
0.02775
0.04575
0.03953
0.03953
0.05101
0.05101
0.03261
0.05673
0.05596
0.05596
0.03649
0.03597
0.04204
0.04454
0.05442
0.05442
0.04100
0.04842
0.04486
0.03945
0.03909
0.04478
0.02042
0.01492
0.01492
0.01342
0.01305
0.00000
0.00000
0.00000
0.00000
0.00000
0.00000
0.00202
0.00000
0.00017
0.00595
0.00595
0.00529
0.00000
0.00000
0.00000
0.00000
0.00115
0.00002
0.00000
0.00005
0.00000
0.01412
0.00299
0.00752
0.00756
0.00751
0.00670
0.00657
0.00341
0.00000
0.02335
0.01420
0.02119
0.02119
0.00000
0.00000
0.00713
0.00274
0.00905
0.00898
0.00937
0.00984
0.01552
0.04180
0.00000
0.00000
0.00000
0.00343
0.00315
0.01621
0.00190
0.00129
0.00472
0.00000
0.00000
0.00088
0.00000
0.00265
0.00421
0.01713
0.00376
0.00376
0.00000
0.00244
0.01561
0.01561
0.01561
0.01561
0.00930
0.03281
0.04060
0.02995
0.02796
0.02843
0.04772
0.04535
0.04505
0.04535
0.04535
0.04535
0.06841
0.06820
0.08373
0.09743
0.11445
0.11332
0.11238
0.11476
0.11476
0.11472
0.11762
0.12056
0.12056
0.10884
0.10285
0.09787
0.06780
0.05176
0.05236
0.03616
0.03991
0.03947
0.03391
0.02223
0.02162
0.02309
0.01755
0.01755
0.00003
0.00032
0.00083
0.00000
0.00395
0.00000
0.00812
0.00000
0.01563
0.01125
0.02515
0.02498
0.02498
0.04764
0.04634
0.07338
0.07936
0.07936
0.08660
0.07927
0.09488
0.08104
0.06157
0.06086
0.05744
0.05787
0.06234
0.04352
0.03397
0.03530
0.02949
0.03848
0.02205
0.05933
0.08619
0.08699
0.08462
0.08087
0.07419
0.10851
0.10356
0.08985
0.08985
0.08063
0.08063
0.08063
0.07944
0.08560
0.08560
0.08560
0.08559
0.08700
0.08721
0.06632
0.06035
0.04658
0.04654
0.04483
0.05655
0.05648
0.05705
0.05723
0.05055
0.05055
0.07649
0.07649
0.08617
0.08617
0.04925
0.04319
0.03541
0.03541
0.03554
0.02966
0.01780
0.02032
0.01780
0.01762
0.03327
0.03364
0.02099
0.01802
0.02500
0.01411
0.00007
0.00000
0.00000
0.02648
0.02688
0.03693
0.02785
0.02947
0.03663
0.05146
0.06736
0.06496
0.08973
0.09653
0.09281
0.09308
0.09303
0.10233
0.10877
0.11310
0.11405
0.12365
0.13359
0.13654
0.13347
0.13484
0.13280
0.13294
0.13294
0.11668
0.11094
0.11094
0.11094
0.11094
0.11059
0.09567
0.09567
0.09567
0.07384
0.07386
0.07384
0.06108
0.06108
0.06108
0.05582
0.06108
0.06108
0.06119
0.08152
0.08594
0.10434
0.11423
0.12405
0.15128
0.13598
0.13572
0.13559
0.12615
0.12658
0.13273
0.13273
0.13956
0.13956
0.15067
0.15065
0.15434
0.15432
0.13408
0.13408
0.12214
0.12683
0.12375
0.12180
0.13755
0.14971
0.14402
0.12026
0.12142
0.12618
0.12142
0.11910
0.09662
0.07920
0.08438
0.08435
0.09917
0.09590
0.07885
0.08032
0.07704
0.08431
0.08600
0.09153
0.09153
0.09172
0.09153
0.09153
0.09941
0.09938
0.10480
0.11414
0.11414
0.10566
0.09760
0.09764
0.10531
0.11564
0.14394
0.13837
0.12912
0.13393
0.12862
0.12837
0.12912
0.12912
0.14331
0.14331
0.13836
0.13881
0.13846
0.14466
0.15470
0.15478
0.15470
0.19091
0.17830
0.20305
0.20310
0.18315
0.18360
0.18360
0.17994
0.17588
0.17588
0.18034
0.15492
0.15499
0.15509
0.14344
0.14344
0.14358
0.14344
0.14298
0.12827
0.12857
0.13094
0.12891
0.12891
0.12891
0.12908
0.12670
0.12118
0.12905
0.12612
0.12612
0.12592
0.12900
0.12900
0.12900
0.12912
0.12839
0.14861
0.15470
0.15470
0.15009
0.16255
0.16147
0.15976
0.15976
0.13349
0.13354
0.13863
0.13863
0.13146
0.13146
0.13918
0.13025
0.13380
0.13373
0.13379
0.13624
0.13651
0.14224
0.14223
0.13539
0.14384
0.14400
0.14404
0.14987
0.14987
0.14282
0.14568
0.13932
0.12908
0.11659
0.11941
0.11989
0.12295
0.10877
0.11411
0.11439
0.10704
0.11824
0.11558
0.10940
0.11099
0.04408
0.03423
0.05611
0.05455
0.05504
0.05452
0.05496
0.04531
0.05114
0.04534
0.05709
0.04263
0.04291
0.06083
0.05846
0.05827
0.05387
0.05855
0.06112
0.06282
0.06163
0.07026
0.07032
0.07032
0.07032
0.07489
0.08193
0.09519
0.09357
0.09303
0.09357
0.09236
0.07044
0.07991
0.08324
0.08202
0.08202
0.08080
0.08069
0.09268
0.06263
0.05542
0.05542
0.05566
0.02996
0.03781
0.04454
0.05522
0.05522
0.05845
0.05845
0.06576
0.10103
0.12118
0.11941
0.12927
0.13853
0.12928
0.12928
0.10441
0.10444
0.10350
0.10414
0.08543
0.08543
0.08986
0.07696
0.07828
0.07879
0.07872
0.08609
0.06486
0.06486
0.06419
0.07268
0.07268
0.07718
0.08177
0.09857
0.09857
0.09231
0.10489
0.10443
0.10390
0.11941
0.12719
0.11287
0.11271
0.11760
0.11760
0.11760
0.11764
0.11829
0.11760
0.11760
0.12646
0.13211
0.14060
0.13142
0.13066
0.13100
0.13896
0.13896
0.12726
0.12726
0.12726
0.13615
0.14102
0.13236
0.13065
0.13091
0.13162
0.13162
0.13186
0.13162
0.09988
0.09988
0.10505
0.10476
0.10476
0.10236
0.11650
0.12047
0.12138
0.12138
0.12770
0.12725
0.12785
0.12725
0.12788
0.12021
0.10394
0.10475
0.08804
0.08817
0.06178
0.06145
0.07172
0.08322
0.08412
0.09446
0.09425
0.08918
0.07911
0.05788
0.04339
0.04339
0.04339
0.05039
0.05016
0.05050
0.04634
0.04310
0.03736
0.01599
0.01717
0.01717
0.02553
0.02182
0.02182
0.02182
0.02182
0.02244
0.02000
0.02000
0.01535
0.02173
0.02066
0.02191
0.01274
0.01072
0.01082
0.01082
0.00566
0.00182
0.00189
0.00000
0.00000
0.00000
0.00731
0.00278
0.00000
0.00651
0.02983
0.02614
0.01161
0.01159
0.02142
0.02387
0.02393
0.02529
0.03442
0.03442
0.03442
0.02479
0.02479
0.02514
0.02565
0.02523
0.01634
0.01464
0.01458
0.01205
0.00427
0.02844
0.01738
0.00007
0.00772
0.00764
0.02264
0.01918
0.02857
0.02709
0.04235
0.04565
0.04397
0.05915
0.05050
0.05050
0.06448
0.06575
0.06575
0.08114
0.07948
0.08743
0.09903
0.09147
0.09147
0.08850
0.08841
0.08999
0.08841
0.09688
0.08878
0.08142
0.08486
0.08512
0.10476
0.10476
0.10476
0.10205
0.10205
0.09269
0.08134
0.08134
0.08026
0.08023
0.08026
0.06104
0.05016
0.04977
0.03348
0.03343
0.01885
0.00880
0.00000
0.00000
0.01339
0.01368
0.01086
0.01487
0.01065
0.00000
0.00002
0.00005
0.00000
0.01035
0.02370
0.02364
0.02396
0.06069
0.06870
0.06631
0.06757
0.06477
0.09030
0.07873
0.06402
0.06411
0.05978
0.06808
0.05915
0.04510
0.05339
0.05339
0.04172
0.04172
0.04172
0.04584
0.03271
0.03387
0.03412
0.02405
0.02434
0.02331
0.03523
0.03259
0.04463
0.04463
0.04476
0.04491
0.04476
0.04476
0.05147
0.04809
0.04030
0.04809
0.04809
0.04354
0.04025
0.04025
0.04029
0.04025
0.04053
0.04541
0.04570
0.04570
0.04797
0.05614
0.05097
0.05098
0.04487
0.04487
0.03938
0.04711
0.04711
0.04711
0.04476
0.05215
0.05104
0.05931
0.05931
0.03795
0.02496
0.02556
0.02432
0.02432
0.01120
0.01119
0.00003
0.00063
0.01300
0.01112
0.01625
0.01615
0.01848
0.01848
0.03259
0.03798
0.05532
0.05176
0.05177
0.07656
0.07656
0.07651
0.07656
0.07624
0.08561
0.07888
0.07881
0.07881
0.08532
0.07294
0.07572
0.05259
0.04525
0.04008
0.04008
0.03953
0.05556
0.05314
0.05875
0.06195
0.05422
0.02699
0.01143
0.00000
0.00000
0.01146
0.01157
0.01788
0.01792
0.02042
0.02050
0.00138
0.00000
0.00049
0.00000
0.00158
0.00154
0.03022
0.02818
0.02699
0.02818
0.02818
0.03324
0.02944
0.02699
0.02962
0.02959
0.03542
0.03313
0.05110
0.05104
0.04358
0.04293
0.04286
0.04286
0.04286
0.03873
0.03113
0.03150
0.02561
0.02217
0.02217
0.02169
0.02219
0.02339
0.03619
0.03346
0.03142
0.02762
0.03027
0.02847
0.03729
0.04416
0.04417
0.04417
0.03566
0.05917
0.04518
0.04895
0.05032
0.04846
0.02960
0.03469
0.02278
0.01822
0.01248
0.01393
0.01393
0.01364
0.02087
0.01724
0.00000
0.00616
0.00000
0.00000
0.00237
0.01719
0.01719
0.01360
0.00933
0.00017
0.00017
0.00017
0.00015
0.00000
0.00000
0.00132
0.00132
0.00132
0.01601
0.01443
0.01443
0.01404
0.00443
0.02451
0.02451
0.00000
0.00000
0.00000
0.01427
0.01166
0.02506
0.02171
0.02688
0.02688
0.02665
0.01980
0.02461
0.01798
0.02081
0.01665
0.00878
0.01010
0.00878
0.00878
0.01316
0.01402
0.01875
0.00000
0.00000
0.00000
0.00000
0.00007
0.00003
0.00184
0.00354
0.00308
0.00307
0.00000
0.00000
0.00000
0.00083
0.00000
0.00000
0.00000
0.00000
0.04084
0.04548
0.03658
0.03136
0.02260
0.02759
0.02759
0.01791
0.04573
0.04573
0.04154
0.04155
0.04138
0.02723
0.04632
0.05693
0.05531
0.05531
0.05531
0.05531
0.05572
0.05038
0.05038
0.05038
0.06369
0.07817
0.07819
0.08445
0.08642
0.09493
0.09386
0.09110
0.09163
0.09160
0.08648
0.09813
0.08997
0.08833
0.08213
0.08320
0.08305
0.09339
0.09339
0.09339
0.08711
0.08461
0.08886
0.09012
0.08886
0.07058
0.07812
0.05452
0.04766
0.04368
0.03166
0.02013
0.02013
0.02422
0.02422
0.02135
0.02422
0.01624
0.02263
0.02302
0.02302
0.02302
0.03202
0.03202
0.05079
0.05758
0.06674
0.06195
0.06195
0.06357
0.06011
0.05683
0.06020
0.06019
0.06037
0.03367
0.03367
0.03367
0.03367
0.01743
0.01663
0.01022
0.00023
0.00000
0.00000
0.00000
0.00226
0.00520
0.00499
0.00485
0.01242
0.01735
0.01748
0.01748
0.01744
0.01748
0.00555
0.01994
0.02878
0.03030
0.00880
0.03552
0.04256
0.04256
0.04256
0.04256
0.04256
0.04846
0.04913
0.10526
0.11502
0.11580
0.11986
0.12482
0.12011
0.14562
0.14562
0.14782
0.14959
0.13687
0.12804
0.13683
0.13039
0.13998
0.14529
0.14675
0.12006
0.12371
0.12769
0.13890
0.14539
0.14527
0.12903
0.12650
0.12702
0.12702
0.11246
0.10515
0.10095
0.10095
0.09224
0.08681
0.08678
0.09772
0.10960
0.11431
0.08817
0.08807
0.08814
0.08853
0.07986
0.08469
0.08464
0.07447
0.07444
0.07271
0.07077
0.07077
0.07071
0.07083
0.07038
0.07038
0.07286
0.07020
0.07029
0.06637
0.05978
0.05433
0.05356
0.04895
0.03667
0.04689
0.04704
0.02948
0.03035
0.02948
0.03654
0.03863
0.03666
0.03648
0.03360
0.03688
0.03877
0.06153
0.04471
0.05018
0.05086
0.05009
0.05521
0.04924
0.05149
0.05149
0.05156
0.04622
0.04622
0.02980
0.02876
0.04074
0.04170
0.04305
0.05176
0.05403
0.04646
0.03047
0.02640
0.02590
0.03601
0.03254
0.04409
0.04444
0.04122
0.04125
0.02910
0.02939
0.02939
0.04673
0.04218
0.04980
0.03302
0.04683
0.04910
0.07153
0.07083
0.07080
0.05894
0.05894
0.06321
0.04146
0.03959
0.03844
0.03789
0.03001
0.01821
0.01429
0.00380
0.00209
0.00000
0.00000
0.00014
0.00019
0.00283
0.00283
0.00000
0.00000
0.00000
0.01347
0.00967
0.00969
0.00974
0.00095
0.00000
0.00000
0.00981
0.00981
0.00981
0.01512
0.02435
0.00670
0.00000
0.00000
0.00000
0.00000
0.00002
0.00020
0.00002
0.00823
0.01875
0.01875
0.01875
0.01771
0.01875
0.02617
0.02617
0.01648
0.02082
0.02686
0.02679
0.02679
0.03074
0.02158
0.00000
0.00000
0.01448
0.00860
0.00860
0.00859
0.00331
0.00973
0.01085
0.01424
0.01424
0.01290
0.01012
0.01584
0.00958
0.00000
0.00000
0.00000
0.00000
0.01480
0.01507
0.01480
0.02199
0.01792
0.01323
0.01699
0.01389
0.01191
0.00000
0.01518
0.01545
0.01376
0.01330
0.01330
0.05462
0.05462
0.05461
0.06501
0.06585
0.06585
0.07404
0.07404
0.05474
0.05476
0.05397
0.05403
0.03145
0.03145
0.04053
0.04100
0.05030
0.07012
0.06965
0.08694
0.08572
0.07531
0.04746
0.05202
0.05765
0.05966
0.05765
0.03453
0.02271
0.00002
0.01653
0.00348
0.00700
0.00577
0.00574
0.00289
0.00290
0.00287
0.00294
0.01052
0.00268
0.00268
0.00000
0.01225
0.00797
0.00158
0.00862
0.00000
0.00000
0.00000
0.00073
0.00159
0.00182
0.01679
0.01626
0.03133
0.02419
0.02062
0.02382
0.00723
0.00723
0.00847
0.00037
0.00000
0.00000
0.01626
0.01439
0.01439
0.01439
0.01439
0.01453
0.01439
0.01439
0.01592
0.01665
0.01843
0.01715
0.00733
0.00180
0.01928
0.02273
0.01516
0.01516
0.00646
0.00646
0.03085
0.03921
0.04613
0.04742
0.04742
0.04742
0.04742
0.04230
0.04884
0.07783
0.06582
0.08020
0.04644
0.04331
0.02958
0.02958
0.03947
0.03921
0.06542
0.07579
0.07534
0.07479
0.07426
0.07426
0.07433
0.07220
0.04737
0.04718
0.05533
0.05533
0.05722
0.05754
0.05749
0.02653
0.02704
0.01146
0.00000
0.00022
0.00105
0.01372
0.00000
0.00000
0.00218
0.00597
0.00597
0.01524
0.00000
0.00229
0.00091
0.00000
0.00127
0.00000
0.00000
0.00000
0.00786
0.00794
0.01221
0.01701
0.01925
0.02440
0.02440
0.03880
0.03883
0.03421
0.03823
0.03421
0.03393
0.03421
0.03691
0.02382
0.01992
0.02027
0.04544
0.04451
0.04566
0.04197
0.05385
0.05383
0.05888
0.06505
0.08683
0.08683
0.13505
0.13536
0.15025
0.14859
0.14911
0.15824
0.16199
0.16199
0.16164
0.15185
0.14699
0.12310
0.12335
0.12310
0.11855
0.11855
0.11855
0.11025
0.11022
0.11679
0.12364
0.12467
0.12859
0.12873
0.13742
0.13742
0.12117
0.12918
0.12117
0.12531
0.12264
0.12255
0.11951
0.13086
0.13794
0.13123
0.13123
0.13123
0.13426
0.12267
0.12003
0.11684
0.12060
0.12633
0.12633
0.12633
0.14547
0.14547
0.14547
0.14513
0.14454
0.14454
0.12519
0.13017
0.12736
0.12736
0.12987
0.13011
0.12987
0.12987
0.12194
0.11831
0.12871
0.11455
0.11455
0.11137
0.10418
0.11864
0.10876
0.13612
0.12506
0.12490
0.10978
0.10383
0.10341
0.10433
0.10928
0.10672
0.10690
0.10690
0.09079
0.09079
0.09079
0.09078
0.09079
0.08199
0.09825
0.08713
0.06856
0.08014
0.08106
0.08415
0.08387
0.08344
0.07008
0.06985
0.04998
0.05728
0.05905
0.05509
0.05596
0.06228
0.07154
0.07156
0.07156
0.07156
0.08794
0.06862
0.06759
0.06111
0.06111
0.05062
0.05062
0.05052
0.06405
0.06152
0.04808
0.05587
0.05587
0.05587
0.04054
0.02215
0.02175
0.02359
0.01499
0.00810
0.01693
0.01830
0.01249
0.05147
0.05788
0.06640
0.04864
0.04633
0.05950
0.05118
0.05105
0.03517
0.01836
0.04568
0.04910
0.06117
0.05687
0.05504
0.05990
0.05515
0.05459
0.03423
0.05702
0.05702
0.05865
0.06552
0.06552
0.05131
0.05131
0.02930
0.02886
0.03178
0.03333
0.03983
0.03333
0.03333
0.03333
0.02796
0.03458
0.02301
0.01757
0.01495
0.02980
0.02982
0.02980
0.02005
0.03737
0.03737
0.02734
0.02782
0.02180
0.02181
0.02181
0.02952
0.01313
0.00041
0.00052
0.00000
0.00853
0.02916
0.03679
0.04195
0.05956
0.05956
0.06074
0.06291
0.07830
0.07040
0.05336
0.05336
0.05336
0.04774
0.04559
0.03581
0.03248
0.02724
0.00000
0.00539
0.00000
0.00000
0.00000
0.00000
0.00000
0.00000
0.00000
0.01273
0.01273
0.01273
0.01265
0.01102
0.01102
0.02392
0.02342
0.02848
0.01596
0.01552
0.01552
0.01986
0.00827
0.02258
0.01635
0.03344
0.04475
0.03185
0.01019
0.02308
0.02311
0.01048
0.01419
0.01080
0.01111
0.00484
0.01374
0.00294
0.00576
0.01720
0.01718
0.02222
0.00927
0.01724
0.01724
0.01728
0.01744
0.02185
0.01760
0.01343
0.05273
0.05325
0.04276
0.03331
0.03331
0.02499
0.01838
0.02029
0.02045
0.01340
0.01330
0.00044
0.00913
0.00913
0.00913
0.00913
0.00921
0.01847
0.00537
0.01420
0.01389
0.01264
0.00901
0.00897
0.00721
0.00721
0.01299
0.01299
0.00934
0.00251
0.00375
0.00000
0.00000
0.00447
0.01199
0.00902
0.01116
0.01116
0.01065
0.00727
0.00605
0.00287
0.00287
0.00517
0.00304
0.00225
0.00000
0.00000
0.00000
0.00000
0.00000
0.00000
0.00000
0.00000
0.00082
0.00008
0.00000
0.01154
0.01115
0.00016
0.01067
0.01079
0.02235
0.02664
0.02975
0.01971
0.01970
0.01597
0.03433
0.03320
0.04434
0.04434
0.04599
0.06153
0.05906
0.05635
0.03791
0.03788
0.03791
0.03791
0.03602
0.03602
0.03942
0.04168
0.03021
0.02017
0.02018
0.01401
0.01595
0.00282
0.00000
0.00001
0.00000
0.00808
0.00765
0.00920
0.00882
0.00765
0.00765
0.00520
0.01237
0.01237
0.01131
0.01131
0.01131
0.00810
0.00810
0.01481
0.02221
0.01508
0.01565
0.01598
0.02052
0.02177
0.02738
0.03525
0.00853
0.00817
0.00441
0.00903
0.02385
0.02385
0.03073
0.03330
0.03330
0.00931
0.00836
0.01337
0.01456
0.01456
0.01456
0.01787
0.02135
0.03574
0.03574
0.03574
0.01835
0.01835
0.01688
0.04611
0.04954
0.06313
0.05685
0.05695
0.05695
0.07264
0.07264
0.07258
0.07219
0.07219
0.07268
0.08547
0.07916
0.06951
0.06582
0.06269
0.05619
0.06060
0.06229
0.06200
0.08726
0.07716
0.07722
0.07235
0.06984
0.09636
0.09636
0.09636
0.09636
0.09636
0.09795
0.09788
0.09795
0.09243
0.09434
0.09229
0.08702
0.08704
0.07450
0.08007
0.08163
0.08168
0.08169
0.08201
0.09052
0.09052
0.09052
0.07614
0.06830
0.06908
0.06908
0.07223
0.06863
0.05463
0.05456
0.05456
0.05456
0.03003
0.03003
0.01616
0.01489
0.01489
0.01489
0.01573
0.01293
0.02525
0.02525
0.02525
0.02520
0.03654
0.03183
0.03183
0.03208
0.03404
0.03692
0.03269
0.03269
0.06112
0.03519
0.04118
0.03261
0.02885
0.01937
0.03415
0.03490
0.03315
0.03281
0.03281
0.02336
0.02513
0.02590
0.02590
0.03445
0.03526
0.02909
0.02928
0.03041
0.05385
0.04435
0.04435
0.03988
0.03986
0.03986
0.03957
0.04233
0.04296
0.05836
0.05016
0.08604
0.08762
0.08758
0.08961
0.09328
0.09410
0.09438
0.09438
0.10896
0.10896
0.14213
0.15314
0.15503
0.15789
0.15890
0.15890
0.16697
0.17030
0.17030
0.16825
0.16585
0.16585
0.19220
0.18878
0.18915
0.18831
0.18057
0.18938
0.18773
0.18672
0.18654
0.18719
0.18654
0.18449
0.18080
0.18176
0.18078
0.18318
0.16346
0.15859
0.16101
0.15567
0.16182
0.16892
0.16475
0.16475
0.16048
0.15956
0.16289
0.15273
0.13687
0.13721
0.13687
0.13578
0.15959
0.11478
0.10035
0.09228
0.10377
0.10376
0.10403
0.10377
0.12166
0.11571
0.09995
0.10121
0.08998
0.09191
0.10349
0.11639
0.11616
0.11097
0.11553
0.12035
0.07809
0.08043
0.08043
0.06150
0.06856
0.06137
0.05853
0.05920
0.05920
0.05920
0.05546
0.05513
0.05513
0.05410
0.06986
0.07315
0.07315
0.07732
0.07915
0.08774
0.09227
0.09823
0.06912
0.06912
0.06910
0.06912
0.08325
0.08312
0.08313
0.08226
0.08226
0.08226
0.08209
0.08254
0.09105
0.07505
0.07974
0.07974
0.07974
0.08037
0.07974
0.07974
0.09517
0.08576
0.09142
0.10506
0.11123
0.11233
0.12061
0.13299
0.12261
0.11587
0.11501
0.11566
0.11770
0.12519
0.12392
0.12231
0.12232
0.12634
0.13475
0.13481
0.13580
0.13473
0.11789
0.12115
0.12928
0.13340
0.12130
0.13591
0.12407
0.12266
0.13651
0.13651
0.13656
0.09827
0.11334
0.11377
0.11334
0.11167
0.12034
0.10588
0.09680
0.09368
0.08145
0.08297
0.07489
0.07529
0.07635
0.07214
0.07842
0.06971
0.06971
0.05784
0.05760
0.04187
0.04240
0.04257
0.05378
0.06804
0.06423
0.08352
0.08336
0.08844
0.07896
0.07832
0.07422
0.07968
0.08100
0.07392
0.08086
0.08045
0.06532
0.06581
0.08412
0.10228
0.11095
0.09692
0.08440
0.11206
0.11156
0.11161
0.11161
0.09849
0.08873
0.08873
0.08873
0.08375
0.07575
0.07654
0.07640
0.07654
0.07654
0.07654
0.07653
0.06585
0.06485
0.05891
0.05280
0.03713
0.03189
0.00399
0.00000
0.00000
0.00000
0.01286
0.02053
0.00562
0.00562
0.00234
0.00476
0.00473
0.00476
0.00456
0.00476
0.00576
0.00576
0.00000
0.00000
0.03133
0.02640
0.02137
0.02642
0.02323
0.05307
0.05363
0.04189
0.05520
0.04955
0.04282
0.04113
0.04473
0.03653
0.03082
0.02237
0.02230
0.02230
0.03016
0.02026
0.02157
0.02157
0.02157
0.02810
0.05063
0.05062
0.05063
0.05063
0.05063
0.05730
0.05531
0.04772
0.04797
0.04798
0.03770
0.02638
0.03100
0.03401
0.02836
0.05121
0.04787
0.04417
0.05318
0.06718
0.06614
0.06625
0.05666
0.03511
0.03511
0.03509
0.03511
0.03511
0.03511
0.03521
0.02523
0.02551
0.02551
0.00950
0.00958
0.00173
0.00079
0.01059
0.01095
0.01093
0.01095
0.01144
0.02175
0.02181
0.02395
0.00102
0.00058
0.00041
0.00000
0.00000
0.00050
0.00000
0.02939
0.03506
0.03501
0.02946
0.03229
0.03213
0.04332
0.04351
0.05636
0.05975
0.05975
0.05977
0.05330
0.04568
0.04582
0.04568
0.02781
0.02781
0.04158
0.04158
0.05568
0.05112
0.05112
0.05218
0.05227
0.06032
0.04400
0.02591
0.01938
0.02677
0.01064
0.01064
0.01821
0.02913
0.02282
0.02282
0.03101
0.03138
0.03143
0.02780
0.02755
0.02767
0.02767
0.02967
0.03986
0.04898
0.03546
0.03266
0.03268
0.03266
0.03266
0.03266
0.03276
0.01257
0.00158
0.00000
0.00018
0.00787
0.00787
0.00002
0.00146
0.00000
0.00007
0.00000
0.01206
0.01160
0.00110
0.00682
0.01489
0.01298
0.01297
0.00000
0.02155
0.02505
0.01368
0.01357
0.00000
0.02067
0.00671
0.00192
0.00645
0.00645
0.00673
0.01952
0.06659
0.06447
0.06276
0.05762
0.05606
0.05357
0.06273
0.06786
0.06856
0.06616
0.06170
0.06165
0.07605
0.06943
0.07884
0.07677
0.07677
0.07677
0.07498
0.08639
0.08719
0.08562
0.08481
0.08481
0.08478
0.09158
0.06584
0.06584
0.05951
0.06228
0.07298
0.07227
0.07968
0.07846
0.07846
0.07828
0.09038
0.07686
0.07515
0.07192
0.08229
0.08690
0.08898
0.08898
0.09482
0.07677
0.07207
0.06781
0.06220
0.06224
0.06378
0.02450
0.01596
0.03950
0.03950
0.03950
0.03950
0.03955
0.01698
0.01151
0.03729
0.05163
0.04015
0.04016
0.03947
0.04024
0.03563
0.04342
0.03432
0.03887
0.03162
0.03169
0.03168
0.03058
0.01895
0.01895
0.00710
0.00710
0.02761
0.02272
0.02145
0.02182
0.02182
0.02182
0.03349
0.03349
0.03349
0.03512
0.04707
0.03589
0.04563
0.04563
0.04563
0.05103
0.05173
0.05173
0.05173
0.05173
0.05683
0.05748
0.05472
0.04863
0.04048
0.01952
0.02151
0.01920
0.01920
0.03777
0.03895
0.04309
0.05557
0.07157
0.07157
0.07378
0.07518
0.07378
0.07459
0.04618
0.04877
0.03352
0.03172
0.03162
0.02434
0.04394
0.04021
0.02502
0.02254
0.02999
0.04281
0.05162
0.04796
0.04669
0.04090
0.01649
0.01590
0.02805
0.00000
0.00138
0.01869
0.00033
0.00026
0.00603
0.01005
0.01070
0.00000
0.00000
0.00000
0.00000
0.00000
0.00000
0.00292
0.00281
0.00281
0.00281
0.02118
0.04336
0.04717
0.06461
0.07570
0.09248
0.09252
0.09249
0.08996
0.08996
0.09136
0.10106
0.08919
0.09959
0.08710
0.08889
0.09181
0.08257
0.05386
0.05127
0.03670
0.04381
0.03228
0.03392
0.03914
0.03909
0.01328
0.01405
0.01315
0.00979
0.00368
0.02018
0.02018
0.02018
0.01327
0.01258
0.01212
0.01738
0.01854
0.01613
0.02621
0.02468
0.02468
0.02468
0.02503
0.03012
0.03012
0.02190
0.01846
0.02190
0.02190
0.00561
0.01915
0.00000
0.01570
0.00333
0.00333
0.00034
0.00900
0.00075
0.00351
0.03034
0.03041
0.03027
0.02818
0.02977
0.03034
0.00460
0.00790
0.00000
0.00177
0.00164
0.01596
0.00000
0.00000
0.00001
0.00022
0.00659
0.00064
0.00463
0.00000
0.00000
0.02313
0.02159
0.03193
0.03193
0.01092
0.00993
0.00625
0.01115
0.01115
0.03141
0.03522
0.02950
0.03883
0.03674
0.03674
0.01734
0.01734
0.02569
0.02569
0.00000
0.00031
0.00060
0.00416
0.00444
0.00433
0.00417
0.00416
0.00000
0.00000
0.00387
0.00360
0.01478
0.02224
0.00201
0.00201
0.02335
0.02343
0.03162
0.02314
0.02314
0.00798
0.01718
0.04222
0.04473
0.04473
0.03517
0.03798
0.02615
0.02849
0.02849
0.04333
0.04359
0.04481
0.07229
0.06829
0.06753
0.06134
0.06096
0.06081
0.06134
0.06134
0.06152
0.05865
0.06484
0.06463
0.06463
0.09783
0.10436
0.10452
0.10297
0.09312
0.08674
0.08669
0.08675
0.08659
0.08021
0.08708
0.08708
0.09993
0.09397
0.10256
0.11438
0.09993
0.10998
0.10998
0.10164
0.09442
0.09005
0.08347
0.07995
0.06586
0.06709
0.06699
0.05089
0.06637
0.06144
0.06988
0.06988
0.07001
0.06988
0.07089
0.06028
0.02932
0.04026
0.03832
0.03644
0.02262
0.02244
0.02426
0.02426
0.02426
0.03107
0.03851
0.03862
0.05034
0.05021
0.06597
0.06593
0.06588
0.06518
0.07454
0.07593
0.07473
0.08260
0.08219
0.08219
0.01890
0.00899
0.00783
0.00215
0.00006
0.00000
0.01147
0.01099
0.01073
0.00101
0.00000
0.00000
0.00000
0.00025
0.00525
0.00000
0.02508
0.03969
0.04651
0.06156
0.06783
0.07646
0.07646
0.07646
0.07646
0.08021
0.08218
0.07448
0.07341
0.07341
0.07310
0.11605
0.13032
0.12499
0.12426
0.12559
0.12559
0.12252
0.13388
0.13116
0.11647
0.07955
0.06674
0.07520
0.06295
0.06295
0.06477
0.06362
0.05548
0.05565
0.05565
0.05565
0.05109
0.03769
0.03831
0.02913
0.00513
0.01861
0.01857
0.02789
0.03299
0.01879
0.00000
0.00000
0.00000
0.00500
0.00522
0.00512
0.00915
0.01098
0.01098
0.01512
0.00000
0.00000
0.01185
0.01177
0.01185
0.01136
0.01198
0.01185
0.01180
0.00558
0.00000
0.00321
0.00696
0.01556
0.02003
0.01700
0.01959
0.01360
0.00381
0.00000
0.00000
0.00000
0.00000
0.00689
0.00000
0.01379
0.01379
0.00004
0.01628
0.00000
0.00000
0.00000
0.00000
0.01468
0.01407
0.00246
0.00000
0.00000
0.00022
0.00000
0.02600
0.02600
0.00978
0.01497
0.01512
0.01512
0.01515
0.03653
0.03653
0.03024
0.02709
0.01934
0.01847
0.00343
0.00343
0.00310
0.00150
0.00108
0.00832
0.00957
0.00957
0.01178
0.01190
0.01192
0.01192
0.02797
0.03345
0.03345
0.03345
0.03345
0.03659
0.03927
0.04379
0.04379
0.06489
0.06501
0.06325
0.07168
0.07186
0.07167
0.09599
0.09599
0.10402
0.10761
0.10639
0.12893
0.12090
0.12090
0.13857
0.16170
0.15247
0.15121
0.12290
0.11728
0.10146
0.09499
0.08653
0.08997
0.08904
0.08891
0.08964
0.09283
0.10252
0.08239
0.07646
0.09364
0.09364
0.09387
0.06343
0.06330
0.06703
0.07829
0.08049
0.06595
0.07067
0.06400
0.05755
0.08201
0.05572
0.03702
0.03164
0.03164
0.02393
0.02393
0.02482
0.01517
0.02838
0.02838
0.04417
0.04404
0.04404
0.04838
0.06024
0.06285
0.07903
0.07136
0.08029
0.05880
0.05928
0.04943
0.04937
0.05112
0.06665
0.06665
0.04986
0.03809
0.03857
0.05383
0.02770
0.02798
0.03811
0.03811
0.03501
0.04615
0.06838
0.06695
0.05967
0.05946
0.05967
0.05967
0.05990
0.07489
0.07400
0.05322
0.05322
0.05815
0.01693
0.01237
0.01237
0.02360
0.03208
0.03107
0.03557
0.03468
0.03380
0.05199
0.04031
0.05347
0.05326
0.05492
0.06273
0.05083
0.05083
0.07216
0.05221
0.05814
0.05799
0.05818
0.05958
0.05710
0.06341
0.06341
0.06566
0.02082
0.01892
0.02533
0.02534
0.02704
0.04402
0.04402
0.03069
0.04151
0.04399
0.05823
0.07358
0.08463
0.08463
0.08480
0.08448
0.08448
0.07407
0.06015
0.06006
0.06120
0.06516
0.07076
0.07076
0.06965
0.07076
0.07076
0.06516
0.05767
0.07180
0.07400
0.08773
0.07780
0.07834
0.08018
0.08418
0.06695
0.05643
0.05643
0.04369
0.02417
0.01074
0.00805
0.01478
0.00756
0.00061
0.00373
0.01284
0.01644
0.01377
0.02042
0.00465
0.00519
0.00519
0.00000
0.00007
0.00000
0.01860
0.01720
0.01720
0.01101
0.01101
0.01102
0.01973
0.01526
0.00000
0.00000
0.00000
0.00000
0.00471
0.00410
0.01218
0.00000
0.00854
0.03333
0.01806
0.01476
0.00420
0.00493
0.00073
0.01055
0.01911
0.01096
0.02628
0.02621
0.02621
0.02604
0.01764
0.05182
0.04136
0.04136
0.05265
0.04182
0.04182
0.06058
0.06058
0.06214
0.06214
0.00484
0.03024
0.02256
0.02305
0.00121
0.00901
0.00136
0.00133
0.00134
0.00136
0.00000
0.00000
0.00354
0.00672
0.00672
0.00542
0.00991
0.00996
0.01286
0.01300
0.00000
0.00198
0.01224
0.02034
0.02057
0.02158
0.02158
0.01974
0.02064
0.01216
0.00700
0.00000
0.01074
0.00456
0.00000
0.01363
0.00638
0.00768
0.00774
0.01729
0.02409
0.01159
0.00554
0.00757
0.00188
0.01237
0.01237
0.01237
0.00712
0.00705
0.00712
0.00358
0.00363
0.00511
0.01009
0.00845
0.00837
0.01119
0.00583
0.00529
0.00583
0.02398
0.01109
0.01198
0.01460
0.02543
0.02432
0.04863
0.04899
0.05655
0.06041
0.06044
0.04926
0.04926
0.05850
0.05813
0.07510
0.06327
0.05810
0.04806
0.05147
0.05145
0.05145
0.05427
0.01514
0.00000
0.00972
0.00972
0.00972
0.00972
0.00591
0.01654
0.01944
0.02575
0.00743
0.00000
0.00816
0.00148
0.00148
0.00000
0.00000
0.00000
0.00000
0.00000
0.00000
0.00000
0.00000
0.00000
0.00000
0.01936
0.01936
0.02250
0.02194
0.02061
0.01401
0.01763
0.01763
0.01756
0.01763
0.01010
0.02197
0.02197
0.02694
0.03902
0.02648
0.02643
0.02332
0.02521
0.05029
0.05007
0.05262
0.05082
0.05923
0.04777
0.03617
0.03271
0.02895
0.04051
0.04051
0.03375
0.03928
0.05476
0.04794
0.04741
0.04657
0.03335
0.04820
0.05636
0.05616
0.06837
0.06837
0.06837
0.09822
0.06585
0.05606
0.06465
0.07398
0.07398
0.05921
0.05058
0.04191
0.04696
0.05957
0.06024
0.04758
0.05837
0.05879
0.05884
0.06284
0.06445
0.06452
0.03831
0.04603
0.04594
0.03873
0.03430
0.02395
0.02395
0.01795
0.01589
0.01589
0.01641
0.01589
0.01589
0.00530
0.01681
0.00049
0.00014
0.00880
0.00880
0.00994
0.00000
0.00088
0.00000
0.01549
0.01444
0.00000
0.00305
0.00517
0.02243
0.03635
0.03685
0.03885
0.02272
0.02885
0.02972
0.02063
0.03572
0.02816
0.01925
0.03116
0.03180
0.03677
0.04794
0.04093
0.03617
0.03218
0.03091
0.03091
0.03091
0.03091
0.03091
0.05068
0.05557
0.05756
0.05630
0.05635
0.05619
0.06934
0.06920
0.06066
0.05412
0.04513
0.04519
0.05177
0.05074
0.05074
0.04708
0.03218
0.02348
0.02348
0.01915
0.02593
0.02503
0.04051
0.06706
0.07168
0.06765
0.06961
0.06765
0.07521
0.06600
0.07494
0.09383
0.09383
0.09740
0.11290
0.08799
0.07584
0.08114
0.08579
0.05376
0.05394
0.06850
0.06167
0.06155
0.06155
0.06171
0.05526
0.04093
0.04070
0.04825
0.04825
0.04825
0.04851
0.05365
0.04312
0.05013
0.04960
0.05227
0.07013
0.06829
0.05801
0.05537
0.05751
0.05938
0.03199
0.03199
0.02523
0.02471
0.02705
0.03506
0.04057
0.04807
0.03587
0.03587
0.02526
0.02368
0.00138
0.00053
0.00008
0.00000
0.00736
0.00925
0.00662
0.00925
0.00445
0.00445
0.00090
0.00000
0.01490
0.02771
0.03503
0.04213
0.03617
0.03660
0.03270
0.03250
0.03256
0.06337
0.05732
0.05285
0.05480
0.04739
0.04739
0.04483
0.05102
0.05102
0.06205
0.06200
0.04743
0.04743
0.02512
0.02512
0.02512
0.02512
0.02378
0.04300
0.04278
0.04278
0.02937
0.02945
0.04466
0.04476
0.04476
0.04476
0.04476
0.04476
0.03157
0.03739
0.03738
0.04919
0.03098
0.05000
0.04990
0.06171
0.03651
0.04814
0.04814
0.04590
0.04694
0.04538
0.03809
0.05031
0.05031
0.05034
0.00408
0.00867
0.00426
0.00564
0.00564
0.00537
0.00183
0.00211
0.00186
0.00000
0.00000
0.01414
0.00542
0.00525
0.00000
0.00464
0.01174
0.01108
0.00000
0.00000
0.00000
0.00000
0.00000
0.00853
0.00853
0.00848
0.00853
0.00911
0.01579
0.00040
0.00000
0.00000
0.00000
0.00549
0.00000
0.00000
0.01968
0.01525
0.00510
0.00555
0.00931
0.00914
0.00942
0.00942
0.00016
0.00000
0.00000
0.00000
0.00035
0.00000
0.00000
0.00000
0.00000
0.00000
0.00000
0.00257
0.00674
0.00674
0.00674
0.00000
0.00000
0.00000
0.00000
0.00000
0.00000
0.00000
0.00000
0.00000
0.00000
0.00000
0.00638
0.00000
0.00002
0.00000
0.00000
0.00446
0.02149
0.02070
0.02070
0.02070
0.02070
0.02244
0.00971
0.00838
0.00730
0.00012
0.00000
0.00000
0.01761
0.03590
0.03357
0.03357
0.01605
0.01605
0.03283
0.03429
0.03427
0.03429
0.03429
0.03419
0.04226
0.04227
0.04226
0.02945
0.02148
0.02158
0.02148
0.02325
0.01330
0.01258
0.01330
0.01330
0.01330
0.00000
0.00712
0.00595
0.00703
0.00000
0.00074
0.00073
0.00254
0.00851
0.00694
0.00726
0.00726
0.02161
0.02161
0.02810
0.02810
0.02366
0.02364
0.00993
0.00989
0.00328
0.01069
0.00993
0.00000
0.00000
0.00697
0.00447
0.00802
0.00802
0.00631
0.00000
0.00996
0.01798
0.01764
0.00410
0.00410
0.01509
0.00731
0.00649
0.00562
0.00562
0.00149
0.00150
0.00150
0.00850
0.00000
0.00123
0.00000
0.00000
0.00012
0.00012
0.00000
0.00000
0.00000
0.01487
0.01487
0.01590
0.01590
0.01590
0.01613
0.00248
0.00000
0.00000
0.00000
0.00000
0.00000
0.02283
0.02283
0.02283
0.02541
0.03292
0.02429
0.02429
0.02830
0.02715
0.02692
0.02287
0.02328
0.03292
0.02868
0.00509
0.00509
0.00509
0.00509
0.00509
0.00049
0.00049
0.00000
0.00009
0.02390
0.02061
0.02006
0.01486
0.01486
0.01486
0.01396
0.01486
0.02624
0.02630
0.00926
0.00926
0.00000
0.00992
0.01362
0.01613
0.01640
0.02605
0.02683
0.02679
0.04118
0.03800
0.03484
0.03971
0.04271
0.03603
0.02608
0.03008
0.04512
0.04428
0.04512
0.04512
0.04052
0.04959
0.04956
0.04956
0.05064
0.05060
0.05064
0.05064
0.03443
0.02549
0.02643
0.03375
0.03385
0.03892
0.04790
0.05642
0.02494
0.02494
0.02467
0.02494
0.02494
0.01579
0.01585
0.01585
0.01585
0.01585
0.00000
0.01019
0.01024
0.02489
0.02459
0.03704
0.02089
0.01487
0.01811
0.00349
0.00000
0.00663
0.00657
0.00599
0.00000
0.00190
0.00566
0.00554
0.00607
0.00308
0.01418
0.00843
0.02723
0.03482
0.03064
0.03064
0.04327
0.03648
0.03387
0.03387
0.03150
0.03894
0.05326
0.04937
0.06576
0.06632
0.06680
0.07253
0.06578
0.06138
0.06078
0.06211
0.06273
0.06273
0.05625
0.04041
0.03675
0.03972
0.03976
0.02842
0.04002
0.04002
0.04127
0.04391
0.04665
0.04896
0.05939
0.07513
0.08051
0.07935
0.07842
0.04638
0.04918
0.04918
0.04918
0.04918
0.06228
0.06258
0.06313
0.09321
0.09551
0.07619
0.08436
0.08698
0.09123
0.10073
0.09218
0.10881
0.11682
0.11264
0.11528
0.11528
0.12422
0.12422
0.13240
0.13081
0.13249
0.12469
0.13596
0.13634
0.11886
0.11886
0.11886
0.11886
0.13269
0.13714
0.13626
0.13137
0.14608
0.17552
0.16436
0.15562
0.15562
0.15313
0.14662
0.13416
0.13466
0.13466
0.13466
0.13873
0.15173
0.15154
0.14534
0.13219
0.13052
0.13052
0.12964
0.12697
0.13535
0.13536
0.12398
0.12376
0.12376
0.13147
0.12548
0.12548
0.12472
0.11447
0.12092
0.12196
0.12095
0.12095
0.10963
0.11005
0.13154
0.13306
0.11693
0.10805
0.12806
0.12790
0.11812
0.12843
0.13478
0.12650
0.11396
0.11396
0.10995
0.10356
0.10345
0.10347
0.10347
0.10347
0.07442
0.06999
0.06991
0.06535
0.04849
0.04849
0.05054
0.05054
0.05693
0.04634
0.06164
0.06180
0.06739
0.05396
0.06191
0.06191
0.06250
0.06250
0.03970
0.02888
0.02888
0.01371
0.02149
0.02444
0.02444
0.03739
0.03245
0.03739
0.02603
0.04262
0.02299
0.02370
0.02861
0.01847
0.01847
0.01847
0.01114
0.00717
0.01629
0.01629
0.00799
0.02406
0.02463
0.01048
0.01970
0.03094
0.03175
0.04503
0.04503
0.02509
0.03440
0.03440
0.02018
0.02847
0.03144
0.02875
0.02462
0.03961
0.04416
0.04589
0.04621
0.03493
0.02746
0.04962
0.05345
0.06159
0.06159
0.06857
0.07700
0.07914
0.07914
0.07870
0.07764
0.07822
0.07822
0.06022
0.03382
0.01761
0.01582
0.00000
0.00000
0.00000
0.00000
0.00000
0.00000
0.00370
0.00277
0.00096
0.00843
0.00000
0.00000
0.00351
0.01007
0.00864
0.00691
0.00812
0.00563
0.00576
0.03146
0.02744
0.01755
0.01857
0.01900
0.03083
0.03087
0.02812
0.02624
0.05365
0.05369
0.06552
0.06900
0.06902
0.06734
0.06714
0.06025
0.06025
0.07084
0.05769
0.06062
0.05775
0.03791
0.03802
0.03809
0.05255
0.05483
0.05227
0.04937
0.04985
0.05192
0.05339
0.05058
0.04850
0.06037
0.07654
0.08558
0.07253
0.07663
0.07042
0.09669
0.10097
0.10068
0.11579
0.10642
0.09900
0.07975
0.07954
0.11417
0.11375
0.11769
0.11769
0.11769
0.11897
0.11114
0.09721
0.09721
0.10492
0.10603
0.11088
0.10943
0.11020
0.11020
0.11020
0.11717
0.13751
0.14626
0.14626
0.14626
0.14420
0.13880
0.13421
0.14010
0.13976
0.14562
0.14795
0.14490
0.14443
0.15595
0.13737
0.13734
0.14076
0.12967
0.13332
0.13328
0.13343
0.11645
0.11645
0.11433
0.12548
0.07627
0.07328
0.08873
0.07649
0.08029
0.08029
0.08166
0.08166
0.08923
0.08220
0.08297
0.07788
0.07358
0.09349
0.04697
0.05331
0.04958
0.04430
0.04256
0.04254
0.02871
0.02878
0.02880
0.04848
0.04232
0.04698
0.02631
0.04898
0.08115
0.07021
0.08724
0.08324
0.09585
0.10071
0.10071
0.10071
0.10071
0.10071
0.10058
0.11508
0.09612
0.09884
0.10401
0.08840
0.11367
0.11359
0.11365
0.11368
0.08831
0.08831
0.08537
0.06278
0.06186
0.05122
0.05122
0.04644
0.04403
0.03920
0.04430
0.03157
0.02908
0.03850
0.02516
0.02528
0.04616
0.04397
0.03646
0.01824
0.03252
0.03838
0.04603
0.04148
0.04154
0.04724
0.04850
0.05121
0.05240
0.06138
0.06019
0.05906
0.05392
0.06020
0.06020
0.06439
0.04990
0.07215
0.03614
0.00763
0.01233
0.00000
0.00000
0.01029
0.01237
0.01625
0.01138
0.01824
0.02240
0.02423
0.00767
0.00767
0.00767
0.00000
0.00000
0.00000
0.00000
0.00000
0.00000
0.01795
0.02868
0.00985
0.01166
0.01170
0.00459
0.00436
0.02606
0.02579
0.00167
0.00106
0.00106
0.00082
0.00000
0.00580
0.00618
0.01117
0.01117
0.00920
0.01117
0.01884
0.00951
0.01215
0.01215
0.01215
0.01871
0.01871
0.00803
0.00778
0.00593
0.00588
0.00591
0.00595
0.00073
0.00449
0.00540
0.02393
0.00006
0.00000
0.00000
0.00025
0.00805
0.00805
0.02153
0.03321
0.05824
0.05668
0.04932
0.04932
0.04932
0.04932
0.04906
0.04906
0.04924
0.06391
0.05344
0.05344
0.05730
0.05903
0.04275
0.03432
0.02804
0.00000
0.00036
0.01014
0.01353
0.00929
0.01361
0.01403
0.03958
0.03958
0.03958
0.04188
0.04283
0.04283
0.04283
0.02851
0.02883
0.02883
0.01498
0.01498
0.00999
0.00376
0.00502
0.00000
0.00055
0.01778
0.02417
0.02417
0.02417
0.00999
0.01044
0.01058
0.01069
0.02615
0.02748
0.03812
0.05024
0.05024
0.06485
0.06693
0.06774
0.06772
0.06923
0.06769
0.06769
0.06769
0.06769
0.08091
0.08091
0.10130
0.11427
0.12573
0.10582
0.10578
0.12645
0.11210
0.11351
0.06721
0.06515
0.06186
0.06679
0.07328
0.06041
0.06041
0.04481
0.03152
0.03152
0.03152
0.03544
0.02037
0.03079
0.03405
0.03144
0.04046
0.02591
0.04169
0.05674
0.05451
0.05482
0.04255
0.03838
0.04865
0.04865
0.06391
0.06391
0.04937
0.04431
0.06332
0.06211
0.06332
0.07561
0.07411
0.07396
0.06745
0.08688
0.05702
0.05807
0.06079
0.07646
0.07839
0.07839
0.07839
0.08199
0.07885
0.06305
0.06305
0.06075
0.05977
0.05963
0.06497
0.03749
0.03840
0.05952
0.07031
0.09061
0.10193
0.10051
0.09113
0.09587
0.11234
0.11128
0.10154
0.10154
0.11367
0.11366
0.10282
0.11999
0.12773
0.13074
0.13087
0.13503
0.12292
0.12385
0.12862
0.10616
0.10616
0.10613
0.09364
0.09788
0.08269
0.07927
0.07546
0.06068
0.06478
0.05934
0.05796
0.06260
0.06919
0.06915
0.06915
0.06915
0.06889
0.06915
0.06915
0.06915
0.07002
0.08630
0.08415
0.08415
0.08415
0.08066
0.07507
0.07509
0.06811
0.09474
0.09474
0.08588
0.08588
0.08537
0.10872
0.10702
0.12316
0.13004
0.13004
0.10458
0.08968
0.10122
0.11000
0.11000
0.11369
0.11642
0.12953
0.12889
0.11717
0.11038
0.11118
0.11036
0.10136
0.10137
0.10082
0.10082
0.08539
0.08534
0.07577
0.04751
0.01842
0.02211
0.02416
0.04236
0.04235
0.04236
0.04236
0.04699
0.06008
0.07091
0.08228
0.11012
0.11007
0.11127
0.11127
0.11406
0.11406
0.10741
0.07882
0.08627
0.10488
0.11780
0.10311
0.09754
0.08817
0.10459
0.10501
0.11071
0.11071
0.12188
0.12890
0.12904
0.12890
0.12891
0.11369
0.11901
0.12488
0.12488
0.12482
0.14525
0.15227
0.14825
0.14864
0.15972
0.15986
0.13991
0.13071
0.11580
0.11103
0.11103
0.12511
0.13077
0.11197
0.11375
0.11458
0.11298
0.11364
0.11470
0.11039
0.12669
0.11819
0.14417
0.13740
0.14249
0.14249
0.15152
0.15194
0.16858
0.16789
0.16858
0.16869
0.15091
0.15097
0.15091
0.14841
0.14841
0.14342
0.14394
0.14368
0.15468
0.15468
0.14981
0.15425
0.14529
0.13539
0.13539
0.14541
0.13079
0.13825
0.16298
0.18677
0.18708
0.20013
0.20013
0.20102
0.18248
0.18703
0.18703
0.18703
0.17605
0.18250
0.18250
0.17524
0.17140
0.16586
0.16646
0.16586
0.16504
0.17661
0.17555
0.19513
0.19513
0.17818
0.17818
0.18296
0.17712
0.19367
0.19367
0.19813
0.19813
0.19813
0.19693
0.18607
0.18100
0.17294
0.18094
0.18113
0.18075
0.17245
0.16930
0.15754
0.15754
0.15862
0.17393
0.18267
0.17010
0.16433
0.16939
0.17274
0.16986
0.17831
0.17831
0.18194
0.20485
0.20485
0.19324
0.18694
0.17398
0.17279
0.17381
0.16132
0.16099
0.15998
0.15679
0.16912
0.16587
0.16623
0.16587
0.14758
0.13484
0.12185
0.12074
0.12198
0.13637
0.13643
0.13637
0.13637
0.12817
0.12381
0.11779
0.11393
0.11471
0.11471
0.11471
0.11452
0.11452
0.13487
0.13487
0.13487
0.13487
0.13487
0.13473
0.14003
0.14016
0.14016
0.14303
0.14423
0.15017
0.15585
0.15490
0.15490
0.15011
0.15011
0.15014
0.15115
0.15010
0.15449
0.15305
0.15282
0.15293
0.14932
0.14519
0.14022
0.14023
0.14020
0.14100
0.14097
0.15971
0.17646
0.18987
0.20056
0.18444
0.18949
0.18951
0.16495
0.16495
0.15833
0.13387
0.15222
0.15329
0.15215
0.15363
0.14798
0.15569
0.14440
0.14601
0.14577
0.14577
0.14626
0.14420
0.14577
0.14787
0.14914
0.13623
0.11356
0.10474
0.11722
0.13284
0.13268
0.13284
0.13317
0.13284
0.13284
0.13242
0.11295
0.09436
0.07251
0.08354
0.08354
0.08354
0.06222
0.06652
0.06746
0.07139
0.07070
0.08804
0.09100
0.08392
0.08392
0.08170
0.08381
0.06828
0.06520
0.06568
0.06568
0.06857
0.06857
0.07158
0.07052
0.07038
0.06998
0.07040
0.07138
0.07138
0.07104
0.07110
0.07104
0.06004
0.05680
0.05938
0.05730
0.06472
0.05260
0.05260
0.06023
0.06023
0.05460
0.06852
0.06285
0.04384
0.05291
0.05067
0.04771
0.04602
0.03290
0.03835
0.03849
0.03424
0.03176
0.02679
0.02677
0.03688
0.04068
0.03504
0.03449
0.03143
0.04067
0.04067
0.04891
0.04621
0.04269
0.03931
0.03943
0.06615
0.06615
0.06626
0.08109
0.07654
0.08109
0.06522
0.06828
0.06826
0.06828
0.07200
0.07811
0.07790
0.07868
0.07885
0.07973
0.04630
0.04666
0.05022
0.04518
0.03865
0.03865
0.03864
0.02176
0.01140
0.00400
0.00000
0.00000
0.00000
0.00434
0.00000
0.01974
0.01741
0.01741
0.01623
0.00852
0.00828
0.00733
0.00064
0.00056
0.00000
0.00000
0.01864
0.03676
0.02304
0.02304
0.03847
0.03475
0.03576
0.03599
0.04928
0.04247
0.04256
0.03298
0.07514
0.07514
0.07662
0.06968
0.07120
0.08153
0.07852
0.07668
0.07671
0.07829
0.07810
0.06974
0.07047
0.08721
0.03655
0.02574
0.03199
0.03228
0.01415
0.01412
0.00769
0.00000
0.00000
0.00000
0.00000
0.01362
0.01714
0.01430
0.01433
0.00140
0.00525
0.00533
0.02393
0.02299
0.01887
0.02422
0.02422
0.02216
0.02422
0.01487
0.01437
0.01440
0.01440
0.01440
0.01442
0.01440
0.02048
0.02048
0.04465
0.03636
0.03460
0.04319
0.04319
0.06526
0.06526
0.06526
0.06505
0.06526
0.05831
0.03601
0.03644
0.03644
0.03644
0.03644
0.02864
0.02856
0.03468
0.05044
0.03721
0.03322
0.04009
0.04009
0.04037
0.03434
0.02771
0.02771
0.01597
0.04106
0.04077
0.03180
0.03139
0.02964
0.03330
0.03197
0.03681
0.04443
0.04701
0.06168
0.03783
0.04755
0.04755
0.06760
0.07228
0.07568
0.09064
0.08252
0.08419
0.08419
0.08132
0.07943
0.06191
0.06159
0.07181
0.07203
0.07181
0.05971
0.05859
0.05858
0.04215
0.04697
0.06535
0.06794
0.06023
0.05923
0.06038
0.06582
0.06582
0.06582
0.06751
0.07300
0.08508
0.06843
0.06949
0.06765
0.05923
0.05974
0.05880
0.06213
0.05880
0.05937
0.07675
0.07481
0.07481
0.07481
0.08529
0.08576
0.09177
0.09237
0.08716
0.09924
0.08294
0.10703
0.10764
0.10885
0.10525
0.10525
0.10180
0.10607
0.12546
0.12624
0.12505
0.11704
0.11697
0.12792
0.12748
0.12078
0.09001
0.07814
0.09681
0.09684
0.12020
0.12273
0.11935
0.13759
0.13005
0.13927
0.14147
0.14396
0.14404
0.14404
0.13443
0.13425
0.13067
0.13445
0.12526
0.08680
0.09018
0.09360
0.09359
0.09276
0.09276
0.09365
0.08995
0.08973
0.08976
0.08976
0.08521
0.05761
0.06060
0.06470
0.07679
0.07034
0.08032
0.08078
0.08935
0.05823
0.05823
0.06910
0.06865
0.06956
0.06466
0.06493
0.04952
0.04952
0.04013
0.03591
0.04156
0.03686
0.03826
0.06250
0.06252
0.06269
0.06277
0.06273
0.06252
0.04406
0.04406
0.04075
0.04406
0.05930
0.06350
0.07497
0.07497
0.07478
0.05720
0.06165
0.05143
0.04963
0.05800
0.05806
0.04155
0.04889
0.04717
0.06376
0.06557
0.06547
0.06576
0.06547
0.04028
0.04872
0.06078
0.06078
0.05271
0.05426
0.03545
0.03545
0.03912
0.03134
0.03179
0.05289
0.03924
0.04039
0.04177
0.03944
0.02412
0.02240
0.01349
0.00646
0.00641
0.01422
0.01422
0.01422
0.01422
0.02173
0.01473
0.02254
0.02254
0.02254
0.03717
0.03512
0.03147
0.03052
0.01638
0.01675
0.02778
0.02778
0.02778
0.02885
0.01814
0.01854
0.01854
0.01775
0.01745
0.01459
0.01832
0.00825
0.00208
0.00455
0.00499
0.00172
0.00355
0.00000
0.00335
0.00464
0.00436
0.00035
0.00000
0.00000
0.01306
0.01306
0.01306
0.01306
0.01252
0.01252
0.02551
0.00185
0.01602
0.01038
0.01178
0.01292
0.03389
0.04513
0.04482
0.07829
0.09022
0.08758
0.08731
0.08755
0.07640
0.07640
0.07640
0.05050
0.05094
0.05039
0.05831
0.05831
0.06612
0.07299
0.07346
0.07183
0.05489
0.05254
0.03544
0.03573
0.03708
0.04496
0.04496
0.04717
0.04616
0.04717
0.02542
0.05765
0.06942
0.06942
0.08901
0.09054
0.08905
0.08891
0.08912
0.08284
0.10134
0.10408
0.10007
0.10007
0.09865
0.09835
0.10038
0.12257
0.12728
0.13075
0.13072
0.13075
0.11943
0.11943
0.11931
0.12919
0.12922
0.13465
0.13018
0.11959
0.11959
0.12567
0.12932
0.11981
0.12793
0.12790
0.12770
0.12790
0.09846
0.09846
0.10184
0.10252
0.10252
0.10252
0.11281
0.11199
0.12121
0.12287
0.12243
0.12310
0.12243
0.12243
0.10946
0.09298
0.09918
0.08317
0.08775
0.07675
0.07352
0.07631
0.07534
0.09274
0.11919
0.09942
0.10044
0.10041
0.10077
0.09010
0.11074
0.06368
0.07900
0.06747
0.06695
0.06695
0.07561
0.06860
0.06860
0.07637
0.07637
0.07044
0.07055
0.06334
0.05310
0.05310
0.04703
0.05273
0.06797
0.07937
0.08532
0.09726
0.09733
0.10895
0.10399
0.11293
0.10436
0.09757
0.09757
0.09521
0.10866
0.10803
0.10349
0.10338
0.10410
0.10330
0.10903
0.11618
0.12636
0.12559
0.13951
0.13951
0.13965
0.14725
0.14229
0.17349
0.16933
0.16945
0.16901
0.17484
0.16945
0.15989
0.15978
0.16254
0.16250
0.16363
0.17584
0.17545
0.15707
0.15163
0.15163
0.15342
0.14745
0.14677
0.14687
0.14680
0.15210
0.15355
0.15431
0.16489
0.16451
0.15526
0.17381
0.18447
0.18437
0.18873
0.18873
0.19405
0.18257
0.18060
0.18060
0.18243
0.18309
0.18252
0.20188
0.20516
0.20520
0.19672
0.19680
0.19656
0.20726
0.19383
0.18966
0.17224
0.16995
0.18596
0.19103
0.19741
0.18097
0.18097
0.17727
0.17801
0.17801
0.17549
0.18724
0.17592
0.19283
0.19469
0.19463
0.19993
0.18416
0.19069
0.19056
0.17757
0.17983
0.17975
0.18073
0.17887
0.17940
0.17887
0.16622
0.17382
0.16613
0.17838
0.18264
0.16406
0.16303
0.16900
0.16900
0.18154
0.18154
0.18154
0.18115
0.17923
0.15649
0.15678
0.17508
0.16969
0.15769
0.15512
0.15627
0.15145
0.15057
0.15039
0.15216
0.15226
0.14057
0.14039
0.15764
0.15950
0.16877
0.16882
0.16882
0.17210
0.17387
0.17397
0.14451
0.14345
0.16444
0.16442
0.16705
0.17474
0.15040
0.13738
0.15433
0.15350
0.15350
0.15350
0.14083
0.14970
0.12412
0.12412
0.12412
0.10897
0.09797
0.10423
0.11215
0.10698
0.10347
0.10892
0.10817
0.10664
0.10290
0.13564
0.10628
0.09185
0.06761
0.07762
0.07829
0.07519
0.08505
0.09508
0.08429
0.09694
0.09030
0.07815
0.07335
0.05397
0.05907
0.07594
0.08112
0.07605
0.06954
0.06886
0.06891
0.05638
0.05638
0.06573
0.07322
0.06664
0.06664
0.06834
0.06742
0.04519
0.05062
0.05062
0.05062
0.03437
0.03460
0.03923
0.03315
0.03509
0.02578
0.02286
0.02286
0.03346
0.02664
0.03036
0.02538
0.01977
0.01977
0.02095
0.02097
0.02319
0.01988
0.01988
0.02230
0.02621
0.02621
0.06079
0.06049
0.05063
0.06635
0.06641
0.06635
0.06635
0.06635
0.07867
0.06270
0.06275
0.06270
0.06270
0.04026
0.04026
0.04025
0.04026
0.04566
0.04566
0.04566
0.04566
0.04566
0.03182
0.05137
0.07586
0.08260
0.08181
0.10731
0.09694
0.08538
0.09010
0.10455
0.08808
0.08808
0.08741
0.07860
0.06247
0.06101
0.04802
0.05597
0.05818
0.05215
0.05957
0.06838
0.06719
0.07575
0.07575
0.07575
0.08311
0.07965
0.07976
0.08532
0.08573
0.08595
0.09357
0.09256
0.07581
0.06152
0.06663
0.05957
0.05963
0.05905
0.06350
0.08646
0.08570
0.07775
0.07764
0.07796
0.07796
0.09053
0.09053
0.09058
0.09053
0.09053
0.09032
0.07249
0.07394
0.07365
0.07603
0.07603
0.07557
0.07651
0.07646
0.07646
0.07646
0.06068
0.06068
0.06074
0.06060
0.06068
0.06068
0.06228
0.04391
0.02734
0.02734
0.04990
0.04000
0.03969
0.03917
0.03563
0.04515
0.04648
0.04960
0.04648
0.04649
0.05403
0.05566
0.03899
0.05252
0.05251
0.05251
0.05397
0.04590
0.05417
0.07055
0.07055
0.07289
0.07187
0.05950
0.08230
0.08243
0.10524
0.10569
0.10252
0.11295
0.11305
0.11101
0.10447
0.10441
0.11726
0.09286
0.10653
0.11198
0.10727
0.10331
0.10703
0.10707
0.10703
0.10639
0.10703
0.10637
0.10775
0.13898
0.13277
0.13277
0.14490
0.14474
0.14484
0.16441
0.16441
0.16441
0.16570
0.15677
0.15670
0.15677
0.15677
0.15014
0.15262
0.13201
0.13201
0.13201
0.13525
0.16846
0.16942
0.17453
0.17453
0.17318
0.17457
0.17443
0.18203
0.18273
0.16929
0.16966
0.16971
0.14865
0.14773
0.15550
0.15332
0.15531
0.15550
0.15455
0.15483
0.15654
0.17142
0.17142
0.17142
0.16093
0.15441
0.15417
0.15617
0.15601
0.15843
0.15843
0.14232
0.12978
0.12942
0.13126
0.13160
0.13160
0.14680
0.14874
0.13811
0.13718
0.13716
0.13716
0.13716
0.12717
0.13651
0.13859
0.13319
0.13360
0.13355
0.12427
0.12434
0.12239
0.12427
0.12228
0.12726
0.12801
0.12801
0.11778
0.12144
0.12187
0.13812
0.10733
0.10462
0.10463
0.10452
0.09620
0.09064
0.10894
0.08967
0.08414
0.08414
0.07975
0.09361
0.09026
0.09972
0.06380
0.06405
0.07981
0.07831
0.06808
0.07287
0.05532
0.08342
0.08455
0.09491
0.09491
0.10559
0.10561
0.10735
0.11648
0.13477
0.14953
0.14953
0.17400
0.17398
0.17479
0.18647
0.19376
0.21837
0.21892
0.22022
0.21833
0.21833
0.21938
0.21476
0.21479
0.20291
0.20409
0.20623
0.21572
0.19702
0.19702
0.17385
0.16559
0.16559
0.17003
0.17003
0.17003
0.16522
0.18439
0.18025
0.17936
0.17298
0.14609
0.14599
0.14609
0.13576
0.14496
0.14190
0.14477
0.14839
0.16047
0.17135
0.17135
0.17003
0.17003
0.18415
0.18449
0.18307
0.17570
0.20129
0.19746
0.16705
0.18186
0.18185
0.18185
0.18546
0.18838
0.20023
0.18780
0.18780
0.19981
0.18948
0.17195
0.17281
0.17952
0.18911
0.18137
0.17893
0.18134
0.17341
0.16603
0.16763
0.16804
0.18044
0.19882
0.19939
0.19743
0.19621
0.18952
0.21845
0.22933
0.21700
0.21695
0.20853
0.23068
0.23068
0.23068
0.22466
0.22589
0.22463
0.20128
0.19643
0.21873
0.21322
0.22157
0.23661
0.24850
0.23963
0.23963
0.22912
0.23509
0.23506
0.23506
0.22484
0.22484
0.22484
0.22046
0.21907
0.21748
0.21804
0.20852
0.20850
0.20038
0.20511
0.20611
0.20343
0.18740
0.17594
0.17710
0.16543
0.16543
0.16543
0.17426
0.19313
0.18879
0.20622
0.20676
0.20657
0.20047
0.20047
0.20047
0.18740
0.18740
0.18782
0.18732
0.19671
0.19671
0.18151
0.18151
0.18772
0.19711
0.19845
0.19847
0.19845
0.20633
0.19708
0.20532
0.20226
0.19717
0.20497
0.20759
0.20142
0.16799
0.15965
0.15272
0.14283
0.14275
0.14276
0.14277
0.14277
0.14277
0.13479
0.12473
0.12930
0.14302
0.12765
0.12096
0.11876
0.11897
0.13632
0.13657
0.14051
0.14558
0.15688
0.16147
0.18658
0.18994
0.18929
0.15616
0.16549
0.16613
0.16613
0.16611
0.14463
0.13055
0.12188
0.12179
0.11492
0.11617
0.10531
0.10241
0.11680
0.10913
0.10638
0.10592
0.08813
0.08803
0.08813
0.07868
0.07868
0.08525
0.08500
0.09889
0.09889
0.09889
0.09905
0.08621
0.10008
0.10006
0.09438
0.09133
0.09063
0.08217
0.08356
0.07770
0.07863
0.07812
0.07812
0.07856
0.07812
0.08206
0.08639
0.08022
0.08725
0.08725
0.11084
0.11151
0.11993
0.10268
0.10228
0.10569
0.09859
0.10156
0.10179
0.10472
0.11432
0.13073
0.13073
0.13894
0.13724
0.14178
0.13843
0.13909
0.13909
0.13883
0.11532
0.11274
0.11135
0.11128
0.07019
0.07655
0.07899
0.08767
0.08726
0.05969
0.05556
0.04896
0.04896
0.06299
0.06299
0.06877
0.07192
0.07183
0.07183
0.09598
0.09590
0.09587
0.09590
0.09606
0.09590
0.09875
0.10179
0.10183
0.11000
0.10752
0.11368
0.11376
0.12536
0.10809
0.10823
0.09785
0.09785
0.08077
0.07584
0.07397
0.07494
0.06890
0.06641
0.06636
0.05998
0.06401
0.06401
0.06372
0.06401
0.09271
0.08312
0.07728
0.07626
0.07496
0.05582
0.05441
0.05441
0.05441
0.05441
0.04704
0.04704
0.05091
0.05091
0.05091
0.04657
0.04657
0.04657
0.04657
0.04565
0.04557
0.01796
0.03179
0.04098
0.04386
0.04557
0.03284
0.03284
0.03733
0.03733
0.01152
0.01152
0.00894
0.01338
0.03154
0.03236
0.03236
0.03238
0.02594
0.02594
0.02623
0.01619
0.02466
0.02922
0.02664
0.02347
0.02451
0.02906
0.03628
0.02321
0.02305
0.02303
0.00000
0.00158
0.00158
0.00123
0.00158
0.02274
0.02307
0.02307
0.02351
0.03840
0.04091
0.05113
0.04516
0.03621
0.03621
0.04575
0.06505
0.08565
0.08047
0.06537
0.09621
0.08863
0.09072
0.09072
0.08368
0.11078
0.11078
0.10666
0.09407
0.09200
0.11011
0.10848
0.10852
0.11327
0.06060
0.06341
0.06805
0.06341
0.05887
0.05891
0.06740
0.06299
0.06313
0.07440
0.07472
0.06527
0.06526
0.06526
0.06355
0.06338
0.05619
0.06089
0.04584
0.04521
0.04569
0.04569
0.04569
0.04495
0.04627
0.05208
0.04445
0.04445
0.03999
0.05574
0.05574
0.04948
0.06110
0.04375
0.03382
0.03384
0.03384
0.03284
0.00041
0.00000
0.00000
0.01485
0.01452
0.01344
0.01209
0.00600
0.00720
0.00717
0.00724
0.00000
0.00188
0.00000
0.00000
0.00000
0.00006
0.00000
0.00000
0.00000
0.01273
0.01831
0.01831
0.01925
0.01927
0.02102
0.00955
0.00286
0.00000
0.00033
0.00117
0.00162
0.01870
0.01309
0.01309
0.01332
0.01643
0.02816
0.02091
0.02091
0.02036
0.01984
0.02540
0.03713
0.03713
0.04179
0.05905
0.06083
0.06251
0.06364
0.06249
0.06274
0.06250
0.06250
0.07410
0.09262
0.08709
0.11861
0.09558
0.09486
0.09904
0.09512
0.08223
0.08223
0.08223
0.08761
0.07928
0.07384
0.07369
0.04989
0.06616
0.04506
0.04487
0.03994
0.04865
0.04484
0.06087
0.06087
0.06540
0.07533
0.07515
0.09896
0.10525
0.12462
0.12462
0.12462
0.12910
0.13398
0.13237
0.12626
0.12341
0.13070
0.13162
0.13162
0.13162
0.15821
0.16237
0.16229
0.16238
0.17320
0.17964
0.18112
0.18611
0.17612
0.17612
0.16587
0.15542
0.16139
0.16160
0.15819
0.15298
0.15288
0.13858
0.13689
0.13689
0.11114
0.10856
0.10595
0.09204
0.07489
0.06903
0.07409
0.07420
0.07080
0.07738
0.07080
0.05953
0.06998
0.07645
0.07630
0.07467
0.06733
0.06747
0.06747
0.07571
0.06974
0.06878
0.08099
0.07680
0.07211
0.07222
0.07434
0.07728
0.08285
0.07374
0.06043
0.04931
0.04931
0.04931
0.03899
0.04959
0.02417
0.00388
0.01960
0.00000
0.00000
0.00000
0.00000
0.01197
0.01197
0.00872
0.02511
0.01517
0.01107
0.01114
0.01111
0.00834
0.00000
0.00369
0.00000
0.00000
0.00165
0.00000
0.00000
0.00000
0.00009
0.03290
0.02752
0.02621
0.01629
0.00669
0.00000
0.00000
0.01127
0.01959
0.02019
0.02903
0.03308
0.03652
0.05191
0.05599
0.04025
0.04005
0.03815
0.03815
0.02524
0.00437
0.02507
0.02507
0.02507
0.02507
0.02744
0.02843
0.02741
0.02813
0.02805
0.02945
0.02813
0.04359
0.04358
0.06159
0.05680
0.06042
0.06042
0.04952
0.02123
0.02123
0.02123
0.02127
0.02117
0.02123
0.02305
0.03386
0.02171
0.03624
0.05472
0.06530
0.06530
0.07632
0.07294
0.09471
0.09478
0.08931
0.10077
0.07401
0.07526
0.07401
0.06531
0.06531
0.06479
0.06065
0.06084
0.06065
0.08767
0.08799
0.09066
0.06802
0.06802
0.07138
0.06779
0.05442
0.08013
0.05468
0.05468
0.05106
0.05262
0.05209
0.06535
0.06648
0.06698
0.06992
0.05770
0.05770
0.05557
0.05558
0.05558
0.06861
0.07985
0.07985
0.07361
0.06847
0.07788
0.07496
0.05915
0.05584
0.04696
0.04695
0.04123
0.05347
0.05347
0.06843
0.06843
0.05519
0.02649
0.02649
0.01961
0.01584
0.01061
0.01584
0.02566
0.03374
0.03374
0.03104
0.03104
0.03112
0.01664
0.00975
0.01493
0.01493
0.01703
0.05486
0.04813
0.05145
0.05037
0.05960
0.04530
0.04862
0.04862
0.05787
0.06027
0.06027
0.06027
0.06027
0.06753
0.06587
0.06002
0.05829
0.06507
0.06398
0.06319
0.06562
0.06398
0.06156
0.07371
0.06641
0.06640
0.07223
0.08637
0.08599
0.08599
0.07392
0.05208
0.05291
0.06435
0.05965
0.05965
0.06337
0.08624
0.08019
0.07643
0.07661
0.09195
0.10777
0.12658
0.12658
0.12186
0.12186
0.11284
0.11284
0.11213
0.11127
0.11129
0.10819
0.11740
0.11714
0.12021
0.10758
0.11989
0.11989
0.11816
0.11159
0.10923
0.09747
0.09750
0.09241
0.09144
0.07408
0.07841
0.09314
0.08578
0.08584
0.08599
0.08130
0.08130
0.08130
0.08130
0.09083
0.08241
0.09531
0.09547
0.08301
0.08609
0.07258
0.07049
0.05525
0.06229
0.06698
0.05385
0.04801
0.05653
0.05020
0.04313
0.04423
0.03285
0.01364
0.00792
0.00000
0.00000
0.00016
0.00227
0.00792
0.03484
0.02582
0.02638
0.02582
0.03286
0.03416
0.03447
0.02129
0.02129
0.02146
0.03894
0.01903
0.01921
0.00097
0.00803
0.01428
0.03901
0.03949
0.02416
0.00000
0.00106
0.01845
0.02226
0.02223
0.04013
0.00954
0.00917
0.01599
0.01595
0.02730
0.01823
0.03575
0.03575
0.03575
0.03289
0.02970
0.02970
0.02407
0.01916
0.01933
0.01916
0.02038
0.05664
0.05664
0.05682
0.05651
0.05651
0.05189
0.05651
0.05431
0.05463
0.05426
0.05342
0.06388
0.06388
0.05910
0.05750
0.07356
0.07015
0.07011
0.08206
0.07847
0.07847
0.07847
0.07844
0.08835
0.09296
0.09296
0.09296
0.09296
0.09338
0.09609
0.06794
0.06794
0.06812
0.06679
0.06812
0.06819
0.07662
0.07662
0.07662
0.06948
0.07818
0.07826
0.07849
0.08575
0.06086
0.07053
0.05670
0.05787
0.06987
0.06622
0.05575
0.04357
0.04311
0.05037
0.05034
0.04938
0.03052
0.04916
0.02938
0.03343
0.04447
0.04447
0.06086
0.06086
0.05172
0.05172
0.06145
0.07116
0.07120
0.07120
0.07601
0.08092
0.07785
0.07246
0.07223
0.06735
0.09021
0.07711
0.08358
0.08347
0.07329
0.06934
0.06495
0.06781
0.07687
0.07331
0.07345
0.07220
0.07331
0.07571
0.07377
0.06640
0.06686
0.07651
0.07177
0.07177
0.06445
0.07392
0.06500
0.07466
0.06437
0.08783
0.09366
0.09706
0.08624
0.08626
0.07991
0.08563
0.08563
0.06346
0.06355
0.07280
0.07286
0.08319
0.08795
0.09671
0.08642
0.09210
0.08979
0.05719
0.05716
0.06647
0.06132
0.06132
0.03975
0.04581
0.04597
0.07847
0.07842
0.07009
0.07009
0.06805
0.07049
0.07089
0.05050
0.04942
0.04937
0.04841
0.04937
0.05934
0.06241
0.06241
0.05289
0.05207
0.06634
0.06288
0.06438
0.06438
0.05466
0.04127
0.04447
0.03388
0.04568
0.05703
0.05104
0.03065
0.02097
0.02104
0.01249
0.01249
0.01249
0.00000
0.02382
0.02382
0.01122
0.01142
0.01752
0.01752
0.00705
0.00000
0.00000
0.00621
0.01650
0.01350
0.01264
0.01264
0.01928
0.01010
0.01014
0.00000
0.00000
0.00000
0.01106
0.00229
0.00697
0.00702
0.00000
0.00000
0.00165
0.00150
0.00157
0.00653
0.00000
0.00000
0.00654
0.00654
0.00271
0.00271
0.01924
0.01869
0.01886
0.01225
0.00520
0.00903
0.01045
0.01054
0.01074
0.01935
0.01589
0.02761
0.03444
0.03015
0.03034
0.03034
0.03038
0.02235
0.02235
0.02214
0.02970
0.03088
0.03544
0.02211
0.02346
0.02450
0.02405
0.00744
0.01030
0.00894
0.00978
0.02448
0.04428
0.04426
0.04517
0.04835
0.05676
0.05087
0.05089
0.05087
0.03454
0.02428
0.03866
0.03791
0.03828
0.03791
0.04497
0.05835
0.05865
0.05825
0.05835
0.05835
0.05801
0.05825
0.05883
0.06443
0.06391
0.06323
0.06320
0.06000
0.05057
0.05188
0.05821
0.02723
0.02326
0.05503
0.04680
0.05608
0.05608
0.03039
0.03067
0.08481
0.05136
0.06161
0.06795
0.06790
0.07355
0.08585
0.08778
0.12703
0.11929
0.11406
0.11437
0.11431
0.11440
0.11624
0.11590
0.11115
0.09752
0.07598
0.07613
0.07547
0.07963
0.07618
0.07618
0.07618
0.08262
0.08020
0.06546
0.07328
0.04567
0.04076
0.04076
0.04085
0.03484
0.04357
0.07289
0.07345
0.07127
0.07112
0.06642
0.07397
0.07203
0.07259
0.05234
0.04195
0.04195
0.04195
0.03033
0.03682
0.03682
0.03682
0.03682
0.02457
0.01036
0.01036
0.01504
0.01504
0.02046
0.00247
0.00000
0.00116
0.00116
0.02458
0.01874
0.02031
0.02031
0.01505
0.00000
0.00000
0.00758
0.00822
0.02531
0.01847
0.05465
0.03797
0.02631
0.02631
0.02176
0.02143
0.02844
0.02167
0.02206
0.02167
0.02370
0.02167
0.02169
0.00389
0.00615
0.00261
0.00843
0.00850
0.01700
0.00892
0.00897
0.04452
0.04364
0.05306
0.05206
0.05404
0.03897
0.03897
0.05295
0.05295
0.05295
0.04713
0.06807
0.07137
0.07137
0.08389
0.08389
0.07497
0.06772
0.09416
0.10861
0.10699
0.09893
0.09050
0.08048
0.10004
0.10004
0.08162
0.07410
0.07359
0.08929
0.08929
0.08929
0.09496
0.12403
0.12412
0.13748
0.13743
0.15365
0.18237
0.17942
0.18241
0.18524
0.17135
0.17135
0.17135
0.15725
0.15737
0.15944
0.15148
0.12338
0.12094
0.12494
0.14755
0.13751
0.13665
0.13751
0.13427
0.12817
0.12816
0.12816
0.12940
0.12879
0.12816
0.12668
0.12249
0.12661
0.12940
0.14033
0.10870
0.12597
0.12539
0.12760
0.14061
0.14061
0.12405
0.12904
0.12729
0.08969
0.08969
0.09272
0.09988
0.09768
0.10332
0.11503
0.11031
0.11442
0.11728
0.09981
0.08018
0.07504
0.08694
0.09879
0.10306
0.09893
0.09812
0.09812
0.09812
0.09951
0.11623
0.09909
0.10275
0.08451
0.07336
0.07336
0.07348
0.07336
0.07795
0.07090
0.06757
0.04808
0.05762
0.08183
0.06004
0.05068
0.05082
0.04852
0.04958
0.03988
0.03988
0.03093
0.02259
0.02560
0.02663
0.02663
0.02533
0.01830
0.01830
0.01830
0.01606
0.00133
0.00000
0.00000
0.00338
0.00881
0.00884
0.03057
0.02307
0.02574
0.02437
0.03402
0.04466
0.04466
0.04853
0.04851
0.04853
0.05590
0.05590
0.05590
0.03761
0.03823
0.04346
0.04346
0.04344
0.06483
0.06485
0.07050
0.07096
0.07096
0.07096
0.06488
0.04671
0.04517
0.04517
0.04422
0.05546
0.06527
0.06571
0.07109
0.06573
0.06573
0.06360
0.04994
0.04930
0.04541
0.04541
0.04908
0.04871
0.07696
0.07641
0.07691
0.09873
0.09591
0.10146
0.10176
0.10176
0.11890
0.10985
0.10985
0.11232
0.11267
0.10866
0.10152
0.10857
0.10411
0.10547
0.07804
0.07831
0.07854
0.07385
0.07416
0.07430
0.06529
0.06531
0.05602
0.07078
0.07083
0.08690
0.07968
0.08176
0.07660
0.07705
0.07700
0.08116
0.07264
0.07243
0.07249
0.07249
0.05795
0.05437
0.05604
0.06749
0.05418
0.02654
0.00329
0.00002
0.00000
0.00810
0.02256
0.00266
0.00266
0.00266
0.00266
0.00000
0.00061
0.00377
0.00000
0.00000
0.00418
0.00290
