0.02696
0.02834
0.04981
0.02579
0.07483
0.06725
0.03410
0.02342
0.00778
0.01117
0.03523
0.05542
0.04805
0.01769
0.01579
0.03401
0.01912
0.02007
0.00840
0.02125
0.02162
0.01575
0.00004
0.00000
0.01152
0.03422
0.05456
0.08078
0.04909
0.04365
0.03190
0.00617
0.03745
0.02686
0.02518
0.05151
0.05288
0.00700
0.01033
0.00000
0.01410
0.03181
0.04432
0.03548
0.00516
0.02961
0.05507
0.06041
0.03501
0.03584
0.04090
0.01109
0.04045
0.06533
0.06208
0.06364
0.06432
0.04266
0.05917
0.05428
0.03693
0.06220
0.08148
0.05625
0.05259
0.06953
0.09330
0.08778
0.10044
0.08600
0.07904
0.08318
0.09483
0.08171
0.09010
0.11069
0.13390
0.15880
0.13474
0.13685
0.12919
0.11848
0.13873
0.11077
0.13129
0.15785
0.16957
0.14576
0.12783
0.11515
0.09078
0.11023
0.08423
0.12084
0.09432
0.06499
0.07487
0.04059
0.05434
0.03351
0.03289
0.04209
0.00000
0.03038
0.03384
0.03384
0.05535
0.05537
0.04180
0.04408
0.04260
0.05666
0.06022
0.06066
0.05518
0.04714
0.06245
0.06355
0.07064
0.05236
0.07740
0.08503
0.06464
0.04897
0.03325
0.05265
0.07116
0.05777
0.06383
0.05067
0.05476
0.07292
0.06659
0.09287
0.09054
0.08133
0.08021
0.10950
0.09060
0.06669
0.03936
0.01323
0.04173
0.05141
0.03205
0.00318
0.00378
0.00000
0.03795
0.04296
0.07631
0.09545
0.08772
0.06275
0.05022
0.02492
0.04587
0.04927
0.04882
0.00454
0.00935
0.02221
0.01685
0.01628
0.05582
0.06834
0.06006
0.04190
0.05192
0.03268
0.00258
0.01838
0.00742
0.01077
0.04811
0.06563
0.05741
0.09492
0.12028
0.12424
0.09245
0.08471
0.10530
0.11577
0.12451
0.13934
0.12610
0.11166
0.11350
0.10471
0.08094
0.09202
0.09018
0.09684
0.08643
0.12592
0.13501
0.11666
0.12860
0.12817
0.13398
0.12884
0.13630
0.10324
0.07017
0.10481
0.10226
0.09230
0.08904
0.07807
0.11334
0.12430
0.13511
0.14505
0.16300
0.17207
0.18040
0.18181
0.19915
0.19784
0.17167
0.14335
0.12536
0.14176
0.14811
0.15685
0.12894
0.10552
0.14371
0.13106
0.12418
0.11125
0.10376
0.08796
0.08802
0.12982
0.14251
0.14277
0.11304
0.12135
0.12157
0.12535
0.09537
0.08489
0.12868
0.14296
0.15451
0.11768
0.13954
0.11280
0.12385
0.08614
0.08557
0.06328
0.08011
0.05950
0.05986
0.06563
0.09502
0.13561
0.15615
0.11688
0.14965
0.14515
0.16573
0.13388
0.13549
0.11448
0.05187
0.03230
0.01540
0.03908
0.00699
0.06012
0.02302
0.01718
0.01786
0.01195
0.01132
0.03912
0.02997
0.04991
0.07110
0.07277
0.03034
0.00307
0.00494
0.01368
0.00000
0.01170
0.06080
0.04905
0.04816
0.07408
0.04540
0.06015
0.10336
0.08827
0.09073
0.06412
0.08949
0.10345
0.05565
0.02127
0.01169
0.01318
0.04135
0.03677
0.05362
0.07214
0.09751
0.09448
0.10204
0.09406
0.13236
0.13816
0.14796
0.22550
0.26565
0.23844
0.21772
0.24586
0.22296
0.24333
0.25944
0.27188
0.24661
0.21071
0.20732
0.18919
0.18027
0.14403
0.13987
0.13943
0.10605
0.06670
0.06681
0.08179
0.07017
0.06798
0.03646
0.03879
0.01256
0.00146
0.01610
0.01731
0.03000
0.00707
0.00889
0.00637
0.00084
0.07209
0.05416
0.07215
0.07351
0.06493
0.10422
0.10751
0.08967
0.08544
0.06921
0.06216
0.05680
0.07244
0.06399
0.07631
0.08917
0.09699
0.08724
0.11281
0.08781
0.12590
0.12337
0.11637
0.11481
0.11282
0.09512
0.10143
0.12233
0.10759
0.08045
0.05598
0.03946
0.10142
0.08580
0.10847
0.12324
0.10876
0.08907
0.06521
0.07603
0.06443
0.06187
0.03546
0.03629
0.04161
0.02303
0.01940
0.00521
0.02284
0.01103
0.00280
0.00014
0.01346
0.01532
0.03489
0.03439
0.05157
0.06182
0.09163
0.08793
0.08559
0.09088
0.07468
0.08740
0.09566
0.05669
0.05739
0.06695
0.05694
0.08643
0.07310
0.07519
0.02326
0.03832
0.04253
0.06276
0.06141
0.05716
0.05826
0.06086
0.01308
0.00836
0.00000
0.01295
0.00703
0.04909
0.04037
0.08955
0.07031
0.09162
0.13008
0.12237
0.09414
0.09995
0.11813
0.08498
0.07818
0.07894
0.07507
0.08896
0.03832
0.05133
0.09386
0.11760
0.08661
0.06364
0.06467
0.06044
0.10462
0.07890
0.08020
0.09669
0.04651
0.11594
0.11707
0.14029
0.14382
0.16156
0.16479
0.16407
0.16840
0.15599
0.11725
0.11195
0.11324
0.11946
0.08768
0.09763
0.10074
0.08592
0.11800
0.12979
0.13265
0.13097
0.08591
0.06306
0.09910
0.08405
0.08966
0.06432
0.09676
0.10459
0.12027
0.11261
0.10494
0.12374
0.10480
0.09448
0.15120
0.11961
0.10196
0.11552
0.08736
0.09922
0.12997
0.12220
0.15701
0.17876
0.18209
0.18669
0.19753
0.22475
0.22935
0.23321
0.21707
0.24437
0.23892
0.25545
0.21849
0.20010
0.17540
0.17846
0.19240
0.18479
0.20542
0.18286
0.19056
0.17473
0.17331
0.14428
0.12109
0.09818
0.10203
0.08513
0.07290
0.05878
0.05339
0.06555
0.10115
0.11259
0.10790
0.11467
0.11464
0.06884
0.05806
0.11983
0.10347
0.11475
0.06956
0.01037
0.07303
0.08229
0.09440
0.09314
0.08311
0.06479
0.05096
0.07338
0.11678
0.15580
0.13060
0.16400
0.14163
0.15751
0.19000
0.17552
0.18871
0.19570
0.19811
0.18953
0.18777
0.19207
0.18681
0.15941
0.15786
0.13932
0.13614
0.10102
0.09548
0.07750
0.05467
0.03875
0.05665
0.08259
0.06042
0.08377
0.07949
0.08180
0.07018
0.08490
0.09517
0.11358
0.12245
0.10912
0.12314
0.14856
0.15258
0.12593
0.14274
0.17708
0.18243
0.21209
0.22572
0.18866
0.17584
0.16806
0.14638
0.11497
0.12118
0.12723
0.10041
0.11477
0.12932
0.11851
0.14520
0.17729
0.16222
0.14930
0.13481
0.15646
0.15143
0.15407
0.17084
0.15140
0.14653
0.13590
0.17678
0.13502
0.11636
0.10147
0.13964
0.17496
0.18488
0.13918
0.14428
0.15812
0.16217
0.17588
0.13978
0.13479
0.10403
0.10154
0.11639
0.11865
0.08134
0.06245
0.10109
0.09838
0.11871
0.05664
0.06721
0.09182
0.08724
0.09803
0.09803
0.11900
0.12598
0.10982
0.09815
0.10355
0.08485
0.07966
0.01894
0.01853
0.01848
0.00000
0.00341
0.00000
0.01247
0.03522
0.01462
0.00001
0.01845
0.08021
0.06133
0.06926
0.06244
0.08620
0.06311
0.06410
0.06026
0.05004
0.02192
0.01145
0.01105
0.00954
0.02116
0.01162
0.02125
0.00574
0.06332
0.05855
0.06334
0.07694
0.12220
0.10854
0.10095
0.10547
0.12251
0.15499
0.14601
0.16678
0.19566
0.18450
0.22457
0.22726
0.20251
0.20141
0.20358
0.23319
0.22836
0.27299
0.27204
0.24384
0.20572
0.21582
0.24849
0.23885
0.27063
0.29182
0.27961
0.30298
0.31680
0.32508
0.30059
0.28817
0.28407
0.30137
0.28006
0.31555
0.30246
0.28996
0.28493
0.29319
0.28978
0.30319
0.30630
0.30520
0.29548
0.25969
0.32934
0.27738
0.28677
0.28607
0.26496
0.26117
0.28864
0.26041
0.26199
0.26300
0.25052
0.25517
0.25008
0.26187
0.22680
0.23791
0.25194
0.24248
0.23032
0.18572
0.16742
0.14584
0.15763
0.14677
0.09669
0.08328
0.11576
0.16021
0.18577
0.19555
0.18556
0.19570
0.17575
0.13761
0.13222
0.13166
0.11641
0.12813
0.09212
0.09979
0.14095
0.15658
0.20663
0.18142
0.22002
0.22760
0.20666
0.19146
0.16822
0.17285
0.17979
0.13786
0.09910
0.07710
0.08248
0.07860
0.08106
0.04530
0.03932
0.05972
0.05073
0.00620
0.01140
0.00490
0.01135
0.01626
0.03440
0.02988
0.00520
0.00647
0.01626
0.01709
0.00000
0.00412
0.01074
0.01283
0.02062
0.02320
0.04601
0.03044
0.04472
0.05581
0.04477
0.06624
0.07461
0.09690
0.10377
0.13556
0.13126
0.12319
0.08754
0.08971
0.10233
0.07962
0.07753
0.11294
0.12268
0.13676
0.08062
0.08095
0.06631
0.08829
0.09743
0.08036
0.03548
0.04066
0.00210
0.01059
0.01609
0.00894
0.01326
0.02296
0.04053
0.02182
0.02349
0.00000
0.00245
0.00339
0.00000
0.01774
0.01100
0.01331
0.01080
0.01843
0.02933
0.08231
0.06559
0.11175
0.07476
0.06250
0.01946
0.01478
0.01581
0.03355
0.05871
0.08637
0.09077
0.09333
0.11010
0.11235
0.08539
0.10409
0.10535
0.11276
0.11168
0.11712
0.12363
0.12983
0.08846
0.05775
0.04895
0.06022
0.03387
0.05185
0.06368
0.05972
0.06472
0.07507
0.08498
0.11101
0.08403
0.04934
0.04894
0.02369
0.02199
0.02756
0.02236
0.00811
0.00110
0.01539
0.02133
0.01744
0.01697
0.01171
0.00746
0.00641
0.01489
0.00924
0.02051
0.01748
0.04104
0.02374
0.03433
0.00116
0.00000
0.00883
0.03522
0.02137
0.02198
0.00550
0.02003
0.05370
0.04095
0.04695
0.05543
0.06991
0.08117
0.08726
0.06543
0.04817
0.05417
0.05744
0.02094
0.00225
0.00517
0.00973
0.00000
0.00187
0.01479
0.04757
0.05266
0.05867
0.03888
0.01225
0.00067
0.00000
0.00496
0.00000
0.00000
0.01887
0.08010
0.07142
0.05214
0.00008
0.00881
0.00000
0.01330
0.00765
0.01687
0.00390
0.01145
0.00000
0.00744
0.00005
0.00250
0.01405
0.00039
0.00414
0.01478
0.00381
0.00000
0.00000
0.00185
0.00000
0.01769
0.01101
0.01163
0.00000
0.00716
0.01588
0.01989
0.00509
0.01285
0.00000
0.00757
0.00156
0.00000
0.04460
0.03681
0.02312
0.04308
0.03989
0.02224
0.00000
0.00000
0.00524
0.00000
0.01885
0.02101
0.02740
0.02436
0.02411
0.02058
0.06666
0.06125
0.06542
0.07634
0.05956
0.00522
0.00000
0.01142
0.01680
0.00446
0.02861
0.02394
0.02825
0.02329
0.01385
0.01646
0.01563
0.00003
0.02913
0.00965
0.00127
0.01223
0.00739
0.03791
0.06382
0.05583
0.04872
0.06166
0.03847
0.02822
0.03740
0.03927
0.06449
0.08637
0.10272
0.11821
0.08057
0.05195
0.02215
0.01611
0.01013
0.02925
0.00460
0.00943
0.00000
0.01621
0.02101
0.02665
0.04580
0.03215
0.03711
0.06191
0.04078
0.06160
0.10662
0.12925
0.08814
0.09552
0.13120
0.12982
0.15382
0.14611
0.11319
0.11418
0.12842
0.15537
0.16656
0.16183
0.15598
0.15326
0.15852
0.17785
0.18950
0.19494
0.17930
0.17675
0.17396
0.17782
0.17106
0.14112
0.14315
0.15471
0.14702
0.14381
0.18041
0.19083
0.22262
0.22072
0.22950
0.22375
0.25320
0.25180
0.25112
0.23378
0.20180
0.18916
0.20509
0.19287
0.18164
0.20244
0.19678
0.19363
0.20861
0.19763
0.21073
0.19704
0.19401
0.18359
0.17000
0.15001
0.11422
0.09170
0.08017
0.11332
0.14516
0.15721
0.17903
0.15938
0.13343
0.14014
0.13377
0.19278
0.18976
0.19968
0.20177
0.18194
0.18765
0.17163
0.16627
0.17051
0.22325
0.19516
0.18339
0.15578
0.15582
0.15617
0.23145
0.23318
0.25366
0.27334
0.29660
0.30814
0.31723
0.28563
0.29774
0.27516
0.25604
0.29050
0.28082
0.29700
0.31422
0.32450
0.32239
0.34429
0.34896
0.35764
0.36673
0.36625
0.36238
0.32633
0.27380
0.30284
0.32857
0.28756
0.30954
0.28619
0.27400
0.28033
0.29251
0.27394
0.23252
0.21556
0.20656
0.19968
0.18643
0.16205
0.16629
0.16302
0.17006
0.16415
0.15135
0.13021
0.14021
0.14149
0.17890
0.17962
0.17507
0.14795
0.13954
0.12148
0.10851
0.10042
0.03079
0.00571
0.01385
0.00372
0.02815
0.00000
0.00968
0.01804
0.01739
0.03024
0.00076
0.00000
0.00237
0.01112
0.05145
0.05908
0.03876
0.03725
0.01870
0.01256
0.01915
0.01608
0.02303
0.03219
0.00977
0.01873
0.00059
0.02070
0.01074
0.02747
0.03084
0.02042
0.01087
0.02942
0.03969
0.00678
0.01057
0.01969
0.02796
0.00000
0.01902
0.01345
0.00310
0.00558
0.04350
0.07383
0.07047
0.07169
0.02926
0.00791
0.00000
0.01686
0.01440
0.03884
0.02467
0.03566
0.04311
0.05283
0.01619
0.00791
0.02190
0.04881
0.06615
0.06249
0.03476
0.03696
0.00000
0.04753
0.02829
0.01587
0.02454
0.02712
0.04468
0.02712
0.02097
0.01544
0.00985
0.00585
0.01945
0.05819
0.04940
0.03428
0.00820
0.00001
0.02233
0.00000
0.01430
0.04433
0.02658
0.00395
0.04528
0.00109
0.01256
0.00924
0.00000
0.02475
0.04954
0.07813
0.07830
0.08887
0.06716
0.06081
0.06181
0.05766
0.03815
0.02076
0.02018
0.02804
0.01601
0.01625
0.00153
0.00000
0.00000
0.02592
0.02810
0.09485
0.15536
0.15530
0.16329
0.13338
0.11516
0.15334
0.15874
0.20814
0.20426
0.20931
0.23457
0.22076
0.20868
0.21393
0.20334
0.19640
0.18508
0.19912
0.19365
0.20684
0.18912
0.16569
0.17985
0.12264
0.16696
0.16696
0.13313
0.10258
0.10280
0.11897
0.11305
0.15735
0.12081
0.13134
0.11442
0.12183
0.12120
0.16961
0.17101
0.15711
0.16273
0.16875
0.16119
0.16456
0.16890
0.21414
0.20381
0.18654
0.20429
0.21403
0.19228
0.17929
0.18149
0.18337
0.20934
0.18166
0.19320
0.18466
0.21433
0.22558
0.22646
0.22004
0.24724
0.21585
0.16706
0.16462
0.14546
0.12844
0.11123
0.09481
0.09217
0.11585
0.11375
0.08101
0.05293
0.07099
0.09111
0.09405
0.08836
0.07950
0.03797
0.04056
0.05444
0.01936
0.03930
0.05100
0.06083
0.02173
0.01728
0.01037
0.05414
0.02008
0.01845
0.01863
0.01927
0.02218
0.00767
0.00004
0.00000
0.00233
0.00000
0.00000
0.03633
0.03806
0.00359
0.03027
0.06664
0.06281
0.07090
0.09194
0.11738
0.11662
0.14013
0.13483
0.15272
0.14716
0.14941
0.17390
0.19632
0.20254
0.18776
0.19227
0.19288
0.21052
0.21422
0.19709
0.22149
0.23224
0.25898
0.19148
0.19320
0.22068
0.21953
0.23535
0.24489
0.24259
0.30731
0.29710
0.31356
0.29730
0.29365
0.28956
0.30182
0.29416
0.29639
0.31169
0.30009
0.26262
0.30098
0.32034
0.35939
0.34672
0.33075
0.34570
0.32217
0.32996
0.33786
0.32926
0.35218
0.38038
0.35313
0.36015
0.37559
0.38955
0.34596
0.33899
0.34111
0.35065
0.34928
0.37076
0.33951
0.32811
0.34243
0.35550
0.34163
0.36032
0.36826
0.37512
0.35068
0.32528
0.32029
0.36019
0.35409
0.36085
0.36422
0.38150
0.36672
0.34635
0.33713
0.33873
0.35044
0.33514
0.34448
0.35465
0.37933
0.34650
0.35492
0.34344
0.33083
0.35741
0.39385
0.41189
0.42855
0.42186
0.42007
0.40711
0.37865
0.37405
0.40307
0.39978
0.41786
0.40802
0.39134
0.38902
0.37826
0.39559
0.37059
0.37828
0.34102
0.34411
0.31809
0.33267
0.33752
0.36309
0.33521
0.30919
0.31025
0.28468
0.29594
0.30521
0.29164
0.31733
0.29070
0.29799
0.32542
0.32598
0.30581
0.26682
0.23931
0.25252
0.24523
0.25309
0.22648
0.21467
0.20744
0.20415
0.20330
0.19251
0.20324
0.19925
0.17781
0.13749
0.11329
0.09135
0.05970
0.04121
0.04941
0.03898
0.01151
0.03516
0.03037
0.04713
0.01930
0.00841
0.02636
0.03461
0.03417
0.02394
0.04606
0.03845
0.04749
0.03987
0.04593
0.03615
0.03281
0.03840
0.05207
0.05059
0.06415
0.10102
0.08529
0.06899
0.06708
0.06127
0.06684
0.09279
0.10287
0.10533
0.11292
0.10984
0.12151
0.12296
0.14025
0.11848
0.10562
0.12849
0.14617
0.14944
0.16510
0.20670
0.20087
0.19379
0.20953
0.21641
0.19307
0.19588
0.18208
0.16509
0.17917
0.13329
0.13123
0.14645
0.18712
0.18887
0.18571
0.15434
0.16286
0.14948
0.13112
0.10940
0.09514
0.07383
0.09445
0.07835
0.10002
0.11273
0.12084
0.11605
0.10773
0.06900
0.07759
0.10723
0.11195
0.11761
0.13302
0.13096
0.12940
0.10259
0.08126
0.09919
0.09665
0.14461
0.15849
0.10742
0.09934
0.07272
0.05324
0.03481
0.07167
0.04611
0.03112
0.00000
0.00000
0.00119
0.00541
0.00001
0.00129
0.02782
0.03787
0.04301
0.06333
0.07827
0.07718
0.10695
0.12357
0.11537
0.09900
0.11945
0.11838
0.07086
0.07260
0.08394
0.09726
0.10439
0.11483
0.12121
0.12854
0.11870
0.11933
0.10026
0.11994
0.14342
0.12462
0.10368
0.11414
0.10288
0.09841
0.15230
0.14155
0.15872
0.16156
0.19003
0.23616
0.24440
0.22392
0.21708
0.16487
0.20986
0.18718
0.20636
0.18110
0.22350
0.20464
0.19252
0.21467
0.19041
0.17549
0.16643
0.16780
0.17418
0.19732
0.21094
0.22616
0.22330
0.21420
0.21430
0.18039
0.18963
0.18860
0.19632
0.21333
0.19965
0.19359
0.16412
0.18641
0.19351
0.20718
0.23005
0.22894
0.24394
0.25274
0.22565
0.21588
0.21418
0.22780
0.18980
0.16255
0.18594
0.22917
0.22199
0.23374
0.22813
0.24204
0.25081
0.22165
0.20324
0.20590
0.16124
0.15808
0.14760
0.14752
0.16310
0.17772
0.19668
0.19084
0.22221
0.21041
0.21238
0.23226
0.24417
0.26483
0.28521
0.29901
0.32479
0.34511
0.34394
0.38154
0.40463
0.41743
0.46026
0.43437
0.36975
0.38380
0.36433
0.37230
0.37728
0.41431
0.42475
0.44526
0.45300
0.44892
0.45718
0.45149
0.45247
0.46147
0.45143
0.46809
0.50364
0.51799
0.51966
0.48199
0.47151
0.46590
0.44423
0.48269
0.45584
0.46356
0.44166
0.44389
0.43419
0.40051
0.41193
0.44753
0.45549
0.44774
0.43460
0.37544
0.40069
0.37404
0.38942
0.41121
0.43758
0.43726
0.44735
0.38751
0.38357
0.36897
0.32842
0.33243
0.33302
0.31905
0.30791
0.33277
0.32509
0.29785
0.32981
0.30739
0.34057
0.30274
0.29096
0.32520
0.33387
0.27988
0.32139
0.30354
0.27193
0.27687
0.29622
0.31235
0.33073
0.28862
0.28261
0.28150
0.25681
0.25108
0.27947
0.27760
0.17681
0.16326
0.18525
0.18075
0.25202
0.24777
0.28121
0.24518
0.21999
0.26466
0.22622
0.23889
0.21548
0.13361
0.15215
0.11901
0.07992
0.06660
0.07885
0.03664
0.04331
0.04123
0.10386
0.10112
0.06672
0.05830
0.06957
0.05189
0.03862
0.07147
0.10690
0.10567
0.09534
0.10263
0.08236
0.07193
0.09672
0.11137
0.11807
0.09813
0.09183
0.05983
0.06511
0.02125
0.04027
0.10525
0.13651
0.14990
0.15542
0.15039
0.15564
0.19265
0.18586
0.19295
0.19532
0.19838
0.20883
0.26478
0.29950
0.27713
0.25041
0.25569
0.26345
0.31134
0.33600
0.34623
0.32810
0.30615
0.29442
0.28743
0.35042
0.34931
0.37667
0.36771
0.39026
0.37686
0.38375
0.41212
0.41691
0.42069
0.40136
0.40779
0.39100
0.40227
0.40337
0.40336
0.39150
0.35375
0.38242
0.35730
0.34143
0.34575
0.35767
0.36923
0.39972
0.39910
0.39591
0.37860
0.35359
0.37310
0.36344
0.38914
0.37589
0.40753
0.35672
0.36396
0.34863
0.37143
0.35114
0.31917
0.34320
0.28598
0.29133
0.28935
0.26618
0.29127
0.30402
0.30399
0.31724
0.30717
0.31274
0.30363
0.31027
0.30474
0.28736
0.32405
0.35068
0.34611
0.32691
0.30453
0.28691
0.31970
0.32345
0.32002
0.36170
0.34632
0.35764
0.34903
0.33254
0.32792
0.30570
0.28545
0.28202
0.26612
0.25272
0.24455
0.20327
0.20256
0.19838
0.20588
0.23687
0.24321
0.23704
0.19881
0.21700
0.21741
0.23926
0.18284
0.19129
0.19622
0.17948
0.18868
0.17417
0.15412
0.10789
0.11415
0.11835
0.14308
0.17467
0.16122
0.16592
0.17171
0.15329
0.11372
0.09901
0.08155
0.08891
0.10834
0.12253
0.10271
0.08700
0.07458
0.08903
0.08666
0.09060
0.08499
0.08253
0.07488
0.08021
0.09834
0.08818
0.07349
0.04258
0.09138
0.11839
0.09763
0.13209
0.11932
0.16592
0.14808
0.14077
0.18094
0.17358
0.20053
0.17304
0.16287
0.11723
0.08360
0.08805
0.06736
0.10064
0.05411
0.07823
0.08146
0.09031
0.06227
0.08152
0.05991
0.03973
0.08483
0.08706
0.12949
0.16034
0.17799
0.18269
0.19074
0.17790
0.18593
0.17223
0.16366
0.17024
0.17885
0.20646
0.24092
0.21060
0.17569
0.15693
0.18299
0.16075
0.16558
0.15507
0.14026
0.15437
0.17074
0.17782
0.17895
0.17970
0.19689
0.18827
0.18708
0.19823
0.19812
0.23841
0.24000
0.20791
0.18746
0.18381
0.16717
0.12576
0.14799
0.13612
0.10558
0.14035
0.16241
0.18705
0.18274
0.12816
0.13589
0.11976
0.11064
0.12800
0.09388
0.12338
0.12607
0.11685
0.10143
0.10929
0.13952
0.12617
0.12771
0.12765
0.13405
0.12418
0.13086
0.15698
0.18300
0.16411
0.16708
0.11598
0.09434
0.07932
0.08535
0.08661
0.09063
0.05510
0.04578
0.03888
0.04930
0.00000
0.00056
0.00255
0.00743
0.02483
0.04183
0.03499
0.02158
0.00000
0.01287
0.00024
0.00000
0.01199
0.00036
0.00737
0.01081
0.04985
0.04018
0.02542
0.00000
0.06809
0.05806
0.06218
0.09511
0.09912
0.09070
0.05632
0.05124
0.02971
0.03538
0.03341
0.03286
0.05404
0.00671
0.00959
0.04034
0.01479
0.00000
0.01073
0.00250
0.00064
0.00517
0.01017
0.03025
0.02675
0.03875
0.02805
0.00751
0.01816
0.02200
0.00760
0.01228
0.01748
0.01484
0.00222
0.00682
0.00010
0.00000
0.00721
0.00668
0.01198
0.03537
0.03283
0.00845
0.00123
0.00000
0.00000
0.07462
0.03697
0.04544
0.06264
0.11045
0.11274
0.11100
0.10616
0.13491
0.14935
0.13473
0.13354
0.10624
0.11529
0.13539
0.16125
0.15801
0.14607
0.12683
0.09187
0.06253
0.05402
0.07583
0.11088
0.14375
0.11770
0.06955
0.07296
0.08533
0.15081
0.14577
0.14955
0.16875
0.15958
0.17871
0.17871
0.16058
0.17837
0.19052
0.14536
0.18011
0.16581
0.18775
0.19529
0.20249
0.19429
0.20231
0.16640
0.16311
0.16750
0.19273
0.21603
0.22982
0.23595
0.25455
0.27724
0.27227
0.25989
0.24230
0.24560
0.26099
0.25234
0.24136
0.24310
0.25561
0.26278
0.27919
0.30483
0.24098
0.23361
0.21736
0.22254
0.23305
0.21268
0.22961
0.20305
0.23087
0.19240
0.18939
0.20361
0.20633
0.23137
0.24576
0.21207
0.21114
0.20654
0.21653
0.22093
0.23380
0.20809
0.23645
0.24994
0.25804
0.24032
0.24806
0.24210
0.23361
0.23492
0.26998
0.24949
0.25182
0.27268
0.27927
0.22486
0.25758
0.24286
0.22838
0.21971
0.22685
0.25132
0.28133
0.28325
0.30881
0.33354
0.34022
0.32366
0.30847
0.29372
0.32320
0.36369
0.37313
0.35861
0.36409
0.39757
0.41319
0.39922
0.40582
0.40825
0.41883
0.39289
0.39727
0.39921
0.38107
0.36211
0.38267
0.32880
0.31824
0.32634
0.32490
0.33749
0.35659
0.31744
0.31846
0.35354
0.33897
0.33028
0.35866
0.35469
0.35139
0.44632
0.45047
0.41445
0.42682
0.46830
0.47269
0.46845
0.46820
0.47786
0.41029
0.42938
0.40493
0.41656
0.43779
0.43379
0.42591
0.40754
0.39376
0.37767
0.40046
0.39857
0.37213
0.36730
0.36469
0.39378
0.38711
0.38397
0.37184
0.39084
0.43694
0.45532
0.44391
0.41302
0.36164
0.32441
0.30739
0.30000
0.24215
0.26075
0.22331
0.21148
0.20367
0.20072
0.20545
0.22911
0.23155
0.22854
0.22753
0.20903
0.20292
0.20856
0.19170
0.16957
0.22191
0.24832
0.22665
0.20908
0.22972
0.26558
0.26810
0.28186
0.25987
0.30152
0.27123
0.26460
0.26255
0.27805
0.20035
0.23964
0.25960
0.24192
0.26442
0.27751
0.25249
0.28983
0.30694
0.30671
0.29885
0.28964
0.28305
0.25670
0.25989
0.25162
0.26401
0.27267
0.27077
0.26804
0.28701
0.28635
0.25766
0.24574
0.27073
0.27972
0.30426
0.34780
0.32838
0.27498
0.27378
0.24568
0.23682
0.20102
0.20852
0.20427
0.22972
0.21581
0.21657
0.22105
0.21324
0.20529
0.23503
0.20860
0.17189
0.16297
0.17573
0.19577
0.17464
0.17153
0.15651
0.16333
0.16018
0.21003
0.21273
0.20665
0.22842
0.23925
0.23828
0.20695
0.21316
0.25242
0.25257
0.25854
0.26097
0.24735
0.25587
0.25581
0.24327
0.22362
0.22588
0.20537
0.22901
0.23025
0.22623
0.23648
0.23019
0.25045
0.23535
0.21975
0.20649
0.17016
0.16392
0.16463
0.14004
0.13887
0.13753
0.16338
0.14327
0.15454
0.09977
0.08781
0.12392
0.12541
0.13665
0.18543
0.18222
0.18949
0.16145
0.15358
0.13615
0.12072
0.13256
0.06141
0.06680
0.06421
0.04024
0.02429
0.04738
0.02288
0.02149
0.07608
0.09925
0.11837
0.10910
0.11073
0.10382
0.08149
0.07832
0.11312
0.08495
0.06862
0.07046
0.06765
0.08653
0.06210
0.07674
0.08047
0.07551
0.05458
0.01715
0.01223
0.01783
0.03033
0.00481
0.00846
0.00764
0.00616
0.01151
0.00000
0.00000
0.01775
0.02716
0.04369
0.03158
0.00281
0.02737
0.03573
0.05362
0.05438
0.04741
0.04680
0.06775
0.08424
0.07602
0.07895
0.10648
0.08758
0.10844
0.05107
0.05346
0.02090
0.02997
0.02307
0.07436
0.05603
0.04189
0.03857
0.02690
0.02185
0.05826
0.08743
0.10036
0.08307
0.07123
0.05360
0.04918
0.04878
0.05976
0.01793
0.02529
0.02128
0.01691
0.08137
0.09842
0.09648
0.09175
0.07911
0.07968
0.09334
0.08143
0.08775
0.07686
0.08699
0.10477
0.11646
0.12225
0.12848
0.13232
0.12166
0.16420
0.18971
0.20325
0.22108
0.23389
0.21747
0.20595
0.17990
0.13247
0.10788
0.10949
0.09004
0.11538
0.15962
0.15867
0.15553
0.16161
0.17770
0.13697
0.14181
0.16101
0.13614
0.16116
0.19534
0.16963
0.11437
0.10799
0.10324
0.09263
0.05020
0.07202
0.05717
0.06275
0.05788
0.05630
0.06152
0.03436
0.05057
0.06230
0.06291
0.06166
0.07303
0.08146
0.06246
0.09128
0.10612
0.09689
0.10865
0.10865
0.11241
0.10405
0.08674
0.05256
0.05236
0.02357
0.06113
0.00488
0.01129
0.01038
0.03092
0.04282
0.05018
0.02241
0.01803
0.00000
0.00724
0.00804
0.01795
0.01695
0.00000
0.01504
0.00761
0.03283
0.05359
0.04731
0.00847
0.03095
0.01298
0.01398
0.06362
0.07238
0.06513
0.04877
0.03485
0.01555
0.03078
0.03378
0.05769
0.05332
0.04458
0.04154
0.05915
0.05298
0.06924
0.04458
0.07728
0.08012
0.15017
0.13467
0.13591
0.15025
0.16573
0.18165
0.16341
0.17742
0.19753
0.20551
0.18788
0.16031
0.18020
0.16349
0.12808
0.09246
0.10468
0.08201
0.06650
0.05949
0.06996
0.08739
0.06573
0.08805
0.10317
0.07928
0.07372
0.06756
0.08835
0.08345
0.10289
0.11485
0.09152
0.12582
0.11213
0.15922
0.16992
0.19107
0.19916
0.24184
0.22786
0.25351
0.25320
0.24273
0.21351
0.20206
0.22457
0.19855
0.16027
0.17375
0.16053
0.08562
0.07474
0.10607
0.11694
0.07698
0.06814
0.08817
0.10536
0.08829
0.11486
0.10299
0.07298
0.07614
0.03315
0.01406
0.00545
0.01963
0.02421
0.02921
0.03608
0.03317
0.00000
0.02159
0.00157
0.00000
0.04934
0.07318
0.05212
0.07020
0.06264
0.08562
0.11438
0.13719
0.14189
0.16554
0.18611
0.20719
0.23711
0.24986
0.24752
0.24617
0.24449
0.28128
0.28347
0.27922
0.32923
0.34694
0.34858
0.38159
0.33973
0.34737
0.30016
0.29847
0.33469
0.32676
0.30053
0.30905
0.32234
0.29645
0.29420
0.27966
0.28468
0.26626
0.23998
0.22362
0.24186
0.26147
0.25342
0.24196
0.30156
0.30873
0.26198
0.25084
0.26451
0.26477
0.29431
0.30897
0.27717
0.24688
0.25053
0.24567
0.27384
0.29297
0.34364
0.32647
0.33766
0.36583
0.36030
0.35962
0.34458
0.22393
0.22514
0.16029
0.15236
0.12961
0.16090
0.14682
0.13358
0.14358
0.12884
0.11570
0.08014
0.10621
0.11303
0.09566
0.06631
0.04755
0.05234
0.04824
0.04398
0.00482
0.00856
0.01282
0.00759
0.00000
0.00050
0.04436
0.03667
0.03780
0.03127
0.01432
0.01566
0.00749
0.02275
0.01532
0.04152
0.07424
0.05018
0.04025
0.04631
0.05248
0.10921
0.15467
0.18118
0.15827
0.17573
0.17054
0.14129
0.18930
0.21890
0.23005
0.24638
0.25540
0.25803
0.25040
0.24309
0.24970
0.23035
0.19739
0.19096
0.23561
0.23561
0.22237
0.19659
0.20006
0.19356
0.17126
0.18812
0.19508
0.15744
0.19647
0.17603
0.17809
0.21424
0.22731
0.18935
0.18347
0.17449
0.19369
0.23007
0.22116
0.21927
0.23386
0.24963
0.24433
0.25520
0.20826
0.22304
0.22224
0.18544
0.18919
0.20187
0.18808
0.20261
0.23260
0.21209
0.20017
0.21106
0.21322
0.19678
0.20595
0.18140
0.17036
0.17223
0.16629
0.12668
0.12110
0.12567
0.12988
0.08962
0.10778
0.12601
0.11131
0.09387
0.08593
0.05686
0.05964
0.04296
0.05077
0.05022
0.05933
0.05239
0.02025
0.02221
0.05406
0.05360
0.05898
0.03222
0.02511
0.05151
0.02406
0.04083
0.05893
0.06815
0.03429
0.02102
0.01985
0.05570
0.06251
0.05503
0.03346
0.00000
0.02647
0.02647
0.00374
0.00846
0.06835
0.06439
0.09596
0.09658
0.09718
0.06378
0.06451
0.06813
0.05663
0.04506
0.05962
0.08627
0.10226
0.08241
0.11184
0.14866
0.16396
0.08051
0.09215
0.08907
0.03627
0.05425
0.03447
0.03125
0.02071
0.00127
0.02652
0.02501
0.00902
0.00902
0.00000
0.01126
0.00000
0.00569
0.00135
0.00641
0.00565
0.04194
0.03757
0.02654
0.01878
0.02704
0.02465
0.01326
0.04452
0.10027
0.09942
0.08642
0.11293
0.09637
0.10106
0.13031
0.11621
0.09117
0.09530
0.11551
0.11551
0.11780
0.14860
0.14480
0.15568
0.15058
0.15026
0.13401
0.11115
0.11151
0.07818
0.08434
0.10678
0.08598
0.11134
0.08077
0.07408
0.09663
0.09324
0.07624
0.05612
0.05262
0.05345
0.05402
0.05912
0.06616
0.08834
0.07363
0.07032
0.05996
0.08502
0.08809
0.04958
0.03291
0.03092
0.04045
0.04625
0.06664
0.05308
0.02985
0.02143
0.01206
0.00000
0.03258
0.01882
0.01588
0.03405
0.02355
0.04293
0.04790
0.08489
0.10895
0.08401
0.07323
0.06500
0.06121
0.05250
0.06614
0.07086
0.06811
0.08425
0.09571
0.08936
0.10378
0.11171
0.11396
0.18295
0.12751
0.11713
0.16479
0.15913
0.16420
0.13550
0.12018
0.10318
0.04389
0.04732
0.04927
0.03104
0.02501
0.01007
0.01390
0.00000
0.02029
0.01177
0.02097
0.00698
0.01407
0.00576
0.01286
0.02244
0.00916
0.01240
0.00883
0.01049
0.04899
0.01680
0.03480
0.00003
0.01269
0.01229
0.00721
0.03930
0.05411
0.07138
0.06862
0.05981
0.06341
0.06476
0.04077
0.05253
0.07985
0.10651
0.16948
0.16659
0.13813
0.13432
0.12860
0.12344
0.10809
0.16971
0.18222
0.20613
0.19970
0.18798
0.17502
0.13764
0.15761
0.17682
0.18713
0.17504
0.20311
0.19605
0.18628
0.16411
0.14670
0.14133
0.15003
0.14974
0.17032
0.15016
0.15055
0.15532
0.16038
0.19515
0.19315
0.15986
0.12827
0.12748
0.11922
0.12057
0.12183
0.13023
0.11925
0.09800
0.08251
0.07815
0.03019
0.04654
0.04550
0.07886
0.04552
0.05646
0.01142
0.05491
0.05667
0.06261
0.08215
0.08352
0.08085
0.07295
0.08745
0.08354
0.13115
0.11333
0.11035
0.11968
0.11601
0.10266
0.10200
0.09274
0.10944
0.11233
0.10472
0.13392
0.13514
0.12716
0.14288
0.12559
0.10394
0.10857
0.10714
0.10349
0.08060
0.11068
0.10021
0.08670
0.09121
0.13563
0.13430
0.13023
0.11791
0.12276
0.12934
0.09294
0.06099
0.09967
0.11031
0.07412
0.06288
0.03334
0.01637
0.00112
0.00000
0.00638
0.02459
0.06885
0.07737
0.06496
0.06938
0.07949
0.09969
0.12860
0.14102
0.13348
0.11692
0.13268
0.13798
0.16151
0.14651
0.14557
0.17985
0.19456
0.19392
0.12485
0.12762
0.14364
0.14075
0.16854
0.15364
0.15563
0.18571
0.18145
0.15221
0.18336
0.19391
0.19918
0.20587
0.19644
0.18679
0.15250
0.12356
0.12237
0.11259
0.07312
0.05969
0.03722
0.01365
0.03471
0.01112
0.01072
0.04072
0.01604
0.00000
0.00000
0.00000
0.03464
0.05263
0.04710
0.05061
0.03249
0.05184
0.07401
0.07087
0.07740
0.06690
0.06626
0.07368
0.06170
0.04554
0.05167
0.00260
0.00711
0.03724
0.03049
0.04035
0.03187
0.02197
0.00193
0.02788
0.01392
0.00000
0.00004
0.00661
0.02666
0.01211
0.00468
0.00139
0.00935
0.01621
0.00000
0.00446
0.04499
0.07074
0.06765
0.08317
0.10415
0.11393
0.14043
0.11487
0.11913
0.12733
0.14875
0.13819
0.13533
0.16571
0.14933
0.16059
0.11628
0.11734
0.11538
0.10445
0.10645
0.10641
0.10112
0.08450
0.06957
0.10699
0.10314
0.08794
0.07778
0.04746
0.03431
0.05750
0.03493
0.03135
0.07212
0.08613
0.13293
0.16155
0.14686
0.17533
0.18816
0.18787
0.17566
0.19950
0.19739
0.20482
0.19645
0.19963
0.15851
0.14753
0.14983
0.15449
0.16813
0.18519
0.18063
0.19150
0.19253
0.21160
0.22986
0.22948
0.22948
0.22691
0.20547
0.19819
0.22086
0.24300
0.27148
0.29057
0.30473
0.32491
0.31881
0.30917
0.30000
0.27969
0.26153
0.25127
0.25818
0.22925
0.24059
0.23956
0.20304
0.16163
0.17187
0.18235
0.16812
0.14193
0.18045
0.14544
0.14630
0.16605
0.17116
0.18968
0.16503
0.17791
0.17563
0.21211
0.20888
0.19258
0.18148
0.17438
0.18062
0.15077
0.14517
0.12079
0.09825
0.10288
0.12028
0.08222
0.04993
0.05292
0.05749
0.03943
0.03370
0.02290
0.01164
0.00000
0.00000
0.05668
0.00327
0.00000
0.00032
0.01080
0.00000
0.00000
0.02010
0.03469
0.05852
0.03185
0.05273
0.06577
0.05503
0.07004
0.09741
0.11805
0.05842
0.04946
0.05137
0.03005
0.04459
0.07280
0.05517
0.01506
0.01205
0.01026
0.01294
0.00000
0.00000
0.01606
0.00090
0.01286
0.01117
0.01030
0.00672
0.00000
0.00159
0.00000
0.09244
0.08822
0.10098
0.09464
0.10961
0.10917
0.12502
0.13036
0.13028
0.09593
0.13042
0.10664
0.09846
0.09040
0.10358
0.09236
0.12045
0.13377
0.15980
0.15290
0.15213
0.13219
0.10943
0.10854
0.12741
0.10201
0.09851
0.06854
0.06960
0.07346
0.08451
0.09636
0.08287
0.06575
0.05526
0.09235
0.09156
0.09307
0.09535
0.10579
0.16516
0.20431
0.20712
0.19320
0.17025
0.17456
0.16269
0.14906
0.16083
0.16580
0.11437
0.10877
0.13486
0.12221
0.09908
0.06983
0.03242
0.01771
0.00000
0.00070
0.00000
0.01568
0.00925
0.00000
0.00000
0.00365
0.00000
0.02768
0.02939
0.03427
0.01987
0.03092
0.04219
0.03576
0.03177
0.02051
0.02599
0.03757
0.03053
0.01023
0.03647
0.05457
0.06051
0.00000
0.02228
0.05545
0.08091
0.07193
0.07345
0.05751
0.05866
0.10685
0.13651
0.15533
0.14215
0.17526
0.19399
0.16025
0.12397
0.10356
0.08427
0.09931
0.10765
0.11043
0.08973
0.06028
0.04843
0.01947
0.00091
0.00000
0.00015
0.00000
0.03027
0.01712
0.01249
0.00000
0.01552
0.00660
0.06903
0.08772
0.12632
0.13766
0.09978
0.11634
0.12637
0.13833
0.14524
0.15487
0.12638
0.12970
0.12636
0.13897
0.08033
0.06640
0.06939
0.06326
0.04875
0.00260
0.00355
0.00905
0.01854
0.02652
0.03983
0.03997
0.02406
0.03701
0.06523
0.06191
0.05600
0.00698
0.05023
0.08256
0.06510
0.06606
0.04385
0.03912
0.03497
0.03427
0.04095
0.00285
0.00420
0.01854
0.02407
0.00183
0.01018
0.00574
0.01928
0.03085
0.00710
0.00000
0.00272
0.00000
0.02901
0.00705
0.00873
0.02046
0.03713
0.01817
0.02871
0.00000
0.00519
0.05681
0.05844
0.01039
0.02034
0.03634
0.02530
0.03864
0.03778
0.01336
0.01270
0.01707
0.01842
0.02015
0.00004
0.00000
0.00000
0.00226
0.04656
0.02769
0.05340
0.04489
0.01012
0.01489
0.02804
0.09076
0.08046
0.07651
0.07877
0.10667
0.10004
0.07285
0.07195
0.08442
0.05734
0.05531
0.03149
0.03735
0.03006
0.01704
0.02107
0.03719
0.03499
0.02057
0.02526
0.00030
0.00019
0.01649
0.06098
0.05234
0.08348
0.08310
0.05510
0.06193
0.02587
0.01805
0.04627
0.02634
0.02984
0.02961
0.03323
0.03811
0.04253
0.04285
0.04674
0.08421
0.06797
0.09186
0.08840
0.10675
0.09274
0.08451
0.04358
0.03284
0.04317
0.04678
0.03053
0.01308
0.03203
0.04658
0.01279
0.00000
0.00070
0.02136
0.00000
0.00995
0.01702
0.02358
0.00634
0.01424
0.00000
0.00000
0.03858
0.03874
0.00431
0.00000
0.00525
0.00000
0.01862
0.01495
0.00498
0.00229
0.00000
0.02889
0.04094
0.01766
0.00000
0.01246
0.05788
0.03739
0.02480
0.00001
0.02132
0.00003
0.00000
0.07690
0.06350
0.06596
0.06636
0.01567
0.03527
0.03694
0.02473
0.05526
0.09536
0.07036
0.11595
0.14745
0.14810
0.18040
0.17206
0.15764
0.16664
0.14661
0.14617
0.14822
0.13880
0.13302
0.13933
0.12420
0.11235
0.09912
0.08808
0.07129
0.06274
0.09584
0.10392
0.11650
0.08353
0.09465
0.07161
0.05888
0.07076
0.09786
0.11770
0.12961
0.13818
0.12233
0.12117
0.16347
0.14772
0.15998
0.17770
0.16390
0.13052
0.09379
0.08209
0.10004
0.08883
0.06800
0.03838
0.00641
0.00014
0.00153
0.02124
0.01135
0.02619
0.00010
0.00475
0.00415
0.05169
0.04874
0.02654
0.06065
0.05099
0.06581
0.08490
0.09190
0.05741
0.04578
0.00000
0.00000
0.06066
0.03858
0.03419
0.04217
0.05276
0.07311
0.07121
0.09081
0.08117
0.10521
0.06996
0.06590
0.10595
0.08332
0.04142
0.03470
0.02901
0.05341
0.04057
0.07725
0.08004
0.08879
0.10708
0.11915
0.09347
0.10862
0.12102
0.08685
0.08787
0.06520
0.05141
0.04276
0.05429
0.04979
0.06142
0.09898
0.07091
0.10873
0.11453
0.10868
0.12487
0.09800
0.10726
0.08800
0.07943
0.08811
0.08073
0.06139
0.05103
0.07930
0.03295
0.04887
0.06967
0.03860
0.06478
0.08768
0.07404
0.11635
0.13683
0.15415
0.12876
0.13972
0.14161
0.14112
0.10968
0.10577
0.11403
0.05784
0.10500
0.10431
0.07337
0.05703
0.08234
0.05406
0.02897
0.06644
0.04730
0.02143
0.03367
0.07226
0.03410
0.05271
0.08192
0.07863
0.03102
0.02295
0.02008
0.01712
0.02245
0.01679
0.03302
0.00614
0.06793
0.04055
0.04743
0.05454
0.05453
0.08938
0.12915
0.13258
0.14092
0.16049
0.16787
0.15452
0.17831
0.15920
0.13769
0.11711
0.13201
0.17204
0.16077
0.14908
0.14352
0.12338
0.12701
0.13781
0.09601
0.07072
0.04646
0.06105
0.08216
0.07811
0.06061
0.07483
0.09085
0.09224
0.07153
0.08088
0.07821
0.06386
0.03832
0.00785
0.00000
0.01263
0.06850
0.03458
0.04343
0.09476
0.08348
0.10375
0.10593
0.13325
0.10219
0.13696
0.17200
0.18711
0.17127
0.18322
0.17986
0.16207
0.14229
0.10650
0.07132
0.08187
0.09905
0.12560
0.12412
0.12081
0.11262
0.10274
0.08830
0.09024
0.04741
0.04046
0.04395
0.07151
0.07355
0.07153
0.05894
0.06779
0.08095
0.07254
0.09312
0.11085
0.10071
0.12124
0.10807
0.10108
0.07942
0.07438
0.08387
0.12301
0.11756
0.11265
0.11529
0.13415
0.11166
0.12323
0.12384
0.14069
0.10585
0.10287
0.09240
0.11978
0.11864
0.04848
0.03455
0.01262
0.03397
0.00119
0.02407
0.01778
0.02295
0.02047
0.05122
0.05168
0.05539
0.07032
0.04246
0.08124
0.08392
0.08929
0.12408
0.16716
0.15874
0.16911
0.19738
0.21520
0.21776
0.21435
0.25886
0.25707
0.25863
0.26999
0.26521
0.24516
0.22482
0.20636
0.18829
0.18796
0.20759
0.18741
0.18364
0.20524
0.23160
0.23074
0.27844
0.29012
0.30919
0.30919
0.31685
0.33219
0.36652
0.37669
0.35409
0.36552
0.36412
0.35816
0.35438
0.36057
0.33032
0.34304
0.30542
0.31577
0.33942
0.31829
0.30872
0.31543
0.32980
0.36989
0.35809
0.37608
0.36353
0.39612
0.38999
0.38990
0.38097
0.35577
0.32196
0.31959
0.31436
0.27876
0.28942
0.25175
0.23077
0.23383
0.20925
0.24133
0.24906
0.27673
0.25242
0.22104
0.23234
0.23120
0.21466
0.24381
0.21856
0.21418
0.21539
0.23723
0.19728
0.17350
0.18299
0.18713
0.17978
0.18162
0.20014
0.18377
0.18255
0.16703
0.17173
0.21365
0.23733
0.23119
0.18335
0.20474
0.17823
0.18300
0.15448
0.13615
0.14489
0.10332
0.07426
0.05202
0.05189
0.01587
0.09362
0.10842
0.11547
0.10397
0.09604
0.10043
0.09563
0.07263
0.11009
0.12206
0.11875
0.12272
0.14450
0.14728
0.14772
0.18318
0.19147
0.17927
0.17836
0.17107
0.14334
0.15803
0.18277
0.18274
0.18617
0.18925
0.16278
0.14002
0.15164
0.13457
0.11983
0.11228
0.13785
0.15542
0.12910
0.12573
0.10946
0.11110
0.11746
0.11416
0.08913
0.10144
0.09181
0.10364
0.07893
0.09358
0.11459
0.06977
0.06145
0.04001
0.06730
0.06911
0.05605
0.02164
0.02723
0.00902
0.00745
0.00100
0.02246
0.03086
0.04942
0.05258
0.02156
0.01932
0.00000
0.01318
0.00000
0.00994
0.00000
0.03964
0.03624
0.02601
0.01841
0.04310
0.04914
0.02720
0.05305
0.06423
0.01705
0.00000
0.01829
0.00624
0.00683
0.00052
0.00052
0.02804
0.05016
0.06520
0.05860
0.05303
0.02998
0.05051
0.03861
0.05778
0.05998
0.05563
0.05561
0.04335
0.06579
0.07315
0.03306
0.03103
0.03959
0.04582
0.06737
0.06437
0.00000
0.03984
0.03015
0.04638
0.05214
0.04611
0.07275
0.05412
0.04978
0.05674
0.05964
0.04852
0.07023
0.07302
0.04172
0.04524
0.05150
0.06165
0.08295
0.07456
0.06944
0.06869
0.07611
0.08017
0.08636
0.09210
0.06156
0.04213
0.01483
0.01343
0.00671
0.00812
0.01139
0.00332
0.02724
0.00606
0.00003
0.01503
0.00611
0.00520
0.00470
0.01400
0.00809
0.01454
0.01425
0.01427
0.01678
0.02447
0.02126
0.04581
0.01287
0.02231
0.02127
0.00034
0.00443
0.02588
0.05831
0.08017
0.06865
0.06718
0.05420
0.03377
0.02346
0.03021
0.05485
0.05831
0.03604
0.04337
0.04248
0.03055
0.02182
0.01965
0.02890
0.01059
0.00451
0.00000
0.01964
0.08664
0.09715
0.14200
0.13500
0.08429
0.10344
0.09549
0.12300
0.11149
0.12671
0.11282
0.06078
0.04895
0.02272
0.04543
0.09283
0.07017
0.02685
0.00000
0.00000
0.01953
0.01318
0.01257
0.00430
0.02030
0.01923
0.00000
0.01297
0.00000
0.03225
0.00000
0.01531
0.02686
0.00404
0.00000
0.00031
0.01528
0.07614
0.08150
0.06728
0.07655
0.07446
0.08533
0.09726
0.08459
0.07016
0.03607
0.03297
0.04240
0.06893
0.08181
0.11159
0.09223
0.06433
0.05639
0.05923
0.07422
0.05144
0.08444
0.12531
0.17151
0.17183
0.15389
0.17144
0.13354
0.15389
0.12547
0.13158
0.14542
0.15029
0.17451
0.16364
0.15653
0.19304
0.20031
0.17947
0.15669
0.14411
0.15038
0.13596
0.10906
0.09743
0.09490
0.11855
0.10047
0.09695
0.08300
0.07897
0.08691
0.09113
0.14202
0.12519
0.13754
0.15992
0.19202
0.19262
0.20028
0.19769
0.19287
0.18207
0.16802
0.20323
0.16876
0.16596
0.18193
0.20737
0.24889
0.24558
0.25277
0.25526
0.25052
0.30118
0.26364
0.27186
0.27676
0.25867
0.21424
0.20817
0.22502
0.22619
0.21340
0.21123
0.23001
0.22966
0.26268
0.20958
0.20399
0.21520
0.24880
0.25505
0.31766
0.29573
0.31231
0.31231
0.31960
0.30902
0.32013
0.33712
0.33388
0.31455
0.31900
0.29572
0.28626
0.31433
0.29523
0.28629
0.27086
0.26274
0.23576
0.22985
0.23675
0.25554
0.28236
0.26603
0.26784
0.29020
0.27092
0.26221
0.28370
0.31446
0.31009
0.31549
0.31397
0.29791
0.27851
0.27017
0.27633
0.26876
0.31785
0.27987
0.28056
0.21789
0.19103
0.18461
0.17742
0.20449
0.20139
0.21529
0.22794
0.22154
0.23256
0.24934
0.31593
0.28018
0.29108
0.28900
0.30490
0.29403
0.29860
0.31053
0.32426
0.36036
0.41468
0.42581
0.40716
0.44300
0.43718
0.46470
0.49748
0.48076
0.48534
0.49807
0.47215
0.46307
0.45389
0.45299
0.47703
0.50176
0.50397
0.52059
0.49814
0.50362
0.54784
0.55138
0.58053
0.58053
0.59289
0.55752
0.55017
0.55556
0.54498
0.55837
0.54813
0.56336
0.58985
0.58985
0.59686
0.59179
0.59746
0.58898
0.60968
0.59415
0.57542
0.55455
0.56164
0.54653
0.56023
0.56418
0.58080
0.54785
0.54032
0.55210
0.54914
0.52094
0.53371
0.50922
0.49317
0.49956
0.46280
0.49111
0.52041
0.52256
0.52634
0.48878
0.49170
0.52799
0.45800
0.47299
0.51362
0.51442
0.52537
0.52517
0.55199
0.52033
0.49386
0.48235
0.49242
0.51372
0.50445
0.52232
0.51638
0.51600
0.55195
0.55592
0.53090
0.56542
0.58242
0.62797
0.62450
0.62605
0.62757
0.64028
0.64337
0.68116
0.70038
0.69721
0.69051
0.68575
0.69308
0.70131
0.69967
0.69402
0.68919
0.66249
0.64206
0.67399
0.66420
0.63553
0.62003
0.66360
0.66844
0.68962
0.71910
0.71025
0.72592
0.71213
0.69502
0.69553
0.72151
0.70430
0.71809
0.70218
0.67766
0.67981
0.68580
0.68163
0.70673
0.70451
0.77687
0.74512
0.70209
0.71143
0.65658
0.63279
0.60533
0.59923
0.60514
0.61743
0.59077
0.60220
0.61841
0.63766
0.65468
0.67379
0.65569
0.63942
0.63164
0.60069
0.61575
0.60954
0.58054
0.57798
0.54915
0.53268
0.51182
0.53107
0.53561
0.47940
0.49206
0.45500
0.40282
0.44694
0.41197
0.38413
0.37497
0.39258
0.37538
0.41707
0.38152
0.35591
0.33123
0.34319
0.34923
0.36164
0.34435
0.34528
0.34634
0.36498
0.34754
0.36421
0.37567
0.37734
0.41123
0.40289
0.41686
0.40997
0.38472
0.34384
0.38793
0.40551
0.38171
0.37896
0.40523
0.40553
0.36082
0.34451
0.33865
0.33073
0.36673
0.35520
0.34441
0.30876
0.34119
0.34096
0.35603
0.36768
0.38101
0.34219
0.33294
0.34887
0.30795
0.27742
0.27619
0.22152
0.18551
0.19325
0.16894
0.15942
0.17816
0.15358
0.15571
0.13824
0.17223
0.13361
0.13895
0.16624
0.16612
0.20754
0.24091
0.23577
0.28008
0.28217
0.27487
0.30275
0.32410
0.28425
0.25501
0.24611
0.27397
0.23546
0.23165
0.23578
0.25625
0.27217
0.27473
0.33282
0.32123
0.33857
0.35305
0.34805
0.34154
0.33803
0.33393
0.34565
0.35623
0.36248
0.35974
0.33535
0.31691
0.34595
0.29669
0.28034
0.25872
0.30053
0.31481
0.25638
0.23158
0.21388
0.20867
0.18933
0.18781
0.21597
0.18735
0.18757
0.20968
0.23428
0.25417
0.22525
0.20733
0.21393
0.21823
0.24635
0.25516
0.22782
0.21633
0.21776
0.22934
0.23523
0.23752
0.21348
0.22810
0.23651
0.25252
0.27932
0.23992
0.20983
0.21422
0.21894
0.21580
0.20229
0.18527
0.14579
0.16824
0.19858
0.17640
0.21711
0.22437
0.22779
0.24379
0.28685
0.28077
0.28211
0.25584
0.21577
0.23622
0.28241
0.32097
0.34260
0.35087
0.37342
0.35710
0.34510
0.37814
0.34152
0.33862
0.33294
0.32020
0.34773
0.34057
0.31868
0.33687
0.31202
0.31775
0.32402
0.27540
0.26411
0.23532
0.23257
0.25861
0.25779
0.24436
0.23947
0.19760
0.19332
0.18797
0.17059
0.19093
0.20392
0.20460
0.22930
0.21585
0.22213
0.25273
0.26429
0.23853
0.22719
0.21516
0.20497
0.18988
0.20442
0.25236
0.25061
0.25537
0.27113
0.27839
0.28091
0.26956
0.26096
0.29135
0.27738
0.26856
0.23849
0.19013
0.17849
0.15255
0.11947
0.08997
0.09161
0.08805
0.06940
0.05898
0.06191
0.06633
0.07865
0.08748
0.07666
0.08563
0.06145
0.03706
0.01582
0.00540
0.00014
0.01973
0.03604
0.03470
0.02400
0.01833
0.03035
0.05768
0.01949
0.00000
0.01052
0.00631
0.02564
0.05205
0.03057
0.07055
0.06978
0.08825
0.10180
0.09329
0.10768
0.09852
0.08154
0.08363
0.09945
0.06030
0.03223
0.07495
0.08432
0.10662
0.12387
0.08292
0.11501
0.10276
0.08709
0.07555
0.06384
0.04686
0.04416
0.03955
0.04769
0.03207
0.01459
0.05059
0.09158
0.08209
0.10993
0.12079
0.11333
0.12273
0.14161
0.14700
0.16583
0.19127
0.19900
0.22477
0.21707
0.19662
0.21393
0.19993
0.23107
0.23014
0.24608
0.25043
0.28885
0.30910
0.30747
0.28745
0.27065
0.24398
0.26336
0.26856
0.24932
0.23286
0.23832
0.23245
0.22349
0.22255
0.20059
0.15083
0.16474
0.14806
0.14887
0.15826
0.20360
0.21918
0.21190
0.16445
0.14150
0.14953
0.16235
0.17742
0.15462
0.13733
0.10415
0.11406
0.10742
0.11327
0.08275
0.06069
0.07213
0.07520
0.06102
0.05385
0.04966
0.06012
0.05365
0.04937
0.05966
0.05367
0.10110
0.11092
0.12377
0.16605
0.13337
0.10447
0.12407
0.14879
0.11230
0.09850
0.12681
0.13681
0.12130
0.09700
0.13117
0.14712
0.16171
0.17425
0.15814
0.14875
0.10482
0.11167
0.10824
0.07874
0.08494
0.05147
0.09983
0.13693
0.13209
0.07207
0.07207
0.06571
0.07611
0.06889
0.08096
0.10356
0.12753
0.11696
0.12646
0.08752
0.09728
0.04709
0.03660
0.06909
0.04173
0.03860
0.05701
0.07211
0.07834
0.07409
0.09768
0.08540
0.08029
0.04801
0.04129
0.00375
0.04394
0.04545
0.06659
0.09882
0.09949
0.08660
0.07286
0.07474
0.08718
0.05100
0.06161
0.06004
0.05014
0.06879
0.04077
0.04671
0.07782
0.10337
0.11501
0.09702
0.08370
0.09438
0.07878
0.07649
0.06969
0.06687
0.12604
0.13554
0.11077
0.11168
0.09343
0.08359
0.06519
0.08267
0.08871
0.06134
0.06920
0.06482
0.04578
0.00230
0.00044
0.00000
0.00478
0.00000
0.00813
0.07351
0.08254
0.08092
0.10780
0.10460
0.10400
0.11283
0.09402
0.08939
0.07262
0.09627
0.06537
0.06173
0.04769
0.00196
0.01175
0.02246
0.01910
0.07223
0.07092
0.04979
0.07751
0.07768
0.08317
0.05698
0.06187
0.05048
0.02569
0.00170
0.00650
0.02055
0.04578
0.04460
0.06370
0.06884
0.01259
0.04303
0.03026
0.05781
0.03740
0.01938
0.04793
0.07557
0.09735
0.09926
0.12163
0.08366
0.10544
0.09401
0.08899
0.08328
0.03652
0.03746
0.00068
0.00483
0.01833
0.00138
0.00380
0.02472
0.01411
0.03978
0.04225
0.03869
0.04853
0.04332
0.04145
0.02891
0.01334
0.02016
0.02036
0.02187
0.01822
0.00068
0.00682
0.00000
0.01922
0.00000
0.00976
0.02894
0.01578
0.00000
0.00084
0.00000
0.00582
0.00000
0.00323
0.01383
0.00680
0.00447
0.00489
0.00137
0.02059
0.04062
0.02924
0.05421
0.06105
0.04951
0.09404
0.10198
0.10286
0.10818
0.11978
0.12304
0.13712
0.16066
0.15116
0.11219
0.12201
0.09233
0.06610
0.04711
0.05765
0.05367
0.05299
0.07068
0.09016
0.11328
0.12537
0.07671
0.09641
0.09073
0.08901
0.11813
0.10046
0.12708
0.10291
0.10858
0.12649
0.14820
0.13568
0.09491
0.12647
0.14154
0.16334
0.18282
0.18025
0.19366
0.20175
0.15214
0.11016
0.12848
0.11227
0.12934
0.11050
0.11254
0.09412
0.05921
0.07106
0.07766
0.06310
0.06176
0.05734
0.07061
0.06682
0.06097
0.07527
0.06488
0.04463
0.00879
0.01389
0.02414
0.06141
0.05663
0.05327
0.05361
0.05313
0.01744
0.00583
0.01206
0.05203
0.04837
0.07008
0.09472
0.08487
0.12563
0.12580
0.10342
0.11602
0.08566
0.08181
0.09041
0.07489
0.08556
0.11077
0.13083
0.14439
0.14393
0.14245
0.12854
0.13102
0.12250
0.11602
0.12512
0.14798
0.16126
0.16570
0.15441
0.14308
0.13721
0.12706
0.14289
0.12275
0.11074
0.10355
0.11107
0.13375
0.08578
0.08753
0.10270
0.10907
0.09487
0.12278
0.10616
0.10701
0.11722
0.13152
0.09400
0.07471
0.09495
0.09447
0.07797
0.01613
0.00000
0.00698
0.00038
0.00000
0.01200
0.00993
0.00831
0.00029
0.01606
0.00000
0.03043
0.00478
0.06419
0.06611
0.06791
0.07099
0.05697
0.05396
0.05288
0.05452
0.09288
0.09988
0.08069
0.05109
0.05728
0.06045
0.07949
0.07674
0.06949
0.08740
0.07336
0.04016
0.03782
0.04955
0.04175
0.00860
0.00092
0.00000
0.03436
0.06292
0.03705
0.04703
0.03679
0.03259
0.04330
0.03664
0.04968
0.05772
0.08099
0.06675
0.05953
0.06140
0.04618
0.09626
0.09285
0.11516
0.06615
0.05243
0.06435
0.02439
0.03854
0.02562
0.02038
0.02868
0.06776
0.11741
0.11737
0.08543
0.07525
0.09653
0.07684
0.07185
0.03960
0.05052
0.05081
0.08547
0.07098
0.06490
0.05054
0.00940
0.02957
0.07401
0.07844
0.07653
0.07116
0.06613
0.02355
0.02716
0.00660
0.04837
0.05851
0.07072
0.08679
0.11231
0.10535
0.10465
0.10465
0.12544
0.12787
0.14647
0.13968
0.14947
0.12945
0.14128
0.13451
0.10584
0.08071
0.08858
0.07767
0.06811
0.06838
0.05927
0.05283
0.04573
0.02996
0.05677
0.06938
0.05948
0.07289
0.08932
0.13300
0.15505
0.16379
0.16762
0.14631
0.13057
0.14459
0.18556
0.12191
0.15084
0.14188
0.13251
0.15560
0.19156
0.19987
0.20154
0.23652
0.17280
0.12544
0.12765
0.14114
0.15900
0.16033
0.14113
0.16153
0.17481
0.17260
0.12871
0.13316
0.07203
0.05586
0.06742
0.08533
0.04215
0.05460
0.08955
0.07253
0.10660
0.08027
0.07146
0.12014
0.09439
0.08919
0.14085
0.15547
0.17154
0.14739
0.15476
0.14199
0.11587
0.13561
0.11914
0.13242
0.14601
0.13646
0.10959
0.09432
0.13444
0.15183
0.15005
0.17930
0.17466
0.18001
0.16352
0.14735
0.13232
0.13323
0.12741
0.18183
0.15251
0.18621
0.15037
0.12217
0.10868
0.10635
0.11357
0.11922
0.11473
0.13023
0.14213
0.14128
0.10155
0.07354
0.09437
0.09451
0.07812
0.10276
0.07589
0.14197
0.13156
0.13867
0.17087
0.14080
0.11000
0.11754
0.08934
0.06606
0.03668
0.02858
0.00902
0.02254
0.03544
0.04357
0.04522
0.05439
0.01060
0.01774
0.00033
0.00696
0.02275
0.06493
0.07700
0.10619
0.10270
0.08023
0.03812
0.06485
0.09758
0.06031
0.00000
0.02553
0.05148
0.03328
0.05053
0.04685
0.05315
0.06569
0.07579
0.05564
0.05199
0.08840
0.08832
0.08495
0.10832
0.14392
0.16438
0.16865
0.19804
0.18695
0.19218
0.19707
0.24332
0.20861
0.20041
0.17846
0.21274
0.23280
0.22319
0.21226
0.22031
0.22348
0.22508
0.24731
0.23008
0.25125
0.23193
0.18982
0.17614
0.13503
0.13661
0.08633
0.06807
0.05856
0.05399
0.05468
0.04523
0.03326
0.03593
0.05812
0.03337
0.04609
0.03780
0.00132
0.01163
0.02424
0.01678
0.04791
0.09321
0.09513
0.08910
0.05383
0.05718
0.06383
0.06202
0.08014
0.09277
0.09314
0.05801
0.06506
0.06100
0.05489
0.04767
0.04333
0.03788
0.02291
0.02472
0.01538
0.00087
0.00000
0.01128
0.00962
0.00392
0.04106
0.05827
0.08964
0.08310
0.09024
0.07491
0.04471
0.01187
0.02840
0.06352
0.05402
0.06437
0.08990
0.06915
0.07809
0.07465
0.10741
0.08746
0.09155
0.06377
0.04855
0.03491
0.00999
0.02839
0.00000
0.00000
0.00258
0.00552
0.00981
0.00000
0.00750
0.01385
0.02323
0.03189
0.06780
0.02938
0.00238
0.00959
0.04202
0.02643
0.02825
0.01183
0.03306
0.05239
0.01685
0.01118
0.03230
0.06134
0.04869
0.03420
0.05087
0.04188
0.05338
0.09826
0.07208
0.06964
0.07926
0.08844
0.09196
0.07969
0.05419
0.09981
0.09008
0.09616
0.08518
0.06853
0.04878
0.05623
0.03887
0.05326
0.05753
0.05090
0.04364
0.03153
0.01973
0.03929
0.08402
0.06323
0.07388
0.07550
0.05458
0.04786
0.05118
0.04411
0.02822
0.00000
0.00000
0.03809
0.03465
0.05146
0.03668
0.02192
0.00753
0.01262
0.05592
0.04543
0.04095
0.04976
0.03256
0.02202
0.03116
0.02822
0.00856
0.00000
0.01282
0.07926
0.08479
0.05797
0.04116
0.02482
0.04146
0.06427
0.06035
0.02715
0.03159
0.04505
0.04052
0.08659
0.08123
0.06582
0.07779
0.06228
0.01457
0.01078
0.02794
0.08598
0.06243
0.07097
0.07533
0.08029
0.07734
0.07585
0.05528
0.06030
0.03292
0.06126
0.10301
0.08296
0.05811
0.07715
0.04288
0.08211
0.08357
0.06989
0.07735
0.08080
0.07461
0.08805
0.09435
0.08707
0.08433
0.09449
0.14235
0.12952
0.13841
0.13581
0.13504
0.10646
0.08806
0.07252
0.09094
0.10139
0.09213
0.06989
0.05331
0.06368
0.04715
0.03653
0.02974
0.03958
0.04138
0.05957
0.03392
0.07899
0.12228
0.10534
0.08615
0.12163
0.13361
0.12416
0.09466
0.12829
0.11761
0.09029
0.11296
0.09922
0.09756
0.08097
0.07688
0.03818
0.01793
0.04485
0.03794
0.01599
0.01421
0.00000
0.04817
0.00000
0.00011
0.01587
0.00000
0.00000
0.02190
0.04755
0.10586
0.11167
0.11969
0.16293
0.16207
0.17071
0.16407
0.18731
0.16131
0.16408
0.15206
0.12341
0.12539
0.11150
0.14709
0.12843
0.14905
0.15888
0.13713
0.13938
0.13704
0.14375
0.14722
0.16726
0.17527
0.17765
0.14935
0.13280
0.13091
0.11357
0.11126
0.13932
0.12296
0.07548
0.06487
0.10307
0.09499
0.11574
0.16197
0.18295
0.18987
0.13018
0.10553
0.07301
0.07165
0.09455
0.04013
0.07073
0.06239
0.05940
0.13442
0.12623
0.16095
0.17696
0.17171
0.14122
0.12490
0.08428
0.06549
0.04727
0.04962
0.02672
0.07628
0.08917
0.11409
0.13667
0.11718
0.11403
0.10174
0.10517
0.11786
0.09128
0.07941
0.10863
0.12275
0.11252
0.11104
0.13330
0.10402
0.09454
0.04989
0.04871
0.06182
0.06158
0.06327
0.06499
0.06124
0.07369
0.07119
0.08367
0.09191
0.05563
0.05708
0.07486
0.09766
0.10993
0.10957
0.13350
0.13888
0.12289
0.12768
0.13137
0.13230
0.13874
0.13544
0.14315
0.17307
0.18947
0.20293
0.22005
0.20406
0.21898
0.22699
0.24200
0.23887
0.20348
0.20396
0.21420
0.22651
0.24654
0.29370
0.29273
0.28216
0.28131
0.28668
0.27096
0.27866
0.26075
0.27761
0.28282
0.28218
0.25707
0.22493
0.24716
0.25571
0.25333
0.19658
0.17274
0.18516
0.17744
0.19155
0.21199
0.19698
0.18785
0.17323
0.19154
0.18985
0.21236
0.22780
0.23956
0.17464
0.17496
0.16228
0.14808
0.14808
0.12702
0.14305
0.15559
0.16725
0.14430
0.13436
0.12583
0.07094
0.08018
0.10294
0.12919
0.11869
0.11670
0.09843
0.11969
0.10597
0.08509
0.06557
0.07611
0.07946
0.11432
0.04574
0.01023
0.00000
0.00055
0.00000
0.00000
0.00289
0.00655
0.06718
0.05187
0.05960
0.07851
0.07159
0.05500
0.06475
0.04935
0.06099
0.07352
0.10898
0.07240
0.05247
0.01422
0.02253
0.01451
0.01644
0.01270
0.00000
0.00000
0.01106
0.00914
0.00965
0.04199
0.02181
0.03085
0.01677
0.00824
0.00675
0.02387
0.04024
0.03543
0.05053
0.04213
0.08311
0.07727
0.08713
0.08821
0.09585
0.05404
0.05890
0.05337
0.05852
0.05959
0.06278
0.08248
0.07980
0.06986
0.09938
0.12481
0.11719
0.09422
0.12183
0.09900
0.09598
0.08859
0.08855
0.07119
0.07711
0.06523
0.06286
0.05027
0.02231
0.00096
0.00045
0.02453
0.01327
0.03929
0.02205
0.02711
0.02449
0.02862
0.03844
0.00827
0.02792
0.00000
0.01172
0.02498
0.01260
0.01439
0.00476
0.00000
0.00000
0.00158
0.00225
0.00541
0.01966
0.03354
0.00631
0.00685
0.00000
0.01075
0.00524
0.01467
0.01000
0.01340
0.03670
0.02212
0.02482
0.01586
0.01610
0.04814
0.03832
0.04583
0.06180
0.09217
0.08694
0.11564
0.09874
0.11443
0.11007
0.14351
0.11453
0.09679
0.13279
0.08122
0.11342
0.09635
0.09359
0.11747
0.09585
0.07030
0.08400
0.09033
0.10901
0.16078
0.17017
0.17401
0.17401
0.19849
0.19062
0.19429
0.16954
0.18147
0.19363
0.21378
0.22108
0.19903
0.22950
0.22688
0.18883
0.20601
0.20562
0.21736
0.22931
0.20827
0.19219
0.16188
0.13172
0.11211
0.11775
0.11087
0.12422
0.13488
0.16431
0.21311
0.22969
0.24557
0.23419
0.24166
0.22309
0.22282
0.19836
0.19683
0.17680
0.17269
0.16469
0.16744
0.17269
0.17108
0.16115
0.13669
0.14167
0.14629
0.15910
0.17390
0.16575
0.20569
0.16945
0.17854
0.18717
0.19293
0.17694
0.15016
0.15121
0.17633
0.16862
0.13089
0.11488
0.09464
0.06047
0.09560
0.12818
0.08173
0.10998
0.10553
0.09302
0.08175
0.10645
0.08217
0.06937
0.05957
0.10449
0.10449
0.10872
0.12069
0.10021
0.13272
0.12409
0.11149
0.12453
0.09636
0.08920
0.08208
0.08914
0.08799
0.08042
0.09792
0.09908
0.09834
0.05935
0.06499
0.06765
0.08208
0.08840
0.07227
0.07285
0.04430
0.06010
0.08293
0.07682
0.12110
0.13797
0.12821
0.12304
0.12410
0.09832
0.10677
0.06362
0.07419
0.09481
0.08096
0.09591
0.13895
0.13799
0.13251
0.13922
0.13320
0.15469
0.16471
0.18550
0.13758
0.12419
0.12414
0.10579
0.07370
0.06067
0.07921
0.13703
0.18518
0.20084
0.20108
0.18405
0.17720
0.18691
0.17049
0.18452
0.18313
0.16829
0.16026
0.15134
0.18465
0.15271
0.17030
0.18714
0.20760
0.20234
0.20035
0.15794
0.18968
0.15892
0.17806
0.15819
0.11578
0.11973
0.11798
0.11929
0.08882
0.07467
0.07067
0.03602
0.07356
0.07901
0.10068
0.09509
0.10388
0.12648
0.18323
0.16740
0.12544
0.10722
0.09532
0.08628
0.07154
0.08548
0.07663
0.08213
0.02666
0.03393
0.08382
0.07788
0.06809
0.06562
0.08022
0.11800
0.14625
0.15025
0.16401
0.17369
0.16764
0.16898
0.17089
0.19416
0.16663
0.17857
0.17652
0.17731
0.17894
0.14919
0.15793
0.14725
0.14246
0.12110
0.16567
0.16002
0.15807
0.18266
0.21505
0.21060
0.23103
0.20569
0.18558
0.21687
0.22117
0.26082
0.25534
0.28543
0.29274
0.31877
0.31547
0.30856
0.31193
0.33140
0.30025
0.27729
0.27422
0.26471
0.29341
0.28075
0.22680
0.24677
0.25946
0.25163
0.26434
0.21695
0.21736
0.23357
0.21222
0.20026
0.15789
0.14478
0.16802
0.17596
0.13183
0.13936
0.13271
0.15418
0.16965
0.18613
0.19934
0.21252
0.20926
0.23824
0.23184
0.22477
0.20991
0.21443
0.23372
0.22140
0.19829
0.17542
0.24742
0.26699
0.26535
0.25371
0.25520
0.21733
0.23402
0.24068
0.20456
0.20102
0.20846
0.21862
0.27749
0.27040
0.28314
0.26896
0.25295
0.25762
0.25219
0.24615
0.24422
0.20075
0.21795
0.19974
0.22397
0.20097
0.17337
0.20032
0.15713
0.15932
0.10007
0.09486
0.06811
0.07366
0.06729
0.07216
0.08341
0.07245
0.07120
0.07374
0.08345
0.09302
0.10665
0.13971
0.14175
0.13928
0.09189
0.09142
0.07655
0.06262
0.04346
0.05076
0.08845
0.06768
0.06178
0.02875
0.02549
0.04855
0.04323
0.01523
0.00611
0.00815
0.00169
0.00796
0.00000
0.02406
0.02744
0.01103
0.01575
0.03092
0.01555
0.00857
0.01646
0.00937
0.04170
0.05433
0.03400
0.01410
0.00910
0.00174
0.01661
0.01039
0.00978
0.00000
0.00676
0.04427
0.06885
0.06835
0.05117
0.07414
0.04957
0.06209
0.02798
0.02278
0.00036
0.00135
0.01983
0.05880
0.06007
0.06803
0.03674
0.02496
0.01055
0.00034
0.01707
0.03751
0.03868
0.02188
0.01338
0.00375
0.00000
0.06168
0.10721
0.09834
0.09840
0.10965
0.07886
0.06393
0.07197
0.06136
0.07417
0.05609
0.04831
0.04813
0.05013
0.09143
0.10071
0.10868
0.14892
0.15176
0.10272
0.11623
0.15376
0.15593
0.14767
0.12181
0.13611
0.10798
0.12505
0.10711
0.10689
0.09641
0.10963
0.09374
0.07888
0.05220
0.04418
0.05888
0.06025
0.09751
0.06268
0.06090
0.03826
0.03899
0.08791
0.08693
0.07577
0.03423
0.02617
0.01716
0.04401
0.04083
0.06132
0.05446
0.05901
0.05204
0.03196
0.02842
0.03372
0.02810
0.02160
0.01768
0.03742
0.07219
0.08924
0.11796
0.05023
0.07036
0.09036
0.09161
0.11133
0.10580
0.10861
0.11730
0.10663
0.10526
0.09760
0.09817
0.07811
0.08050
0.06690
0.06621
0.06589
0.07617
0.10993
0.10767
0.11600
0.09074
0.05849
0.03946
0.03195
0.02197
0.03529
0.00022
0.00484
0.02101
0.04067
0.05729
0.03953
0.05815
0.02479
0.04771
0.07147
0.13506
0.14636
0.16900
0.14982
0.16882
0.15773
0.15648
0.11587
0.12156
0.12101
0.19717
0.17624
0.17641
0.19167
0.15507
0.16019
0.16930
0.16873
0.16283
0.14499
0.14378
0.15047
0.14996
0.20726
0.21292
0.22084
0.21381
0.20129
0.20718
0.19006
0.20918
0.20337
0.25923
0.29217
0.32035
0.29763
0.34489
0.37231
0.39408
0.42301
0.41802
0.41535
0.40509
0.41154
0.44612
0.45005
0.44636
0.42807
0.45801
0.45931
0.44086
0.42712
0.39796
0.44155
0.45506
0.45025
0.43169
0.43411
0.45533
0.47024
0.46548
0.43692
0.47562
0.49175
0.47058
0.45530
0.44852
0.39998
0.35481
0.39991
0.41658
0.39857
0.40565
0.41029
0.40378
0.37716
0.37431
0.41537
0.40351
0.40307
0.41702
0.44944
0.48054
0.47768
0.46158
0.44132
0.44609
0.45923
0.44528
0.46575
0.47630
0.46656
0.45787
0.44875
0.44176
0.41819
0.39217
0.37058
0.37426
0.36464
0.38659
0.37958
0.37780
0.38482
0.38906
0.39396
0.34392
0.33355
0.24814
0.25188
0.21821
0.20422
0.17267
0.20679
0.23765
0.25906
0.24687
0.23863
0.21277
0.19282
0.18801
0.17824
0.17671
0.19026
0.19756
0.20626
0.19382
0.18960
0.21594
0.19932
0.20777
0.19093
0.17783
0.17703
0.16669
0.11350
0.09508
0.08646
0.07712
0.06684
0.03314
0.05932
0.09029
0.11906
0.09769
0.12773
0.14563
0.12683
0.13865
0.14954
0.16072
0.16106
0.18351
0.18236
0.20070
0.19978
0.17259
0.14741
0.15354
0.14589
0.14749
0.15115
0.19091
0.22055
0.24629
0.22545
0.21895
0.21118
0.23446
0.24961
0.27838
0.27191
0.28219
0.26306
0.27366
0.26448
0.28897
0.27082
0.27210
0.24218
0.23037
0.20881
0.17763
0.20123
0.14697
0.14883
0.14690
0.19986
0.14482
0.12735
0.15064
0.14676
0.15631
0.15865
0.15083
0.10864
0.06114
0.09347
0.11217
0.11912
0.12763
0.11493
0.12861
0.12269
0.10017
0.08990
0.06224
0.04714
0.02889
0.03260
0.06012
0.09119
0.07726
0.07140
0.06866
0.05519
0.04351
0.04923
0.02255
0.02647
0.08357
0.05752
0.07078
0.09493
0.10634
0.07153
0.07554
0.09626
0.14433
0.16603
0.15773
0.16276
0.13704
0.12493
0.16933
0.18784
0.17363
0.13898
0.18279
0.17743
0.19637
0.15909
0.11910
0.08825
0.07702
0.08480
0.08456
0.07806
0.06999
0.07172
0.08629
0.07894
0.09527
0.06478
0.03939
0.03442
0.00000
0.01838
0.03871
0.04017
0.06310
0.08268
0.06771
0.05913
0.05843
0.07333
0.05002
0.05505
0.02952
0.04378
0.02369
0.01553
0.02604
0.03575
0.00991
0.00991
0.00000
0.02193
0.00000
0.02252
0.02296
0.03468
0.07402
0.03278
0.02524
0.01860
0.01695
0.03522
0.02278
0.05384
0.02829
0.06411
0.08282
0.11979
0.13600
0.11264
0.14053
0.18041
0.17563
0.11260
0.09314
0.10453
0.11441
0.06039
0.04624
0.03700
0.03083
0.05157
0.00682
0.00001
0.04001
0.03751
0.03676
0.03152
0.02953
0.05068
0.04097
0.05757
0.04023
0.04423
0.05707
0.06906
0.06294
0.10177
0.11578
0.13412
0.13257
0.14691
0.17295
0.18914
0.19627
0.17251
0.18146
0.18742
0.18962
0.20599
0.22075
0.21196
0.22173
0.20702
0.23391
0.23787
0.20430
0.23783
0.25833
0.30490
0.31522
0.33636
0.27202
0.26452
0.27204
0.26672
0.24056
0.25258
0.21721
0.22992
0.21893
0.24582
0.21902
0.23483
0.23585
0.23713
0.22941
0.22559
0.25553
0.22299
0.20106
0.19783
0.17654
0.19949
0.23012
0.23924
0.23879
0.27055
0.20469
0.23211
0.20996
0.26194
0.21435
0.21586
0.19618
0.20434
0.22660
0.24861
0.26227
0.27611
0.33720
0.33895
0.34702
0.34759
0.38032
0.35294
0.32899
0.31625
0.30880
0.33424
0.29271
0.28281
0.29262
0.27703
0.33517
0.30919
0.31880
0.35399
0.36440
0.33932
0.33448
0.34534
0.33279
0.35773
0.38859
0.36936
0.36183
0.35274
0.34686
0.34656
0.36986
0.39889
0.39787
0.41163
0.39244
0.39731
0.42452
0.39513
0.40462
0.39097
0.44389
0.44030
0.41457
0.41650
0.42434
0.46388
0.39756
0.38734
0.38888
0.38344
0.38878
0.36113
0.37905
0.37533
0.36555
0.36562
0.35053
0.33497
0.30075
0.31005
0.33384
0.29683
0.30334
0.30073
0.30660
0.28858
0.31214
0.31121
0.30330
0.29394
0.29854
0.34106
0.35344
0.30721
0.30649
0.28034
0.30092
0.24429
0.24382
0.26272
0.24998
0.26054
0.27989
0.30019
0.31241
0.31266
0.30617
0.30152
0.28909
0.28633
0.27088
0.28693
0.28004
0.24822
0.28224
0.24753
0.25519
0.23435
0.21906
0.22086
0.21927
0.24095
0.21163
0.21544
0.17071
0.17414
0.14716
0.19137
0.19901
0.19754
0.19132
0.19029
0.19336
0.17474
0.15696
0.18103
0.18495
0.19988
0.23203
0.23426
0.24153
0.19401
0.18867
0.18892
0.16377
0.19544
0.21522
0.23898
0.28539
0.26812
0.24395
0.23261
0.25094
0.26807
0.26611
0.29130
0.32586
0.31354
0.30396
0.35047
0.35888
0.36508
0.36512
0.37424
0.38669
0.38932
0.36880
0.35567
0.35127
0.34668
0.34787
0.35856
0.33510
0.35342
0.35715
0.38501
0.34813
0.35347
0.36993
0.35750
0.31764
0.31478
0.31507
0.33194
0.33537
0.30673
0.29571
0.31379
0.30689
0.34390
0.31777
0.31720
0.31869
0.31075
0.28181
0.24970
0.26233
0.24633
0.24946
0.23692
0.22442
0.19550
0.17307
0.17837
0.16629
0.13153
0.15825
0.17893
0.15019
0.13120
0.10877
0.12479
0.15690
0.18844
0.15473
0.10406
0.09545
0.12962
0.14156
0.13801
0.06421
0.10060
0.11067
0.07189
0.08109
0.09263
0.06893
0.07034
0.07638
0.08285
0.08007
0.08814
0.08447
0.05911
0.02281
0.02182
0.01936
0.00000
0.01231
0.01295
0.02957
0.00066
0.01411
0.00015
0.00000
0.00183
0.00164
0.02021
0.03167
0.03289
0.03773
0.05700
0.04025
0.04893
0.04539
0.04942
0.00470
0.02505
0.05398
0.05184
0.07392
0.07030
0.07547
0.07937
0.09355
0.08033
0.09657
0.10971
0.10381
0.06256
0.06227
0.09680
0.08696
0.05942
0.05106
0.02658
0.04798
0.02789
0.02607
0.06066
0.06776
0.07356
0.07913
0.08441
0.04268
0.04723
0.01480
0.01734
0.02472
0.01075
0.05274
0.03637
0.01448
0.01813
0.01656
0.02634
0.03138
0.01044
0.00733
0.01338
0.03244
0.02857
0.00000
0.03570
0.00255
0.00899
0.00028
0.01903
0.00541
0.03283
0.06693
0.10712
0.08141
0.07840
0.01939
0.00000
0.03032
0.03772
0.03146
0.01393
0.04336
0.07020
0.06185
0.06237
0.06923
0.06661
0.06164
0.05077
0.04921
0.07104
0.07724
0.07785
0.06518
0.08650
0.08515
0.08999
0.09589
0.08773
0.08062
0.07627
0.09399
0.09028
0.10423
0.09909
0.12063
0.09499
0.09083
0.09340
0.08634
0.04019
0.06474
0.04829
0.06556
0.06539
0.04410
0.04856
0.08919
0.08762
0.07704
0.07521
0.03183
0.01621
0.04445
0.05032
0.05366
0.04722
0.04174
0.04780
0.04479
0.06107
0.08393
0.07985
0.09288
0.09435
0.09009
0.09063
0.10260
0.11786
0.09882
0.11591
0.11039
0.10536
0.14404
0.14982
0.13985
0.12008
0.11396
0.06201
0.02504
0.06667
0.05893
0.06637
0.04831
0.02063
0.03126
0.02832
0.00013
0.00824
0.04579
0.05304
0.08626
0.09906
0.08774
0.06775
0.07528
0.05197
0.07457
0.07921
0.09608
0.09390
0.12168
0.10327
0.10536
0.10022
0.10346
0.12034
0.13430
0.11340
0.12290
0.12116
0.13761
0.11005
0.11720
0.11834
0.12374
0.12107
0.11839
0.11418
0.10995
0.09846
0.11358
0.09491
0.08015
0.05667
0.07928
0.06912
0.08933
0.06282
0.05567
0.07426
0.07103
0.10651
0.10408
0.11844
0.08170
0.09747
0.09934
0.09702
0.09010
0.08102
0.00864
0.00000
0.01520
0.00264
0.00800
0.03157
0.04743
0.04086
0.02983
0.03140
0.03003
0.04573
0.00000
0.00694
0.01129
0.01427
0.01238
0.02230
0.07783
0.05881
0.07498
0.06492
0.08276
0.07574
0.05743
0.04093
0.03918
0.01301
0.04391
0.08165
0.08099
0.08976
0.06459
0.05434
0.05813
0.07267
0.06595
0.05559
0.06407
0.08099
0.09384
0.09384
0.08014
0.07150
0.10243
0.09233
0.09463
0.12554
0.13220
0.14061
0.17677
0.16490
0.17161
0.16191
0.16167
0.17988
0.15362
0.18653
0.16981
0.16406
0.17033
0.19081
0.25872
0.23968
0.20667
0.21897
0.25174
0.24257
0.22054
0.19200
0.18227
0.14127
0.14569
0.12590
0.13039
0.12805
0.16139
0.16305
0.17218
0.18554
0.19896
0.16798
0.11830
0.10755
0.12078
0.12347
0.11350
0.10066
0.08251
0.07373
0.06181
0.08189
0.08674
0.08461
0.08426
0.08044
0.06115
0.05666
0.00000
0.00514
0.01394
0.05406
0.05960
0.09243
0.09306
0.05180
0.07850
0.06574
0.05729
0.05964
0.03608
0.01228
0.01866
0.04220
0.06579
0.04281
0.01709
0.01567
0.00000
0.00000
0.00000
0.00000
0.02998
0.05113
0.03190
0.03783
0.03267
0.03310
0.02943
0.00653
0.03500
0.03328
0.08338
0.08514
0.04975
0.04421
0.01764
0.02532
0.00000
0.00000
0.02120
0.02029
0.00699
0.02414
0.01853
0.01917
0.03366
0.02909
0.02514
0.01794
0.00000
0.00368
0.00934
0.02090
0.03838
0.04609
0.03124
0.04102
0.05702
0.00440
0.01182
0.01681
0.03969
0.03175
0.02333
0.02442
0.04872
0.04334
0.09856
0.05667
0.07037
0.05914
0.08143
0.07275
0.08636
0.09201
0.09010
0.09420
0.11955
0.13289
0.13272
0.15350
0.19809
0.15463
0.13081
0.19889
0.15061
0.12987
0.14162
0.14747
0.19495
0.18676
0.22163
0.21466
0.20585
0.22352
0.24419
0.26695
0.26144
0.27205
0.29145
0.33626
0.39171
0.42181
0.40077
0.42736
0.42270
0.41355
0.40396
0.40591
0.34228
0.32721
0.30659
0.34490
0.31763
0.31853
0.31987
0.33175
0.32647
0.30599
0.32656
0.36777
0.39388
0.36926
0.34334
0.40292
0.38991
0.38614
0.35043
0.35237
0.37121
0.34129
0.34821
0.38489
0.34211
0.33040
0.26926
0.27422
0.28091
0.26856
0.26592
0.26342
0.26965
0.23263
0.22523
0.23559
0.24481
0.26139
0.26656
0.25691
0.29103
0.27787
0.24040
0.22857
0.17707
0.15730
0.18600
0.19330
0.17983
0.21060
0.24815
0.22529
0.20428
0.20432
0.23404
0.20724
0.21662
0.23138
0.26203
0.26845
0.29585
0.31627
0.33347
0.33960
0.36925
0.39375
0.38553
0.35946
0.39873
0.37624
0.36604
0.34484
0.33727
0.35788
0.37271
0.34640
0.31567
0.31334
0.26822
0.33491
0.35579
0.33646
0.37120
0.37597
0.39218
0.42092
0.43436
0.40985
0.39197
0.38684
0.36825
0.37172
0.36684
0.38326
0.37894
0.32543
0.28777
0.29179
0.30324
0.30575
0.31369
0.28075
0.26541
0.26214
0.24877
0.21648
0.21643
0.21966
0.18926
0.18527
0.19508
0.13996
0.12462
0.07964
0.06085
0.07534
0.09409
0.10446
0.09334
0.11617
0.11772
0.12860
0.09021
0.04719
0.04018
0.04711
0.07453
0.10925
0.08344
0.08207
0.11091
0.12305
0.16414
0.16579
0.19003
0.20134
0.18461
0.20465
0.20995
0.21064
0.20431
0.21528
0.22458
0.23776
0.20455
0.19401
0.21901
0.21235
0.21424
0.20626
0.17902
0.20320
0.25969
0.23719
0.24010
0.24360
0.26123
0.27074
0.27593
0.31509
0.32903
0.33571
0.32939
0.33045
0.30985
0.33689
0.31838
0.31844
0.29254
0.30001
0.28143
0.28543
0.28386
0.28017
0.30915
0.29153
0.28931
0.29229
0.26245
0.27155
0.29414
0.30180
0.28108
0.27108
0.27504
0.28493
0.28860
0.24761
0.27275
0.26172
0.24292
0.23965
0.25559
0.27569
0.26898
0.28133
0.28015
0.30137
0.31773
0.29892
0.31267
0.34799
0.33192
0.36484
0.31000
0.31039
0.30219
0.31173
0.35723
0.34047
0.30367
0.30591
0.29506
0.25450
0.24788
0.23761
0.25450
0.25681
0.21955
0.23199
0.20935
0.20682
0.18491
0.21738
0.23566
0.27027
0.32563
0.32202
0.32974
0.33070
0.34462
0.32402
0.32957
0.29277
0.29210
0.28416
0.23497
0.25281
0.26947
0.28291
0.31595
0.31787
0.33746
0.35545
0.36679
0.35786
0.37804
0.36201
0.35731
0.33308
0.31983
0.35120
0.33632
0.35545
0.34793
0.35980
0.34347
0.33409
0.35788
0.36514
0.39797
0.42617
0.43570
0.46819
0.45211
0.45476
0.44955
0.46004
0.48063
0.48319
0.51771
0.49818
0.50309
0.51280
0.50432
0.52351
0.55044
0.52794
0.52792
0.50620
0.51377
0.53435
0.54116
0.53954
0.52923
0.52902
0.52001
0.51098
0.51914
0.52068
0.52456
0.57404
0.58495
0.56797
0.55225
0.53090
0.51281
0.50831
0.50724
0.51005
0.51973
0.53674
0.53972
0.52946
0.54086
0.53958
0.52443
0.52407
0.52530
0.52250
0.55368
0.54625
0.54424
0.60719
0.59501
0.56965
0.58243
0.58146
0.60282
0.60887
0.61553
0.60485
0.61285
0.57887
0.57957
0.55241
0.55126
0.57731
0.58955
0.61470
0.60773
0.60830
0.61533
0.59895
0.58397
0.60243
0.59229
0.62858
0.65523
0.66130
0.65375
0.64145
0.68622
0.72089
0.69059
0.68854
0.70611
0.70824
0.67540
0.66662
0.66004
0.65489
0.61245
0.60878
0.59892
0.60327
0.61372
0.59424
0.58287
0.57115
0.59809
0.62161
0.62714
0.55980
0.57453
0.56688
0.58147
0.59950
0.56670
0.59432
0.58818
0.59029
0.56826
0.53966
0.53403
0.55577
0.57609
0.60797
0.60266
0.59008
0.58712
0.59741
0.60057
0.61579
0.63880
0.65237
0.65654
0.65120
0.69895
0.68119
0.68477
0.70036
0.69241
0.68625
0.71097
0.70265
0.70810
0.66900
0.66053
0.67552
0.64991
0.68829
0.69469
0.70628
0.72824
0.70869
0.69515
0.67054
0.68693
0.68855
0.67043
0.67204
0.66539
0.69312
0.69471
0.70494
0.66106
0.65019
0.63565
0.62849
0.61579
0.61477
0.60643
0.58891
0.58858
0.59777
0.56972
0.57997
0.61187
0.61640
0.56758
0.57632
0.55123
0.53378
0.57779
0.58049
0.58234
0.59279
0.57933
0.58593
0.59727
0.63902
0.67223
0.68796
0.70254
0.67511
0.65427
0.65481
0.64050
0.65505
0.66916
0.66447
0.64820
0.65721
0.61445
0.59611
0.60446
0.60470
0.65967
0.63532
0.62147
0.66060
0.61685
0.65004
0.62531
0.64692
0.65133
0.65226
0.63641
0.61906
0.57626
0.53087
0.55980
0.53715
0.53623
0.53530
0.58655
0.57667
0.56223
0.58533
0.57442
0.55352
0.56030
0.60832
0.63403
0.63752
0.63721
0.62813
0.65736
0.66968
0.64856
0.63988
0.65344
0.64871
0.63584
0.62381
0.61730
0.62501
0.65315
0.71032
0.70614
0.68865
0.65697
0.59106
0.57358
0.55043
0.61573
0.63606
0.61370
0.59974
0.58489
0.54886
0.51973
0.52768
0.52645
0.45362
0.49629
0.50608
0.49788
0.48270
0.46610
0.44288
0.40520
0.37569
0.39087
0.37788
0.37690
0.39667
0.38135
0.38051
0.40528
0.40136
0.41121
0.42221
0.40394
0.41720
0.40978
0.38719
0.33388
0.33255
0.32328
0.32359
0.33266
0.31522
0.31431
0.32499
0.27648
0.25530
0.23280
0.23271
0.25678
0.23736
0.17668
0.17787
0.16103
0.15045
0.15221
0.11013
0.13031
0.13838
0.16105
0.17025
0.20119
0.20623
0.21394
0.24297
0.22446
0.25363
0.26395
0.25026
0.24009
0.26341
0.25357
0.25862
0.26118
0.25729
0.26816
0.26390
0.23536
0.20766
0.27512
0.26612
0.27686
0.31177
0.27192
0.26053
0.25249
0.24695
0.21924
0.24849
0.22242
0.20776
0.17875
0.17877
0.18804
0.23592
0.24760
0.22156
0.20267
0.22771
0.20905
0.18516
0.21827
0.23566
0.22205
0.22124
0.22134
0.22053
0.21098
0.25303
0.23464
0.22527
0.17420
0.17336
0.14802
0.14236
0.15248
0.16573
0.17569
0.15021
0.17870
0.13547
0.11551
0.10735
0.08924
0.07497
0.11276
0.09657
0.10509
0.14696
0.11776
0.10509
0.10236
0.09495
0.09533
0.11855
0.11251
0.09856
0.10376
0.13090
0.11731
0.12415
0.12060
0.07809
0.08480
0.10614
0.06028
0.04522
0.05328
0.05857
0.06158
0.05220
0.03362
0.01396
0.01594
0.01856
0.02189
0.05334
0.07591
0.09895
0.13629
0.13562
0.12357
0.19352
0.23185
0.19856
0.16254
0.15985
0.15786
0.17222
0.21603
0.18689
0.18391
0.18912
0.18338
0.20079
0.19585
0.16824
0.12009
0.11296
0.09552
0.09017
0.08949
0.07934
0.07880
0.09811
0.08005
0.09205
0.08291
0.08496
0.08496
0.06001
0.05501
0.05757
0.08482
0.07985
0.10073
0.10076
0.12132
0.10112
0.11180
0.07229
0.08333
0.09365
0.08993
0.09941
0.09140
0.11829
0.11313
0.11897
0.11313
0.12205
0.13822
0.16305
0.14816
0.11315
0.12613
0.13413
0.12727
0.10278
0.14551
0.11619
0.15019
0.21180
0.18509
0.17058
0.15727
0.11231
0.10591
0.12948
0.13441
0.15028
0.17756
0.19719
0.17226
0.17945
0.16508
0.11517
0.14614
0.13526
0.13395
0.12121
0.15267
0.13191
0.15033
0.10753
0.11556
0.14221
0.14227
0.13241
0.09980
0.11966
0.14032
0.16049
0.14353
0.14557
0.08471
0.08004
0.06557
0.05984
0.09063
0.11820
0.14056
0.12499
0.13536
0.11465
0.12087
0.10113
0.10891
0.11371
0.06422
0.08404
0.02453
0.06245
0.04984
0.02120
0.03011
0.03403
0.00612
0.04969
0.02962
0.06460
0.09881
0.12120
0.12540
0.12322
0.09254
0.09944
0.10006
0.12695
0.11733
0.10033
0.15103
0.15509
0.11726
0.10427
0.12412
0.12463
0.12770
0.14785
0.13239
0.15554
0.15539
0.15881
0.15903
0.13240
0.10673
0.11466
0.07428
0.06724
0.05426
0.01666
0.02666
0.00000
0.01434
0.00153
0.04536
0.02068
0.00329
0.01692
0.00014
0.00443
0.00000
0.00691
0.00006
0.00072
0.05977
0.08116
0.08494
0.12203
0.13493
0.12233
0.13474
0.11971
0.11217
0.09968
0.12772
0.13682
0.13394
0.16045
0.13584
0.15294
0.15320
0.13553
0.16009
0.16868
0.17942
0.14676
0.17283
0.17675
0.14713
0.16030
0.17315
0.20530
0.20518
0.23998
0.20560
0.20793
0.17086
0.15742
0.16189
0.13999
0.11994
0.11512
0.09773
0.11495
0.12655
0.13250
0.11221
0.12633
0.13109
0.12741
0.11936
0.11880
0.12164
0.13641
0.15950
0.16653
0.16578
0.10561
0.11126
0.10924
0.14606
0.16372
0.14055
0.09986
0.11729
0.12538
0.09713
0.08072
0.09139
0.13018
0.16546
0.15652
0.16805
0.14569
0.12551
0.10172
0.08299
0.07109
0.09255
0.10364
0.08351
0.07719
0.10028
0.10030
0.10467
0.12719
0.14252
0.13883
0.11934
0.15484
0.15937
0.21046
0.17032
0.14877
0.16389
0.15885
0.18084
0.17384
0.13528
0.11569
0.14954
0.17576
0.18427
0.16474
0.16161
0.15471
0.16213
0.17919
0.19154
0.17581
0.13065
0.13918
0.11993
0.13804
0.16248
0.17714
0.19810
0.17772
0.15425
0.15458
0.16231
0.15239
0.15719
0.12981
0.14248
0.14635
0.13009
0.13591
0.11394
0.10951
0.12679
0.09451
0.11530
0.11560
0.12129
0.12380
0.16198
0.19408
0.21812
0.23897
0.24453
0.27401
0.27257
0.28439
0.28208
0.26275
0.26829
0.26230
0.26726
0.24410
0.24331
0.27639
0.30076
0.27266
0.27282
0.29871
0.29390
0.28253
0.30107
0.32069
0.29942
0.29352
0.31122
0.31061
0.33224
0.35506
0.33225
0.32174
0.34428
0.32355
0.32821
0.31509
0.33328
0.33565
0.32118
0.34011
0.38092
0.37299
0.37566
0.37509
0.40196
0.40251
0.36774
0.35226
0.32993
0.34610
0.33489
0.32856
0.30976
0.32362
0.35988
0.34086
0.39374
0.37811
0.39215
0.41919
0.38564
0.38033
0.36082
0.35675
0.40245
0.40181
0.41672
0.39312
0.38287
0.40538
0.39538
0.41230
0.40651
0.38610
0.40989
0.37662
0.31010
0.32156
0.30929
0.30786
0.29542
0.28040
0.27651
0.25665
0.22607
0.17145
0.13656
0.13884
0.11049
0.11071
0.11141
0.10098
0.10805
0.13233
0.12741
0.13090
0.09155
0.10428
0.16449
0.13435
0.11211
0.13015
0.15757
0.16763
0.19734
0.17555
0.18137
0.14573
0.15378
0.16968
0.20267
0.19860
0.19611
0.19058
0.18706
0.20774
0.19132
0.17546
0.17072
0.19004
0.19819
0.20832
0.20471
0.21015
0.21176
0.19818
0.20160
0.21453
0.21345
0.20418
0.18700
0.18690
0.18787
0.20342
0.21630
0.21692
0.20620
0.24524
0.24029
0.22555
0.24852
0.22643
0.20430
0.20287
0.18317
0.17323
0.18159
0.16246
0.13552
0.12710
0.11404
0.07171
0.09230
0.08014
0.05938
0.07423
0.06642
0.02889
0.01795
0.02904
0.00001
0.01218
0.00000
0.00636
0.00000
0.00000
0.01810
0.01510
0.00370
0.00000
0.00662
0.01676
0.00997
0.03309
0.04591
0.05140
0.07566
0.08676
0.04770
0.02917
0.03669
0.03219
0.02529
0.03321
0.04268
0.01441
0.01071
0.00000
0.00740
0.00056
0.02124
0.00007
0.01216
0.06694
0.09649
0.10190
0.07907
0.05288
0.04258
0.05522
0.07054
0.10139
0.08802
0.09612
0.11545
0.12973
0.10923
0.11400
0.12813
0.12309
0.11254
0.09272
0.08393
0.10622
0.13614
0.09943
0.07999
0.07436
0.04189
0.05861
0.07803
0.04180
0.05387
0.06131
0.04300
0.05601
0.05519
0.06157
0.03549
0.05220
0.08870
0.07890
0.07952
0.08628
0.09618
0.10781
0.10848
0.13587
0.11993
0.11996
0.07252
0.03725
0.02130
0.03513
0.01175
0.00000
0.00109
0.00000
0.00000
0.03911
0.04160
0.02688
0.01311
0.01888
0.01073
0.00000
0.00004
0.02386
0.04038
0.02849
0.04823
0.07496
0.05304
0.04929
0.05921
0.05308
0.02367
0.05358
0.05519
0.07486
0.04242
0.01543
0.00508
0.05794
0.08593
0.09624
0.16555
0.18865
0.19032
0.17902
0.15205
0.15972
0.14118
0.12627
0.11681
0.12293
0.12441
0.07590
0.09294
0.10409
0.12546
0.12146
0.14674
0.14105
0.13785
0.15299
0.14865
0.16739
0.18055
0.17200
0.16266
0.13524
0.16061
0.13607
0.15439
0.14559
0.14724
0.10907
0.12731
0.13504
0.12682
0.11667
0.10201
0.07418
0.06192
0.05283
0.05520
0.08839
0.09463
0.08882
0.14625
0.15639
0.15998
0.13682
0.16905
0.15474
0.14760
0.18315
0.17408
0.18002
0.16886
0.16507
0.17827
0.17883
0.20873
0.22834
0.25067
0.24753
0.21581
0.21726
0.20920
0.19201
0.16441
0.14989
0.17986
0.17938
0.11633
0.10177
0.11101
0.08873
0.09675
0.08884
0.08996
0.13971
0.11849
0.11048
0.10722
0.11691
0.11891
0.09283
0.04666
0.03633
0.03075
0.00706
0.00000
0.00147
0.00208
0.02671
0.04381
0.06340
0.03562
0.02987
0.01984
0.00583
0.01259
0.03080
0.01419
0.00547
0.01930
0.02897
0.02143
0.00633
0.02824
0.03603
0.02330
0.02621
0.00036
0.01744
0.02244
0.01099
0.00656
0.02596
0.02164
0.00000
0.00102
0.00000
0.06368
0.09559
0.09334
0.06298
0.07375
0.10058
0.13656
0.15380
0.12882
0.15164
0.15661
0.19253
0.22373
0.21459
0.19141
0.19779
0.18519
0.20106
0.16820
0.17488
0.18286
0.24088
0.24767
0.20736
0.20155
0.22137
0.22346
0.21937
0.21166
0.22653
0.28511
0.29521
0.26916
0.26757
0.26782
0.28389
0.27791
0.26700
0.25101
0.22371
0.21085
0.17642
0.15064
0.15726
0.17307
0.17620
0.19577
0.18167
0.23646
0.23722
0.22509
0.22488
0.23868
0.24083
0.23200
0.21269
0.19871
0.20008
0.17679
0.14581
0.13846
0.13308
0.12621
0.13150
0.11253
0.04786
0.09315
0.11956
0.10939
0.07701
0.07797
0.09725
0.10599
0.12900
0.14875
0.14881
0.16960
0.19510
0.21213
0.22450
0.22296
0.21660
0.22034
0.23219
0.20626
0.19817
0.20888
0.21738
0.18547
0.17476
0.18484
0.16343
0.16644
0.19832
0.17305
0.16281
0.14223
0.15292
0.17004
0.14925
0.15785
0.15815
0.12212
0.11685
0.11887
0.12920
0.06399
0.04039
0.02066
0.08024
0.06835
0.08955
0.09517
0.09000
0.09600
0.07034
0.09994
0.05531
0.04049
0.06297
0.03973
0.03450
0.00941
0.00026
0.04977
0.06338
0.04748
0.00647
0.04386
0.03183
0.04844
0.06943
0.09979
0.08660
0.06743
0.06773
0.04522
0.03987
0.01924
0.03526
0.03445
0.00000
0.02975
0.00000
0.00000
0.01351
0.01486
0.02474
0.00984
0.01549
0.01885
0.02505
0.03431
0.04621
0.06500
0.05169
0.05480
0.02553
0.04505
0.04870
0.03956
0.08672
0.07789
0.06319
0.09477
0.08600
0.07657
0.05697
0.04262
0.04363
0.04324
0.04331
0.00000
0.01539
0.01458
0.00360
0.01187
0.02904
0.04530
0.05056
0.04388
0.09080
0.09101
0.09394
0.10950
0.09222
0.06288
0.05124
0.05423
0.04152
0.04058
0.05706
0.08836
0.08112
0.06152
0.09018
0.08644
0.08936
0.09011
0.09003
0.12953
0.16377
0.18087
0.22982
0.21841
0.25817
0.25635
0.29676
0.27349
0.26063
0.23222
0.22675
0.22031
0.18190
0.22877
0.24307
0.21616
0.16844
0.18478
0.17336
0.16462
0.15351
0.15159
0.16249
0.15722
0.16617
0.18578
0.17635
0.17348
0.18269
0.16734
0.16902
0.18362
0.16704
0.16650
0.18056
0.18050
0.16427
0.18865
0.17748
0.16570
0.16415
0.15143
0.12885
0.10920
0.09773
0.11834
0.13949
0.15765
0.15240
0.13289
0.09690
0.11015
0.12945
0.12718
0.17055
0.16666
0.15431
0.16732
0.14998
0.13311
0.17031
0.15334
0.12470
0.12432
0.12789
0.12371
0.10047
0.13753
0.09833
0.09752
0.11372
0.10097
0.05159
0.05941
0.03799
0.04346
0.02719
0.08231
0.08089
0.08646
0.10024
0.10673
0.12299
0.12279
0.11633
0.09424
0.09262
0.09777
0.11617
0.09800
0.09353
0.09752
0.08795
0.05822
0.03337
0.03083
0.01858
0.03256
0.01833
0.07462
0.04976
0.03920
0.00533
0.00373
0.00000
0.01701
0.02507
0.02890
0.03773
0.06948
0.10689
0.10672
0.09598
0.12903
0.12528
0.15839
0.18751
0.16773
0.19458
0.19986
0.20515
0.19698
0.18795
0.19522
0.18510
0.20361
0.20384
0.17654
0.18136
0.19861
0.18280
0.20599
0.19775
0.20687
0.18521
0.18522
0.17217
0.15189
0.14382
0.13271
0.14394
0.13529
0.11171
0.10092
0.08288
0.08866
0.08406
0.10887
0.14657
0.14812
0.10193
0.08610
0.11227
0.11330
0.10626
0.11036
0.07316
0.05517
0.03485
0.03274
0.00835
0.03747
0.01647
0.01395
0.02469
0.02121
0.00963
0.01202
0.03673
0.06111
0.02281
0.00233
0.01719
0.02379
0.01625
0.04257
0.08778
0.07077
0.00460
0.00000
0.01354
0.00516
0.00732
0.03325
0.03915
0.02839
0.04486
0.06610
0.07289
0.08672
0.08770
0.09713
0.06948
0.04314
0.03684
0.04410
0.04374
0.00924
0.01089
0.01008
0.00699
0.02937
0.04038
0.08129
0.08462
0.03239
0.04819
0.02738
0.01551
0.00445
0.02941
0.02959
0.03453
0.02479
0.02382
0.05945
0.09759
0.09367
0.09627
0.14647
0.11995
0.13505
0.16171
0.14991
0.13640
0.09284
0.09926
0.10244
0.11827
0.12077
0.14612
0.13822
0.11411
0.12750
0.12229
0.11329
0.13863
0.16324
0.16138
0.13729
0.12803
0.15493
0.16498
0.17730
0.15325
0.13683
0.11237
0.08474
0.08106
0.05124
0.03093
0.05646
0.04540
0.04204
0.05667
0.08026
0.08471
0.08173
0.06134
0.05847
0.03018
0.02984
0.00000
0.00000
0.02023
0.00000
0.00000
0.00000
0.03201
0.03958
0.01930
0.01698
0.00000
0.00000
0.01831
0.03635
0.00830
0.02130
0.02041
0.03309
0.00445
0.03385
0.03484
0.01236
0.02778
0.01786
0.03797
0.04486
0.00379
0.00455
0.00969
0.00000
0.00000
0.00000
0.00516
0.04206
0.02348
0.02028
0.01675
0.00169
0.03047
0.01614
0.01003
0.01046
0.03742
0.03278
0.02085
0.02229
0.00533
0.00035
0.02395
0.05999
0.02630
0.02724
0.02814
0.03618
0.04149
0.03547
0.04119
0.03435
0.03744
0.04942
0.05269
0.03603
0.06193
0.08402
0.06313
0.08515
0.09293
0.08611
0.07662
0.04725
0.04275
0.00000
0.02773
0.02455
0.00372
0.03111
0.05228
0.02342
0.02226
0.06923
0.04279
0.03739
0.03778
0.06204
0.06181
0.05124
0.06506
0.01635
0.03192
0.04317
0.06542
0.10221
0.09122
0.07995
0.08139
0.06530
0.04768
0.04684
0.06111
0.04854
0.00000
0.00085
0.01796
0.03853
0.00271
0.01123
0.00247
0.00170
0.02944
0.01515
0.02856
0.02390
0.00432
0.00603
0.02399
0.00012
0.00000
0.01745
0.03512
0.05329
0.02704
0.04553
0.00911
0.00000
0.00767
0.04622
0.03838
0.02501
0.00000
0.03227
0.01228
0.05665
0.08025
0.06353
0.05638
0.05830
0.05827
0.04338
0.04020
0.04748
0.02602
0.03433
0.03412
0.03049
0.03074
0.05649
0.09035
0.08312
0.03368
0.05824
0.06965
0.07970
0.10895
0.11974
0.13544
0.15050
0.13580
0.13123
0.09434
0.06466
0.03948
0.03938
0.04708
0.05613
0.08590
0.12342
0.11871
0.11227
0.10722
0.11116
0.12675
0.12777
0.13406
0.14763
0.11622
0.11048
0.13972
0.12703
0.15103
0.14827
0.14856
0.16983
0.17057
0.17766
0.14695
0.16207
0.16147
0.17262
0.17036
0.16723
0.20145
0.22042
0.23643
0.24068
0.21703
0.21924
0.21114
0.22257
0.21710
0.19137
0.18086
0.16761
0.16300
0.16003
0.09941
0.09338
0.07213
0.06554
0.09344
0.08252
0.07530
0.07928
0.07024
0.06110
0.07496
0.08467
0.07121
0.05781
0.08048
0.05669
0.04239
0.04446
0.00000
0.00000
0.00007
0.00000
0.01059
0.01341
0.01126
0.01011
0.01911
0.02926
0.02272
0.01525
0.00423
0.00000
0.01138
0.02678
0.02116
0.00359
0.00492
0.00000
0.02905
0.02485
0.03779
0.01858
0.03725
0.03351
0.01554
0.00277
0.01167
0.01554
0.00000
0.00000
0.02380
0.02592
0.05081
0.03397
0.06164
0.10515
0.07379
0.07139
0.11897
0.12154
0.13477
0.08403
0.08153
0.08261
0.05664
0.08219
0.12569
0.12493
0.12814
0.10036
0.13311
0.12721
0.12981
0.15266
0.17091
0.19096
0.18814
0.18269
0.14295
0.15198
0.16176
0.13733
0.21394
0.21927
0.22350
0.21931
0.21909
0.22578
0.18685
0.19407
0.15341
0.17704
0.19639
0.21651
0.19242
0.18809
0.20223
0.21268
0.20164
0.17993
0.14488
0.14620
0.13611
0.14987
0.15576
0.21471
0.24510
0.30240
0.30968
0.26542
0.27411
0.31110
0.35280
0.36394
0.37456
0.33678
0.32406
0.32403
0.34252
0.33333
0.34877
0.32239
0.31342
0.30404
0.31260
0.27082
0.30450
0.31474
0.31164
0.29628
0.29279
0.26731
0.24283
0.23806
0.22017
0.23093
0.24956
0.28224
0.26767
0.28667
0.25047
0.24481
0.26310
0.27915
0.26844
0.28853
0.30041
0.30735
0.30943
0.29752
0.29972
0.26811
0.26998
0.24748
0.23054
0.22505
0.25793
0.24276
0.22757
0.22107
0.24419
0.20927
0.21922
0.21358
0.21478
0.22445
0.21280
0.21340
0.20213
0.16252
0.15643
0.18849
0.19401
0.18869
0.20040
0.20087
0.21542
0.20253
0.20685
0.21105
0.19857
0.19948
0.22143
0.24377
0.24704
0.23815
0.21404
0.20802
0.18072
0.21256
0.21937
0.18741
0.15261
0.13593
0.13499
0.14013
0.12103
0.10041
0.10736
0.10844
0.07910
0.07954
0.05389
0.06614
0.07984
0.05706
