0.00629
0.02748
0.02793
0.03532
0.00757
0.03983
0.03589
0.05110
0.07304
0.04546
0.06956
0.06491
0.05908
0.06479
0.03889
0.03679
0.03599
0.07106
0.05003
0.05233
0.05564
0.01717
0.00556
0.00000
0.03084
0.03004
0.06704
0.07194
0.11688
0.12225
0.14677
0.12222
0.11951
0.10883
0.12179
0.12410
0.11233
0.11429
0.09218
0.06540
0.06672
0.08240
0.06562
0.06752
0.06908
0.10896
0.09313
0.11795
0.11507
0.11562
0.08969
0.09582
0.09209
0.07400
0.08407
0.09439
0.07447
0.06824
0.07633
0.08859
0.07564
0.06763
0.04859
0.03376
0.03669
0.02842
0.03552
0.01651
0.02129
0.04418
0.04753
0.04433
0.07984
0.07813
0.07284
0.06976
0.04309
0.00261
0.01877
0.02253
0.02452
0.03174
0.02290
0.01583
0.04396
0.01837
0.03650
0.03508
0.07492
0.05714
0.07533
0.05867
0.06179
0.05311
0.07674
0.07819
0.06904
0.10808
0.09628
0.08507
0.08777
0.09997
0.05994
0.04510
0.03660
0.03990
0.04476
0.05237
0.06154
0.08414
0.05391
0.01726
0.02618
0.02878
0.04750
0.06351
0.08722
0.10442
0.10340
0.09951
0.11668
0.11002
0.10406
0.07859
0.07452
0.03966
0.01876
0.04720
0.08322
0.08077
0.07193
0.03088
0.04401
0.03223
0.03172
0.03215
0.04946
0.05528
0.04572
0.02892
0.03872
0.04762
0.04127
0.07505
0.03353
0.04156
0.03819
0.09419
0.10424
0.11870
0.09220
0.06636
0.10397
0.09952
0.09909
0.08799
0.07463
0.05936
0.03391
0.03639
0.06583
0.07409
0.10492
0.14501
0.15338
0.18347
0.15265
0.19146
0.17875
0.21313
0.19803
0.16668
0.16354
0.14959
0.12415
0.11835
0.10242
0.09808
0.08760
0.08702
0.08636
0.03928
0.02254
0.03100
0.10957
0.14908
0.17718
0.15393
0.16271
0.18097
0.16717
0.16582
0.18597
0.18682
0.22225
0.19991
0.17526
0.16594
0.19275
0.20493
0.20098
0.22368
0.22321
0.18829
0.15013
0.14778
0.14426
0.15621
0.19251
0.19224
0.17760
0.18641
0.18801
0.14249
0.13962
0.14133
0.14917
0.12339
0.07252
0.08618
0.08577
0.07938
0.08183
0.12511
0.09439
0.09399
0.08786
0.07277
0.08970
0.08333
0.08334
0.10368
0.11748
0.11711
0.13062
0.10432
0.11256
0.13384
0.10093
0.12218
0.12927
0.14464
0.17629
0.17240
0.16453
0.16458
0.13307
0.12837
0.09766
0.11894
0.14808
0.10093
0.08741
0.09083
0.12444
0.11280
0.11745
0.10945
0.14131
0.10953
0.05293
0.03282
0.03619
0.04172
0.02859
0.02096
0.02547
0.02696
0.02935
0.02441
0.00769
0.00536
0.03537
0.06643
0.07768
0.10427
0.06249
0.04570
0.07910
0.07091
0.07824
0.12255
0.10132
0.12261
0.11429
0.12897
0.09966
0.09230
0.10334
0.13248
0.12239
0.11485
0.12288
0.14209
0.15124
0.11842
0.09054
0.10402
0.14357
0.12215
0.14108
0.15192
0.15814
0.16914
0.21674
0.25287
0.28943
0.28857
0.29694
0.28358
0.30515
0.27684
0.28503
0.26512
0.24715
0.20857
0.20074
0.21783
0.22814
0.17736
0.16795
0.17549
0.18087
0.15526
0.15921
0.14833
0.13616
0.12353
0.11728
0.14222
0.14222
0.13258
0.13081
0.13648
0.11658
0.13396
0.14251
0.13770
0.16341
0.13064
0.12824
0.12714
0.04680
0.04295
0.04142
0.06485
0.06410
0.06366
0.05591
0.04455
0.04756
0.04532
0.05760
0.04014
0.08520
0.10443
0.11305
0.12925
0.11410
0.10578
0.11777
0.11268
0.10580
0.10126
0.08702
0.08704
0.08975
0.08404
0.04401
0.06086
0.05328
0.04029
0.00454
0.01716
0.01479
0.01620
0.00070
0.04462
0.02448
0.02805
0.00507
0.03441
0.00464
0.02427
0.03174
0.04430
0.04825
0.04955
0.00972
0.05072
0.06632
0.05683
0.01480
0.01760
0.05462
0.06956
0.07423
0.05265
0.06145
0.07913
0.07015
0.08656
0.08979
0.08760
0.03205
0.04082
0.07082
0.08562
0.08957
0.09285
0.11604
0.10902
0.08211
0.05860
0.05579
0.02599
0.05203
0.04021
0.03638
0.02767
0.02476
0.03307
0.03580
0.04721
0.06924
0.04867
0.07267
0.10470
0.09322
0.12054
0.09935
0.09895
0.12432
0.14617
0.03464
0.05261
0.05568
0.03731
0.04471
0.03186
0.01133
0.02571
0.02527
0.04786
0.06980
0.04487
0.04285
0.03182
0.03193
0.03008
0.05955
0.06183
0.09162
0.08865
0.11235
0.07782
0.04888
0.06791
0.07908
0.09044
0.08227
0.09814
0.10710
0.07565
0.08815
0.09004
0.07012
0.08803
0.09275
0.08687
0.06671
0.05019
0.06849
0.06128
0.02829
0.02797
0.06592
0.08087
0.08121
0.08686
0.10552
0.12387
0.10975
0.11310
0.09773
0.08637
0.12139
0.11697
0.07438
0.04862
0.08413
0.11672
0.15988
0.16195
0.14988
0.15233
0.14583
0.11433
0.12869
0.09353
0.06739
0.07776
0.10355
0.11284
0.12826
0.12261
0.11437
0.11762
0.08899
0.09157
0.04276
0.01272
0.03005
0.03997
0.06187
0.01778
0.02129
0.03198
0.06828
0.07127
0.07080
0.11912
0.12153
0.12676
0.08148
0.03741
0.03766
0.05798
0.03966
0.00810
0.03508
0.06251
0.04681
0.03818
0.06018
0.06569
0.04383
0.05143
0.00221
0.01761
0.04450
0.02317
0.07804
0.05903
0.04055
0.02279
0.00795
0.04456
0.04156
0.02382
0.01811
0.01899
0.01263
0.01343
0.03518
0.06524
0.08746
0.05716
0.09272
0.08424
0.05298
0.04689
0.06109
0.07773
0.07297
0.00305
0.01032
0.01547
0.02651
0.03035
0.04520
0.04116
0.03933
0.03232
0.05370
0.07544
0.04370
0.06477
0.08116
0.08313
0.04878
0.05270
0.04119
0.09062
0.12585
0.10283
0.13935
0.12113
0.12407
0.09581
0.09490
0.10959
0.12976
0.19610
0.21276
0.21947
0.22172
0.20160
0.15805
0.15430
0.17674
0.17682
0.20086
0.19534
0.20188
0.17457
0.17340
0.14212
0.15742
0.15417
0.19147
0.21938
0.22908
0.26592
0.26960
0.26983
0.27027
0.25952
0.24774
0.23862
0.23037
0.23558
0.25090
0.22266
0.20823
0.18419
0.19369
0.23011
0.28765
0.27813
0.28246
0.26125
0.28038
0.29450
0.33057
0.31141
0.32116
0.32734
0.35809
0.33537
0.31533
0.29211
0.29807
0.30112
0.33498
0.32590
0.32162
0.29650
0.29902
0.29344
0.26691
0.29366
0.28636
0.29953
0.25005
0.25126
0.23789
0.27222
0.31643
0.34393
0.35819
0.36047
0.36524
0.39715
0.40714
0.38536
0.39833
0.41978
0.40090
0.39352
0.39488
0.37500
0.36516
0.35299
0.37507
0.37557
0.35203
0.35842
0.34000
0.33704
0.30995
0.36050
0.35427
0.38427
0.37909
0.35950
0.39598
0.40303
0.35813
0.29727
0.26239
0.22156
0.23134
0.20601
0.22659
0.22518
0.19501
0.20052
0.18303
0.16946
0.19128
0.17613
0.15062
0.13720
0.13179
0.10771
0.12591
0.13894
0.12371
0.11055
0.14807
0.13951
0.14057
0.15253
0.16228
0.16071
0.15661
0.13152
0.15390
0.14342
0.13678
0.14946
0.15670
0.18780
0.17912
0.18491
0.16460
0.18095
0.20240
0.17515
0.17924
0.19314
0.15399
0.15543
0.15358
0.15814
0.14567
0.09442
0.06621
0.04559
0.05414
0.05381
0.10554
0.10470
0.10748
0.10262
0.13543
0.07993
0.06857
0.05462
0.02856
0.01093
0.01796
0.02540
0.00000
0.00089
0.02300
0.03425
0.05129
0.03439
0.02900
0.02047
0.02659
0.01562
0.02790
0.04686
0.05007
0.02785
0.06631
0.05473
0.02748
0.02349
0.02231
0.00000
0.00266
0.01440
0.00982
0.01082
0.00178
0.02778
0.05099
0.06377
0.04944
0.03161
0.00762
0.01103
0.01089
0.00861
0.01802
0.00888
0.01143
0.00000
0.01473
0.01870
0.01667
0.04114
0.04165
0.04778
0.04722
0.05273
0.02766
0.04517
0.04903
0.13264
0.15136
0.12219
0.13574
0.15817
0.15897
0.14193
0.12589
0.10273
0.09678
0.11605
0.13598
0.14746
0.15218
0.17888
0.17707
0.20374
0.21137
0.18111
0.20002
0.18126
0.21205
0.20205
0.19872
0.20802
0.20686
0.22788
0.22680
0.19239
0.21097
0.21128
0.23006
0.24394
0.25325
0.25716
0.24614
0.27568
0.30129
0.27969
0.25298
0.21931
0.16465
0.11561
0.12305
0.13157
0.11748
0.10362
0.10243
0.09878
0.08608
0.08724
0.10871
0.09668
0.11558
0.13006
0.11311
0.11865
0.18596
0.27881
0.27420
0.30283
0.32220
0.29524
0.30354
0.33610
0.34261
0.35213
0.30200
0.28752
0.35200
0.32759
0.33647
0.34970
0.30695
0.30529
0.31582
0.32892
0.34285
0.32495
0.33604
0.31234
0.29025
0.32020
0.31876
0.30948
0.31360
0.29450
0.28858
0.30347
0.30326
0.29615
0.27228
0.27673
0.26695
0.31499
0.31600
0.32387
0.35326
0.34097
0.31957
0.35268
0.40347
0.40245
0.41065
0.41147
0.41114
0.43384
0.41641
0.39516
0.38492
0.35025
0.35640
0.36464
0.39300
0.40374
0.42024
0.38317
0.41419
0.43415
0.49299
0.46215
0.48857
0.46797
0.44979
0.41002
0.42442
0.44031
0.42175
0.42041
0.43814
0.41340
0.44238
0.44302
0.42758
0.42758
0.43836
0.42624
0.42067
0.42915
0.43386
0.40256
0.40035
0.35255
0.38899
0.40773
0.38492
0.38109
0.41290
0.44692
0.44129
0.44084
0.41267
0.39426
0.36170
0.35921
0.35850
0.34023
0.33409
0.31318
0.28099
0.31045
0.33795
0.29017
0.25941
0.28311
0.27762
0.28652
0.29201
0.31091
0.29928
0.31674
0.31486
0.33009
0.33419
0.30652
0.26069
0.25215
0.25670
0.27379
0.22415
0.20895
0.16403
0.18824
0.18126
0.16817
0.17085
0.17226
0.19446
0.20286
0.19937
0.22055
0.22096
0.18796
0.20425
0.18400
0.17131
0.14800
0.08095
0.08065
0.06663
0.06702
0.04400
0.05578
0.03323
0.05127
0.06566
0.05471
0.07119
0.05173
0.06533
0.08308
0.07695
0.08728
0.08489
0.06471
0.06556
0.06093
0.05581
0.03167
0.03342
0.03579
0.08404
0.07856
0.08478
0.09751
0.07659
0.07627
0.07088
0.08802
0.07480
0.06172
0.03262
0.08613
0.10655
0.12263
0.14649
0.14087
0.14597
0.16485
0.17355
0.20338
0.20693
0.21424
0.23241
0.25141
0.26145
0.26032
0.22914
0.20891
0.23499
0.26463
0.29864
0.31482
0.31517
0.33186
0.31888
0.36409
0.36680
0.33993
0.33959
0.36315
0.35725
0.36064
0.33445
0.30801
0.28604
0.29762
0.28908
0.31116
0.32167
0.32254
0.32123
0.32704
0.31559
0.28616
0.26660
0.25791
0.25535
0.24319
0.29197
0.25750
0.25382
0.25676
0.28195
0.28614
0.26645
0.24027
0.24772
0.21205
0.21242
0.18220
0.15661
0.15803
0.15634
0.15364
0.18460
0.16892
0.15731
0.14326
0.14362
0.13375
0.12655
0.15699
0.16928
0.14382
0.17239
0.15449
0.14249
0.17279
0.16731
0.19259
0.19802
0.16642
0.11364
0.08243
0.09983
0.10197
0.09013
0.06532
0.06163
0.06007
0.06284
0.07015
0.07091
0.07559
0.09596
0.09596
0.05212
0.05960
0.04347
0.02564
0.00956
0.02170
0.02142
0.02199
0.01373
0.01886
0.04018
0.02284
0.02417
0.04562
0.09431
0.12335
0.15259
0.19481
0.18708
0.19720
0.20084
0.20628
0.21333
0.18433
0.18470
0.17712
0.18631
0.19888
0.20026
0.24916
0.25104
0.24080
0.26354
0.23835
0.22948
0.21912
0.24022
0.27354
0.27294
0.27329
0.30396
0.30231
0.26112
0.26703
0.27537
0.25224
0.25639
0.27861
0.26809
0.25148
0.27257
0.25737
0.23780
0.26853
0.29705
0.30520
0.34596
0.34311
0.31885
0.31602
0.31228
0.28200
0.31536
0.29622
0.29940
0.27821
0.25975
0.25991
0.22724
0.22795
0.21295
0.23171
0.21595
0.24386
0.24226
0.24784
0.22106
0.20357
0.20552
0.23873
0.21862
0.20046
0.16222
0.19686
0.20445
0.19829
0.19759
0.18861
0.16816
0.19579
0.21071
0.18574
0.19675
0.18161
0.18536
0.16237
0.14428
0.17599
0.13532
0.13363
0.15133
0.14910
0.14811
0.13713
0.15269
0.17186
0.18767
0.18955
0.18963
0.14359
0.14807
0.18685
0.19200
0.18344
0.20360
0.20256
0.18868
0.18633
0.19736
0.17667
0.17989
0.20644
0.15743
0.12941
0.14616
0.14950
0.14896
0.14076
0.15766
0.12689
0.12459
0.14597
0.13781
0.12923
0.10841
0.10302
0.14106
0.14395
0.13510
0.14641
0.17134
0.19282
0.16290
0.13488
0.15235
0.17413
0.18637
0.19215
0.22014
0.26029
0.28062
0.30716
0.31361
0.29204
0.29179
0.29272
0.28305
0.26770
0.33307
0.32505
0.33405
0.34070
0.33673
0.36605
0.38085
0.37373
0.37813
0.33586
0.30699
0.28381
0.28218
0.29093
0.30942
0.30534
0.30738
0.29953
0.29312
0.25444
0.25444
0.26109
0.32362
0.32256
0.31354
0.33491
0.31661
0.30051
0.30446
0.31493
0.32162
0.31796
0.30219
0.32043
0.33486
0.33227
0.30806
0.28367
0.24684
0.23753
0.24122
0.21175
0.21267
0.20733
0.23335
0.24708
0.26858
0.26932
0.28795
0.27932
0.22296
0.19914
0.17719
0.19501
0.17070
0.18582
0.20544
0.21076
0.21493
0.21686
0.18732
0.17167
0.15849
0.17996
0.17767
0.19913
0.19962
0.16137
0.16886
0.16308
0.16347
0.16387
0.15257
0.12922
0.13982
0.12853
0.14022
0.11963
0.09950
0.08325
0.10670
0.10169
0.10053
0.07937
0.08258
0.07018
0.07503
0.12907
0.16391
0.18402
0.18950
0.18517
0.18511
0.15855
0.14490
0.18391
0.17630
0.16318
0.16095
0.12562
0.14408
0.13549
0.11906
0.11324
0.08555
0.06842
0.07108
0.07587
0.07908
0.05297
0.07527
0.04923
0.02367
0.03626
0.06384
0.06330
0.06269
0.11647
0.10027
0.06170
0.07077
0.09247
0.09748
0.12565
0.12251
0.14117
0.14854
0.14259
0.16517
0.16270
0.15855
0.13867
0.16253
0.14338
0.11431
0.11333
0.09993
0.13146
0.10973
0.10181
0.15877
0.15031
0.16427
0.15707
0.14158
0.12595
0.14205
0.13525
0.13444
0.18027
0.15914
0.20129
0.17093
0.19878
0.21145
0.18018
0.18496
0.18204
0.22184
0.23450
0.22005
0.19450
0.19465
0.21560
0.20657
0.22565
0.25241
0.25221
0.22772
0.18974
0.21638
0.22885
0.18957
0.16200
0.16559
0.17207
0.17985
0.20593
0.18548
0.18906
0.21356
0.30148
0.29377
0.24098
0.25502
0.21909
0.23547
0.24343
0.25181
0.25531
0.29622
0.32503
0.30672
0.32498
0.34268
0.31121
0.27789
0.25094
0.25919
0.30096
0.25049
0.25817
0.25804
0.24728
0.24375
0.27400
0.28925
0.28379
0.23699
0.26998
0.27949
0.30415
0.32280
0.32844
0.32023
0.29676
0.32477
0.31903
0.33356
0.37600
0.35531
0.34367
0.27175
0.25579
0.21691
0.23193
0.24164
0.27882
0.28346
0.30222
0.31542
0.32326
0.32255
0.32536
0.31053
0.34129
0.33718
0.37337
0.38006
0.40295
0.43134
0.44467
0.44102
0.43584
0.40492
0.39731
0.37089
0.41235
0.40920
0.41725
0.42552
0.39946
0.42723
0.42380
0.38784
0.37812
0.38007
0.37568
0.35441
0.33478
0.33495
0.34714
0.34575
0.35515
0.34208
0.34755
0.39507
0.39185
0.39519
0.36312
0.34326
0.34428
0.34535
0.36482
0.36351
0.34287
0.29799
0.28974
0.25660
0.29062
0.27262
0.24918
0.24719
0.28145
0.29618
0.31437
0.31196
0.30757
0.33946
0.31556
0.32709
0.32380
0.29799
0.28468
0.30043
0.27643
0.28809
0.25454
0.27905
0.29827
0.27964
0.28441
0.31648
0.26406
0.25954
0.25260
0.27932
0.23357
0.23494
0.22335
0.24671
0.23836
0.22398
0.23322
0.20721
0.21564
0.24938
0.25514
0.23735
0.23824
0.24208
0.22646
0.19339
0.17915
0.16405
0.14949
0.21111
0.28952
0.30870
0.33658
0.34215
0.36099
0.39517
0.35657
0.37483
0.37425
0.39625
0.37213
0.38530
0.36474
0.40551
0.38350
0.39459
0.37934
0.38313
0.37157
0.37108
0.32537
0.30134
0.29870
0.22491
0.24706
0.19656
0.18190
0.17657
0.15126
0.13283
0.13957
0.16147
0.17823
0.20587
0.19925
0.16752
0.17099
0.14997
0.12576
0.14606
0.14378
0.16442
0.15414
0.21158
0.24174
0.20851
0.17734
0.15661
0.17670
0.15150
0.14680
0.17871
0.20722
0.21991
0.23202
0.24394
0.26345
0.30509
0.32068
0.34229
0.36671
0.31859
0.32186
0.29566
0.29371
0.28912
0.31047
0.30608
0.31638
0.33183
0.31481
0.33315
0.33506
0.34342
0.33866
0.36042
0.37634
0.37866
0.35920
0.36393
0.36186
0.38007
0.37507
0.37904
0.41207
0.38624
0.38814
0.39100
0.36860
0.37298
0.35481
0.37735
0.38913
0.41888
0.40426
0.40741
0.44942
0.41069
0.38193
0.37356
0.39029
0.37581
0.36350
0.35246
0.36970
0.37249
0.37415
0.35724
0.35026
0.31353
0.31841
0.29646
0.30770
0.32246
0.31333
0.30341
0.31140
0.32743
0.27090
0.26858
0.24674
0.25554
0.23675
0.23994
0.26309
0.26424
0.25441
0.24803
0.26802
0.22655
0.23579
0.20353
0.19813
0.22908
0.25686
0.24282
0.23603
0.22551
0.20986
0.18680
0.17134
0.17873
0.18476
0.14584
0.14925
0.15661
0.15817
0.17558
0.18490
0.19290
0.22844
0.15968
0.15910
0.19516
0.19283
0.20208
0.18083
0.18954
0.15671
0.16891
0.21076
0.21692
0.21333
0.23879
0.23879
0.23506
0.21366
0.23461
0.22373
0.22964
0.18471
0.19673
0.20614
0.16562
0.19326
0.20904
0.23023
0.24446
0.23634
0.23329
0.25733
0.24439
0.26916
0.25444
0.24273
0.25268
0.23660
0.21694
0.23058
0.23560
0.24870
0.25022
0.25748
0.22833
0.20921
0.19837
0.21823
0.25956
0.28368
0.33390
0.33553
0.35373
0.31818
0.31626
0.23706
0.24066
0.23426
0.26846
0.27881
0.29043
0.27223
0.31459
0.30877
0.32884
0.32359
0.38545
0.38007
0.42344
0.45886
0.46933
0.48419
0.47910
0.47656
0.49008
0.51314
0.56112
0.55005
0.52412
0.52963
0.52704
0.51756
0.49709
0.51505
0.53715
0.56548
0.56988
0.56379
0.56541
0.52704
0.53447
0.55317
0.57001
0.56101
0.56474
0.56063
0.51810
0.49798
0.50462
0.46119
0.47181
0.42825
0.40199
0.39061
0.39177
0.34074
0.35465
0.36803
0.36177
0.36837
0.38738
0.36532
0.32758
0.31987
0.29759
0.28723
0.28383
0.26399
0.26853
0.29280
0.28679
0.28720
0.29476
0.29214
0.33651
0.31553
0.33939
0.36027
0.35294
0.34975
0.37598
0.42710
0.41858
0.41595
0.40714
0.42212
0.41689
0.40827
0.36069
0.34440
0.37483
0.40134
0.44413
0.43805
0.42583
0.40843
0.41138
0.41644
0.42590
0.39750
0.39162
0.36010
0.33467
0.32153
0.33011
0.29853
0.31630
0.29431
0.29867
0.29477
0.27749
0.24515
0.16256
0.13678
0.15066
0.18087
0.17497
0.14351
0.13276
0.14502
0.14617
0.13502
0.11238
0.08917
0.09074
0.10780
0.06944
0.11239
0.07980
0.07984
0.09657
0.09973
0.10224
0.07636
0.10152
0.10997
0.11993
0.10040
0.11155
0.10455
0.07285
0.08694
0.08044
0.11968
0.13340
0.12883
0.13856
0.14384
0.13626
0.13559
0.12620
0.15381
0.17854
0.20159
0.19094
0.16430
0.16731
0.14034
0.12990
0.13533
0.15133
0.15108
0.12261
0.14869
0.15156
0.16383
0.13610
0.11024
0.11551
0.05777
0.07072
0.07790
0.08999
0.12410
0.12434
0.08644
0.12138
0.12961
0.09125
0.08789
0.09359
0.09884
0.04334
0.07037
0.07422
0.08314
0.06289
0.05580
0.05307
0.07831
0.08294
0.07909
0.09330
0.10666
0.11038
0.10163
0.15817
0.17336
0.18250
0.18033
0.20934
0.19225
0.21611
0.21611
0.22596
0.22974
0.21850
0.20064
0.21903
0.19105
0.18241
0.15101
0.14992
0.13197
0.15387
0.13417
0.09885
0.12890
0.13135
0.11983
0.10078
0.11260
0.12537
0.09786
0.12453
0.12978
0.12917
0.12092
0.13157
0.14387
0.17726
0.19234
0.17803
0.15016
0.17364
0.18460
0.19742
0.20344
0.21074
0.14601
0.12071
0.11592
0.09754
0.07723
0.11687
0.09378
0.07513
0.06666
0.06420
0.05897
0.06398
0.10562
0.10371
0.12804
0.15491
0.15077
0.12422
0.11334
0.09315
0.06704
0.06512
0.07565
0.09319
0.11407
0.14271
0.10646
0.08268
0.13118
0.07739
0.07742
0.05202
0.07276
0.08465
0.06924
0.12351
0.08360
0.10216
0.11143
0.12822
0.12742
0.11865
0.15648
0.18282
0.16543
0.15268
0.11093
0.11516
0.10986
0.12642
0.11735
0.13417
0.14693
0.06794
0.08001
0.08713
0.05515
0.04085
0.06784
0.08212
0.04269
0.04618
0.05077
0.06010
0.07431
0.05134
0.05754
0.02996
0.02879
0.02161
0.03048
0.00000
0.00996
0.01627
0.01794
0.00343
0.00309
0.03978
0.05321
0.07005
0.06920
0.07936
0.06512
0.06891
0.07513
0.06443
0.05921
0.03334
0.01863
0.03674
0.03221
0.02945
0.04486
0.07962
0.09523
0.08892
0.07258
0.06263
0.09792
0.12621
0.13681
0.15178
0.15804
0.16243
0.13332
0.12729
0.16973
0.16286
0.18076
0.20734
0.19623
0.19119
0.16117
0.14474
0.13577
0.14837
0.17951
0.17541
0.17369
0.13521
0.13892
0.11856
0.11418
0.12592
0.07848
0.06647
0.08829
0.10665
0.14490
0.13622
0.08272
0.07311
0.08967
0.07873
0.07178
0.04449
0.03701
0.05289
0.03239
0.06357
0.09504
0.10199
0.14035
0.16258
0.13251
0.11676
0.10895
0.11033
0.08819
0.11325
0.10257
0.11822
0.11783
0.12309
0.10341
0.08443
0.09209
0.10731
0.10099
0.08104
0.08215
0.06394
0.07646
0.05718
0.02962
0.01328
0.01717
0.03409
0.01735
0.04993
0.05765
0.09552
0.11833
0.10131
0.07480
0.08654
0.08045
0.10114
0.10569
0.14538
0.16327
0.17443
0.13540
0.13315
0.16523
0.12274
0.09759
0.08682
0.09575
0.12480
0.13600
0.14343
0.13119
0.12676
0.12185
0.12036
0.11871
0.14807
0.18912
0.21500
0.23868
0.21118
0.22212
0.17537
0.15449
0.19088
0.17806
0.18205
0.20165
0.21933
0.22779
0.18746
0.18153
0.18766
0.22803
0.23954
0.23180
0.19969
0.15527
0.12132
0.09049
0.07391
0.07078
0.06737
0.06419
0.10539
0.10869
0.12509
0.09649
0.10238
0.14612
0.12533
0.10808
0.10601
0.13194
0.16068
0.16386
0.15008
0.11281
0.09571
0.09508
0.07487
0.08059
0.09642
0.09154
0.06458
0.06458
0.06871
0.09060
0.07646
0.09248
0.11658
0.11671
0.15915
0.15427
0.15386
0.14984
0.13553
0.12037
0.06675
0.05365
0.08261
0.07320
0.05779
0.09335
0.05721
0.04777
0.05352
0.06091
0.07367
0.08717
0.04727
0.01995
0.06176
0.07117
0.06284
0.07675
0.07337
0.06090
0.06075
0.09145
0.08414
0.10584
0.11329
0.10701
0.11891
0.09200
0.11483
0.09052
0.08071
0.05724
0.00736
0.00879
0.02055
0.05379
0.06927
0.07362
0.06199
0.09401
0.10222
0.07779
0.09143
0.12123
0.10501
0.11371
0.10827
0.09589
0.06759
0.05492
0.05368
0.04081
0.06075
0.06220
0.07379
0.07726
0.05720
0.04572
0.03827
0.04512
0.02527
0.00338
0.01753
0.02692
0.01460
0.00000
0.05076
0.02588
0.03294
0.03140
0.06596
0.05864
0.06317
0.05790
0.05989
0.05963
0.06427
0.09082
0.09084
0.10055
0.09601
0.09568
0.09271
0.08260
0.06905
0.11593
0.11862
0.07573
0.06886
0.07591
0.08137
0.08430
0.10500
0.09595
0.12926
0.12760
0.13780
0.09663
0.08281
0.07125
0.09568
0.11527
0.12275
0.11916
0.10406
0.07830
0.07399
0.07139
0.06854
0.05619
0.09291
0.07776
0.06458
0.06122
0.05754
0.07459
0.08754
0.09221
0.09723
0.08559
0.09247
0.05899
0.02542
0.00875
0.02234
0.03067
0.05821
0.05924
0.05912
0.06276
0.05207
0.07414
0.05290
0.04861
0.03318
0.03548
0.01624
0.01210
0.01857
0.00220
0.02272
0.04735
0.02588
0.00000
0.04419
0.05059
0.05122
0.02202
0.02576
0.03685
0.00228
0.06734
0.07197
0.08525
0.08808
0.09311
0.13767
0.13221
0.11912
0.10042
0.12997
0.11863
0.11711
0.10604
0.09981
0.08667
0.08677
0.09746
0.08347
0.09274
0.13137
0.10381
0.11079
0.17298
0.17400
0.17014
0.22292
0.18580
0.18487
0.18764
0.17213
0.13953
0.13334
0.15259
0.11743
0.13055
0.13106
0.12541
0.10865
0.13141
0.12163
0.08732
0.10186
0.13695
0.11273
0.12510
0.12909
0.15254
0.15738
0.16596
0.16507
0.13247
0.16535
0.17129
0.16385
0.16951
0.16252
0.17303
0.22845
0.23438
0.23050
0.21651
0.20297
0.22313
0.21995
0.21957
0.21405
0.21252
0.21569
0.22082
0.21860
0.22474
0.20595
0.18400
0.15573
0.13200
0.11759
0.09952
0.08670
0.08455
0.07841
0.07096
0.04931
0.03639
0.03131
0.03558
0.04367
0.06390
0.08373
0.03609
0.02992
0.03339
0.00985
0.03009
0.05995
0.05524
0.09848
0.10365
0.11435
0.10247
0.06964
0.08123
0.08266
0.09781
0.11033
0.10753
0.09654
0.10316
0.12368
0.10273
0.10370
0.09825
0.10952
0.11107
0.10290
0.08186
0.10111
0.11134
0.13686
0.14007
0.11774
0.12178
0.09503
0.08841
0.08487
0.06853
0.01450
0.03285
0.01361
0.02936
0.04006
0.05492
0.05378
0.05378
0.07293
0.03236
0.04143
0.04112
0.03606
0.02980
0.05319
0.07133
0.05762
0.04545
0.04375
0.03239
0.03346
0.03883
0.05212
0.06511
0.07716
0.07725
0.04100
0.05176
0.05267
0.06434
0.03825
0.07006
0.08306
0.09194
0.08490
0.09123
0.11915
0.14685
0.15013
0.12773
0.12149
0.11881
0.10632
0.08844
0.07326
0.05916
0.10723
0.11845
0.14755
0.12096
0.11831
0.11211
0.12014
0.13578
0.14054
0.13102
0.12875
0.14673
0.17692
0.15670
0.18419
0.17761
0.17386
0.18905
0.17090
0.18475
0.17347
0.18992
0.19297
0.15792
0.17898
0.15973
0.16614
0.16505
0.16277
0.17673
0.14634
0.13016
0.12748
0.13121
0.13134
0.14212
0.14890
0.16142
0.13192
0.11549
0.12131
0.12906
0.10630
0.07433
0.09171
0.10062
0.07861
0.08540
0.08579
0.11007
0.13071
0.14461
0.11326
0.09783
0.11612
0.12078
0.10959
0.11689
0.11873
0.10787
0.09265
0.11441
0.14615
0.11534
0.11623
0.11836
0.15597
0.20082
0.20072
0.22562
0.24923
0.23967
0.25039
0.22597
0.20772
0.23510
0.23071
0.24500
0.25614
0.26510
0.27297
0.23132
0.26847
0.27091
0.27381
0.27314
0.27488
0.23653
0.23335
0.22764
0.21628
0.25169
0.22463
0.22512
0.19222
0.19927
0.19219
0.18274
0.20068
0.27266
0.29329
0.29133
0.29374
0.27794
0.29569
0.31354
0.36548
0.33817
0.34600
0.38077
0.39549
0.38075
0.37359
0.32321
0.32391
0.35015
0.34510
0.34241
0.34745
0.34254
0.33346
0.33886
0.32631
0.34035
0.35509
0.37332
0.37847
0.41225
0.39186
0.37408
0.39685
0.37941
0.36552
0.35627
0.37347
0.36674
0.40373
0.36472
0.35689
0.38381
0.41100
0.40509
0.38548
0.36396
0.33487
0.30156
0.30901
0.33395
0.31582
0.29291
0.29366
0.30924
0.31190
0.29169
0.30248
0.29714
0.30938
0.31873
0.31847
0.33064
0.34284
0.36166
0.34337
0.32086
0.30923
0.32942
0.32394
0.30723
0.31574
0.30062
0.28708
0.30083
0.26126
0.25015
0.26600
0.20575
0.20815
0.21777
0.23161
0.21638
0.19814
0.16894
0.19290
0.23794
0.24847
0.25139
0.27512
0.21759
0.23500
0.21891
0.22801
0.19659
0.20065
0.18190
0.17727
0.18139
0.18020
0.16724
0.17486
0.16814
0.17301
0.17095
0.18222
0.18219
0.18515
0.16492
0.19265
0.15830
0.15596
0.14447
0.16160
0.22545
0.23630
0.26272
0.25796
0.24844
0.23497
0.26781
0.23257
0.22138
0.25074
0.22934
0.19240
0.17982
0.13854
0.09470
0.07988
0.11223
0.11057
0.12719
0.13479
0.14852
0.13817
0.12618
0.11917
0.13590
0.11701
0.11868
0.07394
0.08014
0.08629
0.05536
0.03297
0.07188
0.08288
0.09792
0.05696
0.08858
0.09298
0.13526
0.14622
0.16823
0.14098
0.12345
0.14448
0.14180
0.15227
0.16962
0.20731
0.20174
0.20512
0.23856
0.23172
0.23499
0.23195
0.22616
0.26309
0.28591
0.28391
0.35118
0.33296
0.29264
0.31236
0.30616
0.28362
0.33296
0.31172
0.29792
0.29719
0.28916
0.33017
0.34195
0.34626
0.37032
0.35707
0.35777
0.39249
0.39140
0.40562
0.45350
0.45813
0.43670
0.45100
0.46671
0.45059
0.45921
0.44682
0.38946
0.39362
0.36353
0.39138
0.41006
0.40600
0.41414
0.38111
0.38615
0.38346
0.40386
0.36887
0.35282
0.33764
0.31166
0.29888
0.33184
0.32301
0.31173
0.29478
0.25444
0.22806
0.16504
0.15854
0.14702
0.15206
0.14848
0.14674
0.15212
0.12741
0.13746
0.12935
0.13066
0.09515
0.07253
0.08457
0.09657
0.07018
0.07517
0.09050
0.08331
0.08113
0.04450
0.05731
0.07486
0.08408
0.06258
0.05869
0.07398
0.08296
0.09367
0.08560
0.06081
0.05106
0.03898
0.04990
0.04129
0.04289
0.04731
0.06158
0.02860
0.00622
0.00109
0.00000
0.02797
0.04661
0.05234
0.06307
0.10849
0.11337
0.13611
0.14378
0.15354
0.11537
0.08841
0.09819
0.11999
0.11285
0.07341
0.11805
0.10479
0.11874
0.10339
0.11836
0.11210
0.09825
0.09246
0.11817
0.12602
0.12914
0.10822
0.12212
0.11883
0.08269
0.05667
0.09072
0.09072
0.09635
0.09226
0.10080
0.06739
0.08683
0.09252
0.07063
0.06614
0.03095
0.03098
0.03217
0.01057
0.00000
0.01959
0.02074
0.06056
0.07537
0.03206
0.03952
0.06933
0.06081
0.04471
0.03155
0.04582
0.06319
0.08914
0.12087
0.10041
0.13689
0.14951
0.14222
0.15846
0.15677
0.18205
0.17410
0.17516
0.19568
0.22347
0.22434
0.18914
0.15141
0.16835
0.13404
0.16735
0.15901
0.18815
0.16652
0.15882
0.17226
0.14935
0.15458
0.21169
0.21435
0.21884
0.23829
0.24480
0.23033
0.18404
0.18073
0.17243
0.16373
0.17996
0.12981
0.08616
0.07509
0.06286
0.04593
0.05115
0.03055
0.03050
0.04137
0.05532
0.05314
0.08215
0.05392
0.04752
0.00655
0.03019
0.05895
0.01560
0.01455
0.01700
0.01998
0.02515
0.05466
0.08295
0.08474
0.07683
0.04916
0.04953
0.06872
0.06874
0.04055
0.04405
0.04973
0.05009
0.11845
0.11956
0.12619
0.09593
0.07627
0.09517
0.12745
0.15718
0.16382
0.15276
0.16301
0.17025
0.18059
0.19750
0.15734
0.17321
0.18971
0.24131
0.23434
0.24280
0.28984
0.30133
0.27156
0.30816
0.29450
0.27906
0.29345
0.28599
0.29225
0.32399
0.35142
0.30372
0.30158
0.28675
0.29446
0.29664
0.35782
0.33312
0.33125
0.28668
0.27723
0.26106
0.24821
0.21948
0.21678
0.24657
0.24380
0.23056
0.22763
0.25778
0.29393
0.29079
0.30087
0.26432
0.27282
0.27578
0.27771
0.21125
0.21906
0.20910
0.18022
0.15616
0.19153
0.18228
0.15785
0.20183
0.20803
0.20558
0.19062
0.19402
0.21700
0.20360
0.22769
0.26452
0.32266
0.31205
0.29453
0.24985
0.29249
0.26909
0.21915
0.20507
0.20249
0.21437
0.26339
0.21632
0.21175
0.24767
0.24143
0.23541
0.19284
0.20158
0.21288
0.20865
0.19242
0.21513
0.18969
0.15192
0.18678
0.16097
0.19104
0.21277
0.19196
0.18281
0.18890
0.17854
0.18287
0.09279
0.09599
0.12470
0.08954
0.12146
0.12733
0.12774
0.18652
0.20692
0.22480
0.22780
0.26085
0.26700
0.26692
0.29744
0.27793
0.27764
0.22905
0.21178
0.22838
0.22890
0.18963
0.20015
0.19661
0.18542
0.16143
0.16265
0.19349
0.18280
0.20205
0.19206
0.19967
0.20457
0.20279
0.19074
0.14149
0.16572
0.17585
0.18004
0.18833
0.16977
0.15361
0.20344
0.17748
0.18304
0.17423
0.19598
0.17266
0.17499
0.21241
0.21752
0.19476
0.18945
0.20039
0.18264
0.16194
0.15319
0.15610
0.20159
0.20016
0.20056
0.19680
0.18358
0.19174
0.18765
0.22653
0.15953
0.17660
0.18649
0.20324
0.20890
0.21426
0.18377
0.17830
0.19139
0.16412
0.14728
0.15065
0.14154
0.13143
0.14841
0.15953
0.14917
0.13877
0.16635
0.13933
0.15104
0.14535
0.17507
0.17196
0.16550
0.19920
0.24696
0.26612
0.24959
0.22304
0.19244
0.19571
0.16655
0.14731
0.12395
0.10073
0.10417
0.08924
0.10101
0.12101
0.11700
0.10075
0.14396
0.14836
0.15843
0.12236
0.11238
0.09590
0.07696
0.08246
0.05473
0.05368
0.04896
0.07019
0.06105
0.10570
0.13044
0.11952
0.06371
0.04831
0.03634
0.03713
0.03039
0.01077
0.01579
0.01632
0.01189
0.02634
0.03333
0.05321
0.05409
0.05625
0.01745
0.01363
0.01648
0.04056
0.06549
0.05466
0.04847
0.03221
0.04945
0.05292
0.07785
0.03663
0.02362
0.04641
0.04584
0.02503
0.02165
0.02735
0.04750
0.06067
0.02159
0.06955
0.08513
0.04940
0.05126
0.03723
0.05230
0.11023
0.12089
0.11355
0.11776
0.09548
0.08720
0.11112
0.11372
0.10338
0.10886
0.09054
0.10573
0.10557
0.07561
0.08327
0.09664
0.08350
0.07200
0.07724
0.06171
0.06346
0.02299
0.04370
0.07844
0.11078
0.09200
0.10356
0.07683
0.07884
0.09959
0.09262
0.10700
0.08412
0.05896
0.06911
0.07447
0.08268
0.07348
0.09636
0.08709
0.06272
0.03713
0.02820
0.04209
0.04433
0.04150
0.03923
0.01289
0.00566
0.03656
0.03580
0.04047
0.00680
0.02524
0.02533
0.02723
0.02073
0.00000
0.02073
0.02204
0.00715
0.02697
0.03281
0.04047
0.01558
0.01597
0.07761
0.06959
0.05620
0.06588
0.06397
0.05636
0.05360
0.03621
0.03155
0.05177
0.06667
0.06001
0.08191
0.07394
0.09244
0.06595
0.05903
0.09623
0.09545
0.11368
0.12992
0.09186
0.07465
0.05912
0.04411
0.01395
0.00080
0.02650
0.02383
0.03251
0.03887
0.03461
0.02315
0.01792
0.00000
0.04904
0.07049
0.08778
0.10116
0.09487
0.08808
0.06694
0.03966
0.06545
0.06345
0.06186
0.07735
0.09372
0.06500
0.06869
0.06732
0.06282
0.08180
0.06153
0.07102
0.08921
0.08985
0.10257
0.13573
0.10095
0.11701
0.13549
0.15169
0.16540
0.16884
0.17916
0.17902
0.19340
0.23034
0.21784
0.20536
0.18949
0.19040
0.18368
0.20491
0.20186
0.20061
0.22160
0.22513
0.20946
0.22941
0.21481
0.18598
0.13013
0.13216
0.08091
0.08144
0.07585
0.13572
0.14632
0.13204
0.14056
0.09829
0.12047
0.09259
0.06477
0.05519
0.05248
0.12600
0.13678
0.12328
0.13374
0.13539
0.12189
0.10341
0.09514
0.09538
0.06379
0.06838
0.03835
0.05377
0.06085
0.05294
0.07420
0.08334
0.10438
0.11151
0.11857
0.12210
0.16023
0.16965
0.14352
0.12487
0.12550
0.10210
0.10837
0.14496
0.17391
0.16378
0.16263
0.15131
0.13909
0.17099
0.18699
0.17709
0.19025
0.21521
0.20570
0.19778
0.21832
0.23508
0.23761
0.25217
0.24399
0.28084
0.29802
0.27355
0.26342
0.24592
0.23865
0.25955
0.24978
0.23777
0.21597
0.24565
0.26112
0.26217
0.30759
0.29571
0.30074
0.32552
0.31920
0.32874
0.33076
0.34821
0.36160
0.34890
0.36145
0.40572
0.37636
0.42238
0.42709
0.43784
0.43317
0.41181
0.36143
0.34650
0.32944
0.32680
0.32306
0.33184
0.33324
0.33707
0.32404
0.36008
0.34797
0.35963
0.33022
0.34124
0.34127
0.33051
0.33617
0.38054
0.35929
0.39888
0.43136
0.42055
0.38744
0.42658
0.42871
0.39279
0.39747
0.42244
0.44062
0.43484
0.43258
0.45119
0.44024
0.37440
0.36734
0.32094
0.34675
0.34771
0.35012
0.35711
0.34028
0.35166
0.34425
0.34295
0.30123
0.29851
0.27893
0.26070
0.25065
0.25615
0.16407
0.18952
0.18534
0.15216
0.12968
0.10846
0.13143
0.11922
0.12231
0.11183
0.10563
0.09135
0.10021
0.06405
0.08477
0.06485
0.08236
0.07230
0.05437
0.03772
0.03200
0.02785
0.03343
0.06202
0.09705
0.18296
0.19008
0.16274
0.14490
0.08957
0.13468
0.11821
0.11717
0.12205
0.12270
0.14058
0.16114
0.17818
0.18966
0.18496
0.18697
0.19240
0.20097
0.22131
0.22904
0.20122
0.19282
0.17826
0.18267
0.14369
0.13642
0.14751
0.15950
0.20457
0.18407
0.20508
0.23119
0.26133
0.29420
0.28642
0.22258
0.23748
0.18984
0.19032
0.18001
0.19016
0.18741
0.23026
0.22557
0.23220
0.20821
0.18826
0.16782
0.17325
0.15939
0.14661
0.16802
0.18527
0.19563
0.21586
0.19753
0.20452
0.21797
0.21285
0.16474
0.18446
0.18580
0.22087
0.23147
0.22525
0.27238
0.31063
0.32716
0.32698
0.31484
0.27554
0.23888
0.22416
0.19192
0.18628
0.17030
0.14653
0.15100
0.15666
0.15189
0.10833
0.12881
0.12104
0.13454
0.08481
0.07804
0.09929
0.10893
0.12080
0.13866
0.12569
0.11847
0.11576
0.11609
0.12217
0.15630
0.20712
0.23921
0.22319
0.18818
0.17030
0.18680
0.17087
0.16125
0.18238
0.17576
0.19289
0.18287
0.17684
0.14896
0.16792
0.15052
0.12874
0.12104
0.14386
0.15372
0.17368
0.16200
0.15916
0.16514
0.14122
0.16545
0.15985
0.14923
0.16812
0.15399
0.15126
0.15808
0.18653
0.19500
0.19127
0.19152
0.20548
0.21295
0.20111
0.24715
0.23647
0.23798
0.25607
0.20739
0.20825
0.22273
0.27301
0.29744
0.25597
0.25246
0.23544
0.23387
0.21920
0.21445
0.23277
0.23391
0.24569
0.22939
0.25968
0.24987
0.25336
0.23718
0.24526
0.25145
0.24619
0.30895
0.29860
0.31872
0.30359
0.26698
0.25039
0.24179
0.23459
0.25193
0.23508
0.20339
0.19324
0.21691
0.22830
0.23789
0.22886
0.27559
0.28777
0.31215
0.32656
0.35477
0.36791
0.39224
0.36828
0.39011
0.38910
0.37431
0.35979
0.37365
0.35512
0.35265
0.36069
0.36795
0.36076
0.32896
0.32839
0.28487
0.30422
0.31507
0.29565
0.34874
0.35239
0.40380
0.42218
0.44874
0.47173
0.48429
0.47559
0.47547
0.50486
0.51757
0.55694
0.54689
0.54377
0.50842
0.48411
0.51694
0.51228
0.51875
0.54744
0.56066
0.53787
0.48156
0.47268
0.47582
0.42216
0.43073
0.41227
0.45899
0.44598
0.47564
0.43061
0.39490
0.41277
0.41281
0.39137
0.42761
0.43396
0.44261
0.43769
0.45399
0.50446
0.55209
0.55017
0.57588
0.59186
0.58745
0.59262
0.61706
0.61137
0.60276
0.62338
0.62618
0.57919
0.57501
0.58050
0.58250
0.57393
0.59665
0.55625
0.54788
0.54419
0.52140
0.47679
0.46928
0.44834
0.45009
0.42252
0.44851
0.43490
0.43681
0.48388
0.43186
0.44265
0.43041
0.45187
0.42291
0.40848
0.43990
0.46310
0.47340
0.44359
0.43611
0.44029
0.43886
0.43633
0.43977
0.45123
0.44691
0.41094
0.42930
0.42182
0.41136
0.36606
0.37973
0.37426
0.38577
0.41631
0.38607
0.39789
0.41799
0.37670
0.37599
0.34835
0.34249
0.35624
0.37136
0.32234
0.32813
0.32886
0.38103
0.36888
0.39030
0.39165
0.41306
0.43479
0.41255
0.37451
0.38493
0.38033
0.36497
0.33822
0.32152
0.38257
0.41525
0.41519
0.44842
0.45647
0.43203
0.41325
0.43774
0.43759
0.43882
0.44766
0.43783
0.45382
0.42333
0.42612
0.42576
0.41701
0.41115
0.41438
0.42645
0.43671
0.39396
0.39801
0.41865
0.42076
0.41675
0.41697
0.41494
0.41852
0.43164
0.46667
0.45474
0.44968
0.44979
0.45511
0.42282
0.39254
0.39203
0.38750
0.39853
0.40851
0.40982
0.41478
0.40985
0.38588
0.40949
0.40424
0.40542
0.39799
0.39863
0.36915
0.35690
0.35107
0.36603
0.36199
0.36917
0.35512
0.35931
0.37265
0.37176
0.36715
0.37412
0.35971
0.36145
0.37784
0.35375
0.34899
0.30241
0.28228
0.27627
0.27483
0.26623
0.26236
0.25588
0.24803
0.25726
0.18784
0.14964
0.15109
0.16254
0.15134
0.14562
0.14526
0.16374
0.15192
0.17798
0.15657
0.15254
0.14546
0.18334
0.19409
0.20430
0.20254
0.21270
0.26405
0.26544
0.26507
0.24000
0.22106
0.21181
0.20341
0.19516
0.17051
0.15355
0.15949
0.15604
0.13322
0.11688
0.13525
0.13555
0.11848
0.14407
0.13777
0.13937
0.14662
0.15337
0.13574
0.11610
0.10583
0.11266
0.11075
0.11093
0.08894
0.07912
0.08020
0.12232
0.10794
0.12244
0.12501
0.10769
0.14440
0.14289
0.12433
0.13614
0.17046
0.17791
0.19158
0.19143
0.19067
0.19308
0.21892
0.22913
0.19174
0.23809
0.27647
0.31159
0.29717
0.30727
0.28289
0.29185
0.33270
0.32154
0.33952
0.33846
0.34366
0.33282
0.37556
0.39651
0.40729
0.39027
0.36231
0.37799
0.40034
0.36426
0.35857
0.36068
0.35892
0.32079
0.27858
0.28877
0.32957
0.33229
0.32576
0.29426
0.26736
0.23148
0.20785
0.19632
0.20680
0.20896
0.22430
0.18455
0.18575
0.15804
0.15397
0.13940
0.10243
0.09485
0.10094
0.05557
0.06905
0.02868
0.02504
0.05144
0.04218
0.04858
0.04852
0.04034
0.01705
0.04050
0.06983
0.05927
0.09422
0.08430
0.11499
0.12362
0.15632
0.15046
0.13104
0.15363
0.17544
0.18690
0.19018
0.12202
0.13687
0.13510
0.10765
0.13051
0.14732
0.16352
0.18118
0.20051
0.18708
0.16871
0.15663
0.15218
0.13930
0.15756
0.15803
0.14598
0.17651
0.19546
0.17883
0.17871
0.17554
0.15774
0.18194
0.18046
0.14550
0.16641
0.16486
0.14085
0.14233
0.14045
0.12654
0.13428
0.14455
0.18609
0.20137
0.18292
0.19112
0.20303
0.21465
0.23948
0.24152
0.25111
0.24473
0.22529
0.24477
0.20334
0.18329
0.20965
0.19054
0.22531
0.27820
0.23659
0.25036
0.25561
0.24072
0.22832
0.16864
0.17671
0.15045
0.14697
0.13084
0.13798
0.13953
0.17749
0.15764
0.15683
0.15344
0.15592
0.18590
0.23967
0.25426
0.26681
0.27817
0.29216
0.29165
0.27952
0.27753
0.30901
0.32097
0.35703
0.32851
0.33030
0.34323
0.39049
0.39307
0.35231
0.32848
0.31407
0.32046
0.31948
0.39378
0.39811
0.37086
0.38420
0.39449
0.37320
0.36247
0.34724
0.32915
0.33927
0.34015
0.35741
0.35120
0.35877
0.29951
0.31975
0.34822
0.33829
0.32321
0.31748
0.32719
0.27952
0.28627
0.30901
0.30993
0.32006
0.31464
0.31735
0.31151
0.31986
0.31420
0.29200
0.28311
0.28175
0.25784
0.24697
0.25605
0.26784
0.27153
0.26346
0.26356
0.25369
0.21500
0.21088
0.22168
0.21214
0.19303
0.21584
0.21882
0.20605
0.19135
0.19578
0.21410
0.18548
0.17292
0.15377
0.12552
0.09512
0.09798
0.07882
0.08031
0.07877
0.09467
0.10789
0.07998
0.08533
0.10594
0.12042
0.10633
0.09566
0.08263
0.06306
0.05435
0.05603
0.07054
0.05942
0.08102
0.06353
0.09616
0.13438
0.16432
0.17253
0.16199
0.13239
0.13905
0.13062
0.17551
0.15216
0.10458
0.10101
0.10784
0.08665
0.08191
0.07154
0.11540
0.11621
0.07800
0.06228
0.03010
0.04314
0.01317
0.03891
0.06110
0.06144
0.04606
0.05748
0.04235
0.02296
0.05027
0.08436
0.07052
0.05217
0.08635
0.05514
0.05588
0.05821
0.10219
0.04333
0.01473
0.03229
0.03590
0.03645
0.02645
0.02424
0.05996
0.05802
0.04700
0.05126
0.03694
0.03346
0.03815
0.03970
0.05553
0.06318
0.05551
0.04000
0.02412
0.01177
0.00432
0.00587
0.06792
0.05828
0.04986
0.09664
0.09583
0.05904
0.05800
0.06142
0.06162
0.09074
0.07538
0.06309
0.05703
0.05204
0.02294
0.04049
0.04712
0.07788
0.08886
0.07691
0.11707
0.11056
0.10423
0.10703
0.16768
0.16892
0.15407
0.10902
0.10712
0.11400
0.15002
0.14759
0.13141
0.13042
0.15172
0.15742
0.14121
0.12301
0.11508
0.11763
0.13381
0.13108
0.13242
0.16841
0.14839
0.08250
0.03781
0.06796
0.04496
0.03107
0.00803
0.00284
0.02499
0.03903
0.07368
0.05421
0.03549
0.03678
0.06562
0.08084
0.06447
0.06168
0.05763
0.07045
0.09609
0.11876
0.11898
0.10258
0.11540
0.10351
0.12598
0.09374
0.12585
0.12080
0.07903
0.12360
0.17253
0.13216
0.15382
0.15990
0.14267
0.13439
0.14821
0.15438
0.14089
0.15124
0.13987
0.12345
0.11675
0.11969
0.12038
0.08994
0.10800
0.08577
0.07274
0.08222
0.12585
0.15121
0.13056
0.09453
0.11526
0.12814
0.10594
0.12882
0.13584
0.13020
0.13545
0.12106
0.13052
0.15480
0.15963
0.17692
0.19264
0.18169
0.18741
0.16175
0.14981
0.15774
0.19776
0.17335
0.19876
0.18202
0.20097
0.18375
0.19699
0.16395
0.16597
0.17816
0.18459
0.17667
0.19678
0.21074
0.22497
0.26676
0.26326
0.33993
0.34953
0.34816
0.35360
0.33172
0.37076
0.34003
0.32195
0.31517
0.34318
0.34236
0.32011
0.32955
0.35362
0.37121
0.37816
0.39510
0.39639
0.39582
0.38542
0.37412
0.39762
0.40294
0.40231
0.37367
0.38671
0.36880
0.36630
0.34590
0.31798
0.29743
0.27723
0.29836
0.29101
0.28559
0.29498
0.32194
0.29752
0.31846
0.33520
0.34756
0.35047
0.32263
0.27306
0.31364
0.31829
0.27705
0.28699
0.28895
0.29223
0.30156
0.30733
0.30013
0.31123
0.31918
0.34494
0.34390
0.29748
0.30445
0.30369
0.29586
0.29638
0.26599
0.22293
0.18995
0.19457
0.19343
0.20691
0.21844
0.18141
0.15434
0.10552
0.07447
0.04516
0.05019
0.06399
0.06397
0.09502
0.10710
0.13050
0.14608
0.12275
0.13018
0.13173
0.12719
0.09233
0.09368
0.13009
0.15539
0.22536
0.22802
0.27250
0.26994
0.30086
0.37018
0.38418
0.36768
0.37283
0.37121
0.38465
0.37384
0.35306
0.36579
0.33471
0.33097
0.28336
0.26914
0.27213
0.26992
0.28696
0.29644
0.31111
0.34232
0.33599
0.32598
0.32842
0.30620
0.30241
0.23175
0.19782
0.19010
0.16782
0.17409
0.15907
0.18671
0.15599
0.09003
0.08431
0.11976
0.11149
0.12691
0.12800
0.09757
0.10425
0.06801
0.06907
0.06442
0.05868
0.10352
0.07118
0.05392
0.06201
0.10427
0.15567
0.17544
0.19370
0.19863
0.22005
0.24203
0.30199
0.31392
0.29431
0.30388
0.34905
0.34367
0.34594
0.35136
0.37463
0.39843
0.42621
0.42991
0.43732
0.42556
0.41837
0.43042
0.39991
0.37841
0.34331
0.36150
0.36869
0.34236
0.31224
0.30559
0.29720
0.29447
0.29729
0.32820
0.30092
0.30190
0.30964
0.29604
0.28620
0.23000
0.26862
0.25852
0.23633
0.21274
0.20630
0.21826
0.20953
0.20830
0.19729
0.18165
0.19976
0.21741
0.24748
0.27346
0.28285
0.28766
0.29942
0.28968
0.32386
0.32958
0.34267
0.32888
0.34675
0.34013
0.34369
0.31583
0.33420
0.31728
0.30611
0.32211
0.34300
0.32794
0.34370
0.33491
0.34332
0.36408
0.34804
0.35373
0.38056
0.35171
0.37405
0.37275
0.38504
0.37967
0.36617
0.40139
0.38580
0.37978
0.36855
0.36918
0.37603
0.38786
0.41081
0.37979
0.42077
0.42252
0.36841
0.36212
0.36951
0.36134
0.34474
0.33684
0.31286
0.31983
0.29654
0.31306
0.34209
0.31036
0.29765
0.29643
0.31276
0.28313
0.29172
0.25370
0.22017
0.22138
0.22672
0.21054
0.21624
0.19038
0.18385
0.17517
0.22600
0.26572
0.33158
0.32665
0.32643
0.31360
0.32122
0.33020
0.33092
0.32350
0.35008
0.35666
0.34393
0.32414
0.29705
0.30149
0.30012
0.26039
0.25624
0.22217
0.22231
0.24970
0.25934
0.25194
0.26775
0.32888
0.37086
0.35060
0.34439
0.33837
0.32090
0.32458
0.33153
0.37003
0.39816
0.40398
0.41424
0.41548
0.44459
0.46619
0.48501
0.47139
0.50127
0.49012
0.53216
0.50210
0.50491
0.51649
0.54372
0.54565
0.52207
0.53871
0.51104
0.50746
0.53660
0.53256
0.55625
0.53435
0.51357
0.46921
0.44630
0.45606
0.45499
0.43373
0.42050
0.42649
0.45576
0.45383
0.43898
0.40313
0.39688
0.40233
0.42618
0.42110
0.40896
0.42023
0.40063
0.39671
0.38592
0.32448
0.32240
0.35729
0.35760
0.34536
0.34611
0.34021
0.36681
0.39307
0.41297
0.41929
0.40589
0.42176
0.41360
0.42582
0.40998
0.41625
0.41268
0.45081
0.39668
0.40616
0.37542
0.39512
0.42336
0.45739
0.44248
0.42799
0.41076
0.38963
0.37180
0.35541
0.36099
0.35318
0.29152
0.29703
0.30449
0.30789
0.28715
0.27732
0.30312
0.35121
0.39400
0.38157
0.34523
0.38420
0.37708
0.35169
0.34035
0.33488
0.27445
0.33971
0.35753
0.38108
0.41417
0.41661
0.40658
0.39958
0.42671
0.47885
0.48757
0.47068
0.45255
0.49426
0.52021
0.51515
0.51693
0.52727
0.53453
0.51732
0.52569
0.55176
0.52694
0.47899
0.44576
0.46181
0.50102
0.47105
0.47919
0.46494
0.44431
0.44367
0.44784
0.48102
0.48035
0.48984
0.50923
0.50684
0.55129
0.50000
0.48630
0.45517
0.43683
0.38257
0.37527
0.35191
0.36193
0.33199
0.34242
0.34065
0.31621
0.35728
0.35533
0.34016
0.31677
0.29045
0.28214
0.25086
0.24008
0.28138
0.29007
0.28361
0.29111
0.29564
0.31940
0.29521
0.29081
0.29230
0.27682
0.27428
0.26557
0.24375
0.27061
0.21965
0.21265
0.18371
0.23588
0.23171
0.21882
0.21485
0.20270
0.19809
0.20388
0.24101
0.26927
0.32179
0.31351
0.27443
0.27493
0.23749
0.25961
0.24193
0.24459
0.18795
0.12352
0.12034
0.10063
0.10658
0.08813
0.06358
0.08708
0.07575
0.05085
0.03925
0.03505
0.03766
0.03973
0.06749
0.04975
0.04268
0.03939
0.04497
0.01626
0.00831
0.00000
0.01809
0.02175
0.04404
0.05350
0.04636
0.04276
0.06042
0.01381
0.01988
0.02423
0.01048
0.01774
0.00259
0.03658
0.01683
0.00868
0.03129
0.03734
0.02769
0.03516
0.05058
0.06293
0.10437
0.12325
0.14035
0.15046
0.10938
0.08672
0.07653
0.09137
0.10837
0.09261
0.08303
0.07424
0.07682
0.06112
0.08178
0.06958
0.08015
0.09383
0.08291
0.06860
0.09277
0.08172
0.09679
0.11503
0.11790
0.10110
0.13631
0.12198
0.14362
0.16710
0.16284
0.15948
0.14343
0.12203
0.12210
0.11541
0.13075
0.17287
0.17396
0.20247
0.17713
0.19408
0.18038
0.19528
0.18403
0.21237
0.22088
0.19754
0.19263
0.17333
0.17510
0.18553
0.15504
0.15122
0.11328
0.10648
0.09928
0.10328
0.10583
0.06579
0.10139
0.09699
0.09186
0.10198
0.10675
0.10117
0.09584
0.08074
0.08174
0.07601
0.10494
0.05242
0.04743
0.06404
0.07289
0.03280
0.03496
0.01508
0.01757
0.00620
0.05136
0.04172
0.06435
0.05235
0.02208
0.03645
0.00000
0.02969
0.04484
0.02867
0.00000
0.00000
0.02490
0.03134
0.03019
0.03280
0.05489
0.00324
0.00000
0.00452
0.03891
0.07236
0.09843
0.10155
0.12897
0.17363
0.15724
0.15894
0.09612
0.11882
0.11527
0.06466
0.08544
0.06376
0.04578
0.03909
0.02561
0.00000
0.01156
0.03634
0.02737
0.01183
0.03150
0.03249
0.02803
0.01552
0.02523
0.02127
0.00000
0.01574
0.03317
0.04371
0.06705
0.07183
0.07414
0.08148
0.06108
0.08438
0.09876
0.10978
0.07295
0.05723
0.03385
0.02854
0.02309
0.00000
0.02407
0.03663
0.08958
0.05999
0.05784
0.07690
0.08195
0.08297
0.05054
0.05714
0.08108
0.09081
0.07856
0.10093
0.08755
0.13704
0.11009
0.13504
0.13790
0.13735
0.12470
0.11780
0.13176
0.09855
0.06635
0.06533
0.05757
0.09395
0.07220
0.06388
0.09774
0.09631
0.11178
0.13638
0.15580
0.16193
0.10652
0.14634
0.16084
0.18284
0.17254
0.17066
0.18519
0.16983
0.21001
0.17097
0.17729
0.18250
0.15018
0.14898
0.15505
0.19644
0.20319
0.20513
0.21085
0.20758
0.21015
0.24277
0.23834
0.28932
0.29283
0.29551
0.33400
0.31112
0.29208
0.26707
0.26413
0.22945
0.21216
0.18120
0.16551
0.12026
0.12007
0.13820
0.13364
0.14186
0.13396
0.14064
0.14681
0.15051
0.16238
0.14356
0.12454
0.13300
0.16093
0.12458
0.09961
0.12983
0.13914
0.14533
0.13203
0.14036
0.13470
0.14451
0.16117
0.13919
0.14473
0.13555
0.13834
0.18092
0.17093
0.14155
0.14923
0.14749
0.10057
0.10500
0.13026
0.12407
0.12685
0.09935
0.09272
0.11567
0.10950
0.11049
0.12364
0.11220
0.12175
0.08859
0.08763
0.05926
0.05298
0.04005
0.03809
0.01981
0.06155
0.07424
0.07572
0.04030
0.06514
0.04865
0.11281
0.09631
0.09012
0.11249
0.12037
0.09754
0.12505
0.12599
0.13384
0.11861
0.11758
0.12557
0.09503
0.08910
0.08740
0.07859
0.06467
0.04524
0.04450
0.05049
0.07059
0.03261
0.03485
0.02856
0.03603
0.01720
0.02236
0.03242
0.07322
0.06117
0.02551
0.05400
0.06492
0.06898
0.03527
0.04662
0.02445
0.06239
0.10502
0.11806
0.15371
0.15469
0.13865
0.10747
0.09303
0.08112
0.07716
0.05496
0.05451
0.05741
0.06604
0.08938
0.07108
0.08118
0.06011
0.05108
0.08911
0.09667
0.05855
0.12693
0.11076
0.09613
0.13278
0.15056
0.16039
0.21174
0.20441
0.21479
0.22746
0.20600
0.19026
0.17368
0.18946
0.21479
0.20336
0.18196
0.18499
0.21025
0.20233
0.19149
0.16275
0.11083
0.10217
0.10364
0.09038
0.07526
0.07737
0.09246
0.10166
0.10025
0.17102
0.17535
0.12522
0.11536
0.13374
0.14733
0.13477
0.13955
0.14838
0.15259
0.15132
0.13188
0.12604
0.12854
0.11591
0.16308
0.11053
0.09641
0.10803
0.12217
0.13009
0.11384
0.09847
0.14001
0.11658
0.14621
0.14047
0.15466
0.15517
0.19536
0.22473
0.20954
0.22933
0.24637
0.19480
0.21018
0.19968
0.19169
0.20130
0.21802
0.27569
0.26665
0.26090
0.21420
0.22805
0.23505
0.21368
0.20990
0.19495
0.19896
0.17756
0.18850
0.21394
0.20656
0.21016
0.21558
0.22772
0.22748
0.22896
0.25816
0.28121
0.25694
0.22239
0.24723
0.25100
0.24796
0.24439
0.26521
0.21788
0.21585
0.23541
0.23981
0.22332
0.18824
0.19138
0.24794
0.22060
0.21237
0.20717
0.18433
0.19442
0.21533
0.23874
0.23246
0.23499
0.24350
0.26214
0.26182
0.25382
0.27020
0.25846
0.26541
0.28105
0.27224
0.30850
0.32341
0.33213
0.34201
0.32816
0.31050
0.31901
0.30582
0.32559
0.29747
0.25195
0.25195
0.26278
0.30054
0.27311
0.21386
0.24480
0.25809
0.29155
0.28798
0.25285
0.23220
0.19890
0.23172
0.21152
0.16861
0.18285
0.13363
0.15331
0.13219
0.13144
0.12023
0.15143
0.17078
0.17294
0.20396
0.21268
0.18260
0.18646
0.20386
0.19305
0.21774
0.19684
0.20927
0.20048
0.21502
0.19968
0.22414
0.20372
0.20741
0.22483
0.21519
0.18785
0.15444
0.13359
0.06210
0.08094
0.08420
0.06385
0.06520
0.02995
0.05543
0.06559
0.04956
0.08510
0.08269
0.04967
0.05593
0.04775
0.06342
0.08130
0.07371
0.10328
0.09897
0.07983
0.04257
0.05584
0.05487
0.07089
0.03784
0.05037
0.05434
0.05842
0.02032
0.04988
0.05504
0.03588
0.03132
0.03728
0.03406
0.01493
0.02240
0.04917
0.01714
0.00155
0.02022
0.03561
0.03437
0.04009
0.03984
0.00909
0.00203
0.00023
0.05003
0.03744
0.05499
0.05800
0.09865
0.05899
0.06003
0.06003
0.04017
0.01457
0.00803
0.03630
0.05408
0.04495
0.06538
0.02413
0.03003
0.01789
0.02864
0.02864
0.03410
0.01244
0.00802
0.01647
0.03337
0.03960
0.02105
0.01411
0.01815
0.02120
0.00909
0.00000
0.03311
0.01432
0.00751
0.00000
0.05521
0.06103
0.04220
0.07307
0.07447
0.09160
0.09269
0.07984
0.09748
0.11698
0.10402
0.10010
0.13082
0.13506
0.12146
0.09156
0.08310
0.10667
0.06015
0.03547
0.05054
0.06940
0.06410
0.08337
0.08488
0.08270
0.12527
0.12034
0.16735
0.23633
0.21877
0.22584
0.24264
0.26820
0.28590
0.28793
0.29801
0.33577
0.30168
0.31431
0.32682
0.31778
0.30029
0.34516
0.39146
0.39395
0.39818
0.42295
0.41241
0.39640
0.40379
0.41217
0.39907
0.41729
0.44381
0.44867
0.43086
0.42143
0.43422
0.41947
0.43765
0.44125
0.44253
0.43367
0.43219
0.38620
0.35889
0.34847
0.35571
0.38525
0.40418
0.40374
0.43017
0.43437
0.43758
0.45249
0.44231
0.42111
0.41205
0.40075
0.35250
0.31583
0.34430
0.36668
0.36045
0.41796
0.41075
0.42602
0.42315
0.39260
0.40219
0.40556
0.39942
0.43510
0.45179
0.43728
0.45875
0.42256
0.41808
0.38645
0.40228
0.40244
0.46088
0.44736
0.48382
0.48213
0.48469
0.48657
0.46430
0.48625
0.47444
0.47680
0.48858
0.50779
0.49817
0.48302
0.50321
0.49161
0.49460
0.47252
0.47605
0.46820
0.45971
0.48704
0.50301
0.49348
0.49042
0.47067
0.44859
0.44437
0.44194
0.43537
0.43554
0.42514
0.42972
0.42409
0.37457
0.37016
0.38130
0.41854
0.39900
0.41111
0.41302
0.44175
0.41607
0.40582
0.37843
0.36058
0.38353
0.34439
0.30980
0.26303
0.26587
0.25234
0.26670
0.26682
0.25416
0.27397
0.24804
0.25991
0.30378
0.30277
0.30818
0.29621
0.28629
0.28370
0.27505
0.25891
0.29085
0.29948
0.25154
0.24897
0.21749
0.23119
0.24100
0.21854
0.20669
0.22397
0.23824
0.23937
0.24488
0.21804
0.25309
0.26784
0.24542
0.25352
0.24631
0.25787
0.26055
0.24309
0.22772
0.23838
0.25971
0.27242
0.27279
0.27843
0.25943
0.24763
0.26530
0.25177
0.27806
0.29061
0.28407
0.26883
0.23065
0.23214
0.23623
0.22063
0.22069
0.19763
0.20242
0.21719
0.26007
0.26583
0.25047
0.23124
0.25433
0.27023
0.30183
0.29891
0.31122
0.28512
0.29184
0.28149
0.26799
0.29822
0.29957
0.30177
0.30793
0.28586
0.29272
0.29072
0.29858
0.30879
0.31982
0.32005
0.33409
0.33633
0.35595
0.31384
0.32990
0.32506
0.31292
0.30635
0.28389
0.23659
0.22419
0.20563
0.20894
0.21247
0.22644
0.21835
0.25142
0.23539
0.22892
0.24521
0.28900
0.30909
0.31226
0.32648
0.33627
0.33247
0.29215
0.30640
0.29638
0.30335
0.30101
0.28561
0.26946
0.22666
0.20339
0.16205
0.14939
0.15758
0.17933
0.18009
0.16039
0.15982
0.14395
0.17090
0.16365
0.20498
0.21195
0.19704
0.16745
0.20701
0.18584
0.18296
0.20990
0.15732
0.18421
0.17642
0.17581
0.18278
0.17572
0.15980
0.16055
0.18549
0.17157
0.17103
0.17122
0.15930
0.15529
0.14930
0.16803
0.15911
0.13022
0.14405
0.12660
0.11571
0.13066
0.14680
0.14650
0.12791
0.12362
0.14333
0.15181
0.10277
0.11398
0.06879
0.11822
0.12957
0.14664
0.17088
0.15992
0.16395
0.14451
0.14279
0.14526
0.12268
0.12192
0.12765
0.12565
0.14266
0.15391
0.13572
0.12647
0.14856
0.13099
0.08338
0.07599
0.06720
0.08975
0.08146
0.07635
0.08033
0.10813
0.09666
0.08175
0.09253
0.08858
0.07976
0.08436
0.08911
0.09031
0.06597
0.09199
0.09945
0.00959
0.01089
0.05754
0.10575
0.09705
0.08227
0.09238
0.08115
0.08272
0.06086
0.03435
0.04754
0.06073
0.05705
0.06631
0.07562
0.07325
0.08451
0.09017
0.09042
0.10349
0.11350
0.09813
0.09791
0.07063
0.06463
0.06862
0.10459
0.10773
0.05746
0.04834
0.03680
0.06878
0.06439
0.04357
0.08280
0.10329
0.12818
0.08957
0.12100
0.10554
0.15144
0.13383
0.10584
0.11084
0.13816
0.17919
0.18121
0.18455
0.17366
0.19340
0.20758
0.21561
0.20129
0.19391
0.19582
0.15894
0.15268
0.17128
0.15227
0.15195
0.15790
0.17662
0.18242
0.16789
0.14915
0.14038
0.09435
0.08874
0.08193
0.07286
0.09027
0.07858
0.07433
0.05635
0.06497
0.06517
0.06777
0.05504
0.06502
0.06652
0.06073
0.03964
0.03900
0.04836
0.07474
0.10125
0.12329
0.14491
0.14839
0.16025
0.15404
0.09043
0.12558
0.13706
0.13792
0.17903
0.19432
0.17197
0.17418
0.13900
0.13614
0.13653
0.19357
0.19370
0.17945
0.18780
0.19878
0.19589
0.21897
0.22711
0.21940
0.21015
0.22293
0.22235
0.19839
0.15128
0.17430
0.16721
0.14815
0.11564
0.09350
0.11101
0.11818
0.11327
0.12191
0.10190
0.09617
0.10796
0.09550
0.06670
0.07209
0.05402
0.08378
0.10363
0.09632
0.10290
0.10559
0.11356
0.13052
0.13813
0.12263
0.13352
0.14255
0.14796
0.18076
0.20130
0.15952
0.14915
0.15468
0.14187
0.14812
0.11272
0.06978
0.09438
0.05856
0.05029
0.04132
0.03421
0.03631
0.05531
0.07249
0.07232
0.06596
0.05851
0.05446
0.05352
0.07813
0.06367
0.05331
0.07330
0.10793
0.12429
0.12535
0.12147
0.11566
0.10704
0.10654
0.14238
0.13043
0.12044
0.16154
0.15558
0.13119
0.12954
0.12882
0.14457
0.13546
0.14435
0.17194
0.20139
0.19988
0.20236
0.19071
0.15709
0.18689
0.17216
0.19043
0.18741
0.20089
0.19637
0.20400
0.18555
0.13271
0.17742
0.15852
0.16096
0.14663
0.16607
0.13495
0.13908
0.11876
0.10964
0.15802
0.16004
0.15901
0.15691
0.17828
0.15222
0.15661
0.16894
0.13749
0.13719
0.10905
0.13156
0.12704
0.16286
0.17422
0.15151
0.08903
0.08677
0.06465
0.09514
0.12998
0.10027
0.09279
0.07561
0.07056
0.03920
0.04738
0.06907
0.08420
0.07782
0.10740
0.11671
0.13182
0.13238
0.12796
0.11470
0.10461
0.10939
0.10939
0.12503
0.12625
0.10197
0.10651
0.11403
0.14610
0.14911
0.17569
0.16921
0.13930
0.15505
0.15990
0.20119
0.18365
0.18257
0.18697
0.16405
0.13303
0.09136
0.08472
0.07966
0.13735
0.10082
0.08600
0.09245
0.07977
0.07222
0.06549
0.06452
0.03882
0.01003
0.01207
0.00346
0.01932
0.04437
0.03957
0.01747
0.06337
0.08938
0.07176
0.08640
0.10256
0.10094
0.10947
0.08345
0.12562
0.14979
0.11334
0.09350
0.10908
0.09993
0.11329
0.08077
0.07840
0.02454
0.02825
0.00889
0.01958
0.00545
0.01808
0.06020
0.05850
0.03685
0.04589
0.06182
0.06568
0.06753
0.05121
0.05997
0.00833
0.06674
0.07725
0.06756
0.03222
0.03672
0.06990
0.04744
0.05040
0.03714
0.06602
0.13915
0.13343
0.15044
0.13980
0.16781
0.21121
0.22016
0.25216
0.24628
0.23504
0.24401
0.22356
0.21470
0.15042
0.14978
0.15254
0.16317
0.18444
0.18231
0.14931
0.14831
0.13034
0.16629
0.17196
0.14109
0.19053
0.23904
0.25639
0.22343
0.16841
0.26797
0.27796
0.27446
0.26008
0.25802
0.24200
0.24071
0.24448
0.19901
0.20607
0.19298
0.20001
0.18723
0.18628
0.17820
0.17959
0.15414
0.15091
0.15801
0.14280
0.16489
0.16207
0.13674
0.12344
0.11808
0.14076
0.14964
0.13918
0.09593
0.12403
0.11953
0.12784
0.09828
0.10858
0.07724
0.06359
0.02590
0.01965
0.00025
0.00550
0.01964
0.04739
0.04728
0.03416
0.02498
0.04351
0.02726
0.03712
0.02555
0.02436
0.01674
0.03601
0.02977
0.03682
0.05819
0.07355
0.02387
0.04971
0.01348
0.00344
0.00218
0.02815
0.02190
0.00000
0.00676
0.02370
0.02170
0.04762
0.07393
0.06628
0.06748
0.07532
0.10198
0.11277
0.08810
0.07388
0.09141
0.09067
0.10700
0.09266
0.11353
0.10492
0.12299
0.08755
0.07968
0.08418
0.05886
0.05926
0.02833
0.05426
0.03676
0.01828
0.01469
0.00278
0.04521
0.01159
0.02066
0.05693
0.06723
0.05162
0.06067
0.04883
0.09191
0.05639
0.07465
0.05031
0.04853
0.03951
0.08034
0.08024
0.09926
0.10626
0.13689
0.16808
0.16623
0.17027
0.13309
0.12850
0.15099
0.18490
0.19363
0.19697
0.18538
0.16970
0.17346
0.15096
0.17864
0.19474
0.24561
0.23432
0.19545
0.24978
0.22871
0.23970
0.23683
0.25968
0.26615
0.28387
0.28676
0.22952
0.18658
0.17445
0.17858
0.19517
0.18967
0.14541
0.18067
0.18702
0.16816
0.18519
0.16435
0.12665
0.11482
0.09821
0.09174
0.08370
0.11837
0.05020
0.05723
0.07433
0.08467
0.06071
0.06368
0.10909
0.08511
0.11140
0.09587
0.11822
0.06776
0.04212
0.07346
0.04549
0.01696
0.01599
0.02676
0.07677
0.06125
0.06825
0.08165
0.09331
0.12110
0.16067
0.15268
0.11559
0.13699
0.10220
0.04990
0.06268
0.05230
0.03034
0.04445
0.06515
0.04468
0.05389
0.03354
0.05546
0.06512
0.05217
0.01500
0.01499
0.00000
0.01526
0.00565
0.00000
0.02705
0.04153
0.03910
0.03444
0.04175
0.05131
0.06738
0.04633
0.08001
0.07758
0.09560
0.08750
0.10554
0.06922
0.07948
0.09142
0.11533
0.14104
0.14057
0.10917
0.11110
0.09415
0.11084
0.12793
0.08074
0.11681
0.09316
0.09795
0.10953
0.11526
0.15163
0.16598
0.16930
0.15229
0.14400
0.13877
0.09778
0.10715
0.07697
0.09386
0.09701
0.10227
0.12290
0.12621
0.11868
0.12908
0.16490
0.13678
0.15655
0.11729
0.09042
0.05810
0.06591
0.03959
0.01965
0.03643
0.04937
0.06722
0.07020
0.05771
0.04739
0.08434
0.08521
0.09363
0.09778
0.09952
0.05524
0.07519
0.06441
0.04633
0.05112
0.05015
0.06729
0.06462
0.04173
0.06234
0.05401
0.04196
0.03649
0.03696
0.03617
0.07908
0.05687
0.07268
0.06834
0.05553
0.03942
0.05051
0.06996
0.05705
0.07259
0.04134
0.03009
0.03095
0.04464
0.04523
0.05834
0.05523
0.06081
0.05267
0.06013
0.05438
0.00000
0.00935
0.02340
0.03313
0.03661
0.06061
0.06418
0.07416
0.08621
0.09453
0.10865
0.13408
0.17079
0.16462
0.17601
0.16172
0.11720
0.14277
0.11938
0.12315
0.09473
0.11435
0.13786
0.12139
0.15516
0.15664
0.12875
0.16541
0.18699
0.20248
0.27545
0.28272
0.29191
0.30582
0.33115
0.29472
0.29058
0.29345
0.24022
0.22401
0.25057
0.24014
0.21496
0.17577
0.15177
0.14178
0.15686
0.12756
0.15519
0.18667
0.15614
0.13010
0.15830
0.18008
0.12817
0.15016
0.16760
0.16208
0.19136
0.15861
0.13319
0.14021
0.13145
0.14744
0.14045
0.16752
0.11372
0.11451
0.17593
0.19386
0.15996
0.17732
0.18715
0.17648
0.17641
0.15020
0.19039
0.18449
0.15704
0.12681
0.12317
0.11736
0.16778
0.13387
0.13532
0.16488
0.20359
0.18449
0.20692
0.17882
0.19952
0.17769
0.14436
0.14965
0.17066
0.17805
0.19540
0.17624
0.19986
0.22726
0.19296
0.19601
0.20409
0.22570
0.22200
0.22267
0.21298
0.20971
0.23002
0.24149
0.25132
0.28436
0.23615
0.18755
0.16370
0.17857
0.16539
0.19236
0.12768
0.13710
0.10385
0.11304
0.14592
0.15596
0.13914
0.13786
0.11768
0.10242
0.12142
0.09794
0.13499
0.12530
0.13243
0.12027
0.13166
0.14241
0.12876
0.11252
0.12362
0.11732
0.08790
0.10534
0.08268
0.09190
0.10959
0.14078
0.14228
0.15562
0.14408
0.15266
0.16319
0.13694
0.10179
0.07487
0.05978
0.08820
0.08346
0.08274
0.08129
0.09232
0.12316
0.11518
0.08936
0.04682
0.05287
0.06461
0.06218
0.08894
0.13747
0.14712
0.15614
0.20956
0.18270
0.18453
0.15680
0.14693
0.14184
0.14679
0.18193
0.17762
0.16821
0.14898
0.09975
0.05933
0.06803
0.07797
0.04559
0.03517
0.05726
0.06383
0.10725
0.14238
0.11554
0.12672
0.16057
0.19754
0.14972
0.16509
0.16986
0.13454
0.15486
0.14392
0.14266
0.13655
0.15421
0.14477
0.10656
0.09913
0.09256
0.08778
0.08979
0.10882
0.11844
0.09776
0.10662
0.12583
0.14640
0.13164
0.12076
0.09872
0.10602
0.08284
0.09647
0.09442
0.05773
0.06365
0.06454
0.06373
0.09719
0.11879
0.07960
0.05600
0.05796
0.08032
0.06926
0.07275
0.07783
0.10219
0.10057
0.12789
0.13364
0.15134
0.13778
0.10305
0.08977
0.05915
0.05917
0.05568
0.03042
0.02960
0.03604
0.04398
0.02887
0.07175
0.07222
0.08137
0.06865
0.08554
0.11103
0.10430
0.09830
0.08430
0.08704
0.11807
0.10930
0.11468
0.08675
0.09939
0.08980
0.08708
0.02816
0.03941
0.05694
0.03545
0.04276
0.02505
0.00335
0.02502
0.03140
0.08107
0.09053
0.10259
0.09286
0.09583
0.03739
0.01538
0.00561
0.03358
0.05544
0.06443
0.06575
0.06356
0.12385
0.13009
0.10522
0.07727
0.05198
0.04920
0.07604
0.02522
0.05060
0.04567
0.06632
0.08572
0.06838
0.06189
0.06719
0.04804
0.05873
0.02895
0.02747
0.03489
0.02930
0.02991
0.01253
0.02485
0.04316
0.07206
0.05130
0.05461
0.03196
0.04379
0.07317
0.09502
0.07811
0.05361
0.02663
0.03806
0.03587
0.02680
0.03538
0.00147
0.00755
0.00049
0.02243
0.02371
0.03790
0.03194
0.02550
0.02169
0.04546
0.09477
0.10560
0.08664
0.11817
0.11511
0.09830
0.09036
0.08436
0.08918
0.08586
0.07640
0.09466
0.05902
0.04628
0.06391
0.05820
0.05206
0.03690
0.00909
0.02982
0.02047
0.03553
0.07017
0.03635
0.00929
0.01010
0.00697
0.00275
0.00471
0.04494
0.04912
0.03385
0.07893
0.08625
0.06903
0.06410
0.05932
0.07363
0.10196
0.09111
0.06445
0.07413
0.04669
0.06914
0.07472
0.04737
0.05335
0.03494
0.03021
0.00543
0.04807
0.03860
0.06425
0.03029
0.02747
0.08679
0.07697
0.05181
0.07397
0.04102
0.07306
0.04323
0.08421
0.11894
0.14815
0.12025
0.11943
0.11464
0.13629
0.11716
0.14025
0.13941
0.13384
0.16045
0.18191
0.18182
0.20928
0.21416
0.21050
0.21112
0.21271
0.17763
0.13603
0.14785
0.16158
0.14309
0.14157
0.12541
0.11430
0.12868
0.14428
0.15775
0.14283
0.14640
0.19499
0.19304
0.19160
0.17927
0.20420
0.17711
0.16328
0.17645
0.15359
0.15132
0.19469
0.19586
0.19858
0.22280
0.20317
0.19210
0.17687
0.17087
0.16948
0.17128
0.15879
0.11808
0.07818
0.12399
0.11237
0.15214
0.18426
0.18033
0.19553
0.19817
0.20321
0.19679
0.21722
0.24726
0.23559
0.21607
0.28910
0.28296
0.28369
0.30656
0.31974
0.32724
0.32481
0.28500
0.27737
0.30706
0.32919
0.32936
0.34566
0.36566
0.37806
0.42698
0.42410
0.43915
0.45146
0.46807
0.48653
0.47259
0.46591
0.45172
0.48366
0.48250
0.44355
0.44289
0.40529
0.43282
0.40423
0.43421
0.40394
0.41535
0.40732
0.39143
0.40887
0.41409
0.39119
0.38800
0.38193
0.37266
0.35593
0.36618
0.36140
0.34589
0.39546
0.36473
0.34487
0.32247
0.34734
0.36781
0.34358
0.29683
0.30202
0.28919
0.29817
0.29905
0.29274
0.23962
0.21093
0.19726
0.16333
0.14502
0.13110
0.11195
0.04053
0.06541
0.08067
0.11355
0.12830
0.13853
0.14667
0.17544
0.16777
0.20852
0.19719
0.18713
0.16304
0.13778
0.13921
0.12949
0.14440
0.24371
0.23306
0.23005
0.24708
0.25099
0.20921
0.19228
0.19164
0.18891
0.21570
0.20959
0.17668
0.16470
0.16971
0.16967
0.16230
0.13505
0.12082
0.09528
0.06725
0.05990
0.10064
0.10040
0.08737
0.10415
0.08238
0.10993
0.09449
0.08969
0.09700
0.08132
0.05762
0.04487
0.04287
0.03618
0.01990
0.01498
0.04042
0.05551
0.05358
0.05930
0.06623
0.05328
0.01764
0.02415
0.02041
0.00000
0.00434
0.00549
0.00000
0.01374
0.02191
0.00003
0.05915
0.06503
0.11054
0.11301
0.11572
0.09192
0.07111
0.04834
0.06636
0.07062
0.06502
0.05484
0.04376
0.04452
0.08540
0.09342
0.11858
0.08238
0.10352
0.14191
0.10536
0.09804
0.06364
0.03080
0.05300
0.06289
0.07267
0.05669
0.05774
0.06833
0.05648
0.00068
0.01255
0.00979
0.04392
0.05269
0.04582
0.01246
0.00164
0.01248
0.01218
0.01949
0.00000
0.00237
0.00197
0.02538
0.00000
0.00143
0.02474
0.05690
0.04532
0.05169
0.05259
0.04950
0.06541
0.02142
0.01430
0.01199
0.03288
0.02021
0.06024
0.04609
0.03150
0.00790
0.02609
0.03450
0.01449
0.02495
0.00000
0.00961
0.03773
0.05274
0.05682
0.01436
0.04589
0.06110
0.09599
0.14844
0.11834
0.13864
0.17746
0.17697
0.12509
0.07132
0.04961
0.00436
0.00795
0.03119
0.03382
0.08437
0.07304
0.06594
0.05784
0.10618
0.09896
0.10789
0.11967
0.16210
0.16164
0.15687
0.13851
0.13716
0.13712
0.15708
0.14255
0.16854
0.18439
0.14341
0.12361
0.11531
0.17053
0.17881
0.15910
0.17107
0.17049
0.16007
0.14470
0.13310
0.12938
0.11921
0.13067
0.14525
0.13436
0.13520
0.14548
0.14566
0.12680
0.13228
0.15072
0.17283
0.14813
0.14936
0.18119
0.17535
0.17216
0.16523
0.15600
0.17717
0.23275
0.22752
0.18297
0.21838
0.22305
0.23128
0.19188
0.22942
0.23946
0.20415
0.21138
0.21014
0.21341
0.22569
0.21556
0.20693
0.22109
0.22339
0.24328
0.26043
0.27111
0.26175
0.25012
0.24671
0.22840
0.21624
0.24375
0.22060
0.21573
0.19460
0.15420
0.09909
0.12425
0.11414
0.12718
0.11006
0.13054
0.09966
0.10365
0.08937
0.07571
0.09321
0.10477
0.12567
0.14055
0.11376
0.13696
0.12962
0.09881
0.07201
0.06709
0.07829
0.04842
0.05542
0.05429
0.08569
0.07847
0.03713
0.02366
0.02246
0.05302
0.07363
0.08216
0.09060
0.09852
0.11935
0.08518
0.08165
0.05601
0.08732
0.09567
0.11526
0.13369
0.11507
0.12094
0.12212
0.10214
0.12121
0.10339
0.06797
0.05541
0.07307
0.07055
0.08750
0.08536
0.08391
0.09719
0.08681
0.09398
0.09980
0.11200
0.10987
0.10245
0.13124
0.12759
0.13754
0.15099
0.13057
0.12769
0.13652
0.12648
0.15879
0.16833
0.16073
0.16999
0.15957
0.18361
0.23316
0.21385
0.16853
0.10366
0.12429
0.13441
0.15839
0.14643
0.13605
0.13663
0.12075
0.12500
0.14185
0.15430
0.14876
0.16234
0.11199
0.11763
0.11983
0.12753
0.12577
0.12419
0.07648
0.04697
0.03012
0.03949
0.05226
0.02409
0.03678
0.05330
0.04662
0.08012
0.07829
0.11795
0.11065
0.11623
0.09607
0.08870
0.09524
0.13302
0.13817
0.12112
0.11983
0.13122
0.14943
0.15936
0.20708
0.21069
0.21051
0.22303
0.21027
0.20169
0.24079
0.26891
0.27467
0.24844
0.25080
0.24776
0.22245
0.21757
0.22314
0.24393
0.25306
0.22606
0.23782
0.25315
0.26224
0.23815
0.22467
0.23347
0.22663
0.24870
0.19530
0.21692
0.22263
0.23372
0.22714
0.22183
0.18314
0.18554
0.16130
0.14868
0.15200
0.12696
0.08334
0.06849
0.09395
0.09983
0.11456
0.13695
0.13129
0.18757
0.15226
0.12851
0.10134
0.12697
0.10192
0.14249
0.14129
0.11076
0.15612
0.10338
0.13064
0.14093
0.15153
0.14356
0.14708
0.19172
0.20717
0.22303
0.22169
0.21137
0.21282
0.22911
0.22808
0.24835
0.22477
0.21743
0.22855
0.21588
0.19735
0.18225
0.18536
0.15938
0.16499
0.15228
0.14086
0.17078
0.15590
0.16486
0.18329
0.15165
0.10984
0.12773
0.12033
0.15577
0.16287
0.15041
0.19208
0.17385
0.23633
0.22050
0.20602
0.16727
0.18174
0.21189
0.17793
0.15894
0.19044
0.17910
0.18621
0.19690
0.18543
0.13339
0.14243
0.15632
0.14670
0.16052
0.14894
0.16027
0.21124
0.20653
0.22228
0.22916
0.21497
0.19484
0.19198
0.19689
0.19834
0.16063
0.15343
0.13428
0.12045
0.09736
0.10805
0.12565
0.13831
0.13121
0.13224
0.14658
0.13581
0.11551
0.09908
0.13893
0.14201
0.14733
0.14436
0.13610
0.08703
0.07333
0.06203
0.08319
0.09760
0.08475
0.08881
0.07314
0.07837
0.06511
0.05192
0.10426
0.10493
0.10930
0.06871
0.08917
0.05499
0.02334
0.01426
0.02057
0.00939
0.03108
0.03573
0.03678
0.04385
0.04944
0.05125
0.06707
0.07506
0.05989
0.05725
0.05473
0.05244
0.06441
0.05870
0.05871
0.09853
0.07745
0.07690
0.08224
0.05729
0.07859
0.10535
0.11266
0.10410
0.11646
0.10135
0.11620
0.09999
0.06031
0.05893
0.06692
0.05913
0.04280
0.05246
0.07855
0.06875
0.08489
0.09745
0.07074
0.07938
0.05046
0.03987
0.03238
0.05115
0.06861
0.10361
0.10531
0.12022
0.12352
0.15478
0.14047
0.14059
0.14259
0.09257
0.08332
0.09433
0.09467
0.07873
0.05532
0.05296
0.09601
0.12978
0.12154
0.16180
0.13205
0.14338
0.15209
0.18162
0.17831
0.15748
0.15404
0.15186
0.14054
0.10762
0.08931
0.10809
0.13981
0.14451
0.17372
0.22286
0.24050
0.23732
0.24349
0.23282
0.21088
0.17683
0.16962
0.17837
0.15865
0.15624
0.13514
0.16369
0.13499
0.12359
0.13152
0.11070
0.13380
0.15949
0.18438
0.21242
0.21338
0.14236
0.15764
0.14451
0.11951
0.09349
0.10215
0.05484
0.04573
0.06730
0.06586
0.08568
0.09953
0.09593
0.11640
0.12484
0.13263
0.14942
0.14752
0.16960
0.16267
0.15571
0.18072
0.19135
0.20903
0.24176
0.25599
0.27054
0.25799
0.31000
0.36118
0.33227
0.32664
0.35800
0.38608
0.39667
0.41407
0.40423
0.42702
0.45064
0.40652
0.38118
0.39981
0.37156
0.35408
0.36105
0.36419
0.29064
0.29282
0.24654
0.25352
0.24979
0.25413
0.25872
0.25018
0.24820
0.26087
0.25551
0.22738
0.18538
0.18671
0.19581
0.17992
0.20161
0.19837
0.16496
0.20431
0.19619
0.21111
0.23567
0.23185
0.22762
0.24749
0.21412
0.23185
0.23732
0.20751
0.21822
0.21620
0.21688
0.19250
0.18483
0.23142
0.21344
0.24923
0.24669
0.23402
0.24073
0.27726
0.26628
0.24070
0.24844
0.26822
0.25222
0.27442
0.28008
0.21235
0.20654
0.21565
0.23643
0.22332
0.25689
0.24879
0.23870
0.26873
0.26472
0.24634
0.27024
0.24691
0.24068
0.19429
0.22022
0.20416
0.20240
0.22078
0.22773
0.22685
0.26139
0.24936
0.24995
0.23088
0.22133
0.21989
0.22489
0.23710
0.25369
0.25030
0.24342
0.24508
0.25530
0.23065
0.26422
0.24948
0.23672
0.24469
0.22760
0.23119
0.21168
0.21268
0.24904
0.27269
0.26703
0.27677
0.24549
0.25090
0.26461
0.29054
0.28070
0.29336
0.30192
0.31147
0.31370
0.36219
0.34822
0.39629
0.38576
0.39413
0.39977
0.41502
0.40669
0.42027
0.41220
0.42133
0.44777
0.42922
0.43033
0.44563
0.44446
0.48585
0.49483
0.50046
0.48578
0.51576
0.55294
0.53161
0.53346
0.55372
0.54335
0.56473
0.56671
0.57078
0.57844
0.58065
0.54330
0.55901
0.51805
0.50751
0.48867
0.48501
0.48100
0.47846
0.51395
0.51907
0.49840
0.51310
0.49576
0.49609
0.51309
0.52756
0.54985
0.51246
0.51859
0.52746
0.51802
0.49453
0.48799
0.49166
0.48608
0.49840
0.50397
0.49867
0.51380
0.52568
0.54669
0.53958
0.57577
0.57673
0.59344
0.58135
0.56455
0.57726
0.53204
0.53379
0.54987
0.54912
0.55900
0.55496
0.53263
0.55891
0.56856
0.55213
0.55568
0.55999
0.58682
0.58963
0.56627
0.56092
0.55575
0.59571
0.57691
0.53251
0.54795
0.52590
0.53374
0.52396
0.50973
0.50447
0.47613
0.50408
0.50397
0.48554
0.46324
0.47706
0.46399
0.48394
0.52435
0.53818
0.54593
0.52710
0.52368
0.50166
0.52660
0.56287
0.51884
0.55714
0.56290
0.54201
0.54489
0.56943
0.57532
0.58662
0.59208
0.57405
0.56889
0.58671
0.59078
0.59598
0.59797
0.58317
0.56811
0.55497
0.54344
0.53889
0.56187
0.55776
0.54793
0.53198
0.53747
0.54288
0.57531
0.57842
0.56891
0.58566
0.58824
0.57139
0.56300
0.58915
0.57035
0.57075
0.59361
0.60198
0.60098
0.58336
0.58859
0.61845
0.64318
0.69321
0.69965
0.69099
0.66984
0.68405
0.71116
0.62383
0.61882
0.65772
0.62339
0.63405
0.63284
0.59271
0.60197
0.58203
0.55508
0.55631
0.56288
0.54745
0.50033
0.48913
0.51431
0.53786
0.50215
0.51528
0.55466
0.62183
0.63163
0.62439
0.61540
0.59933
0.61468
0.59557
0.59368
0.58199
0.56477
0.55392
0.59324
0.59544
0.55028
0.55749
0.54299
0.52754
0.52789
0.52563
0.46733
0.49882
0.49773
0.50946
0.51497
0.50549
0.49045
0.48199
0.47532
0.43841
0.43277
0.41665
0.42238
0.41552
0.41303
0.43805
0.44022
0.39336
0.40381
0.43311
0.41183
0.38508
0.40385
0.42876
0.39572
0.40050
0.38052
0.38710
0.37822
0.34856
0.35750
0.32961
0.34153
0.33746
0.34686
0.32156
0.34468
0.34368
0.34116
0.33965
0.28667
0.30323
0.28093
0.25969
0.21785
0.24281
0.20078
0.17695
0.15651
0.12570
0.12003
0.13754
0.15436
0.15773
0.15746
0.11979
0.11744
0.10947
0.11998
0.15127
0.13596
0.15277
0.18073
0.18587
0.14402
0.09439
0.11018
0.06472
0.03233
0.01459
0.07536
0.08106
0.09361
0.08672
0.08422
0.08376
0.09979
0.08962
0.10377
0.13033
0.15989
0.14845
0.11667
0.10839
0.12615
0.15995
0.12901
0.14180
0.15329
0.16012
0.17569
0.19149
0.19441
0.22067
0.21046
0.19833
0.21797
0.18409
0.13884
0.14286
0.13442
0.12727
0.14139
0.09736
0.08300
0.08238
0.08417
0.09036
0.08195
0.08287
0.08008
0.12119
0.09032
0.11171
0.07746
0.07456
0.06154
0.08872
0.09125
0.08153
0.08616
0.08800
0.08305
0.11569
0.12679
0.12759
0.15760
0.17027
0.15640
0.14284
0.14903
0.13087
0.15906
0.16324
0.19251
0.18025
0.18179
0.22023
0.18714
0.15502
0.12366
0.08659
0.08142
0.17718
0.22761
0.20506
0.20235
0.20777
0.20090
0.18200
0.19702
0.16843
0.17020
0.16009
0.14587
0.15960
0.15686
0.12388
0.13526
0.13444
0.18175
0.13842
0.14387
0.11617
0.13044
0.14759
0.15294
0.16324
0.17634
0.16174
0.16581
0.15425
0.15734
0.15957
0.16232
0.15535
0.13236
0.14191
0.15537
0.13408
0.15163
0.15593
0.12037
0.09074
0.09754
0.10715
0.11309
0.10754
0.06799
0.04112
0.06023
0.09325
0.09684
0.09740
0.12154
0.11595
0.12045
0.11853
0.11416
0.10355
0.13456
0.13463
0.15656
0.14177
0.14636
0.14889
0.14872
0.13472
0.14862
0.11940
0.13752
0.13928
0.18149
0.20390
0.21944
0.20205
0.18566
0.21175
0.22913
0.24143
0.22830
0.19210
0.16266
0.16420
0.15360
0.16487
0.15042
0.18335
0.21623
0.22396
0.20608
0.22975
0.24371
0.25087
0.25128
0.29276
0.29349
0.28916
0.26031
0.25198
0.27313
0.26135
0.24994
0.24868
0.24780
0.22517
0.22946
0.22730
0.21341
0.18386
0.18356
0.20469
0.22502
0.18107
0.21338
0.19882
0.21255
0.19954
0.17557
0.16154
0.17531
0.17501
0.17864
0.19738
0.18747
0.19981
0.16025
0.21261
0.19394
0.15645
0.11959
0.12770
0.09796
0.09133
0.10718
0.10148
0.09059
0.09059
0.08958
0.10769
0.08817
0.09634
0.09509
0.10743
0.09899
0.10221
0.09638
0.11049
0.12575
0.12141
0.11818
0.17882
0.19291
0.19323
0.19912
0.21660
0.20910
0.21846
0.24358
0.21865
0.21252
0.19778
0.18763
0.17667
0.16568
0.15190
0.17043
0.16148
0.14943
0.16311
0.16545
0.20215
0.21932
0.22991
0.21474
0.20079
0.18416
0.21531
0.24181
0.19852
0.22359
0.21580
0.25006
0.25027
0.27000
0.29554
0.29716
0.28060
0.29555
0.25399
0.30205
0.30409
0.29344
0.29098
0.26827
0.28465
0.31019
0.30441
0.27635
0.25891
0.27801
0.23611
0.22716
0.21952
0.17909
0.18834
0.17362
0.16805
0.20979
0.19810
0.16360
0.15163
0.22478
0.18302
0.15470
0.13623
0.09852
0.09476
0.12419
0.12294
0.12262
0.12637
0.12588
0.16810
0.14550
0.13013
0.14680
0.15570
0.13957
0.16645
0.20099
0.21647
0.21071
0.18812
0.18099
0.18592
0.17705
0.18789
0.16773
0.16945
0.15338
0.12514
0.12616
0.13303
0.11709
0.13754
0.19752
0.20562
0.23212
0.19673
0.20072
0.13890
0.12823
0.14587
0.12553
0.10871
0.10440
0.08727
0.06499
0.07161
0.08307
0.09236
0.07862
0.08617
0.07881
0.09433
0.06887
0.05695
0.10284
0.11985
0.14673
0.16765
0.16579
0.12988
0.12869
0.14288
0.15935
0.17672
0.16908
0.17525
0.17813
0.19333
0.16832
0.18440
0.19448
0.23777
0.21576
0.21176
0.15482
0.18572
0.19542
0.20235
0.24367
0.26015
0.27086
0.26606
0.25553
0.23168
0.24265
0.23113
0.17922
0.15989
0.19493
0.18873
0.19051
0.19784
0.22257
0.18337
0.13477
0.17164
0.15535
0.11074
0.10906
0.10411
0.09550
0.08740
0.07652
0.09791
0.09404
0.09573
0.10709
0.11215
0.09580
0.12214
0.12262
0.12081
0.09223
0.07282
0.10732
0.10921
0.11846
0.13466
0.17918
0.18412
0.20303
0.19277
0.20247
0.19292
0.20059
0.18397
0.16139
0.14438
0.14460
0.06557
0.08400
0.08680
0.13969
0.10223
0.13083
0.16441
0.14779
0.14799
0.15273
0.14995
0.15026
0.14016
0.12133
0.17104
0.19339
0.21313
0.20367
0.22215
0.21468
0.20146
0.18815
0.19509
0.23695
0.23734
0.23767
0.24228
0.24728
0.23364
0.22506
0.25347
0.26269
0.24136
0.26488
0.26292
0.27436
0.26685
0.26870
0.27217
0.26506
0.26296
0.24381
0.22986
0.25631
0.25696
0.26799
0.26150
0.28114
0.22703
0.19867
0.18440
0.15965
0.17857
0.21093
0.22648
0.24104
0.24922
0.25098
0.27444
0.28936
0.29804
0.28678
0.28514
0.28464
0.30500
0.31097
0.35402
0.35655
0.35647
0.39449
0.38534
0.39270
0.38984
0.37875
0.35642
0.35659
0.36513
0.31589
0.35187
0.37195
0.36353
0.34902
0.34368
0.34269
0.34778
0.32492
0.34864
0.34302
0.34182
0.33250
0.30995
0.33014
0.33048
0.33370
0.32060
0.34925
0.36180
0.34368
0.31788
0.28948
0.30347
0.28441
0.29035
0.29060
0.28043
0.28897
0.27476
0.28666
0.30697
0.30309
0.27831
0.25711
0.26600
0.27839
0.25176
0.25973
0.25720
0.25621
0.23483
0.22594
0.23658
0.25933
0.26444
0.26444
0.26950
0.27984
0.27997
0.26725
0.25487
0.25750
0.24677
0.20187
0.17285
0.15851
0.18096
0.14764
0.15087
0.17699
0.16992
0.17011
0.17186
0.18991
0.23518
0.23770
0.22876
0.21818
0.25468
0.20859
0.19308
0.22399
0.19449
0.18808
0.18855
0.18865
0.15544
0.14657
0.12852
0.15652
0.11528
0.10618
0.10074
0.10653
0.16036
0.13595
0.13066
0.15256
0.15701
0.19201
0.15707
0.14988
0.17988
0.16218
0.17885
0.13692
0.10089
0.12642
0.14904
0.16894
0.20595
0.19636
0.19808
0.22386
0.23528
0.22398
0.20960
0.22248
0.21745
0.21307
0.22841
0.29225
0.28944
0.30367
0.29118
0.31319
0.34580
0.31019
0.33604
0.32156
0.28994
0.31333
0.29240
0.24519
0.22484
0.19393
0.15967
0.15657
0.16527
0.17270
0.17185
0.17554
0.16729
0.15001
0.15008
0.15704
0.16002
0.15559
0.13504
0.12259
0.09720
0.08804
0.08203
0.08043
0.09178
0.13152
0.13227
0.12647
0.11253
0.07872
0.05809
0.04339
0.04021
0.02348
0.00455
0.03872
0.04400
0.01944
0.03452
0.04423
0.02890
0.02547
0.04605
0.06090
0.03067
0.02468
0.05019
0.03819
0.01598
0.03306
0.03817
0.03314
0.05768
0.06909
0.09822
0.09998
0.09751
0.07373
0.05655
0.03250
0.07430
0.06436
0.04576
0.08722
0.08756
0.09416
0.09569
0.06873
0.08178
0.09187
0.06259
0.05587
0.06440
0.04800
0.06371
0.06928
0.04069
0.06069
0.06978
0.06972
0.06119
0.08629
0.12713
0.10955
0.12072
0.14421
0.10464
0.06805
0.07156
0.04366
0.03545
0.04961
0.04812
0.04994
0.04561
0.05158
0.03669
0.05686
0.02060
0.02446
0.00065
0.01728
0.04956
0.07146
0.05418
0.06049
0.02109
0.01192
0.01605
0.02836
0.03744
0.03933
0.06080
0.00860
0.00746
0.01907
0.04857
0.05592
0.05889
0.04440
0.06812
0.07253
0.07671
0.08458
0.05128
0.06865
0.06709
0.09109
0.09020
0.10252
0.10795
0.07688
0.08373
0.11929
0.13886
0.14828
0.12303
0.13761
0.12079
0.14496
0.16439
0.14239
0.16344
0.14280
0.16324
0.15044
0.16413
0.15284
0.12193
0.11778
0.14714
0.14789
0.08799
0.06071
0.06548
0.06350
0.07083
0.09134
0.04274
0.09019
0.09381
0.09446
0.12254
0.11500
0.07981
0.07424
0.04066
0.05375
0.06467
0.06104
0.05275
0.04217
0.01640
0.04864
0.02970
0.04043
0.04207
0.03063
0.06659
0.05154
0.08205
0.09296
0.10659
0.12290
0.10343
0.06136
0.02886
0.02348
0.04001
0.06190
0.03619
0.02326
0.03726
0.00700
0.02534
0.02172
0.04234
0.04486
0.06255
0.08811
0.15858
0.05735
0.07161
0.08716
0.06332
0.03196
0.00975
0.02983
0.03487
0.05119
0.07206
0.04554
0.06102
0.06636
0.07643
0.06135
0.08419
0.06958
0.06943
0.08218
0.13392
0.16037
0.08659
0.02829
0.03566
0.04753
0.07798
0.09099
0.06483
0.07005
0.05806
0.11754
0.11718
0.09220
0.12463
0.12805
0.13805
0.15113
0.16805
0.17702
0.14698
0.14548
0.17534
0.18153
0.21151
0.20176
0.20093
0.22534
0.19427
0.18640
0.19891
0.19744
0.19890
0.19890
0.18497
0.19515
0.19003
0.12067
0.13165
0.13527
0.13525
0.14081
0.16456
0.19649
0.17656
0.16183
0.18574
0.19368
0.21776
0.24097
0.25362
0.22983
0.23317
0.25839
0.25699
0.29148
0.31921
0.30427
0.31000
0.34936
0.35626
0.36335
0.30544
0.29984
0.31742
0.32549
0.35742
0.37368
0.37540
0.37881
0.38979
0.39355
0.37118
0.38153
0.34748
0.32429
0.28485
0.26674
0.21404
0.16783
0.18056
0.19106
0.15947
0.12382
0.11107
0.11480
0.12769
0.12769
0.09495
0.04078
0.03781
0.03114
0.07085
0.06470
0.05249
0.01968
0.02215
0.02349
0.02459
0.03524
0.02078
0.03270
0.03750
0.06898
0.07989
0.05529
0.03058
0.02898
0.04492
0.03862
0.03573
0.04785
0.05580
0.04707
0.02788
0.04837
0.05081
0.05214
0.10210
0.13424
0.12886
0.13329
0.16103
0.17373
0.15611
0.15297
0.16092
0.12971
0.12141
0.12407
0.11478
0.13661
0.14863
0.12281
0.11315
0.12944
0.12833
0.12494
0.11403
0.14449
0.11530
0.12012
0.18606
0.19060
0.17927
0.21401
0.23768
0.21405
0.27397
0.25311
0.24640
0.24334
0.20225
0.19618
0.17757
0.16316
0.14099
0.19392
0.20258
0.18655
0.18097
0.16810
0.15660
0.14666
0.15027
0.14363
0.16054
0.15638
0.16816
0.14349
0.17276
0.17068
0.14164
0.15077
0.16849
0.14436
0.11312
0.12662
0.14077
0.16399
0.18284
0.19822
0.19667
0.18015
0.18919
0.19530
0.18826
0.17712
0.18705
0.17588
0.16184
0.16103
0.15805
0.13487
0.16140
0.16047
0.16669
0.16586
0.17149
0.18894
0.15230
0.15653
0.16760
0.17297
0.19459
0.23604
0.26002
0.21161
0.23454
0.21546
0.23215
0.24037
0.24489
0.26525
0.25413
0.25956
0.28715
0.29220
0.31667
0.32177
0.35381
0.37523
0.37984
0.34034
0.36044
0.38256
0.37498
0.33195
0.34439
0.32536
0.34461
0.36323
0.37199
0.38881
0.40810
0.41387
0.40140
0.37963
0.39988
0.39062
0.38594
0.37434
0.37758
0.35757
0.35862
0.35528
0.34537
0.36393
0.34617
0.32114
0.29999
0.33070
0.32937
0.29670
0.35410
0.33991
0.33330
0.33412
0.33330
0.32857
0.32475
0.33398
0.32691
0.29285
0.28735
0.28429
0.27757
0.26186
0.27661
0.29526
0.27681
0.27557
0.28797
0.28267
0.25941
0.27387
0.27614
0.33303
0.35650
0.38070
0.37911
0.39356
0.38519
0.38192
0.42726
0.42182
0.38627
0.41083
0.38190
0.37802
0.37965
0.33379
0.29907
0.31650
0.29367
0.28656
0.29579
0.32633
0.33530
0.37258
0.36024
0.36721
0.30900
0.30521
0.30008
0.29184
0.33094
0.34208
0.36791
0.36950
0.38289
0.39558
0.40767
0.40402
0.41211
0.43084
0.40372
0.37482
0.33484
0.29232
0.29821
0.25748
0.26821
0.25258
0.26325
0.26114
0.21692
0.19822
0.16146
0.16815
0.16421
0.16301
0.17670
0.20802
0.20894
0.17124
0.17769
0.19551
0.16373
0.17632
0.18465
0.18574
0.15695
0.15735
0.16598
0.16582
0.14279
0.13000
0.12801
0.13875
0.15382
0.12875
0.16165
0.17291
0.14539
0.14011
0.16958
0.16575
0.16040
0.18050
0.21175
0.19946
0.23844
0.18999
0.18499
0.17471
0.13540
0.12666
0.12868
0.13098
0.13148
0.10977
0.08027
0.10227
0.09441
0.07537
0.05783
0.06207
0.01786
0.02099
0.08979
0.08851
0.08143
0.11827
0.10871
0.09139
0.07389
0.08903
0.11155
0.08770
0.04887
0.06902
0.03717
0.05102
0.04341
0.06216
0.07452
0.08888
0.09817
0.08438
0.07452
0.06698
0.06628
0.05376
0.06844
0.17558
0.19041
0.18945
0.21863
0.16357
0.15263
0.14695
0.15399
0.16161
0.15404
0.16097
0.14232
0.16377
0.13488
0.14105
0.13193
0.14059
0.14488
0.13023
0.10316
0.09559
0.08427
0.11987
0.11660
0.09692
0.08397
0.09602
0.09984
0.08667
0.10450
0.11013
0.09812
0.12246
0.11572
0.12616
0.15537
0.16008
0.15167
0.14497
0.16472
0.14238
0.11059
0.14123
0.15886
0.17664
0.17197
0.16340
0.16803
0.15611
0.15261
0.12698
0.13809
0.14239
0.13801
0.13265
0.11321
0.09431
0.09094
0.08412
0.08682
0.09558
0.09703
0.11544
0.12890
0.12841
0.11197
0.08847
0.09880
0.10581
0.05378
0.06652
0.02951
0.00640
0.04023
0.06508
0.05681
0.08063
0.05418
0.02153
0.02832
0.03663
0.06808
0.00667
0.00000
0.02951
0.05701
0.04885
0.08530
0.07523
0.08831
0.04665
0.06970
0.07125
0.06730
0.09375
0.06486
0.07326
0.07903
0.07376
0.08566
0.10488
0.09409
0.09555
0.04215
0.00978
0.02673
0.03020
0.01561
0.04022
0.02424
0.01084
0.00300
0.05238
0.02792
0.04878
0.07098
0.05887
0.05378
0.07211
0.03630
0.02172
0.04923
0.09699
0.11719
0.09332
0.03538
0.04105
0.04113
0.07224
0.07397
0.05470
0.08836
0.03662
0.03690
0.06529
0.07583
0.08649
0.07827
0.05716
0.01719
0.00326
0.00000
0.01978
0.04654
0.04952
0.06019
0.05262
0.09373
0.07273
0.05560
0.05806
0.06182
0.04576
0.05286
0.06472
0.04327
0.06997
0.11214
0.13114
0.12348
0.10626
0.07875
0.10496
0.08865
0.10969
0.08411
0.10333
0.12718
0.11841
0.11327
0.08910
0.08792
0.08857
0.11478
0.11834
0.12868
0.13085
0.11163
0.13865
0.11101
0.11049
0.09768
0.09542
0.12323
0.09087
0.11871
0.09685
0.14196
0.16866
0.21218
0.21884
0.23520
0.24315
0.26270
0.27052
0.28662
0.27709
0.27806
0.27275
0.28801
0.26650
0.27576
0.30896
0.26726
0.24428
0.21453
0.21095
0.23481
0.24081
0.25862
0.25783
0.22186
0.20997
0.23632
0.21842
0.22111
0.23765
0.22712
0.23195
0.25740
0.27699
0.29407
0.28400
0.28686
0.25355
0.22619
0.25952
0.29251
0.27647
0.31352
0.32022
0.29629
0.29564
0.28996
0.30371
0.28194
0.25439
0.23489
0.20407
0.18520
0.20287
0.24932
0.20571
0.19793
0.23043
0.25139
0.21649
0.21105
0.23272
0.21915
0.20871
0.16243
0.16235
0.21633
0.22514
0.23621
0.24960
0.25760
0.27362
0.25211
0.22522
0.22388
0.24596
0.23843
0.21296
0.20167
0.21950
0.21151
0.19302
0.13863
0.12396
0.10759
0.09105
0.08693
0.08658
0.07279
0.09523
0.10142
0.06902
0.01892
0.03188
0.02742
0.02765
0.01378
0.02493
0.00929
0.00709
0.02165
0.03048
0.02970
0.02140
0.03542
0.05022
0.06316
0.01895
0.03868
0.02050
0.01979
0.02316
0.03493
0.08301
0.09881
0.08091
0.08413
0.09550
0.10241
0.10276
0.08874
0.08756
0.07261
0.11963
0.11980
0.14204
0.14674
0.13336
0.14749
0.17910
0.18487
0.18967
0.17648
0.14234
0.16008
0.17523
0.12697
0.14924
0.16264
0.13639
0.14027
0.09300
0.08249
0.08970
0.08205
0.10109
0.10397
0.07745
0.07748
0.05939
0.07129
0.07663
0.04933
0.09163
0.09553
0.10428
0.12026
0.16082
0.14842
0.16046
0.17238
0.17781
0.14469
0.14716
0.17029
0.15918
0.14669
0.17978
0.17037
0.17478
0.16290
0.15707
0.14785
0.11913
0.12171
0.12059
0.12298
0.12345
0.17619
0.14328
0.15787
0.17235
0.16703
0.16785
0.15395
0.18491
0.17656
0.17565
0.16530
0.15469
0.16493
0.16310
0.10681
0.08902
0.09803
0.13969
0.12303
0.14526
0.14444
0.17932
0.17422
0.19272
0.21072
0.21191
0.19847
0.18982
0.19925
0.19080
0.17616
0.18078
0.17749
0.18223
0.17572
0.22094
0.22387
0.23793
0.26093
0.28437
0.31318
0.30578
0.28431
0.28974
0.28218
0.26387
0.24023
