0.02632
0.02035
0.01340
0.04213
0.03948
0.06814
0.08941
0.12501
0.14935
0.13979
0.11752
0.11668
0.11131
0.09020
0.10490
0.10350
0.08637
0.12538
0.11553
0.07748
0.07008
0.04471
0.01445
0.01372
0.03024
0.00849
0.04550
0.05124
0.05124
0.08870
0.12429
0.14398
0.13385
0.15200
0.15073
0.17472
0.18123
0.11875
0.11743
0.10077
0.09959
0.10932
0.08885
0.11938
0.14887
0.15373
0.13362
0.15400
0.13625
0.16482
0.11587
0.10214
0.05453
0.04684
0.04781
0.04706
0.05252
0.05276
0.05315
0.03201
0.03311
0.03975
0.06030
0.07040
0.07134
0.08724
0.07227
0.06675
0.09240
0.06901
0.04508
0.03239
0.04052
0.01065
0.05981
0.05343
0.03429
0.04189
0.09191
0.12516
0.14328
0.17033
0.17884
0.18527
0.18823
0.17871
0.18493
0.21607
0.21216
0.19678
0.19637
0.23593
0.27660
0.25620
0.24477
0.21849
0.17741
0.20451
0.21265
0.20893
0.22428
0.22926
0.20986
0.24652
0.23602
0.23914
0.24473
0.25703
0.26132
0.25001
0.24686
0.30440
0.30332
0.28086
0.27060
0.23650
0.23592
0.26903
0.29736
0.28407
0.33656
0.34001
0.38608
0.41786
0.40296
0.40977
0.41207
0.42872
0.37733
0.39259
0.36086
0.38655
0.37746
0.35034
0.27965
0.24383
0.23853
0.23257
0.21492
0.21399
0.20730
0.20907
0.23706
0.22702
0.23277
0.24275
0.23704
0.24721
0.27106
0.26084
0.27665
0.26896
0.28574
0.28043
0.28543
0.28660
0.28812
0.28175
0.29334
0.26521
0.26873
0.26288
0.25042
0.23040
0.22853
0.22266
0.22661
0.23276
0.19077
0.20315
0.20307
0.18811
0.21668
0.16285
0.15285
0.17011
0.17129
0.20255
0.21681
0.19805
0.16893
0.20162
0.18968
0.16854
0.20151
0.22447
0.26800
0.31199
0.31084
0.29942
0.28352
0.27506
0.29569
0.32469
0.32363
0.29000
0.27378
0.23783
0.22876
0.20473
0.21023
0.18085
0.17874
0.19367
0.17010
0.15772
0.15535
0.11694
0.11388
0.13634
0.14319
0.15410
0.14192
0.14952
0.16186
0.19152
0.16960
0.14956
0.15744
0.18278
0.18251
0.16665
0.14752
0.16015
0.12382
0.10957
0.05339
0.05296
0.09088
0.08875
0.06813
0.08836
0.07687
0.09145
0.10534
0.12224
0.14295
0.14339
0.12922
0.13196
0.09561
0.14718
0.14910
0.15248
0.17495
0.16335
0.17086
0.17611
0.17336
0.18294
0.13880
0.13739
0.13688
0.16434
0.12343
0.11181
0.11194
0.09416
0.05965
0.04193
0.05375
0.06341
0.06928
0.05092
0.03257
0.04347
0.05419
0.05227
0.06513
0.08195
0.06008
0.07592
0.10076
0.10581
0.11153
0.06801
0.05095
0.03244
0.05433
0.07063
0.07091
0.09289
0.06576
0.07686
0.06357
0.05617
0.06146
0.04017
0.02938
0.07119
0.05776
0.05780
0.04172
0.05031
0.08820
0.08139
0.09654
0.10448
0.10166
0.12405
0.09945
0.11775
0.14208
0.10756
0.09781
0.09344
0.13104
0.10624
0.10134
0.11674
0.09409
0.06303
0.04942
0.02729
0.01707
0.00672
0.00000
0.05393
0.06290
0.11487
0.07819
0.07217
0.09119
0.08292
0.06768
0.06150
0.08212
0.12357
0.12089
0.13092
0.13254
0.14822
0.13953
0.12722
0.11652
0.11164
0.11830
0.13114
0.14227
0.13577
0.12401
0.12847
0.12587
0.14206
0.12621
0.13906
0.12263
0.11200
0.13990
0.15522
0.17894
0.19682
0.16772
0.24350
0.23787
0.23754
0.24579
0.23550
0.24748
0.24817
0.28983
0.31265
0.29666
0.28915
0.27319
0.23330
0.22371
0.24823
0.24694
0.24370
0.24637
0.22638
0.23395
0.18287
0.19113
0.18461
0.18405
0.16727
0.18204
0.18444
0.21149
0.17766
0.17633
0.19586
0.22612
0.22409
0.21669
0.23308
0.20732
0.18045
0.16648
0.16627
0.15651
0.14422
0.14431
0.17499
0.17781
0.16348
0.17873
0.14473
0.13766
0.14540
0.14392
0.13025
0.14857
0.15616
0.18889
0.22258
0.24153
0.25327
0.26460
0.23110
0.22136
0.25417
0.23476
0.18053
0.15924
0.14162
0.14582
0.12929
0.13544
0.08206
0.07105
0.07546
0.07873
0.07583
0.09350
0.08164
0.08163
0.05324
0.01910
0.02910
0.04551
0.03194
0.03231
0.03377
0.01858
0.01807
0.02721
0.01489
0.04476
0.12530
0.12472
0.13251
0.12661
0.17340
0.21103
0.16259
0.15489
0.16278
0.19858
0.17797
0.15139
0.15354
0.15345
0.18851
0.20421
0.23810
0.19426
0.22419
0.24217
0.25178
0.23353
0.23347
0.20891
0.18586
0.18453
0.20541
0.18616
0.19373
0.23992
0.24098
0.22029
0.18711
0.18608
0.20572
0.17979
0.18895
0.15511
0.14207
0.16339
0.16669
0.18611
0.15733
0.14706
0.15174
0.13712
0.14648
0.09143
0.06159
0.11401
0.10777
0.12188
0.15594
0.14132
0.19365
0.19205
0.17625
0.16359
0.10203
0.14021
0.13626
0.13686
0.13281
0.18764
0.18638
0.18536
0.16252
0.16713
0.20883
0.20582
0.19672
0.19675
0.17671
0.17438
0.18780
0.17004
0.17997
0.20698
0.22580
0.25897
0.28384
0.27016
0.25458
0.26133
0.27672
0.25796
0.27938
0.26644
0.28638
0.24484
0.27021
0.25278
0.23676
0.24132
0.21650
0.23349
0.19771
0.19828
0.19449
0.19891
0.19995
0.18288
0.19916
0.19593
0.18258
0.17227
0.18794
0.20234
0.18279
0.14272
0.16745
0.13866
0.14187
0.19738
0.19658
0.17991
0.17885
0.17683
0.16110
0.15024
0.13902
0.14231
0.14721
0.11184
0.08067
0.05697
0.04082
0.02145
0.02120
0.02120
0.02714
0.01948
0.00000
0.00610
0.00351
0.02640
0.03180
0.03235
0.03687
0.04511
0.05901
0.04605
0.03871
0.04371
0.06455
0.06998
0.03562
0.02658
0.06828
0.07094
0.07434
0.04993
0.04993
0.07195
0.06762
0.05882
0.07493
0.11468
0.12136
0.10139
0.13650
0.16988
0.16450
0.13866
0.15323
0.18180
0.18898
0.16097
0.17814
0.15842
0.20698
0.22273
0.22616
0.18423
0.19168
0.18821
0.17211
0.16994
0.18776
0.15905
0.14105
0.16752
0.16290
0.15390
0.16777
0.16746
0.18073
0.17999
0.17283
0.17153
0.23521
0.26398
0.29546
0.33820
0.34894
0.37678
0.40699
0.40354
0.38450
0.40802
0.42487
0.40863
0.43262
0.44662
0.40451
0.39552
0.39410
0.38072
0.38512
0.35406
0.36716
0.36979
0.37830
0.38063
0.36083
0.36080
0.35373
0.34617
0.35707
0.38300
0.39432
0.38251
0.40379
0.40635
0.42162
0.41985
0.40261
0.42122
0.43361
0.46407
0.49229
0.48358
0.45309
0.48738
0.47651
0.49937
0.51860
0.48269
0.49221
0.47621
0.47286
0.48456
0.43528
0.41470
0.34036
0.32086
0.34725
0.34994
0.35605
0.37342
0.39068
0.38040
0.39289
0.41726
0.41511
0.40189
0.38377
0.38008
0.36518
0.34595
0.34647
0.34435
0.33258
0.31538
0.31177
0.29808
0.28945
0.29094
0.28551
0.28648
0.30663
0.27464
0.24504
0.22171
0.22964
0.19735
0.19224
0.19343
0.23475
0.21790
0.23268
0.22160
0.22191
0.20070
0.20889
0.20106
0.22084
0.21992
0.21692
0.23698
0.21755
0.20736
0.18430
0.17322
0.18592
0.18287
0.15822
0.17557
0.14744
0.17067
0.14741
0.15761
0.16066
0.18551
0.18119
0.18905
0.16684
0.12212
0.12054
0.11889
0.13411
0.15423
0.12118
0.10018
0.09458
0.12643
0.10830
0.09969
0.08091
0.10543
0.11290
0.07022
0.08150
0.10534
0.10192
0.10365
0.11650
0.12374
0.11848
0.13805
0.13057
0.17380
0.13823
0.13097
0.13062
0.14272
0.12902
0.14122
0.12415
0.12217
0.12897
0.13746
0.14333
0.14775
0.20100
0.21011
0.24753
0.27647
0.27275
0.25989
0.25936
0.23925
0.22512
0.23476
0.27786
0.31268
0.33969
0.34469
0.33335
0.29873
0.32895
0.33120
0.32690
0.32944
0.31523
0.34198
0.33058
0.34080
0.31006
0.34404
0.33414
0.34157
0.33627
0.35545
0.38045
0.36451
0.36165
0.39404
0.38140
0.36975
0.35939
0.37460
0.38616
0.38216
0.33545
0.29892
0.28703
0.29137
0.28738
0.30246
0.26648
0.30471
0.34194
0.34949
0.33509
0.32318
0.25028
0.25172
0.26537
0.32707
0.32807
0.32734
0.35057
0.34804
0.35539
0.35271
0.38717
0.37392
0.38677
0.37542
0.39471
0.37095
0.38262
0.40431
0.39574
0.44203
0.45424
0.49269
0.50392
0.53116
0.51887
0.52595
0.57061
0.53966
0.51040
0.52479
0.51837
0.50864
0.50525
0.48666
0.43653
0.44001
0.40656
0.41215
0.41339
0.42079
0.42394
0.41752
0.39942
0.42346
0.44369
0.46133
0.45630
0.43410
0.41580
0.40314
0.39964
0.39010
0.37176
0.41092
0.41556
0.45717
0.46098
0.45852
0.47124
0.48666
0.48666
0.48709
0.48566
0.53154
0.51235
0.48836
0.51431
0.53363
0.55618
0.62725
0.60518
0.56699
0.53627
0.52807
0.54036
0.52970
0.56377
0.55348
0.53589
0.52479
0.53303
0.50613
0.50616
0.50508
0.49859
0.49028
0.50545
0.54661
0.51331
0.50408
0.50067
0.52024
0.52848
0.51005
0.51912
0.51014
0.50236
0.52074
0.51301
0.49497
0.45311
0.47908
0.48668
0.44616
0.47626
0.41401
0.39733
0.36697
0.33200
0.34029
0.36064
0.35242
0.33380
0.39170
0.38492
0.36774
0.39055
0.38132
0.35484
0.35588
0.38937
0.37746
0.37342
0.34109
0.36728
0.38383
0.34572
0.32276
0.30728
0.27950
0.32802
0.37328
0.39425
0.41050
0.39933
0.39136
0.42016
0.42760
0.43860
0.41804
0.44182
0.42064
0.45045
0.47220
0.46624
0.49281
0.49897
0.49726
0.48971
0.52366
0.43868
0.42656
0.44034
0.42155
0.44912
0.44719
0.45206
0.47073
0.47388
0.47131
0.45099
0.43663
0.43511
0.44932
0.43075
0.45801
0.46292
0.46654
0.48797
0.47027
0.49100
0.48452
0.51614
0.49864
0.49605
0.44189
0.44269
0.44919
0.45271
0.50534
0.50545
0.50710
0.51154
0.51393
0.51321
0.53634
0.53205
0.54088
0.53492
0.54041
0.53923
0.54364
0.50143
0.53532
0.53391
0.54682
0.53706
0.56891
0.54910
0.54321
0.56111
0.56146
0.52361
0.51514
0.48463
0.48694
0.48834
0.45797
0.41721
0.40736
0.39677
0.40728
0.36777
0.36845
0.37050
0.40353
0.41635
0.42364
0.39359
0.40041
0.43918
0.41237
0.38005
0.36506
0.35792
0.34226
0.31233
0.31493
0.27318
0.30550
0.29659
0.28996
0.28365
0.30770
0.32748
0.29067
0.29772
0.32142
0.33827
0.34902
0.35341
0.34951
0.34333
0.37914
0.37477
0.41804
0.41083
0.43945
0.44336
0.43911
0.44817
0.43414
0.42488
0.41937
0.40708
0.42857
0.45363
0.45312
0.45567
0.47544
0.49043
0.49831
0.48371
0.50174
0.47547
0.47853
0.44976
0.42128
0.40980
0.40970
0.39322
0.37435
0.37178
0.35805
0.40280
0.39071
0.35921
0.36826
0.35864
0.32153
0.32644
0.32510
0.33177
0.33732
0.33363
0.32485
0.31103
0.32893
0.32746
0.33561
0.36292
0.31667
0.32140
0.31995
0.35476
0.37994
0.40647
0.42038
0.42134
0.39673
0.39196
0.38048
0.35095
0.36259
0.38818
0.36592
0.40310
0.39478
0.41416
0.36717
0.34305
0.32813
0.29147
0.28304
0.25172
0.28512
0.28801
0.29320
0.29517
0.33799
0.34558
0.34913
0.39256
0.41336
0.39725
0.41385
0.40714
0.43170
0.44592
0.43943
0.42867
0.42221
0.42383
0.41743
0.42381
0.40808
0.40457
0.44604
0.46240
0.45858
0.41055
0.42048
0.40683
0.40711
0.41331
0.40768
0.42707
0.41389
0.40826
0.38784
0.39411
0.36129
0.30624
0.28950
0.31160
0.29694
0.26102
0.24784
0.23703
0.22962
0.22442
0.24165
0.24695
0.26835
0.26968
0.26434
0.27545
0.27052
0.21992
0.21692
0.20633
0.21059
0.20138
0.19991
0.21966
0.21767
0.19744
0.18928
0.21479
0.21136
0.19703
0.15995
0.17849
0.18027
0.17167
0.15798
0.14067
0.19979
0.20955
0.24379
0.26106
0.25169
0.23774
0.18050
0.15023
0.16587
0.16279
0.15539
0.16563
0.13889
0.11725
0.12985
0.13770
0.13403
0.12905
0.13860
0.16984
0.20189
0.24298
0.22743
0.23795
0.21405
0.21812
0.18588
0.21105
0.24460
0.25434
0.22056
0.22103
0.21805
0.22598
0.20795
0.19934
0.20133
0.15922
0.23028
0.21704
0.22698
0.24955
0.23839
0.21794
0.21794
0.20317
0.17893
0.16040
0.16427
0.15166
0.14979
0.10269
0.14140
0.18224
0.21074
0.21901
0.24796
0.23901
0.22101
0.22155
0.22522
0.22883
0.22757
0.21671
0.21222
0.20793
0.26766
0.26386
0.21238
0.20645
0.22773
0.23792
0.26815
0.29746
0.29183
0.28619
0.25121
0.25127
0.25480
0.24908
0.27945
0.28035
0.28420
0.28693
0.28398
0.29994
0.30387
0.33845
0.33500
0.33998
0.34493
0.33854
0.32564
0.32203
0.35773
0.34149
0.32693
0.30465
0.27790
0.22615
0.22109
0.25917
0.23741
0.24543
0.22937
0.18009
0.14329
0.13018
0.13239
0.10152
0.12079
0.10311
0.08736
0.08579
0.07771
0.08768
0.09615
0.13237
0.13801
0.14515
0.18752
0.12958
0.13309
0.11233
0.10398
0.13771
0.14374
0.17928
0.17806
0.16852
0.17660
0.19773
0.20469
0.21243
0.23177
0.24979
0.27107
0.24200
0.19029
0.19029
0.19316
0.20033
0.20221
0.25204
0.28268
0.29674
0.32501
0.33526
0.36545
0.34527
0.34223
0.36108
0.36069
0.36081
0.37569
0.37746
0.33015
0.38725
0.38247
0.35390
0.31855
0.35573
0.33252
0.32445
0.33815
0.32926
0.34421
0.34998
0.34307
0.33759
0.29798
0.28074
0.29520
0.30494
0.27900
0.31233
0.32855
0.31811
0.31014
0.32379
0.37077
0.35997
0.33636
0.31513
0.31005
0.27372
0.27359
0.26396
0.27112
0.27421
0.23377
0.22928
0.21684
0.24084
0.24965
0.23976
0.19442
0.19087
0.18884
0.23201
0.25080
0.27563
0.26362
0.25219
0.24816
0.24298
0.24102
0.26060
0.24654
0.21427
0.18077
0.18347
0.13926
0.13066
0.12162
0.08265
0.10820
0.11460
0.16471
0.15619
0.16107
0.17049
0.18153
0.18145
0.19615
0.18605
0.18876
0.19218
0.18001
0.22712
0.22092
0.22175
0.17844
0.16090
0.18704
0.19174
0.19476
0.17268
0.18823
0.20876
0.23050
0.21215
0.21789
0.21940
0.23219
0.22501
0.23616
0.20599
0.21670
0.18028
0.16980
0.13293
0.15762
0.14723
0.14789
0.11882
0.12443
0.15973
0.16244
0.15866
0.20195
0.18216
0.20289
0.21270
0.23280
0.28679
0.31584
0.31584
0.30159
0.32654
0.34977
0.34097
0.35080
0.34910
0.36752
0.35272
0.33183
0.35734
0.32964
0.33042
0.31186
0.33768
0.31069
0.27143
0.23843
0.25693
0.25693
0.27492
0.27497
0.24907
0.23714
0.24771
0.19264
0.22427
0.23164
0.22844
0.23327
0.17756
0.17686
0.17179
0.17786
0.18151
0.20064
0.24554
0.25073
0.24737
0.23794
0.23465
0.26167
0.26752
0.26458
0.26191
0.25676
0.25240
0.21892
0.20356
0.19384
0.16668
0.16694
0.16391
0.16759
0.14564
0.11629
0.12210
0.11590
0.10680
0.07394
0.05331
0.04980
0.03483
0.06235
0.06419
0.07084
0.07811
0.06419
0.06597
0.08585
0.08066
0.09433
0.06545
0.06964
0.08344
0.06855
0.07317
0.07829
0.10745
0.08405
0.09835
0.08981
0.08053
0.08304
0.13425
0.10365
0.10016
0.11078
0.08699
0.07869
0.08668
0.06106
0.05344
0.07943
0.10116
0.13455
0.11589
0.17261
0.18987
0.19220
0.12828
0.13751
0.14173
0.15473
0.13433
0.15916
0.15030
0.16546
0.16094
0.15686
0.11904
0.14082
0.11290
0.12107
0.12969
0.13454
0.11327
0.10172
0.14618
0.19186
0.18243
0.18833
0.16252
0.17387
0.14613
0.13531
0.14699
0.14837
0.12453
0.08009
0.06873
0.08165
0.05565
0.05285
0.04844
0.05783
0.05102
0.06605
0.06692
0.02536
0.03667
0.03983
0.05114
0.07151
0.04007
0.03989
0.06308
0.06466
0.08354
0.10882
0.10700
0.08627
0.12407
0.10465
0.10431
0.12337
0.10570
0.09411
0.11465
0.09847
0.08478
0.06703
0.07230
0.08742
0.07011
0.06335
0.08229
0.05964
0.06063
0.06178
0.02919
0.03526
0.04715
0.05871
0.05325
0.07996
0.07421
0.10089
0.12243
0.16627
0.16654
0.15081
0.12844
0.10130
0.13650
0.12934
0.09297
0.07944
0.06948
0.03645
0.04255
0.03984
0.03264
0.04255
0.04075
0.03190
0.04588
0.02889
0.04404
0.02886
0.02571
0.01730
0.01988
0.01296
0.03523
0.02857
0.02293
0.03833
0.04893
0.05130
0.06086
0.06746
0.04808
0.07137
0.06053
0.02817
0.04260
0.06619
0.07699
0.07042
0.12536
0.13503
0.15802
0.13047
0.13671
0.13551
0.10400
0.10162
0.06960
0.07918
0.08117
0.09353
0.09095
0.09908
0.09883
0.07839
0.08591
0.08878
0.11866
0.14102
0.15327
0.10377
0.09900
0.05326
0.02487
0.03938
0.04152
0.04637
0.08323
0.08279
0.11613
0.09319
0.11283
0.12907
0.14794
0.15137
0.15502
0.14967
0.18326
0.18218
0.16225
0.19507
0.18679
0.20868
0.20736
0.19851
0.20843
0.18291
0.16345
0.17035
0.16330
0.17569
0.18167
0.16627
0.17411
0.20231
0.22633
0.25690
0.23762
0.23684
0.24422
0.24644
0.24642
0.23394
0.27010
0.28216
0.28525
0.27799
0.28466
0.31145
0.29127
0.26105
0.26735
0.25328
0.25523
0.26151
0.25178
0.22393
0.24994
0.23494
0.21666
0.19653
0.18734
0.18867
0.19692
0.20030
0.17598
0.14590
0.12231
0.10519
0.09453
0.12880
0.12789
0.14217
0.12818
0.14856
0.18319
0.19247
0.12224
0.09717
0.10862
0.09626
0.07331
0.07855
0.08082
0.10451
0.11089
0.07121
0.09325
0.06374
0.06568
0.04656
0.03210
0.05878
0.02888
0.05024
0.03190
0.03169
0.00791
0.00038
0.00000
0.04196
0.02285
0.04424
0.05615
0.05553
0.07258
0.06987
0.05975
0.07426
0.06693
0.05234
0.04887
0.04026
0.04026
0.03542
0.03035
0.05232
0.08224
0.09917
0.11402
0.16297
0.12965
0.08326
0.10936
0.07896
0.10235
0.08097
0.06065
0.06059
0.04699
0.06090
0.05431
0.03966
0.09864
0.10811
0.05411
0.12434
0.13643
0.14235
0.16767
0.14735
0.17763
0.17258
0.17714
0.19162
0.20560
0.21016
0.19216
0.20254
0.20780
0.21454
0.16675
0.14564
0.18381
0.19552
0.20238
0.19084
0.16878
0.16965
0.14819
0.10095
0.07319
0.07880
0.09622
0.11614
0.12041
0.11006
0.12350
0.10690
0.10077
0.15265
0.16791
0.17538
0.17188
0.17594
0.19821
0.16239
0.17812
0.15268
0.16330
0.13139
0.12423
0.13374
0.12880
0.11445
0.13191
0.11954
0.11595
0.09612
0.09113
0.10960
0.13638
0.12789
0.09000
0.11973
0.14551
0.15221
0.11878
0.10522
0.11920
0.13343
0.08496
0.13808
0.16680
0.15083
0.12107
0.11078
0.10770
0.11936
0.13399
0.12420
0.15152
0.10509
0.10091
0.10034
0.10023
0.07099
0.10810
0.10993
0.09729
0.05007
0.03793
0.03694
0.03564
0.03254
0.03254
0.06109
0.05467
0.06038
0.09052
0.08041
0.05794
0.05118
0.01509
0.04499
0.03698
0.02302
0.04227
0.06929
0.11026
0.15721
0.15545
0.15245
0.17570
0.14390
0.15750
0.11243
0.13370
0.10838
0.09459
0.13125
0.13676
0.14074
0.11288
0.12951
0.13121
0.12696
0.13574
0.12097
0.16382
0.11481
0.11244
0.09068
0.06451
0.05811
0.05530
0.06689
0.02451
0.02356
0.02699
0.02532
0.01283
0.01687
0.00978
0.00283
0.01235
0.01211
0.01301
0.00159
0.05660
0.03142
0.01637
0.10162
0.09270
0.05337
0.02329
0.02003
0.03378
0.01449
0.00000
0.02321
0.01847
0.04280
0.02937
0.04106
0.03673
0.03339
0.03099
0.02325
0.01605
0.01371
0.03090
0.02849
0.02614
0.00118
0.01946
0.00320
0.02471
0.03442
0.00985
0.02501
0.01415
0.01415
0.02902
0.00819
0.04143
0.02644
0.03477
0.02242
0.04368
0.03071
0.00052
0.01093
0.00000
0.05002
0.04547
0.04052
0.04578
0.05155
0.05717
0.05163
0.06292
0.06320
0.06834
0.06708
0.07559
0.07114
0.06568
0.07638
0.08949
0.11345
0.06430
0.11693
0.13132
0.14235
0.16041
0.15434
0.17933
0.15437
0.17690
0.16011
0.16891
0.16300
0.19006
0.23616
0.22772
0.19710
0.20987
0.23793
0.28240
0.23939
0.23210
0.20100
0.17648
0.16294
0.15090
0.12991
0.14433
0.14270
0.14890
0.15947
0.17670
0.18294
0.17145
0.15492
0.15119
0.16132
0.18266
0.16625
0.13316
0.15850
0.15293
0.16720
0.15607
0.17779
0.12311
0.08678
0.07525
0.07582
0.09840
0.09253
0.07478
0.03094
0.04578
0.02848
0.00183
0.03008
0.03833
0.04234
0.06955
0.08089
0.06433
0.07407
0.08293
0.06827
0.06351
0.07260
0.07778
0.06360
0.06835
0.05298
0.02323
0.00000
0.00000
0.00881
0.04356
0.02323
0.02210
0.02619
0.04872
0.05645
0.00871
0.02458
0.02694
0.01906
0.03420
0.01239
0.05267
0.05497
0.03183
0.02364
0.01369
0.00000
0.03562
0.04532
0.04878
0.09785
0.10674
0.09584
0.11755
0.10897
0.13159
0.14157
0.14055
0.08970
0.08588
0.10371
0.07879
0.07308
0.08478
0.06841
0.06349
0.07213
0.06825
0.04698
0.03604
0.06008
0.06007
0.05229
0.07798
0.09807
0.11052
0.11663
0.12642
0.13341
0.11627
0.13150
0.13777
0.15139
0.19502
0.17909
0.17376
0.16537
0.14306
0.11553
0.15401
0.16128
0.15210
0.12529
0.10471
0.12390
0.10527
0.08580
0.08753
0.09790
0.06975
0.08525
0.09214
0.06245
0.09492
0.08198
0.02335
0.03349
0.00774
0.03207
0.05214
0.06786
0.06250
0.01795
0.03495
0.02230
0.02382
0.03388
0.04426
0.00288
0.01153
0.03540
0.02402
0.03608
0.03178
0.08319
0.09790
0.13523
0.12236
0.07687
0.07556
0.08981
0.09064
0.08631
0.07687
0.09517
0.12847
0.12061
0.12489
0.12813
0.15587
0.15563
0.17714
0.18859
0.20990
0.24214
0.22955
0.23117
0.24646
0.23050
0.21304
0.19609
0.22312
0.19732
0.18525
0.14140
0.17194
0.18364
0.16580
0.18241
0.15882
0.13838
0.14700
0.18182
0.14896
0.14831
0.15466
0.16039
0.15272
0.16209
0.17028
0.19976
0.19903
0.20388
0.21382
0.26780
0.25143
0.24855
0.25537
0.27734
0.24174
0.23141
0.17916
0.16279
0.23202
0.21513
0.18969
0.15913
0.14438
0.11639
0.13277
0.11994
0.13752
0.15017
0.15603
0.13356
0.13130
0.12322
0.12638
0.10894
0.13796
0.15988
0.19028
0.21813
0.21763
0.21612
0.23298
0.24457
0.25716
0.25766
0.24071
0.25893
0.24835
0.24446
0.22414
0.21255
0.18453
0.21028
0.23393
0.28881
0.32060
0.31630
0.28883
0.28156
0.26519
0.27912
0.27093
0.23063
0.23077
0.23700
0.23944
0.26197
0.27060
0.28543
0.28628
0.30264
0.33367
0.33675
0.28513
0.27725
0.28454
0.28372
0.30871
0.31194
0.29057
0.35450
0.37418
0.40554
0.43909
0.41834
0.42885
0.43107
0.41272
0.39580
0.37767
0.40429
0.40235
0.37482
0.38324
0.41180
0.42424
0.43574
0.44109
0.41833
0.38567
0.39735
0.39746
0.37739
0.35345
0.36939
0.35861
0.33920
0.35943
0.38348
0.38836
0.37367
0.33186
0.31297
0.26710
0.25399
0.23681
0.22894
0.15737
0.18172
0.17946
0.17043
0.16338
0.18026
0.14685
0.13317
0.09935
0.08733
0.05879
0.07177
0.05947
0.09187
0.09433
0.06733
0.09375
0.07137
0.05756
0.07955
0.08872
0.08424
0.11066
0.07950
0.10178
0.09365
0.06079
0.08137
0.10092
0.10647
0.11011
0.13262
0.12796
0.13509
0.13090
0.12581
0.12574
0.11564
0.12149
0.15041
0.17765
0.15602
0.17161
0.17100
0.18505
0.19157
0.20288
0.22104
0.22749
0.23260
0.23559
0.23032
0.24019
0.17378
0.16423
0.13777
0.14157
0.11571
0.13209
0.13084
0.17502
0.15409
0.14547
0.10670
0.06239
0.06791
0.09925
0.08440
0.06666
0.08574
0.09923
0.07593
0.07786
0.10978
0.12284
0.13994
0.13996
0.15949
0.16586
0.14814
0.15024
0.19372
0.18358
0.18396
0.14001
0.16706
0.13057
0.14878
0.13280
0.13258
0.16127
0.15874
0.19452
0.18396
0.15258
0.15875
0.15886
0.16002
0.21405
0.20274
0.20790
0.17381
0.19482
0.19096
0.17743
0.19177
0.19177
0.17728
0.17484
0.20251
0.17393
0.17961
0.17480
0.17475
0.18459
0.19987
0.12125
0.11452
0.07749
0.06982
0.07368
0.07167
0.07945
0.08574
0.04911
0.03089
0.04673
0.04460
0.02931
0.03723
0.03580
0.02148
0.02127
0.06548
0.09132
0.10137
0.08808
0.09316
0.05209
0.07269
0.04760
0.06365
0.03408
0.05756
0.06577
0.06043
0.04237
0.03656
0.05905
0.04108
0.05365
0.05952
0.04352
0.06090
0.06972
0.04065
0.03236
0.03038
0.06890
0.03751
0.05454
0.09514
0.08131
0.11103
0.10642
0.11862
0.08193
0.06167
0.06563
0.03131
0.03943
0.05718
0.02928
0.03138
0.02977
0.06465
0.05367
0.05825
0.02219
0.00000
0.01731
0.02352
0.05738
0.03760
0.02739
0.05504
0.03629
0.07180
0.08744
0.11361
0.09221
0.08907
0.08382
0.04053
0.03197
0.05978
0.03317
0.02479
0.02403
0.00953
0.01087
0.06556
0.04193
0.07871
0.08218
0.07992
0.05785
0.01541
0.00994
0.01892
0.05911
0.06904
0.06773
0.05162
0.07156
0.06344
0.03942
0.05387
0.05846
0.07270
0.08369
0.09581
0.11550
0.11193
0.06285
0.06573
0.07832
0.08598
0.14024
0.13383
0.11866
0.13181
0.12103
0.13323
0.13052
0.13349
0.16127
0.16422
0.18610
0.18826
0.17754
0.16120
0.15637
0.15694
0.16555
0.15386
0.14421
0.18663
0.14243
0.13027
0.11720
0.10895
0.09809
0.09620
0.10192
0.08797
0.05476
0.04940
0.03885
0.03885
0.04539
0.07051
0.02352
0.01644
0.00238
0.00291
0.00000
0.00700
0.01423
0.02530
0.04040
0.04004
0.03353
0.03216
0.06470
0.06893
0.04478
0.06357
0.04684
0.06826
0.05791
0.05816
0.06410
0.11081
0.10018
0.08996
0.10552
0.09694
0.08169
0.11031
0.11297
0.09302
0.09688
0.08210
0.04984
0.06353
0.04093
0.08416
0.11468
0.10420
0.07924
0.06755
0.06838
0.06514
0.05187
0.07397
0.07172
0.07791
0.08554
0.08154
0.07221
0.09722
0.07096
0.11787
0.12251
0.12656
0.13647
0.15972
0.19834
0.19831
0.19884
0.15631
0.15999
0.16793
0.18088
0.18622
0.17621
0.14298
0.15551
0.17629
0.19285
0.18073
0.16765
0.15274
0.12806
0.14847
0.11867
0.12289
0.14574
0.15054
0.14630
0.10040
0.09394
0.14213
0.15758
0.17333
0.20142
0.19195
0.20727
0.20043
0.17223
0.17566
0.18658
0.17819
0.14487
0.15185
0.18735
0.15515
0.14164
0.15091
0.12036
0.12993
0.08184
0.06378
0.05777
0.06975
0.06968
0.06367
0.07164
0.05858
0.03964
0.04183
0.08036
0.06854
0.05781
0.05324
0.04717
0.05126
0.03983
0.05250
0.06810
0.07443
0.06280
0.03754
0.04032
0.09691
0.13229
0.14368
0.15111
0.14436
0.14728
0.11073
0.12909
0.15016
0.15476
0.14391
0.16815
0.15211
0.13415
0.16138
0.13537
0.13878
0.15396
0.18438
0.17800
0.17759
0.17918
0.19827
0.19976
0.20448
0.23327
0.22785
0.20725
0.21442
0.21657
0.19458
0.19604
0.23108
0.24242
0.25031
0.25040
0.24064
0.26128
0.22964
0.22163
0.20958
0.19436
0.16875
0.18265
0.18207
0.20948
0.20596
0.17489
0.21344
0.29358
0.26968
0.24812
0.26901
0.25761
0.29029
0.26071
0.27213
0.25022
0.21297
0.21397
0.24208
0.22456
0.23888
0.23642
0.22781
0.24120
0.24473
0.24391
0.27434
0.25571
0.29028
0.29507
0.27074
0.32307
0.31914
0.31549
0.32003
0.34939
0.32666
0.30768
0.27585
0.28632
0.24167
0.22763
0.23528
0.22995
0.24205
0.26594
0.27538
0.28479
0.25027
0.26249
0.28149
0.27919
0.24526
0.22484
0.27343
0.26574
0.24529
0.30763
0.30796
0.28610
0.26574
0.25574
0.26814
0.28162
0.24149
0.23519
0.23490
0.23055
0.27802
0.28412
0.26941
0.26846
0.25198
0.25345
0.24462
0.25495
0.28750
0.29395
0.26731
0.26631
0.29319
0.30037
0.34466
0.31675
0.32560
0.27391
0.26555
0.23121
0.22686
0.23722
0.22372
0.22847
0.20204
0.19132
0.20774
0.20057
0.20535
0.21125
0.22309
0.25202
0.22982
0.22878
0.22918
0.22322
0.19651
0.18986
0.21383
0.20048
0.16213
0.14450
0.14134
0.15212
0.13703
0.15644
0.16981
0.11680
0.11669
0.09379
0.06737
0.06033
0.06242
0.04213
0.03234
0.04268
0.03789
0.03340
0.06451
0.07562
0.07824
0.06394
0.07466
0.09289
0.11569
0.12332
0.09062
0.10818
0.08661
0.10252
0.09043
0.10234
0.10225
0.08244
0.12088
0.14916
0.14531
0.13969
0.14115
0.10705
0.08958
0.08380
0.08394
0.10887
0.12387
0.07640
0.08501
0.08503
0.09872
0.04910
0.04587
0.03752
0.03283
0.04365
0.09843
0.08157
0.07920
0.08383
0.08428
0.10929
0.09715
0.11584
0.08601
0.10907
0.13950
0.15254
0.15787
0.11033
0.07813
0.06355
0.10163
0.10257
0.09209
0.07661
0.11103
0.13555
0.14479
0.10239
0.12667
0.13838
0.13733
0.13352
0.13222
0.13568
0.11899
0.14221
0.10616
0.10600
0.09491
0.09090
0.09854
0.09499
0.12387
0.13912
0.16142
0.15178
0.11900
0.11636
0.11891
0.13258
0.11204
0.12654
0.09023
0.06580
0.05774
0.04029
0.04170
0.04470
0.04602
0.03270
0.04035
0.03777
0.02115
0.07686
0.08256
0.09683
0.12240
0.09746
0.09580
0.07810
0.07510
0.07929
0.12754
0.11461
0.08195
0.07568
0.05486
0.06053
0.02694
0.03922
0.02624
0.06453
0.06477
0.05252
0.09197
0.06471
0.06793
0.04678
0.11513
0.11723
0.11657
0.13067
0.13273
0.10900
0.10780
0.11153
0.11757
0.10981
0.13260
0.12298
0.11860
0.12736
0.10394
0.09343
0.03007
0.03228
0.03212
0.05952
0.04158
0.04742
0.09381
0.08507
0.09958
0.09836
0.12147
0.11842
0.16147
0.15005
0.16255
0.15361
0.13717
0.12790
0.13217
0.13832
0.14208
0.18274
0.16772
0.19636
0.17474
0.11558
0.14977
0.13294
0.11507
0.09137
0.08295
0.08892
0.07494
0.06147
0.05623
0.05248
0.00800
0.02253
0.06807
0.06573
0.03820
0.02352
0.00000
0.02770
0.05589
0.05189
0.03141
0.04590
0.04019
0.06236
0.04169
0.03055
0.03397
0.02548
0.02784
0.00825
0.02771
0.01632
0.03135
0.03680
0.03364
0.03620
0.03584
0.04356
0.05126
0.10280
0.14430
0.13832
0.11781
0.13084
0.11624
0.11572
0.12078
0.12682
0.11334
0.10664
0.10508
0.09243
0.11137
0.10836
0.11105
0.14942
0.12168
0.11455
0.11372
0.10902
0.09829
0.08082
0.10482
0.11336
0.14132
0.14709
0.09920
0.12084
0.10045
0.10106
0.06974
0.05171
0.04388
0.03819
0.02444
0.03724
0.06616
0.06778
0.06623
0.04848
0.04504
0.06000
0.02476
0.04382
0.02427
0.01152
0.01128
0.02583
0.03638
0.03641
0.04634
0.08239
0.11013
0.10919
0.13369
0.16264
0.15384
0.15830
0.13849
0.20114
0.20114
0.20806
0.20688
0.22256
0.21694
0.25765
0.26648
0.27121
0.28205
0.30460
0.32936
0.31556
0.33038
0.36559
0.31085
0.29485
0.25795
0.35230
0.36102
0.36281
0.38134
0.36726
0.38922
0.35213
0.34865
0.39935
0.36930
0.36905
0.37814
0.43286
0.39170
0.36162
0.32962
0.33531
0.33506
0.32041
0.34097
0.31954
0.31189
0.33640
0.35843
0.36333
0.35049
0.38042
0.36845
0.38031
0.37082
0.38274
0.35345
0.36735
0.37391
0.36870
0.36892
0.34844
0.31468
0.29854
0.26047
0.25890
0.26582
0.21602
0.21210
0.23438
0.23441
0.21697
0.27955
0.24249
0.16343
0.15059
0.16173
0.14044
0.12809
0.11646
0.13368
0.15394
0.14439
0.11835
0.12321
0.12096
0.16852
0.13866
0.12869
0.12144
0.12726
0.14058
0.11213
0.09035
0.10277
0.08991
0.12188
0.15280
0.15063
0.13309
0.16491
0.15621
0.15635
0.09562
0.10863
0.13785
0.15329
0.15665
0.09910
0.12581
0.14632
0.11726
0.14474
0.12416
0.11679
0.11121
0.12214
0.10842
0.10158
0.11761
0.10389
0.11805
0.09899
0.10142
0.05663
0.07850
0.10565
0.11510
0.18381
0.17945
0.18649
0.15685
0.14945
0.15907
0.15392
0.15995
0.16202
0.19707
0.23568
0.20329
0.19854
0.19678
0.14998
0.17323
0.17384
0.20852
0.22093
0.17739
0.15650
0.14443
0.13677
0.15395
0.11244
0.10537
0.09164
0.11190
0.13688
0.11188
0.07401
0.08701
0.07117
0.04496
0.05633
0.04750
0.05548
0.04875
0.06031
0.01138
0.02956
0.01858
0.03345
0.03315
0.05543
0.07489
0.03520
0.04993
0.02901
0.02497
0.05018
0.07134
0.06095
0.08475
0.13830
0.14355
0.13981
0.13436
0.12354
0.07977
0.02302
0.03476
0.02684
0.04055
0.03728
0.04295
0.03755
0.06291
0.04051
0.03216
0.01260
0.00000
0.03871
0.03474
0.01953
0.04894
0.03388
0.03185
0.06539
0.08135
0.09138
0.11077
0.09984
0.10238
0.09671
0.10891
0.09590
0.07331
0.05086
0.05782
0.09146
0.10093
0.13140
0.15844
0.16123
0.16697
0.15561
0.17653
0.16545
0.16502
0.15283
0.19036
0.23354
0.22451
0.23081
0.23937
0.21088
0.23795
0.27857
0.29296
0.28382
0.27705
0.26690
0.28901
0.30396
0.27455
0.28413
0.26660
0.26783
0.26646
0.28626
0.27486
0.27971
0.29278
0.27877
0.25808
0.26421
0.26004
0.23913
0.24103
0.26748
0.30025
0.30265
0.32133
0.30690
0.27735
0.29035
0.28972
0.26690
0.24046
0.24183
0.25772
0.24983
0.24357
0.23212
0.23897
0.24201
0.31073
0.29086
0.29693
0.32188
0.32497
0.33629
0.32992
0.30499
0.33919
0.33669
0.33798
0.32917
0.32645
0.30705
0.29381
0.30482
0.30782
0.29234
0.27791
0.30317
0.29801
0.30270
0.33113
0.34043
0.40665
0.37366
0.38945
0.39174
0.39636
0.39150
0.38280
0.39022
0.37865
0.34698
0.36433
0.39022
0.36573
0.35868
0.34633
0.33447
0.33153
0.34434
0.30705
0.27995
0.29528
0.32169
0.29601
0.29122
0.24841
0.28934
0.28928
0.27711
0.24183
0.26255
0.27329
0.25862
0.27117
0.29640
0.32116
0.35787
0.32514
0.33862
0.31616
0.29271
0.29820
0.30542
0.34957
0.35783
0.35332
0.36782
0.35167
0.38619
0.36883
0.34663
0.34467
0.34091
0.32843
0.30425
0.28747
0.28615
0.30972
0.29172
0.27705
0.25721
0.26691
0.28586
0.31103
0.26333
0.24301
0.26605
0.29444
0.30805
0.29285
0.28988
0.30527
0.31013
0.29840
0.29134
0.31228
0.32643
0.31904
0.34136
0.31589
0.31442
0.28029
0.32112
0.31625
0.36771
0.37057
0.35618
0.36111
0.39532
0.40715
0.41236
0.37561
0.33301
0.37623
0.36648
0.40836
0.40805
0.41742
0.42323
0.40450
0.40544
0.41689
0.39383
0.39638
0.37991
0.37803
0.36111
0.34636
0.33715
0.33268
0.32695
0.31833
0.32253
0.31011
0.29484
0.29262
0.27143
0.25666
0.23178
0.23981
0.24280
0.24449
0.22683
0.21504
0.20185
0.19196
0.19633
0.19576
0.18665
0.17215
0.15794
0.17092
0.17147
0.17070
0.18533
0.20027
0.23360
0.24289
0.21407
0.21737
0.24157
0.28373
0.29302
0.27361
0.26225
0.30292
0.30152
0.29863
0.32774
0.32145
0.30664
0.31323
0.31331
0.28279
0.30608
0.31805
0.24708
0.24843
0.25806
0.23701
0.25229
0.22756
0.24208
0.27717
0.30771
0.29686
0.30150
0.33299
0.27186
0.23102
0.22911
0.22073
0.24285
0.21493
0.24047
0.25633
0.23276
0.26271
0.25559
0.27297
0.24358
0.28316
0.24256
0.22961
0.21127
0.19597
0.16594
0.16329
0.17135
0.17291
0.12433
0.10859
0.11233
0.12545
0.13443
0.13008
0.13677
0.14231
0.14272
0.14225
0.16662
0.12326
0.13048
0.14204
0.13557
0.14824
0.15864
0.15016
0.19267
0.19400
0.15071
0.14026
0.14347
0.09876
0.05768
0.07216
0.11060
0.11769
0.15138
0.17800
0.17729
0.14438
0.14601
0.14904
0.18502
0.17394
0.14844
0.12584
0.13989
0.14933
0.16613
0.17911
0.15571
0.07615
0.05479
0.03382
0.02460
0.04393
0.03494
0.03756
0.07900
0.09724
0.09455
0.08054
0.08760
0.09765
0.12799
0.12289
0.16923
0.15527
0.14973
0.18285
0.18181
0.11170
0.12133
0.13269
0.14226
0.14132
0.12785
0.11395
0.10164
0.11138
0.12371
0.12805
0.14355
0.20526
0.19062
0.17398
0.18008
0.21103
0.19607
0.19982
0.19860
0.19331
0.20105
0.20414
0.17199
0.17567
0.15446
0.14431
0.15161
0.11643
0.07835
0.08300
0.10584
0.11614
0.12176
0.12783
0.12078
0.11575
0.13335
0.13243
0.14528
0.14084
0.14330
0.14147
0.12899
0.10397
0.12131
0.12813
0.13702
0.11530
0.10909
0.11735
0.08024
0.08006
0.05298
0.07069
0.07037
0.07829
0.09526
0.16157
0.22933
0.24296
0.22026
0.21094
0.19539
0.18222
0.14940
0.12084
0.15367
0.15167
0.15238
0.14232
0.13709
0.12536
0.13925
0.11811
0.10974
0.13634
0.13005
0.16569
0.13176
0.10667
0.14381
0.13282
0.14690
0.11537
0.09871
0.10283
0.09720
0.08367
0.11152
0.09168
0.12507
0.11333
0.12340
0.12274
0.11755
0.09547
0.10475
0.08630
0.09151
0.07699
0.06152
0.09546
0.07680
0.07716
0.08717
0.09958
0.14130
0.15267
0.11073
0.09143
0.12080
0.08499
0.09384
0.07390
0.06812
0.05613
0.06689
0.04083
0.05911
0.05142
0.07804
0.05997
0.10032
0.10112
0.12215
0.11762
0.10409
0.09765
0.10362
0.10749
0.09370
0.10465
0.09216
0.09546
0.08615
0.08709
0.10068
0.07416
0.06970
0.09918
0.04550
0.06593
0.07721
0.10408
0.07817
0.06304
0.04925
0.01182
0.01479
0.01608
0.00000
0.04740
0.06872
0.08399
0.08246
0.07379
0.07680
0.10345
0.12765
0.13110
0.13108
0.15207
0.15624
0.12266
0.09953
0.09384
0.11806
0.09265
0.09087
0.07850
0.08594
0.08422
0.09771
0.09239
0.06104
0.05886
0.05273
0.04517
0.02557
0.04258
0.05391
0.06878
0.05290
0.07777
0.05895
0.04900
0.03760
0.04656
0.03166
0.02727
0.03735
0.04880
0.01965
0.01059
0.00000
0.01264
0.00372
0.01742
0.00110
0.01552
0.00538
0.01955
0.00343
0.05147
0.03784
0.00010
0.02078
0.02360
0.05015
0.05819
0.04810
0.05959
0.06120
0.02252
0.01260
0.00437
0.06438
0.03257
0.02381
0.02819
0.01167
0.02094
0.01058
0.03323
0.09506
0.09028
0.07825
0.11193
0.11176
0.11608
0.10344
0.08385
0.09898
0.10037
0.09602
0.05816
0.08796
0.07571
0.08496
0.05103
0.03568
0.01594
0.01594
0.02509
0.01795
0.01136
0.01974
0.01759
0.01067
0.02842
0.03888
0.02219
0.04680
0.07778
0.05817
0.05066
0.06218
0.06386
0.03486
0.05885
0.05489
0.06079
0.06383
0.04116
0.05235
0.09842
0.07298
0.07539
0.07091
0.08170
0.08222
0.11222
0.08548
0.04513
0.01757
0.02230
0.02947
0.02663
0.03085
0.01801
0.00000
0.01089
0.01103
0.02289
0.01481
0.04303
0.02991
0.03958
0.03958
0.05820
0.03168
0.03992
0.02760
0.03663
0.00003
0.01075
0.04714
0.05096
0.03872
0.05268
0.05443
0.07318
0.06486
0.05309
0.06652
0.04759
0.02653
0.02314
0.04603
0.05247
0.06687
0.04319
0.03337
0.07098
0.04015
0.04732
0.08606
0.08268
0.07800
0.09489
0.06713
0.07721
0.09510
0.10140
0.13062
0.15819
0.12297
0.14781
0.16088
0.14495
0.17777
0.19900
0.21118
0.22262
0.22476
0.22774
0.19876
0.20517
0.21258
0.22255
0.22291
0.19155
0.19188
0.18466
0.22616
0.24473
0.22397
0.24216
0.24886
0.28589
0.29391
0.27854
0.29276
0.31048
0.28375
0.29219
0.28253
0.28783
0.31262
0.28112
0.25671
0.26178
0.26300
0.26528
0.26269
0.27357
0.29371
0.32008
0.29082
0.31689
0.31350
0.30154
0.29075
0.28167
0.26863
0.25024
0.23443
0.23442
0.21463
0.24431
0.26172
0.25478
0.24079
0.23529
0.22775
0.20973
0.20810
0.20898
0.20817
0.19230
0.14740
0.15883
0.13476
0.11604
0.09637
0.09231
0.07630
0.07353
0.06463
0.04083
0.02987
0.03459
0.03668
0.07082
0.05833
0.11742
0.11249
0.08912
0.10037
0.08089
0.10085
0.05267
0.04977
0.12460
0.13902
0.14692
0.12905
0.11173
0.12756
0.12952
0.14440
0.17342
0.16219
0.16005
0.19542
0.20791
0.19386
0.20260
0.21761
0.19158
0.19559
0.18279
0.18803
0.14789
0.12677
0.11593
0.12018
0.10579
0.08371
0.08184
0.08087
0.12607
0.10885
0.11590
0.18701
0.18045
0.18528
0.16405
0.16555
0.15612
0.15460
0.17956
0.20533
0.23967
0.21280
0.25506
0.22546
0.24589
0.28122
0.28134
0.26506
0.26657
0.22862
0.20135
0.19483
0.20966
0.20879
0.24539
0.26685
0.27994
0.31268
0.29354
0.30844
0.30898
0.33715
0.33560
0.29250
0.29310
0.31630
0.31640
0.29351
0.30790
0.32919
0.35344
0.36694
0.36699
0.38230
0.37392
0.37718
0.33513
0.28683
0.30059
0.30969
0.29407
0.32791
0.31790
0.30677
0.29541
0.23126
0.25849
0.21158
0.21686
0.21279
0.22792
0.24760
0.25652
0.26563
0.28041
0.28636
0.25506
0.21438
0.22155
0.17676
0.19405
0.22460
0.20649
0.19305
0.21430
0.16246
0.16412
0.14010
0.13079
0.12622
0.11018
0.11583
0.12972
0.12258
0.17538
0.16988
0.19279
0.18959
0.22366
0.25085
0.24739
0.25177
0.22410
0.20477
0.21403
0.21859
0.19187
0.16096
0.13697
0.16200
0.14426
0.12600
0.15425
0.12866
0.11820
0.15793
0.19213
0.20424
0.21932
0.19847
0.20033
0.18937
0.18661
0.18747
0.15917
0.14049
0.11654
0.11791
0.08366
0.07935
0.10875
0.08107
0.08274
0.10898
0.12235
0.14034
0.14222
0.13265
0.12608
0.08760
0.07489
0.09526
0.11073
0.10991
0.12823
0.16476
0.18958
0.17252
0.16501
0.17246
0.14928
0.13246
0.13129
0.12374
0.12944
0.14422
0.13641
0.14621
0.15157
0.14859
0.16898
0.17069
0.14267
0.13038
0.12460
0.13709
0.14797
0.17952
0.16649
0.20614
0.18954
0.18819
0.13425
0.16207
0.16053
0.15242
0.17694
0.15882
0.16949
0.16097
0.15007
0.18632
0.21008
0.19048
0.20929
0.22734
0.26198
0.28313
0.29421
0.29733
0.30171
0.31974
0.28981
0.30444
0.29780
0.30698
0.30698
0.28263
0.25300
0.25333
0.24679
0.25363
0.23531
0.22164
0.23846
0.23065
0.26174
0.27874
0.26369
0.27742
0.32052
0.32793
0.32963
0.32730
0.32186
0.32349
0.30483
0.32584
0.35444
0.34811
0.34943
0.37427
0.36776
0.35402
0.35084
0.35278
0.32306
0.33117
0.30054
0.29349
0.31111
0.35980
0.33380
0.37109
0.35105
0.37419
0.35938
0.34445
0.36455
0.34066
0.34963
0.36415
0.36844
0.31408
0.30348
0.30774
0.29685
0.30692
0.33216
0.31834
0.33281
0.34062
0.34422
0.34807
0.34049
0.31554
0.32402
0.34365
0.36025
0.36727
0.35497
0.31584
0.30050
0.31219
0.32197
0.32867
0.34172
0.35136
0.34941
0.35254
0.36626
0.35820
0.34421
0.35297
0.37048
0.36496
0.34908
0.33741
0.35669
0.34825
0.33784
0.32942
0.29499
0.27888
0.27391
0.24558
0.24847
0.27761
0.27613
0.25254
0.25882
0.23381
0.24556
0.24288
0.25506
0.24038
0.24196
0.27595
0.30561
0.29609
0.29466
0.30025
0.31232
0.27067
0.27248
0.25929
0.21227
0.20659
0.23371
0.23845
0.25876
0.24981
0.25776
0.25747
0.22529
0.21425
0.22674
0.18914
0.17849
0.18897
0.19257
0.20159
0.21571
0.21367
0.21273
0.19572
0.21147
0.21473
0.21530
0.19050
0.14448
0.15237
0.15657
0.13729
0.11451
0.08791
0.06809
0.02052
0.00000
0.08344
0.05697
0.07728
0.06694
0.07513
0.07341
0.05208
0.07193
0.02919
0.06647
0.08896
0.08311
0.04827
0.02160
0.01291
0.00907
0.02822
0.09356
0.09369
0.06410
0.07120
0.06901
0.06314
0.05801
0.06972
0.06429
0.10111
0.07415
0.06643
0.06529
0.06816
0.05860
0.02631
0.04307
0.04255
0.03905
0.03905
0.01540
0.01343
0.00010
0.03070
0.00000
0.01686
0.04243
0.05506
0.03718
0.01662
0.03146
0.01144
0.00000
0.02193
0.02577
0.00616
0.00351
0.02154
0.01323
0.04069
0.05563
0.12046
0.11134
0.11526
0.11728
0.13114
0.09916
0.08678
0.07256
0.06017
0.09541
0.11083
0.14727
0.12635
0.12306
0.11360
0.08006
0.05048
0.05097
0.06235
0.07002
0.07348
0.06272
0.09424
0.11176
0.11883
0.10380
0.09889
0.09664
0.08517
0.10651
0.06523
0.10320
0.09558
0.09035
0.07590
0.07186
0.10469
0.10879
0.11410
0.09840
0.12204
0.11460
0.10376
0.08484
0.08488
0.04141
0.03886
0.03349
0.04486
0.02231
0.06084
0.02806
0.03458
0.06799
0.06429
0.06134
0.08026
0.08295
0.07299
0.04870
0.02433
0.02946
0.02569
0.02483
0.00861
0.03014
0.02457
0.01793
0.05720
0.03788
0.00000
0.02752
0.06485
0.07137
0.05851
0.06076
0.05841
0.06570
0.06730
0.04035
0.02330
0.05504
0.04940
0.01643
0.00581
0.00291
0.00000
0.05582
0.07482
0.06837
0.07213
0.05828
0.07772
0.08743
0.07585
0.08837
0.09678
0.07196
0.08228
0.06297
0.08475
0.07468
0.11310
0.12125
0.11380
0.13530
0.11438
0.13727
0.15636
0.19068
0.22664
0.21030
0.21685
0.21829
0.20040
0.19814
0.20399
0.19483
0.17601
0.16391
0.17773
0.17389
0.18808
0.17662
0.15206
0.12054
0.16111
0.15478
0.19409
0.20016
0.23713
0.22405
0.26169
0.26134
0.24455
0.25337
0.25263
0.24316
0.23898
0.23493
0.22078
0.21052
0.21380
0.23838
0.25928
0.25928
0.27988
0.27376
0.30021
0.26957
0.25766
0.25720
0.27266
0.28081
0.26508
0.24227
0.24268
0.25140
0.29972
0.28734
0.29206
0.32082
0.32672
0.29795
0.28876
0.28935
0.31609
0.30706
0.34849
0.34347
0.37877
0.38103
0.35647
0.34539
0.31932
0.33693
0.30005
0.29933
0.31883
0.33519
0.34313
0.33359
0.31518
0.29826
0.29412
0.30109
0.31467
0.30707
0.30495
0.30031
0.33823
0.34267
0.35069
0.34096
0.36481
0.38937
0.35024
0.35997
0.36432
0.39350
0.39251
0.40263
0.42969
0.38414
0.38291
0.39473
0.37154
0.39837
0.42034
0.43833
0.41575
0.41624
0.40693
0.41148
0.39246
0.41795
0.39629
0.39860
0.39920
0.43050
0.44546
0.46965
0.43422
0.39684
0.41649
0.44129
0.39329
0.38123
0.39827
0.40142
0.42835
0.41279
0.40447
0.40635
0.41625
0.46214
0.46503
0.46532
0.49419
0.48075
0.47080
0.49047
0.45516
0.44947
0.44165
0.43499
0.43521
0.39805
0.37342
0.37976
0.38537
0.37934
0.39407
0.42719
0.42136
0.41888
0.41032
0.41602
0.39316
0.34543
0.32813
0.29965
0.30525
0.36604
0.35202
0.35634
0.32757
0.31539
0.25950
0.26864
0.26402
0.26264
0.22538
0.23262
0.21936
0.24163
0.27008
0.26462
0.25734
0.27813
0.28587
0.26154
0.27632
0.23553
0.16218
0.15767
0.13584
0.09537
0.12309
0.11895
0.10632
0.04183
0.06586
0.05891
0.11812
0.10335
0.13461
0.16294
0.15157
0.10924
0.12529
0.10130
0.11888
0.11098
0.10328
0.08899
0.07319
0.12636
0.12889
0.12778
0.12203
0.11690
0.17450
0.18605
0.21635
0.23042
0.22347
0.22949
0.24754
0.25000
0.24987
0.25506
0.26808
0.28830
0.29956
0.29886
0.26244
0.27007
0.28712
0.25672
0.29360
0.27321
0.29590
0.30909
0.27759
0.27579
0.29131
0.30522
0.31950
0.31977
0.30759
0.29754
0.29235
0.29089
0.31741
0.30686
0.31601
0.36865
0.33847
0.30748
0.31304
0.27491
0.29384
0.28891
0.25554
0.28480
0.26746
0.28392
0.28502
0.25761
0.26322
0.25751
0.28374
0.28538
0.25653
0.24604
0.27279
0.30065
0.29053
0.28089
0.28056
0.24205
0.21369
0.23483
0.23101
0.22007
0.19418
0.19864
0.16409
0.20305
0.20845
0.18048
0.11514
0.12170
0.13644
0.11934
0.09193
0.09828
0.08048
0.05499
0.06288
0.05462
0.02900
0.02570
0.00578
0.03012
0.02241
0.05902
0.04377
0.04463
0.03726
0.04005
0.05310
0.01653
0.04814
0.05943
0.03691
0.03199
0.02991
0.03736
0.04123
0.04626
0.03220
0.02462
0.02025
0.02006
0.00827
0.01410
0.03564
0.01575
0.02535
0.04936
0.02158
0.04895
0.07427
0.08519
0.07437
0.05692
0.08209
0.07452
0.02639
0.01253
0.01998
0.03095
0.04301
0.06899
0.08052
0.09954
0.10854
0.13157
0.14892
0.15354
0.17215
0.18427
0.18846
0.19088
0.22319
0.23901
0.20478
0.15509
0.16315
0.17322
0.18533
0.18020
0.20101
0.20980
0.22511
0.23079
0.22550
0.23206
0.27433
0.28759
0.31231
0.31077
0.29721
0.31274
0.33058
0.32979
0.33186
0.37100
0.37324
0.37881
0.33412
0.39836
0.38731
0.34419
0.31767
0.29178
0.29800
0.29567
0.27547
0.28968
0.24854
0.27872
0.31166
0.31453
0.30915
0.28891
0.28226
0.32669
0.34222
0.36011
0.36574
0.36115
0.31905
0.31600
0.28126
0.26364
0.25084
0.25404
0.25802
0.21805
0.21737
0.22469
0.22817
0.21736
0.22666
0.23446
0.22632
0.22921
0.17441
0.17204
0.15508
0.17146
0.18395
0.17311
0.17025
0.16395
0.13136
0.14748
0.14900
0.18521
0.20013
0.25030
0.23295
0.24658
0.23855
0.20814
0.19516
0.20238
0.20369
0.22050
0.21850
0.21888
0.20681
0.18535
0.14886
0.16165
0.13933
0.15908
0.15984
0.16411
0.14111
0.10072
0.09302
0.10344
0.13115
0.09341
0.10821
0.07417
0.06063
0.07872
0.07539
0.04300
0.07731
0.06330
0.02174
0.04592
0.03893
0.04698
0.08249
0.11924
0.08338
0.08641
0.09530
0.11766
0.09141
0.16923
0.14838
0.12177
0.14378
0.14811
0.17071
0.19419
0.19839
0.19789
0.18752
0.17961
0.14322
0.13743
0.08241
0.07363
0.05084
0.08345
0.05195
0.07076
0.05900
0.05267
0.05338
0.06082
0.04204
0.06853
0.07548
0.07511
0.07932
0.09025
0.10338
0.13882
0.11676
0.12791
0.15307
0.21871
0.21317
0.21691
0.20258
0.19308
0.19854
0.21603
0.20324
0.18079
0.18415
0.18639
0.18912
0.21191
0.23441
0.25383
0.22652
0.21202
0.22641
0.21988
0.20129
0.20339
0.20956
0.19132
0.23744
0.21407
0.19776
0.22119
0.26313
0.26155
0.25998
0.25049
0.23557
0.23781
0.23482
0.26061
0.21642
0.19832
0.21211
0.23318
0.23318
0.24018
0.21378
0.22460
0.23049
0.21235
0.17619
0.21304
0.21848
0.18734
0.19642
0.18398
0.15591
0.17127
0.20614
0.15988
0.16611
0.18102
0.18936
0.18588
0.18966
0.18883
0.16472
0.16679
0.14470
0.12198
0.14804
0.19287
0.18551
0.18301
0.11293
0.13105
0.15540
0.14106
0.16208
0.14381
0.16460
0.20242
0.15658
0.13687
0.13280
0.13617
0.12161
0.17798
0.14691
0.16888
0.12802
0.16566
0.16664
0.19696
0.17349
0.17499
0.16403
0.14917
0.14894
0.13716
0.12042
0.15593
0.16941
0.19466
0.20030
0.21133
0.23403
0.23075
0.20971
0.21802
0.23952
0.24674
0.19664
0.16873
0.16244
0.16032
0.15007
0.15550
0.16498
0.15748
0.16716
0.15720
0.17655
0.16614
0.17617
0.16195
0.16145
0.13530
0.11189
0.11347
0.13316
0.14009
0.14313
0.13280
0.15122
0.09674
0.07628
0.07975
0.08882
0.09044
0.10496
0.09602
0.09096
0.09645
0.06178
0.03917
0.06807
0.05805
0.06147
0.06985
0.07571
0.03788
0.04596
0.02429
0.02252
0.02456
0.04682
0.05592
0.08993
0.08067
0.09801
0.08598
0.07293
0.09639
0.09276
0.10017
0.11443
0.08872
0.07296
0.07422
0.04547
0.07164
0.06322
0.07126
0.07943
0.05928
0.06292
0.08309
0.12315
0.08403
0.08271
0.03640
0.02331
0.03224
0.00169
0.00470
0.00835
0.03572
0.06632
0.07145
0.10409
0.10342
0.13945
0.12971
0.14449
0.13346
0.15027
0.15551
0.14549
0.19375
0.19198
0.16520
0.17739
0.17500
0.17466
0.19102
0.17296
0.17269
0.18949
0.19106
0.21754
0.17549
0.18924
0.17277
0.16600
0.15648
0.17739
0.14876
0.15168
0.13320
0.11836
0.13353
0.13167
0.12085
0.14362
0.15630
0.16849
0.14494
0.15736
0.13961
0.11688
0.12398
0.08927
0.09503
0.08349
0.08393
0.07592
0.08128
0.08836
0.07746
0.09046
0.08973
0.08895
0.08615
0.09416
0.09322
0.08092
0.09277
0.10532
0.11675
0.13175
0.13682
0.17567
0.13393
0.12580
0.11384
0.15287
0.13279
0.16538
0.15384
0.14889
0.18398
0.17970
0.18005
0.24353
0.22045
0.21149
0.20206
0.17251
0.14897
0.13152
0.13334
0.10746
0.10266
0.11408
0.10688
0.11269
0.10491
0.08010
0.13183
0.15875
0.19160
0.19945
0.21682
0.20174
0.24726
0.23681
0.22519
0.18614
0.20780
0.19743
0.17848
0.22283
0.22929
0.23612
0.30418
0.30269
0.27982
0.29393
0.29270
0.27230
0.27780
0.23054
0.24527
0.26273
0.28238
0.28065
0.27227
0.28770
0.30023
0.30931
0.31450
0.31752
0.32321
0.29404
0.26556
0.24113
0.18767
0.23118
0.24206
0.24513
0.27488
0.30577
0.32461
0.35022
0.37331
0.36772
0.35057
0.33362
0.32969
0.31339
0.31560
0.31725
0.29983
0.31334
0.26855
0.25294
0.25305
0.24514
0.26672
0.28365
0.28922
0.27661
0.29548
0.31426
0.33082
0.33024
0.31030
0.28584
0.30619
0.28884
0.32626
0.30947
0.31352
0.32751
0.33217
0.34517
0.34647
0.35169
0.33758
0.35047
0.35257
0.33251
0.32942
0.32511
0.33366
0.33705
0.33618
0.31532
0.31803
0.32892
0.31323
0.29338
0.30318
0.31625
0.32453
0.29321
0.28307
0.29404
0.28584
0.31311
0.30207
0.30924
0.27819
0.30355
0.30193
0.28511
0.31124
0.32042
0.28768
0.29565
0.30036
0.30490
0.33661
0.29573
0.29870
0.28990
0.31111
0.35320
0.37815
0.41160
0.41161
0.40536
0.40913
0.41452
0.39452
0.43742
0.43383
0.44162
0.44072
0.43645
0.41248
0.36489
0.35414
0.33841
0.31547
0.31602
0.29299
0.22654
0.25835
0.28341
0.28125
0.27181
0.23667
0.20289
0.20461
0.21538
0.17921
0.17219
0.16396
0.13377
0.12341
0.11759
0.09428
0.08808
0.11725
0.13287
0.11569
0.09036
0.10987
0.11656
0.14039
0.13592
0.13355
0.14037
0.12356
0.08371
0.08248
0.06951
0.07976
0.09660
0.11089
0.13414
0.12310
0.11941
0.11628
0.12150
0.15739
0.18091
0.19432
0.17258
0.16077
0.16922
0.18382
0.21056
0.20652
0.20371
0.18126
0.20041
0.20519
0.15890
0.15223
0.12629
0.14486
0.12716
0.09680
0.05334
0.06002
0.06793
0.06423
0.06200
0.06767
0.03459
0.01784
0.01808
0.02449
0.02336
0.00471
0.02345
0.07202
0.09927
0.08118
0.04735
0.05424
0.06206
0.03544
0.02117
0.02823
0.00324
0.00054
0.01160
0.00000
0.03434
0.05229
0.05798
0.05512
0.04998
0.04041
0.05643
0.05885
0.02658
0.02030
0.02623
0.05159
0.06151
0.05833
0.05318
0.05208
0.00222
0.01704
0.03245
0.03413
0.02685
0.03827
0.02705
0.05697
0.06550
0.07263
0.04834
0.04485
0.03602
0.03657
0.03456
0.03471
0.02858
0.01718
0.02154
0.03609
0.00552
0.02798
0.01424
0.01207
0.03208
0.01654
0.01962
0.05600
0.06622
0.07273
0.05064
0.07502
0.06355
0.07758
0.07157
0.07240
0.09920
0.07539
0.10683
0.09896
0.09935
0.10539
0.08565
0.11843
0.11067
0.10930
0.09873
0.09609
0.10195
0.12331
0.12146
0.11257
0.10583
0.10368
0.13096
0.10363
0.06998
0.05226
0.05855
0.04234
0.03266
0.06585
0.08383
0.12266
0.09938
0.11449
0.09938
0.06863
0.10795
0.09267
0.09215
0.13093
0.13346
0.12168
0.12231
0.09967
0.11267
0.14576
0.10910
0.10511
0.07727
0.10088
0.10012
0.08396
0.05282
0.03006
0.04389
0.06434
0.07955
0.07391
0.06320
0.03910
0.02459
0.03206
0.07130
0.07623
0.06949
0.11137
0.13718
0.13895
0.13108
0.09616
0.08001
0.08554
0.09536
0.10181
0.09691
0.08889
0.11565
0.10269
0.10298
0.12630
0.15182
0.15621
0.12402
0.11009
0.10532
0.08278
0.08605
0.06462
0.04065
0.04511
0.05357
0.05735
0.02088
0.01610
0.04225
0.05561
0.07109
0.03925
0.02994
0.01710
0.05294
0.05689
0.04933
0.05415
0.11013
0.11527
0.15182
0.16030
0.14831
0.13197
0.13458
0.12883
0.16656
0.14697
0.13486
0.13431
0.13247
0.15812
0.14513
0.16376
0.17180
0.15192
0.15393
0.10596
0.11234
0.10261
0.09374
0.06842
0.05695
0.03667
0.06386
0.06043
0.03135
0.03078
0.02146
0.06319
0.06409
0.08885
0.08123
0.10930
0.11224
0.13091
0.14380
0.14688
0.13926
0.11107
0.12193
0.13620
0.11910
0.11221
0.08317
0.09235
0.08724
0.09024
0.08537
0.04876
0.05662
0.08412
0.07790
0.06416
0.04920
0.04343
0.05533
0.04426
0.03913
0.02698
0.03132
0.02134
0.01829
0.01228
0.01345
0.03491
0.05294
0.08046
0.09139
0.05162
0.02685
0.01496
0.01060
0.03288
0.01342
0.04355
0.06655
0.04299
0.01293
0.01781
0.03123
0.03201
0.03214
0.00092
0.00000
0.01309
0.00377
0.02499
0.02536
0.03830
0.03830
0.01052
0.01313
0.00348
0.02822
0.03261
0.05232
0.03280
0.04456
0.05987
0.07835
0.09844
0.08001
0.08761
0.08020
0.13402
0.13845
0.12731
0.11193
0.10228
0.09263
0.11588
0.09789
0.08235
0.07030
0.07050
0.10265
0.07065
0.08264
0.11290
0.10279
0.09912
0.07145
0.11894
0.13145
0.12917
0.10187
0.07283
0.05718
0.04607
0.05018
0.03276
0.05846
0.08674
0.08384
0.17205
0.16925
0.18400
0.20857
0.23400
0.24989
0.26947
0.24828
0.26067
0.24540
0.24319
0.26213
0.26967
0.24576
0.26953
0.30520
0.30968
0.33399
0.33932
0.35463
0.34814
0.33769
0.31819
0.30372
0.32191
0.26702
0.26652
0.24476
0.27463
0.26499
0.26717
0.26935
0.21597
0.21268
0.22923
0.22814
0.20174
0.17334
0.18607
0.16005
0.13945
0.13812
0.16137
0.19851
0.20819
0.21896
0.22064
0.19115
0.19083
0.19292
0.18839
0.18689
0.17254
0.14283
0.16717
0.14936
0.15660
0.17188
0.21965
0.23768
0.23605
0.21679
0.20262
0.21011
0.20963
0.17292
0.13592
0.11296
0.14942
0.17995
0.18325
0.16576
0.16222
0.15685
0.16368
0.15742
0.14436
0.12829
0.17728
0.17248
0.19848
0.16734
0.16710
0.14586
0.19024
0.18370
0.18370
0.16226
0.11936
0.14684
0.17108
0.22630
0.22781
0.21450
0.16871
0.14757
0.11336
0.09035
0.10546
0.10036
0.10554
0.13856
0.09967
0.15317
0.14802
0.10758
0.11522
0.11406
0.10767
0.07545
0.06141
0.08096
0.08661
0.08431
0.09506
0.08780
0.08899
0.10561
0.12630
0.14590
0.14379
0.11204
0.13735
0.13209
0.12803
0.11464
0.12521
0.13639
0.14821
0.14112
0.11712
0.10761
0.12915
0.11040
0.14302
0.14463
0.12110
0.12356
0.08569
0.08020
0.08773
0.06944
0.05250
0.04576
0.07901
0.04853
0.02770
0.00000
0.00770
0.04193
0.02598
0.02313
0.00697
0.01416
0.01654
0.02202
0.02743
0.06008
0.05945
0.07838
0.08065
0.04411
0.02705
0.05696
0.01452
0.04752
0.03898
0.03867
0.04603
0.01156
0.00000
0.01965
0.03755
0.02512
0.01559
0.00675
0.00968
0.03078
0.01824
0.03251
0.04905
0.05154
0.04913
0.05106
0.07643
0.07690
0.07913
0.11248
0.11611
0.12517
0.11157
0.12676
0.11914
0.08140
0.03303
0.05004
0.04965
0.09257
0.09627
0.07618
0.08141
0.07809
0.13156
0.13548
0.12895
0.13309
0.14274
0.12527
0.09196
0.07795
0.06983
0.06739
0.07242
0.06395
0.05382
0.05922
0.04578
0.04579
0.06263
0.07078
0.05794
0.05984
0.07850
0.09302
0.08514
0.10590
0.07400
0.04328
0.01911
0.04174
0.06399
0.09264
0.09168
0.09948
0.09824
0.10240
0.10468
0.09375
0.05501
0.07029
0.07374
0.04171
0.00537
0.01716
0.02635
0.02617
0.02546
0.03663
0.06062
0.05719
0.09387
0.07908
0.07484
0.05876
0.09351
0.15695
0.17742
0.19217
0.18347
0.16593
0.16741
0.17669
0.17741
0.18690
0.18603
0.18872
0.21867
0.19411
0.17956
0.21929
0.22148
0.20581
0.24553
0.23696
0.22836
0.26053
0.23933
0.22238
0.23229
0.20495
0.21899
0.21322
0.24712
0.27429
0.30921
0.33077
0.29942
0.27111
0.26083
0.27351
0.30645
0.27294
0.27528
0.28215
0.28212
0.28272
0.29344
0.31219
0.34499
0.33365
0.30188
0.30635
0.30321
0.29519
0.26468
0.27256
0.26064
0.28805
0.29411
0.28053
0.32042
0.30480
0.26939
0.25894
0.24222
0.25102
0.24072
0.19252
0.16123
0.18129
0.18112
0.16662
0.16016
0.16911
0.17273
0.16888
0.17479
0.20392
0.22584
0.23557
0.24121
0.22067
0.18717
0.21093
0.22686
0.22418
0.16985
0.21583
0.20304
0.19656
0.22413
0.21268
0.20552
0.19603
0.20383
0.22086
0.21144
0.25074
0.22435
0.23486
0.23578
0.23346
0.20702
0.20560
0.19974
0.18943
0.17930
0.14122
0.15138
0.15330
0.15902
0.14754
0.16258
0.16363
0.14416
0.14086
0.10017
0.09394
0.08613
0.06047
0.10275
0.10620
0.10427
0.11684
0.11009
0.08206
0.07129
0.08633
0.06477
0.07659
0.06221
0.09168
0.08462
0.10505
0.10073
0.08451
0.10058
0.13201
0.11972
0.09424
0.12675
0.09849
0.09153
0.12583
0.09669
0.09513
0.07778
0.06547
0.06271
0.06696
0.07194
0.08993
0.07978
0.10391
0.07810
0.03694
0.03571
0.04509
0.01653
0.04790
0.02754
0.05962
0.03518
0.00000
0.02194
0.01462
0.01153
0.01351
0.02867
0.01324
0.00424
0.03025
0.03201
0.03027
0.00624
0.02920
0.01997
0.07270
0.04808
0.08624
0.07719
0.12689
0.08897
0.08405
0.10326
0.10829
0.10496
0.04287
0.05687
0.04276
0.08038
0.07656
0.08697
0.08491
0.12101
0.13649
0.14087
0.13446
0.14903
0.14352
0.14469
0.09776
0.07010
0.09891
0.06901
0.10601
0.11118
0.10263
0.10000
0.09915
0.10959
0.09322
0.07699
0.04407
0.04336
0.01851
0.07404
0.07109
0.07577
0.05098
0.07217
0.07783
0.08483
0.10282
0.12246
0.10814
0.10627
0.10986
0.11100
0.11883
0.10668
0.11894
0.15420
0.15366
0.11267
0.13100
0.10110
0.09608
0.08142
0.09609
0.09905
0.08554
0.10171
0.09100
0.07220
0.06970
0.05024
0.07567
0.08257
0.07159
0.05174
0.06083
0.02949
0.05445
0.05058
0.07268
0.08159
0.09152
0.10635
0.11008
0.05769
0.04621
0.04621
0.04927
0.06764
0.04109
0.04292
0.02569
0.03391
0.03888
0.04727
0.04556
0.03462
0.04395
0.00320
0.01733
0.01208
0.01867
0.02511
0.03003
0.02603
0.03157
0.05320
0.05718
0.09621
0.09814
0.10790
0.11840
0.12048
0.15413
0.12663
0.13319
0.10592
0.09055
0.07992
0.05537
0.06823
0.06723
0.06773
0.01457
0.05711
0.01593
0.03620
0.06064
0.04112
0.08537
0.10351
0.12735
0.14009
0.16349
0.14765
0.19402
0.16919
0.18956
0.26531
0.27286
0.26896
0.20713
0.23423
0.22999
0.24935
0.22769
0.21173
0.26492
0.24559
0.23974
0.27414
0.27874
0.27991
0.30013
0.33266
0.33754
0.34994
0.33241
0.34914
0.34752
0.42739
0.42107
0.39732
0.41546
0.43232
0.42110
0.41015
0.39246
0.37408
0.37844
0.37473
0.40743
0.38183
0.36272
0.36803
0.38852
0.38759
0.37804
0.36320
0.37377
0.36937
0.38376
0.38655
0.35517
0.33030
0.30873
0.32231
0.31948
0.28009
0.31928
0.34802
0.37898
0.40828
0.41095
0.42446
0.39825
0.40240
0.41549
0.40844
0.35817
0.40950
0.40323
0.40806
0.40347
0.38123
0.38012
0.34419
0.35277
0.37670
0.38886
0.38917
0.39444
0.38032
0.37436
0.38745
0.40403
0.39292
0.38501
0.38137
0.37909
0.37491
0.37083
0.35814
0.34123
0.32590
0.33816
0.31257
0.29195
0.27025
0.32357
0.29768
0.28943
0.27883
0.26190
0.22732
0.20294
0.20163
0.17747
0.13885
0.08541
0.07269
0.10109
0.07661
0.09349
0.04353
0.04566
0.05405
0.02856
0.04130
0.02671
0.02350
0.01781
0.04144
0.05659
0.02068
0.02359
0.02352
0.04848
0.07261
0.06892
0.05985
0.06488
0.08211
0.05530
0.07555
0.05501
0.02507
0.01295
0.04894
0.04187
0.07990
0.10139
0.09309
0.09989
0.09692
0.12389
0.11692
0.14287
0.13270
0.14810
0.14467
0.17048
0.16947
0.14362
0.17638
0.15224
0.17311
0.17031
0.16293
0.19684
0.20427
0.21573
0.22458
0.25191
0.27260
0.30391
0.21931
0.20141
0.19016
0.19245
0.18413
0.19802
0.22546
0.23541
0.23323
0.23869
0.22988
0.20558
0.21399
0.27173
0.27012
0.26142
0.28133
0.28742
0.31933
0.29872
0.31658
0.30062
0.27949
0.28703
0.28906
0.31747
0.32281
0.31524
0.30538
0.29850
0.29002
0.29089
0.22831
0.24392
0.23825
0.22213
0.24596
0.25245
0.24113
0.16909
0.16713
0.18550
0.23055
0.25021
0.23337
0.21693
0.22600
0.20500
0.20533
0.22860
0.23330
0.24929
0.24169
0.25793
0.22188
0.23418
0.19792
0.17733
0.15199
0.15720
0.18628
0.18714
0.12565
0.12780
0.15550
0.15201
0.12888
0.14120
0.09241
0.08021
0.09229
0.09720
0.09557
0.10730
0.09760
0.09660
0.07800
0.05501
0.03191
0.04702
0.05632
0.07367
0.06011
0.08202
0.09997
0.07688
0.07078
0.03265
0.01751
0.06755
0.06480
0.02219
0.02206
0.04013
0.04806
0.05383
0.04160
0.04052
0.05371
0.05674
0.04721
0.06021
0.07587
0.12887
0.11044
0.13575
0.15443
0.13038
0.11662
0.15400
0.13555
0.16512
0.17470
0.17710
0.19417
0.18195
0.19102
0.19014
0.19651
0.21271
0.19850
0.18560
0.17008
0.16643
0.16475
0.16324
0.18474
0.21682
0.24786
0.21749
0.17235
0.16663
0.14854
0.12966
0.13242
0.15866
0.14208
0.09217
0.07758
0.08457
0.09017
0.10249
0.08218
0.08984
0.04504
0.05978
0.06272
0.03808
0.04631
0.06977
0.11240
0.09894
0.11598
0.10685
0.09689
0.10331
0.11550
0.09928
0.12289
0.06861
0.09137
0.09175
0.09663
0.10498
0.11609
0.10570
0.10220
0.07977
0.07685
0.04847
0.04204
0.06825
0.05586
0.06108
0.06108
0.06890
0.06652
0.04771
0.03797
0.03264
0.01975
0.05035
0.05635
0.07252
0.07027
0.09043
0.10332
0.11678
0.15174
0.16610
0.15721
0.10691
0.10066
0.10195
0.06093
0.06976
0.07991
0.06512
0.08573
0.12197
0.12182
0.13650
0.14860
0.18178
0.18010
0.15997
0.19067
0.18406
0.18572
0.20660
0.20150
0.18504
0.17792
0.21677
0.17331
0.15076
0.14877
0.15445
0.14805
0.13654
0.12857
0.12962
0.11875
0.13590
0.09605
0.08982
0.07324
0.08179
0.07111
0.09184
0.09549
0.06614
0.13000
0.14275
0.15864
0.15321
0.14939
0.12604
0.10403
0.11509
0.12831
0.16682
0.12577
0.10042
0.09254
0.12606
0.16437
0.18923
0.18640
0.11951
0.14153
0.14077
0.08285
0.09265
0.11708
0.12111
0.10963
0.09456
0.05776
0.05802
0.04607
0.09004
0.06430
0.07643
0.08066
0.06134
0.03932
0.02549
0.01958
0.01122
0.00000
0.02149
0.01219
0.02762
0.02417
0.01370
0.03306
0.03125
0.05520
0.09069
0.11490
0.11052
0.09820
0.08150
0.06760
0.10514
0.14076
0.16025
0.16664
0.17178
0.17439
0.16432
0.15317
0.15926
0.15305
0.17217
0.17990
0.16311
0.16419
0.15759
0.14478
0.14926
0.15261
0.10219
0.13699
0.12422
0.12223
0.08836
0.09971
0.11088
0.11042
0.10815
0.09108
0.08471
0.08796
0.08937
0.06006
0.03335
0.02605
0.03898
0.03501
0.04572
0.01956
0.03945
0.03250
0.07167
0.04279
0.04512
0.05034
0.07559
0.08535
0.10141
0.06124
0.03856
0.02939
0.08303
0.10612
0.07880
0.06365
0.06779
0.05637
0.06010
0.06030
0.05837
0.00397
0.00423
0.01007
0.00325
0.00581
0.01259
0.02163
0.00018
0.02201
0.04942
0.07144
0.08432
0.10233
0.09140
0.09760
0.08174
0.09534
0.04094
0.04107
0.03539
0.01983
0.02341
0.04358
0.05869
0.08130
0.08507
0.09614
0.09202
0.10502
0.09696
0.10890
0.11781
0.09903
0.10629
0.10577
0.12539
0.11985
0.14144
0.17237
0.18963
0.17961
0.17391
0.16331
0.13602
0.13140
0.13996
0.10504
0.10026
0.10312
0.10828
0.07460
0.07344
0.08004
0.08951
0.09566
0.11642
0.12859
0.14441
0.16109
0.15922
0.10788
0.10246
0.10292
0.10643
0.08644
0.09234
0.11865
0.12461
0.12461
0.10661
0.12877
0.12771
0.11267
0.11478
0.09467
0.07263
0.07638
0.08314
0.10388
0.14783
0.18722
0.18155
0.17325
0.13341
0.09985
0.10751
0.04667
0.02193
0.04213
0.03712
0.02119
0.02319
0.03713
0.04638
0.03222
0.04925
0.04261
0.05301
0.05359
0.07899
0.04796
0.04513
0.03073
0.04694
0.05123
0.11687
0.14785
0.20936
0.20787
0.22847
0.20645
0.19565
0.17009
0.14273
0.16282
0.19676
0.22077
0.22898
0.21989
0.21214
0.19675
0.20069
0.21453
0.25554
0.27694
0.28721
0.30524
0.29635
0.27546
0.28819
0.25643
0.25942
0.27032
0.25216
0.23020
0.21963
0.22657
0.24398
0.24235
0.23551
0.21041
0.22917
0.22780
0.22494
0.20845
0.20850
0.16136
0.17776
0.19204
0.17409
0.18824
0.19195
0.19993
0.21300
0.24327
0.26993
0.28942
0.27333
0.27394
0.23560
0.20445
0.19608
0.18521
0.19621
0.18424
0.18647
0.21862
0.23403
0.25500
0.22556
0.22125
0.21275
0.21425
0.16218
0.16891
0.17235
0.13821
0.11818
0.09458
0.07599
0.04095
0.10433
0.10584
0.12912
0.12611
0.13353
0.13444
0.15827
0.17809
0.15259
0.13997
0.13419
0.14365
0.10223
0.15065
0.16163
0.16747
0.13544
0.13832
0.13457
0.14697
0.15210
0.14480
0.11434
0.11934
0.13381
0.13929
0.11135
0.09828
0.05681
0.05868
0.07420
0.09402
0.10920
0.10838
0.14663
0.18029
0.15378
0.15202
0.14902
0.17176
0.16820
0.17396
0.14093
0.15185
0.19187
0.17767
0.18112
0.20685
0.19572
0.20845
0.19929
0.23025
0.25850
0.26028
0.23776
0.24209
0.25400
0.21202
0.25156
0.23401
0.25907
0.25790
0.27017
0.24870
0.22609
0.23079
0.19309
0.19355
0.18308
0.17387
0.18943
0.17958
0.14107
0.14496
0.10551
0.08080
0.04109
0.04330
0.04682
0.05126
0.01438
0.08678
0.06574
0.08798
0.09681
0.07794
0.07939
0.09149
0.09735
0.11817
0.11702
0.10413
0.08721
0.11080
0.12044
0.11477
0.10021
0.07899
0.06176
0.07308
0.07626
0.09894
0.08837
0.09737
0.09365
0.09411
0.06351
0.03968
0.00995
0.06107
0.05296
0.06971
0.06004
0.06385
0.06057
0.09418
0.08424
0.10712
0.11385
0.08046
0.08773
0.08912
0.06115
0.04154
0.01787
0.00000
0.00318
0.00000
0.00384
0.02205
0.04846
0.04990
0.07163
0.05039
0.03723
0.01528
0.05157
0.06153
0.04430
0.06037
0.04683
0.02928
0.01366
0.02236
0.01154
0.01974
0.01535
0.01129
0.00466
0.02676
0.03839
0.00684
0.03146
0.07456
0.08231
0.08172
0.03134
0.02412
0.06982
0.11211
0.09192
0.09111
0.10236
0.09687
0.04711
0.02866
0.02515
0.02009
0.04487
0.04722
0.05364
0.04948
0.06012
0.08036
0.05223
0.04879
0.08640
0.10635
0.13393
0.12436
0.13048
0.17529
0.17516
0.19441
0.24620
0.23376
0.24936
0.22738
0.23087
0.20344
0.22102
0.24689
0.24848
0.24115
0.22078
0.30431
0.30158
0.29413
0.28440
0.25597
0.27520
0.27630
0.26526
0.27869
0.25533
0.27968
0.27391
0.25115
0.24595
0.21455
0.21963
0.20528
0.17926
0.16371
0.13084
0.12747
0.10613
0.09891
0.07746
0.12095
0.05124
0.06197
0.05582
0.07185
0.07399
0.07024
0.07957
0.11064
0.11039
0.09020
0.12158
0.10876
0.09646
0.12841
0.10853
0.12424
0.13971
0.17027
0.12052
0.14173
0.15613
0.16404
0.12615
0.12035
0.13959
0.14004
0.15339
0.17837
0.20899
0.18619
0.22439
0.22315
0.24984
0.26615
0.26279
0.26486
0.25669
0.23330
0.22114
0.23453
0.20568
0.20727
0.19547
0.17838
0.21827
0.22694
0.25040
0.24112
0.22922
0.20948
0.23023
0.20449
0.23387
0.25360
0.29117
0.25858
0.26530
0.23619
0.20875
0.19391
0.19601
0.19323
0.21047
0.25632
0.23311
0.26039
0.24998
0.26551
0.25545
0.26585
0.28071
0.28502
0.29877
0.28603
0.29792
0.29112
0.26504
0.29657
0.29203
0.29441
0.33521
0.31925
0.26283
0.26647
0.22329
0.22400
0.24200
0.23017
0.19576
0.19094
0.20060
0.17487
0.16450
0.17764
0.25153
0.26476
0.29685
0.29538
0.28478
0.27936
0.27506
0.28826
0.27546
0.27326
0.28627
0.27007
0.25571
0.25032
0.25484
0.24216
0.25804
0.27259
0.27713
0.27593
0.35005
0.34991
0.32742
0.30246
0.30196
0.31177
0.32793
0.30540
0.29582
0.28418
0.34355
0.31479
0.30101
0.27740
0.23561
0.21619
0.20641
0.16977
0.14102
0.13287
0.16022
0.13250
0.13556
0.12002
0.12313
0.08637
0.07665
0.07900
0.07737
0.05808
0.02073
0.04255
0.02212
0.02398
0.02766
0.06229
0.07908
0.11041
0.08417
0.09926
0.09321
0.10057
0.09881
0.08583
0.07556
0.06380
0.07100
0.08340
0.09564
0.11766
0.13571
0.13273
0.18561
0.18493
0.20628
0.23979
0.26071
0.24727
0.23069
0.20957
0.15450
0.20874
0.22421
0.22136
0.19539
0.17298
0.21431
0.23574
0.24639
0.24324
0.26082
0.26404
0.25682
0.24887
0.26849
0.25297
0.21721
0.19146
0.17611
0.16971
0.14552
0.13542
0.11910
0.10658
0.11733
0.08789
0.08864
0.10024
0.09743
0.04099
0.02100
0.01847
0.04368
0.05097
0.03715
0.05617
0.04904
0.07957
0.05929
0.06656
0.06728
0.05784
0.06099
0.04074
0.00608
0.02476
0.02496
0.04103
0.02371
0.04236
0.06269
0.09879
0.11214
0.08183
0.06378
0.04864
0.05391
0.06840
0.02732
0.04414
0.01272
0.03051
0.03162
0.03109
0.02803
0.04833
0.02862
0.01994
0.02831
0.00000
0.04519
0.01477
0.00000
0.02235
0.01678
0.02123
0.02397
0.06534
0.04775
0.04644
0.05048
0.03606
0.04116
0.03073
0.00658
0.00255
0.02858
0.03422
0.03241
0.03596
0.02609
0.06277
0.05375
0.11254
0.09578
0.09798
0.12145
0.09849
0.10984
0.05909
0.06192
0.07310
0.05446
0.07849
0.05341
0.02977
0.01675
0.02768
0.04815
0.05067
0.06949
0.03832
0.03376
0.06636
0.09089
0.08556
0.11048
0.10344
0.10126
0.09985
0.10391
0.13496
0.14681
0.11711
0.17309
0.16847
0.16066
0.11843
0.17114
0.21135
0.21017
0.23410
0.25379
0.27340
0.26008
0.27354
0.27664
0.28054
0.30093
0.30643
0.29261
0.27217
0.28347
0.27695
0.29180
0.31224
0.26282
0.29841
0.31491
0.31493
0.30114
0.28920
0.28402
0.27008
0.24748
0.24082
0.24750
0.21229
0.21255
0.23254
0.19509
0.16609
0.18131
0.18703
0.16852
0.18202
0.18698
0.19332
0.17533
0.16231
0.13963
0.11284
0.11749
0.11764
0.11843
0.13116
0.14484
0.12306
0.13193
0.08951
0.09257
0.09767
0.12561
0.11508
0.11741
0.10832
0.10627
0.12230
0.10393
0.09412
0.09973
0.07549
0.06633
0.10862
0.12109
0.12039
0.13328
0.14021
0.11339
0.13103
0.12460
0.10830
0.15423
0.13496
0.11948
0.11840
0.12509
0.09359
0.08139
0.09288
0.10085
0.11762
0.13489
0.11479
0.09886
0.08416
0.12047
0.09056
0.07941
0.10492
0.07866
0.06877
0.07685
0.01038
0.00000
0.00000
0.04605
0.04255
0.03881
0.05038
0.02809
0.06621
0.06013
0.02101
0.03902
0.06686
0.03782
0.09432
0.11629
0.13001
0.15610
0.13107
0.15769
0.14725
0.16904
0.19901
0.21139
0.19419
0.19436
0.21773
0.22464
0.23631
0.24888
0.27833
0.26545
0.27012
0.29277
0.28382
0.28483
0.27334
0.28142
0.21795
0.24338
0.30186
0.30993
0.32781
0.34237
0.30984
0.29803
0.24032
0.23629
0.25470
0.24956
0.26395
0.21294
0.23088
0.26450
0.27780
0.26789
0.23911
0.24164
0.23658
0.23984
0.24613
0.23650
0.23884
0.23510
0.29083
0.29799
0.30636
0.30191
0.27162
0.27500
0.29296
0.30030
0.31037
0.28484
0.31462
0.34305
0.32314
0.32013
0.32105
0.35799
0.34634
0.34874
0.35380
0.34416
0.34980
0.33318
0.32504
0.29616
0.26968
0.28432
0.25020
0.27741
0.27960
0.28880
0.27185
0.25763
0.27530
0.29171
0.28864
0.29568
0.30191
0.29106
0.28541
0.30568
0.34134
0.33735
0.32551
0.34722
0.36231
0.35497
0.30432
0.27324
0.23962
0.21832
0.19886
0.20763
0.20761
0.21809
0.20338
0.21670
0.22775
0.24539
0.26625
0.25416
0.29129
0.28033
0.25159
0.26496
0.25227
0.24189
0.22259
0.23920
0.25455
0.29302
0.33069
0.33358
0.35700
0.38189
0.28641
0.27515
0.28438
0.25651
0.25157
0.25593
0.27253
0.31562
0.27068
0.29750
0.28359
0.23665
0.25350
0.23600
0.20693
0.23266
0.20993
0.21034
0.20840
0.20036
0.18991
0.21499
0.15228
0.16470
0.17431
0.17636
0.19636
0.21183
0.23702
0.24860
0.25012
0.24594
0.23655
0.23403
0.22051
0.24675
0.22811
0.18855
0.12585
0.16932
0.16219
0.16672
0.15000
0.15069
0.17176
0.14088
0.14730
0.14283
0.11465
0.13089
0.14502
0.13595
0.18573
0.18565
0.20110
0.17333
0.16566
0.19969
0.17731
0.15363
0.20214
0.16119
0.14824
0.18883
0.16487
0.18952
0.23146
0.23771
0.22097
0.19328
0.18900
0.17522
0.14896
0.13123
0.13904
0.13366
0.11265
0.09804
0.10436
0.12089
0.11920
0.13066
0.16438
0.15315
0.19052
0.17815
0.10660
0.13197
0.16172
0.11392
0.11350
0.14530
0.14296
0.14320
0.14539
0.14417
0.18159
0.13854
0.09914
0.08493
0.10962
0.10727
0.09846
0.07704
0.04464
0.06364
0.04712
0.04029
0.08441
0.05518
0.06165
0.03005
0.00832
0.03159
0.07437
0.09202
0.10908
0.10985
0.08303
0.07938
0.04905
0.05479
0.05207
0.08448
0.07114
0.08119
0.07481
0.06090
0.03863
0.03526
0.01193
0.03281
0.03766
0.05442
0.04362
0.07972
0.03772
0.01467
0.02153
0.01849
0.04600
0.03572
0.01340
0.01901
0.02531
0.00771
0.01576
0.02372
0.01200
0.03411
0.03894
0.03373
0.03162
0.04607
0.04238
0.02673
0.03382
0.06121
0.06673
0.02294
0.02898
0.02992
0.05100
0.06022
0.06420
0.08053
0.06395
0.05705
0.06551
0.05635
0.04588
0.00273
0.01332
0.01569
0.02770
0.02847
0.05088
0.07349
0.07302
0.10822
0.08513
0.04475
0.07413
0.04559
0.05834
0.05033
0.04058
0.05402
0.03509
0.02130
0.02741
0.02760
0.02421
0.04191
0.05301
0.05912
0.01604
0.01883
0.03750
0.08477
0.07137
0.05812
0.05300
0.06013
0.04233
0.05716
0.08481
0.07319
0.09022
0.08594
0.08861
0.10961
0.07026
0.06231
0.06444
0.11052
0.17863
0.17750
0.16225
0.14739
0.15286
0.17815
0.17765
0.23289
0.26073
0.23589
0.25189
0.25467
0.25115
0.23088
0.28664
0.25022
0.24175
0.23574
0.22694
0.24216
0.22308
0.20296
0.22940
0.25797
0.27261
0.28017
0.27377
0.30014
0.29725
0.26807
0.28611
0.26562
0.29905
0.30225
0.30302
0.27498
0.24414
0.23735
0.25504
0.26954
0.27509
0.25131
0.22792
0.29734
0.29194
0.27729
0.26156
0.27194
0.31225
0.32531
0.28724
0.23261
0.22665
0.19879
0.19172
0.18605
0.19510
0.21173
0.22334
0.22793
0.28072
0.28091
0.29497
0.32476
0.31801
0.31512
0.30466
0.34077
0.32892
0.29352
0.29559
0.29938
0.30834
0.27218
0.28391
0.27587
0.30859
0.31888
0.34273
0.35387
0.35762
0.34892
0.35575
0.31821
0.32774
0.30573
0.30163
0.30113
0.28346
0.27365
0.29875
0.31607
0.33192
0.32857
0.30515
0.29434
0.33090
0.33928
0.35232
0.36861
0.36617
0.40326
0.38969
0.40887
0.35991
0.36921
0.35645
0.34695
0.38641
0.36335
0.36054
0.33327
0.35843
0.37385
0.39721
0.41210
0.41712
0.43110
0.43471
0.47001
0.47741
0.46383
0.46486
0.47686
0.47168
0.44585
0.44320
0.41833
0.43063
0.43814
0.43827
0.44822
0.44860
0.41423
0.40499
0.39535
0.39540
0.37610
0.37172
0.39618
0.39672
0.40470
0.38775
0.38730
0.41870
0.41515
0.37662
0.37485
0.31515
0.35125
0.35460
0.42273
0.38883
0.42633
0.43439
0.40740
0.41951
0.41729
0.43719
0.44371
0.44043
0.46040
0.49363
0.47842
0.45915
0.45711
0.50176
0.49701
0.47834
0.45777
0.44209
0.47843
0.44941
0.43566
0.42534
0.41276
0.43198
0.39028
0.40485
0.40715
0.39020
0.41026
0.38391
0.37327
0.38083
0.37914
0.36840
0.35107
0.35371
0.34135
0.28214
0.32982
0.28847
0.25761
0.26706
0.24686
0.24402
0.21176
0.19639
0.23064
0.22859
0.20605
0.19795
0.20534
0.20734
0.19404
0.18032
0.12914
0.14126
0.15263
0.15692
0.14388
0.14696
0.09894
0.07127
0.08829
0.08769
0.08247
0.08591
0.06522
0.03328
0.05255
0.02648
0.05092
0.06030
0.09002
0.12121
0.16990
0.16506
0.09712
0.09299
0.10045
0.10393
0.12764
0.11682
0.15743
0.15260
0.17451
0.15307
0.14858
0.13730
0.12341
0.08609
0.07305
0.06023
0.02746
0.07241
0.06659
0.04890
0.07636
0.08369
0.07861
0.09887
0.10960
0.10614
0.10614
0.11722
0.10110
0.11410
0.07780
0.09044
0.10035
0.08431
0.08113
0.11187
0.08854
0.09761
0.11336
0.14393
0.11323
0.08108
0.04870
0.02608
0.01257
0.02678
0.04817
0.05410
0.09847
0.12324
0.11821
0.12689
0.09809
0.07808
0.02179
0.05008
0.03618
0.05983
0.06662
0.06709
0.09161
0.08526
0.07198
0.05683
0.06065
0.07144
0.07236
0.11824
0.11673
0.08004
0.09855
0.07452
0.06783
0.08851
0.07299
0.01891
0.06887
0.07008
0.04952
0.02861
0.01035
0.02688
0.04761
0.03421
0.02552
0.00036
0.03445
0.04719
0.04268
0.00771
0.02004
0.02004
0.02536
0.03098
0.05289
0.05135
0.07080
0.06601
0.00743
0.00000
0.03031
0.03814
0.04535
0.06010
0.05880
0.00311
0.02833
0.05863
0.07112
0.10983
0.12657
0.09489
0.11781
0.10362
0.09638
0.09989
0.05705
0.07509
0.06954
0.07876
0.04095
0.03070
0.05961
0.05032
0.06261
0.07321
0.05689
0.06350
0.09413
0.07890
0.07411
0.04223
0.05272
0.06245
0.03691
0.04581
0.04682
0.05437
0.07155
0.05029
0.05033
0.03600
0.01441
0.00000
0.01758
0.01682
0.03299
0.02927
0.05844
0.06842
0.04505
0.04397
0.07298
0.09004
0.10757
0.11656
0.10961
0.10832
0.11775
0.09351
0.06854
0.07465
0.03334
0.02317
0.00000
0.02571
0.01409
0.02395
0.05316
0.04301
0.04037
0.04590
0.06533
0.10633
0.10941
0.09295
0.09008
0.08748
0.06656
0.07572
0.09964
0.10702
0.08226
0.03759
0.01599
0.02016
0.05764
0.04848
0.05469
0.04770
0.00089
0.04376
0.05074
0.05781
0.04816
0.07383
0.10101
0.10566
0.12184
0.12100
0.08344
0.09447
0.07823
0.09726
0.08588
0.04510
0.07625
0.06294
0.08190
0.11990
0.13129
0.12010
0.13417
0.13790
0.12915
0.11447
0.14325
0.15605
0.15766
0.17024
0.15159
0.14002
0.12874
0.16583
0.13473
0.15892
0.16197
0.18263
0.19897
0.21081
0.18114
0.18094
0.17495
0.15022
0.16438
0.17397
0.18034
0.17793
0.15264
0.16556
0.20761
0.20035
0.18428
0.18029
0.22158
0.24570
0.22693
0.24474
0.26407
0.26407
0.23385
0.23507
0.26959
0.27843
0.28918
0.27629
0.28232
0.29848
0.29658
0.27088
0.27840
0.27622
0.26315
0.27384
0.26531
0.20877
0.20952
0.22985
0.26125
0.26261
0.25949
0.28094
0.27249
0.28739
0.27778
0.27650
0.24907
0.27240
0.28352
0.26561
0.26009
0.30284
0.31069
0.31654
0.34118
0.34319
0.34030
0.31119
0.30419
0.30015
0.31843
0.29533
0.25305
0.25705
0.30092
0.29055
0.34023
0.32984
0.32426
0.29310
0.31018
0.34691
0.34550
0.33687
0.32479
0.30243
0.27804
0.24876
0.24915
0.25347
0.26924
0.24892
0.27549
0.25638
0.26685
0.26980
0.26293
0.29244
0.28937
0.30374
0.28759
0.28831
0.28713
0.26535
0.27051
0.27941
0.28497
0.26776
0.27196
0.25515
0.28522
0.34517
0.33970
0.33092
0.35818
0.42396
0.43967
0.40946
0.38659
0.40693
0.38732
0.41638
0.39588
0.38958
0.35871
0.36174
0.36966
0.41080
0.42378
0.45916
0.49053
0.50037
0.51529
0.52110
0.52333
0.52198
0.47955
0.51065
0.51965
0.52026
0.52852
0.51929
0.53336
0.53813
0.57686
0.56580
0.57653
0.58841
0.61269
0.62528
0.62716
0.60373
0.61012
0.59962
0.60164
0.60282
0.56702
0.54892
0.56008
0.55695
0.59902
0.58624
0.56358
0.53299
0.55853
0.53945
0.57615
0.52685
0.49883
0.49371
0.48704
0.48235
0.47401
0.47135
0.42702
0.39996
0.37815
0.39638
0.39260
0.43268
0.43811
0.43130
0.43400
0.41561
0.39871
0.39507
0.39507
0.38994
0.36800
0.39468
0.35873
0.34924
0.36883
0.37052
0.38913
0.40700
0.37311
0.40619
0.39937
0.36643
0.40585
0.39331
0.37787
0.38016
0.37777
0.43574
0.43201
0.44226
0.42962
0.42477
0.37455
0.37901
0.35537
0.34769
0.30307
0.29345
0.25510
0.27007
0.25934
0.27127
0.28033
0.27982
0.28994
0.28744
0.28221
0.28733
0.29545
0.30164
0.31486
0.33348
0.32742
0.33895
0.33810
0.31684
0.33241
0.30542
0.30041
0.29955
0.31437
0.30676
0.29252
0.30756
0.38155
0.41439
0.41622
0.40573
0.41274
0.44391
0.43267
0.42324
0.43063
0.42367
0.44160
0.46988
0.45853
0.46906
0.47594
0.46031
0.45069
0.42011
0.41161
0.38261
0.38804
0.41297
0.40061
0.40361
0.38959
0.38528
0.38928
0.36723
0.36568
0.34346
0.34809
0.33304
0.29236
0.25645
0.28636
0.30569
0.33789
0.37305
0.34525
0.32474
0.31346
0.28723
0.24596
0.24446
0.23207
0.21315
0.19947
0.20791
0.22285
0.21857
0.19815
0.16495
0.15876
0.17553
0.18179
0.16857
0.20347
0.20279
0.20318
0.20691
0.17071
0.16591
0.16100
0.16475
0.16857
0.18854
0.22880
0.22880
0.21573
0.20434
0.21471
0.19570
0.24405
0.28274
0.29130
0.33462
0.31943
0.37037
0.37800
0.36070
0.34091
0.29958
0.27315
0.26935
0.21702
0.23414
0.25071
0.19826
0.19236
0.20722
0.19408
0.20415
0.21783
0.19236
0.19567
0.19275
0.15618
0.15254
0.16119
0.17877
0.16339
0.17772
0.16036
0.15619
0.18529
0.20101
0.21621
0.21990
0.18337
0.20160
0.18733
0.18470
0.15858
0.17411
0.18056
0.15961
0.17445
0.18354
0.22465
0.23495
0.23055
0.24471
0.25284
0.20438
0.17282
0.17845
0.18004
0.21714
0.21631
0.23062
0.23814
0.23287
0.22900
0.22895
0.21834
0.21622
0.25119
0.27578
0.27765
0.27268
0.27301
0.26832
0.25073
0.24675
0.21383
0.22518
0.28017
0.26720
0.24804
0.25928
0.26497
0.33026
0.33588
0.36296
0.36860
0.34825
0.32514
0.31703
0.31270
0.29472
0.27924
0.30245
0.30156
0.26814
0.26192
0.26878
0.31984
0.32109
0.28536
0.27339
0.28517
0.30964
0.31221
0.32810
0.33185
0.34982
0.37452
0.38058
0.37030
0.36707
0.37140
0.34981
0.35124
0.33025
0.31089
0.29816
0.30523
0.28205
0.24844
0.22309
0.17905
0.15200
0.15611
0.15713
0.11357
0.14246
0.11689
0.07694
0.10173
0.10616
0.10290
0.11644
0.12969
0.14658
0.21083
0.23585
0.24245
0.22672
0.26878
0.29391
0.24884
0.20711
0.21884
0.22425
0.19326
0.18249
0.17362
0.19729
0.22836
0.19139
0.20739
0.20138
0.19349
0.19248
0.19243
0.19893
0.21317
0.19802
0.19505
0.18341
0.17033
0.15304
0.16549
0.15153
0.13900
0.16818
0.15842
0.15209
0.17467
0.20276
0.21084
0.24448
0.24245
0.22490
0.22220
0.21940
0.26984
0.28516
0.27594
0.27659
0.26567
0.29739
0.34391
0.37431
0.37580
0.35147
0.33307
0.36264
0.35731
0.36941
0.29961
0.30002
0.32020
0.31280
0.31130
0.31731
0.29784
0.29086
0.32433
0.31420
0.32498
0.32416
0.33158
0.32367
0.34478
0.39340
0.40106
0.39066
0.38656
0.37815
0.40708
0.41039
0.38543
0.40546
0.40776
0.39226
0.39104
0.36844
0.37301
0.36394
0.33822
0.37063
0.44154
0.43326
0.39972
0.36736
0.44112
0.44396
0.43914
0.42416
0.44492
0.42251
0.39671
0.39732
0.38436
0.36185
0.31953
0.26721
0.28736
0.28812
0.33476
0.34545
0.33882
0.34644
0.32391
0.28478
0.31335
0.33959
0.33084
0.33070
0.35511
0.32094
0.32145
0.29563
0.29633
0.29490
0.31612
0.36909
0.36059
0.42225
0.41828
0.35041
0.36868
0.39266
0.39396
0.38943
0.35236
0.32395
0.30546
0.30912
0.33367
0.28443
0.30046
0.28236
0.29221
0.31865
0.30056
0.28119
0.29658
0.30188
0.28355
0.28618
0.30615
0.30932
0.31969
0.31678
0.35516
0.39357
0.41394
0.40113
0.39520
0.42048
0.40301
0.38421
0.37150
0.36811
0.37728
0.36713
0.33823
0.33448
0.33453
0.33989
0.33447
0.35105
0.35467
0.32102
0.31222
0.28037
0.31078
0.28565
0.29033
0.29268
0.28354
0.26238
0.25666
0.22474
0.23463
0.22976
0.23033
0.25759
0.23609
0.25605
0.25700
0.21480
0.22749
0.24644
0.24492
0.25804
0.23351
0.24129
0.20415
0.21804
0.20215
0.19351
0.25436
0.25219
0.20777
0.21281
0.20386
0.22188
0.22226
0.19251
0.19696
0.22655
0.20958
0.20888
0.22199
0.19049
0.20313
0.18629
0.19794
0.21434
0.22682
0.22769
0.19042
0.22504
0.29339
0.28701
0.28355
0.30001
0.28351
0.26691
0.25462
0.24600
0.24608
0.24406
0.24391
0.25642
0.26528
0.30274
0.29771
0.30895
0.30875
0.30098
0.29090
0.27694
0.26427
0.28103
0.25638
0.26978
0.28324
0.30329
0.34422
0.31555
0.32796
0.32141
0.31022
0.33285
0.34404
0.34814
0.34991
0.34982
0.35263
0.36851
0.37850
0.38284
0.41564
0.40246
0.39085
0.40737
0.44055
0.45036
0.46377
0.45446
0.44758
0.46381
0.42337
0.43414
0.44060
0.45087
0.48278
0.50797
0.48094
0.49844
0.49509
0.46751
0.51313
0.53062
0.52717
0.51339
0.51611
0.50826
0.50755
0.51703
0.51772
0.50612
0.55360
0.53225
0.53096
0.54780
0.57340
0.55016
0.56745
0.59763
0.60246
0.59942
0.58121
0.58798
0.58547
0.56002
0.53982
0.54680
0.52847
0.52485
0.46777
0.41872
0.41150
0.39564
0.43162
0.43896
0.41643
0.42049
0.44703
0.41789
0.40940
0.39564
0.37967
0.38292
0.36918
0.35551
0.32423
0.30219
0.27006
0.29926
0.32041
0.27695
0.26627
0.24721
0.27053
0.29634
0.34025
0.33201
0.31262
0.30799
0.33701
0.34502
0.35267
0.34606
0.37736
0.38869
0.36901
0.34544
0.34495
0.35161
0.33510
0.34841
0.32496
0.32516
0.29542
0.32562
0.35566
0.33636
0.32435
0.29745
0.28652
0.25244
0.26109
0.28426
0.32957
0.37565
0.40008
0.39816
0.41878
0.39642
0.40064
0.39777
0.39182
0.34830
0.32510
0.32236
0.32701
0.33359
0.31748
0.26358
0.23564
0.22729
0.23321
0.22694
0.25237
0.26633
0.24961
0.26618
0.24226
0.21376
0.22190
0.22587
0.21048
0.21187
0.20105
0.16693
0.14294
0.15620
0.14591
0.11215
0.09937
0.11691
0.10754
0.14302
0.15751
0.16010
0.12973
0.12083
0.08794
0.07456
0.05660
0.05827
0.12385
0.12768
0.11318
0.09948
0.09197
0.11920
0.11848
0.12334
0.12544
0.16460
0.17926
0.17594
0.17681
0.15838
0.13707
0.15930
0.17610
0.16138
0.17003
0.16361
0.17091
0.15636
0.14444
0.09989
0.10420
0.10420
0.08906
0.09369
0.09695
0.09088
0.09645
0.12146
0.11997
0.12971
0.14611
0.18750
0.16312
0.18238
0.17873
0.18563
0.18008
0.20399
0.21576
0.22333
0.21470
0.21287
0.22704
0.23341
0.25607
0.20990
0.23574
0.23361
0.21948
0.24973
0.27810
0.26034
0.29540
0.30338
0.35179
0.36451
0.33118
0.33593
0.30534
0.34665
0.34631
0.34044
0.37737
0.34352
0.28966
0.25949
0.23336
0.21132
0.22631
0.22210
0.19738
0.15961
0.18085
0.14580
0.13001
0.15096
0.16251
0.16296
0.15798
0.14358
0.14279
0.14314
0.12854
0.15228
0.15254
0.14741
0.14493
0.14143
0.12546
0.11834
0.08354
0.09082
0.13247
0.15672
0.15315
0.17235
0.14673
0.16506
0.19429
0.19007
0.20138
0.21540
0.21665
0.21503
0.17419
0.16511
0.19525
0.17932
0.19822
0.21153
0.21885
0.22790
0.24073
0.20012
0.18477
0.19481
0.19714
0.18982
0.18298
0.18225
0.19158
0.18526
0.16701
0.18424
0.18924
0.16756
0.19129
0.22010
0.20950
0.20935
0.17533
0.17533
0.18575
0.19977
0.20787
0.23681
0.22818
0.20755
0.20498
0.21354
0.17607
0.18433
0.22482
0.20863
0.16167
0.20201
0.21936
0.23167
0.19593
0.20180
0.26024
0.22111
0.24795
0.26676
0.25471
0.24842
0.27386
0.28302
0.26695
0.24219
0.25942
0.24316
0.22105
0.21080
0.24329
0.22215
0.21485
0.22361
0.17649
0.19448
0.17863
0.16470
0.16579
0.15316
0.14255
0.11239
0.09066
0.12020
0.12718
0.14571
0.14163
0.12951
0.12942
0.13739
0.17061
0.14300
0.13371
0.13360
0.16917
0.16432
0.15974
0.16190
0.19937
0.19878
0.18191
0.21863
0.21959
0.21611
0.22011
0.25777
0.22880
0.24060
0.22009
0.23868
0.23348
0.22402
0.24993
0.22668
0.23367
0.20186
0.19939
0.14352
0.15715
0.16876
0.14726
0.13464
0.12920
0.14182
0.13670
0.13043
0.09001
0.09418
0.06649
0.10006
0.08853
0.08449
0.10988
0.11942
0.11208
0.10263
0.08712
0.07675
0.12400
0.09845
0.06725
0.07886
0.07769
0.05631
0.06223
0.05725
0.05994
0.03266
0.03672
0.02168
0.05666
0.03981
0.05786
0.02180
0.07190
0.06714
0.06322
0.07543
0.04770
0.04488
0.06004
0.06715
0.07138
0.04929
0.02726
0.06571
0.03583
0.05809
0.07492
0.11157
0.12083
0.09791
0.10056
0.12987
0.13323
0.13400
0.13574
0.14265
0.17685
0.17742
0.18020
0.16762
0.14798
0.15357
0.18704
0.20069
0.18570
0.14716
0.15527
0.15160
0.16354
0.14613
0.19637
0.18687
0.18200
0.17620
0.18057
0.18246
0.20527
0.21756
0.21956
0.20711
0.20207
0.24374
0.22319
0.26995
0.29324
0.30486
0.33237
0.37170
0.37501
0.36823
0.34484
0.33820
0.31448
0.31938
0.32540
0.34220
0.29377
0.30507
0.30571
0.33961
0.32382
0.30243
0.30445
0.28144
0.25678
0.25645
0.22622
0.23379
0.22618
0.22109
0.16780
0.20823
0.17508
0.18800
0.20397
0.22243
0.25486
0.22569
0.28234
0.24908
0.22641
0.20501
0.22553
0.21106
0.22654
0.20948
0.23974
0.27496
0.28334
0.21115
0.24233
0.23370
0.23840
0.21659
0.21095
0.22085
0.22577
0.25104
0.22373
0.17799
0.17852
0.17952
0.11945
0.12233
0.11216
0.12883
0.14317
0.14226
0.13637
0.17051
0.18181
0.22236
0.19646
0.20777
0.19278
0.19426
0.16976
0.15749
0.15281
0.15786
0.20680
0.18831
0.18377
0.18547
0.18358
0.15603
0.15696
0.17004
0.18215
0.20190
0.18853
0.19475
0.19630
0.19394
0.18761
0.19833
0.23007
0.24583
0.24012
0.28328
0.28992
0.31191
0.30003
0.31041
0.31408
0.32459
0.29543
0.27590
0.26573
0.26406
0.24410
0.25637
0.26015
0.24047
0.25869
0.24181
0.22387
0.22603
0.25238
0.24312
0.28442
0.27833
0.25789
0.26828
0.23923
0.22958
0.23236
0.22000
0.21482
0.22814
0.24734
0.22337
0.22763
0.22843
0.20985
0.21946
0.15430
0.14336
0.13110
0.14035
0.14926
0.12430
0.16585
0.17719
0.19471
0.20262
0.23289
0.25745
0.26674
0.28200
0.27373
0.29689
0.31015
0.29283
0.30246
0.30938
0.30362
0.31544
0.30468
0.30225
0.27707
0.26292
0.27393
0.28149
0.28644
0.28959
0.28504
0.27724
0.26620
0.23824
0.22160
0.24309
0.23590
0.22586
0.18446
0.18772
0.18284
0.16835
0.16415
0.16999
0.11905
0.18264
0.19732
0.19025
0.13768
0.14167
0.18250
0.16514
0.13910
0.13924
0.14975
0.15495
0.14762
0.16769
0.16820
0.18579
0.21861
0.24624
0.23122
0.26677
