0.02696
0.04688
0.02424
0.05105
0.07351
0.08115
0.04831
0.05804
0.08348
0.09707
0.08278
0.05197
0.08720
0.06427
0.05531
0.04485
0.01748
0.02854
0.01698
0.00400
0.00173
0.03122
0.02495
0.01590
0.02222
0.01418
0.00115
0.01450
0.08403
0.08833
0.10958
0.10208
0.15448
0.15732
0.11904
0.13332
0.15839
0.16696
0.16191
0.12240
0.14079
0.13778
0.15825
0.13078
0.12686
0.08285
0.06997
0.08414
0.06431
0.04968
0.10306
0.13621
0.17066
0.16591
0.15790
0.14921
0.14324
0.13197
0.11323
0.07285
0.07575
0.09227
0.09774
0.09025
0.06818
0.08647
0.04787
0.05445
0.04855
0.01801
0.04798
0.00128
0.00000
0.00000
0.00563
0.00702
0.04995
0.05979
0.04288
0.07169
0.07751
0.11600
0.14690
0.16918
0.14344
0.17033
0.19957
0.19543
0.18011
0.20604
0.21083
0.21172
0.17889
0.16219
0.14765
0.14910
0.17624
0.16613
0.15319
0.16307
0.19397
0.19229
0.19949
0.21328
0.20500
0.22523
0.24120
0.27106
0.26949
0.29011
0.28971
0.27604
0.25675
0.29693
0.31194
0.28179
0.27052
0.27162
0.27171
0.29889
0.26607
0.29863
0.29359
0.30811
0.30762
0.29145
0.32627
0.26298
0.28932
0.31393
0.31678
0.33463
0.38324
0.38072
0.39498
0.41163
0.41163
0.44674
0.45838
0.46505
0.45104
0.42240
0.39825
0.37709
0.38089
0.36252
0.31405
0.30040
0.29231
0.30059
0.30365
0.32244
0.31278
0.30439
0.34103
0.32803
0.29049
0.31532
0.32527
0.34317
0.32379
0.26428
0.29081
0.33789
0.34215
0.30159
0.29451
0.26495
0.22696
0.21656
0.18886
0.19204
0.15416
0.18089
0.19561
0.21162
0.22567
0.24620
0.23709
0.20378
0.17836
0.16079
0.17693
0.19393
0.22912
0.20143
0.18705
0.21610
0.21057
0.27608
0.29378
0.27881
0.28180
0.26191
0.25769
0.26199
0.22101
0.21487
0.20843
0.19585
0.17693
0.17923
0.18128
0.14775
0.13958
0.09351
0.10183
0.13359
0.14761
0.15835
0.09348
0.09376
0.10415
0.11370
0.11689
0.10337
0.09463
0.07917
0.05637
0.08297
0.06264
0.05818
0.07688
0.08775
0.10174
0.11921
0.14121
0.13445
0.14541
0.12956
0.10986
0.08642
0.11298
0.12694
0.12426
0.11168
0.11940
0.10580
0.15475
0.18390
0.20104
0.18429
0.15001
0.14634
0.18493
0.19170
0.21652
0.24347
0.24168
0.21928
0.21828
0.22912
0.26042
0.24678
0.21831
0.18095
0.15829
0.17312
0.17099
0.16803
0.16578
0.13473
0.12817
0.17090
0.17842
0.17935
0.16547
0.16581
0.15229
0.12848
0.12623
0.13693
0.17696
0.18552
0.15561
0.15764
0.17288
0.16948
0.18337
0.19787
0.18807
0.20200
0.17360
0.17415
0.12583
0.12637
0.05954
0.06472
0.06753
0.07368
0.07711
0.05252
0.00000
0.05743
0.05612
0.02572
0.01066
0.00678
0.03319
0.05333
0.03125
0.02020
0.04471
0.04471
0.08722
0.07399
0.05992
0.07292
0.07725
0.09056
0.12244
0.15532
0.16228
0.17025
0.17995
0.12978
0.08087
0.06943
0.05167
0.09275
0.10135
0.10135
0.09817
0.13071
0.16934
0.16779
0.16141
0.12423
0.11993
0.11065
0.10133
0.12377
0.09502
0.12371
0.11327
0.12879
0.14491
0.17454
0.17603
0.15330
0.15185
0.16570
0.14479
0.21988
0.16355
0.18710
0.19273
0.20108
0.21847
0.21209
0.22557
0.25210
0.26179
0.27044
0.26422
0.28315
0.28884
0.30746
0.31054
0.26002
0.26064
0.26444
0.26671
0.24929
0.21163
0.24471
0.23795
0.23409
0.21269
0.22140
0.22162
0.23829
0.21004
0.23604
0.27268
0.27701
0.25079
0.24978
0.30656
0.29258
0.33040
0.31504
0.31858
0.35886
0.35297
0.32507
0.32726
0.29984
0.31013
0.30216
0.29459
0.27864
0.25209
0.30262
0.31242
0.28705
0.29631
0.28037
0.26884
0.25900
0.23446
0.24967
0.21769
0.21632
0.23630
0.20026
0.20377
0.13864
0.17029
0.18093
0.15190
0.14632
0.12702
0.13352
0.12398
0.12644
0.12391
0.14653
0.15531
0.19074
0.18701
0.15713
0.16770
0.21088
0.21152
0.21626
0.18426
0.18326
0.14922
0.17325
0.17513
0.18694
0.20112
0.20777
0.18785
0.21066
0.17756
0.20187
0.20938
0.21161
0.21853
0.21560
0.20477
0.19007
0.17924
0.15912
0.18696
0.18962
0.18230
0.18584
0.18941
0.17973
0.23311
0.21307
0.20728
0.16147
0.21746
0.20545
0.20079
0.21876
0.20800
0.19411
0.19309
0.17708
0.22460
0.23963
0.23904
0.21195
0.21579
0.22793
0.21755
0.20817
0.21830
0.18003
0.18293
0.22431
0.21237
0.22619
0.20819
0.20647
0.18121
0.18112
0.19137
0.21117
0.22430
0.22132
0.22465
0.22906
0.23344
0.23833
0.26256
0.25747
0.23673
0.22100
0.18937
0.16436
0.15007
0.14145
0.14423
0.16917
0.15485
0.15561
0.14686
0.12604
0.14674
0.14977
0.18635
0.19556
0.14887
0.14633
0.15305
0.17391
0.21095
0.20094
0.19794
0.20471
0.19417
0.21792
0.20577
0.18090
0.20960
0.20780
0.20961
0.23519
0.21573
0.19643
0.19117
0.17067
0.18301
0.15861
0.19994
0.22908
0.22277
0.23294
0.21103
0.19758
0.21327
0.27329
0.27218
0.23185
0.25376
0.25500
0.25850
0.23299
0.22470
0.19622
0.21532
0.22302
0.20981
0.21544
0.21308
0.20606
0.22703
0.20265
0.18070
0.15402
0.14766
0.13850
0.17808
0.18941
0.18835
0.20619
0.22077
0.23024
0.24053
0.22593
0.26058
0.23964
0.24938
0.23418
0.21603
0.23251
0.19758
0.18900
0.17766
0.16149
0.18915
0.20888
0.21810
0.18027
0.15976
0.14328
0.16780
0.17518
0.20064
0.20088
0.21881
0.23440
0.21876
0.20807
0.18304
0.17972
0.16818
0.18604
0.16471
0.16648
0.14273
0.16873
0.18017
0.15206
0.13362
0.12628
0.17426
0.14959
0.16396
0.18707
0.17083
0.16111
0.13590
0.17160
0.19074
0.19928
0.17842
0.19958
0.20466
0.21878
0.22561
0.23133
0.22881
0.22859
0.23275
0.21174
0.20126
0.22972
0.22779
0.18573
0.18291
0.20457
0.20940
0.20361
0.14414
0.11354
0.11334
0.10408
0.11592
0.14382
0.14669
0.14303
0.12947
0.11720
0.13629
0.12976
0.14212
0.07104
0.08166
0.06050
0.06486
0.08877
0.03670
0.07082
0.05367
0.06391
0.07689
0.07553
0.07163
0.11268
0.09668
0.08142
0.08361
0.07808
0.08186
0.08313
0.07848
0.06099
0.07285
0.12742
0.12789
0.09472
0.06483
0.10784
0.10096
0.10597
0.11859
0.14620
0.15729
0.15984
0.19668
0.24173
0.24419
0.21474
0.20773
0.21840
0.20955
0.19003
0.19233
0.15838
0.18194
0.17309
0.16943
0.12934
0.11982
0.11701
0.11565
0.11565
0.11902
0.14510
0.17361
0.17822
0.19939
0.18594
0.23351
0.21744
0.23099
0.25047
0.24953
0.19458
0.18744
0.17473
0.17653
0.18607
0.17571
0.17255
0.09917
0.11472
0.16897
0.15570
0.14600
0.14328
0.13869
0.14204
0.17042
0.16449
0.19412
0.18376
0.26699
0.26163
0.24252
0.24250
0.23716
0.24013
0.23682
0.23821
0.24080
0.22010
0.22269
0.20356
0.25960
0.22596
0.20663
0.20983
0.20649
0.14345
0.15594
0.16652
0.13849
0.10558
0.05243
0.06820
0.09799
0.12557
0.11089
0.12557
0.11040
0.12182
0.11414
0.09115
0.10503
0.10410
0.09796
0.08186
0.05440
0.06489
0.03819
0.07108
0.04737
0.06916
0.06767
0.03383
0.03122
0.05033
0.08108
0.10757
0.09447
0.10445
0.08723
0.03504
0.03828
0.02125
0.04730
0.06439
0.05318
0.03900
0.04065
0.06068
0.10454
0.12309
0.10046
0.09894
0.09992
0.12763
0.12027
0.11706
0.10665
0.12835
0.12799
0.15805
0.13246
0.12072
0.11210
0.11405
0.09409
0.09160
0.06486
0.07101
0.05117
0.08984
0.08358
0.08125
0.04652
0.07228
0.05083
0.06199
0.02687
0.02490
0.02531
0.00000
0.02144
0.01090
0.01387
0.02791
0.00000
0.00698
0.01309
0.00000
0.00000
0.02676
0.05580
0.03683
0.02800
0.04706
0.08576
0.10411
0.08634
0.08381
0.08678
0.08060
0.06663
0.06468
0.09465
0.14472
0.13692
0.13057
0.10307
0.09850
0.09562
0.08839
0.05732
0.05867
0.03706
0.04897
0.08491
0.08197
0.07261
0.06243
0.09850
0.10436
0.10096
0.11253
0.09802
0.08213
0.10592
0.08729
0.09694
0.08128
0.00137
0.01021
0.04491
0.05504
0.02716
0.04278
0.01841
0.02391
0.00000
0.02721
0.02906
0.00456
0.00866
0.00400
0.00030
0.03571
0.03267
0.05422
0.06084
0.09467
0.09452
0.07276
0.08538
0.06299
0.04569
0.04778
0.03512
0.04368
0.05377
0.05174
0.07359
0.08001
0.04851
0.03171
0.03873
0.03443
0.04018
0.02776
0.03954
0.05687
0.08270
0.08277
0.10099
0.07762
0.04068
0.03792
0.08717
0.10480
0.11868
0.14342
0.13682
0.10915
0.08114
0.08679
0.07927
0.09315
0.12213
0.13961
0.11811
0.13718
0.17781
0.19170
0.19696
0.18171
0.22138
0.25638
0.26150
0.28587
0.24913
0.24545
0.22859
0.22012
0.20366
0.20375
0.21068
0.18886
0.18026
0.16403
0.16413
0.15699
0.19878
0.15545
0.17913
0.20290
0.16600
0.14780
0.17789
0.21081
0.17500
0.16964
0.13668
0.14553
0.12615
0.11541
0.08350
0.11105
0.13051
0.15761
0.14234
0.12712
0.13108
0.17087
0.17084
0.17863
0.18168
0.19323
0.18753
0.17606
0.19878
0.19574
0.19251
0.20984
0.21687
0.19347
0.20149
0.20244
0.17135
0.17834
0.16503
0.16911
0.17228
0.16168
0.18472
0.19510
0.20038
0.20106
0.20921
0.20437
0.20593
0.22578
0.21960
0.19462
0.19395
0.19447
0.19710
0.23556
0.24837
0.28457
0.28118
0.32283
0.32564
0.37105
0.33930
0.34509
0.31603
0.32161
0.33869
0.34888
0.29623
0.30322
0.33114
0.32630
0.33875
0.35395
0.33608
0.38692
0.42201
0.39301
0.38703
0.36313
0.37195
0.37568
0.38826
0.40012
0.39597
0.44072
0.37774
0.39278
0.38294
0.37355
0.36093
0.34034
0.34180
0.27995
0.26146
0.25344
0.26992
0.24656
0.24656
0.24711
0.26684
0.26827
0.28368
0.29535
0.24924
0.25724
0.26177
0.27072
0.27310
0.26650
0.31394
0.32621
0.29994
0.29626
0.29913
0.22887
0.20980
0.19888
0.20135
0.17242
0.15886
0.16652
0.19238
0.17801
0.22059
0.20436
0.24666
0.27750
0.28872
0.25147
0.32286
0.28666
0.28496
0.28756
0.29177
0.29915
0.28028
0.29826
0.30925
0.34588
0.34995
0.33891
0.32751
0.31160
0.31161
0.26231
0.27198
0.27146
0.28372
0.22146
0.19890
0.19067
0.14744
0.16090
0.14811
0.08970
0.10418
0.09218
0.05737
0.03319
0.04904
0.06602
0.05516
0.04753
0.04093
0.05376
0.07888
0.05815
0.04434
0.02573
0.04448
0.05498
0.07511
0.18059
0.15281
0.11259
0.14609
0.12588
0.16364
0.13729
0.20602
0.22780
0.23383
0.24879
0.26895
0.27252
0.27122
0.27294
0.26357
0.24542
0.26016
0.28760
0.28454
0.28559
0.31579
0.28118
0.29181
0.30963
0.32669
0.34562
0.35169
0.37159
0.37699
0.35938
0.38457
0.36438
0.34938
0.37661
0.39568
0.39039
0.37265
0.34390
0.35025
0.38782
0.39113
0.43345
0.43559
0.44261
0.42037
0.40300
0.39143
0.41314
0.40479
0.40375
0.37852
0.41160
0.40139
0.43942
0.43137
0.43968
0.42033
0.36268
0.37154
0.36917
0.33991
0.29644
0.29260
0.25692
0.29536
0.28693
0.24096
0.26570
0.24712
0.25523
0.24137
0.26272
0.23193
0.23434
0.24904
0.22826
0.23900
0.25445
0.22481
0.22019
0.25151
0.24753
0.23162
0.20644
0.24269
0.23910
0.21784
0.23071
0.23575
0.19269
0.22258
0.21196
0.19354
0.21694
0.22487
0.21946
0.21840
0.18653
0.17209
0.16451
0.14323
0.15244
0.10087
0.07532
0.07621
0.06098
0.07636
0.03655
0.06139
0.08536
0.05813
0.05813
0.07161
0.03063
0.06193
0.07037
0.06700
0.07151
0.05868
0.00292
0.02166
0.01348
0.01901
0.02226
0.01063
0.01569
0.01743
0.05155
0.05362
0.08526
0.09292
0.09291
0.09338
0.10356
0.09497
0.11099
0.10612
0.13270
0.11719
0.11632
0.11520
0.09844
0.11035
0.11629
0.11197
0.12452
0.09035
0.10099
0.04505
0.07159
0.04494
0.05357
0.09148
0.06804
0.06828
0.06697
0.05493
0.01379
0.04607
0.10311
0.08934
0.05117
0.09652
0.02520
0.04418
0.05686
0.05006
0.06632
0.05627
0.03478
0.04003
0.04965
0.07828
0.07735
0.09380
0.09940
0.15228
0.14518
0.15193
0.16251
0.14956
0.11953
0.09917
0.07046
0.09289
0.06072
0.09089
0.09993
0.04664
0.05546
0.04712
0.04610
0.05491
0.05146
0.05995
0.08325
0.11916
0.06205
0.10269
0.10201
0.09651
0.08964
0.11308
0.11466
0.09869
0.08927
0.08783
0.11218
0.14360
0.14958
0.16807
0.16934
0.17965
0.20170
0.15925
0.15379
0.17831
0.17499
0.21022
0.24386
0.26157
0.24537
0.29520
0.31829
0.28346
0.28576
0.24253
0.20570
0.18856
0.21134
0.21360
0.18790
0.21416
0.23102
0.24325
0.23845
0.20722
0.17026
0.16338
0.17416
0.15424
0.14354
0.14874
0.16309
0.12528
0.11078
0.10276
0.11929
0.08747
0.09322
0.06544
0.05778
0.02134
0.01185
0.01139
0.02146
0.03726
0.03485
0.04668
0.02577
0.01741
0.05008
0.03288
0.04033
0.05715
0.09825
0.09337
0.13904
0.13553
0.21327
0.21818
0.21853
0.19540
0.21720
0.21809
0.21735
0.23090
0.24323
0.23968
0.21452
0.20439
0.20768
0.18263
0.18308
0.20006
0.19659
0.16446
0.16865
0.17139
0.13949
0.15052
0.15960
0.18526
0.20431
0.23524
0.22383
0.20318
0.19068
0.18258
0.14748
0.17503
0.15886
0.16718
0.19036
0.16082
0.15998
0.15501
0.14136
0.14136
0.11263
0.09917
0.06213
0.03590
0.00000
0.04307
0.05513
0.03057
0.03710
0.02634
0.04435
0.02221
0.03510
0.05214
0.04359
0.03100
0.00832
0.02561
0.02309
0.03100
0.02169
0.02176
0.01696
0.04009
0.03386
0.02068
0.02561
0.03660
0.03314
0.03387
0.00482
0.01325
0.02581
0.02395
0.05440
0.05632
0.02811
0.03175
0.01208
0.04887
0.02247
0.00000
0.03137
0.09009
0.08282
0.09113
0.09057
0.09646
0.13681
0.17468
0.17987
0.17526
0.18155
0.17939
0.16693
0.17022
0.14623
0.11854
0.03112
0.06278
0.07658
0.08616
0.08202
0.05506
0.06216
0.02967
0.06133
0.05399
0.06525
0.04652
0.08231
0.12706
0.09274
0.11589
0.08165
0.07000
0.05336
0.06906
0.04734
0.02173
0.02191
0.03658
0.04315
0.04022
0.01110
0.02524
0.04952
0.06025
0.06276
0.11089
0.12976
0.18059
0.19108
0.19246
0.14565
0.15409
0.15144
0.17999
0.17260
0.16396
0.19212
0.22313
0.20634
0.21916
0.23206
0.20660
0.24072
0.22728
0.23072
0.23226
0.20471
0.14861
0.14534
0.12659
0.11323
0.06831
0.10482
0.10640
0.08256
0.08955
0.11373
0.13443
0.13778
0.11686
0.11322
0.11492
0.09765
0.07674
0.05183
0.03745
0.04169
0.05265
0.03753
0.00739
0.01990
0.02735
0.02961
0.05505
0.03006
0.04519
0.06813
0.09403
0.11597
0.11164
0.07922
0.11579
0.09529
0.06295
0.07294
0.06269
0.06282
0.07521
0.09471
0.12284
0.12897
0.12895
0.12232
0.14729
0.15968
0.16359
0.14171
0.13713
0.14211
0.13056
0.11918
0.16184
0.17750
0.17169
0.19214
0.20055
0.22123
0.21466
0.19553
0.20794
0.22906
0.22080
0.23728
0.18291
0.16538
0.16498
0.20795
0.21953
0.25682
0.28165
0.29709
0.28411
0.27908
0.29992
0.31958
0.31724
0.28982
0.29434
0.32381
0.34254
0.31750
0.32612
0.28165
0.30108
0.28771
0.27230
0.27414
0.32386
0.32224
0.30254
0.29151
0.29783
0.33982
0.34775
0.34198
0.34813
0.34814
0.33646
0.30496
0.33419
0.33676
0.32265
0.39208
0.38398
0.37237
0.37002
0.38554
0.37399
0.34463
0.33920
0.39674
0.41008
0.43418
0.46005
0.49907
0.51710
0.52558
0.53177
0.53365
0.53894
0.52646
0.55008
0.54025
0.46684
0.50377
0.48780
0.46202
0.45556
0.47559
0.51250
0.52224
0.53735
0.52987
0.50009
0.49679
0.47850
0.45579
0.46053
0.45642
0.44766
0.42946
0.43225
0.41705
0.44840
0.41962
0.42339
0.41063
0.38763
0.39661
0.40817
0.41936
0.41693
0.43969
0.44760
0.42901
0.41953
0.41860
0.42146
0.42985
0.44149
0.45776
0.45584
0.45180
0.43937
0.43525
0.44808
0.45223
0.46159
0.50865
0.44696
0.43496
0.37488
0.39495
0.38416
0.35300
0.30207
0.30536
0.31622
0.33227
0.35575
0.36722
0.32807
0.33253
0.32616
0.31401
0.30917
0.33477
0.33903
0.31604
0.30612
0.29807
0.34621
0.30455
0.31297
0.27760
0.29987
0.29503
0.34136
0.34300
0.38080
0.36886
0.34533
0.35664
0.33826
0.36866
0.37678
0.36846
0.33337
0.33627
0.29073
0.32797
0.30999
0.32383
0.30555
0.34083
0.36153
0.33874
0.38550
0.39596
0.41122
0.36854
0.35811
0.38702
0.39968
0.43083
0.42783
0.41460
0.39431
0.38582
0.39437
0.39482
0.40073
0.45475
0.46173
0.49183
0.46572
0.46721
0.43390
0.45779
0.42559
0.41715
0.40311
0.45042
0.43680
0.43119
0.45667
0.47442
0.44846
0.47122
0.50029
0.51556
0.52319
0.49050
0.51664
0.49610
0.50047
0.50570
0.48862
0.46815
0.45056
0.40478
0.35541
0.36103
0.35334
0.36527
0.37541
0.35459
0.33464
0.31948
0.32045
0.34079
0.36563
0.36353
0.40935
0.36778
0.35625
0.37347
0.39437
0.36362
0.37695
0.35995
0.36950
0.37067
0.37956
0.37991
0.40190
0.42087
0.40686
0.41574
0.41421
0.40890
0.40343
0.42574
0.47289
0.47878
0.45343
0.46616
0.47774
0.50434
0.48887
0.45486
0.45520
0.44284
0.53687
0.56026
0.56789
0.57616
0.59028
0.59790
0.55808
0.54343
0.53397
0.53612
0.52130
0.50203
0.48417
0.45787
0.46372
0.47271
0.49455
0.48766
0.49020
0.49598
0.50933
0.50976
0.48983
0.45529
0.45725
0.40699
0.39377
0.38309
0.36390
0.39272
0.37981
0.38058
0.33155
0.32511
0.30725
0.31389
0.30376
0.33345
0.34092
0.34135
0.35792
0.34339
0.29324
0.25739
0.24368
0.23528
0.25613
0.24182
0.23532
0.25423
0.30542
0.29021
0.32457
0.32050
0.33633
0.33814
0.31928
0.34384
0.34812
0.36193
0.37941
0.38574
0.40506
0.41768
0.43909
0.40116
0.39557
0.38986
0.36254
0.36979
0.38517
0.32142
0.30106
0.31254
0.34433
0.33915
0.33389
0.34128
0.33276
0.31682
0.30205
0.32797
0.34439
0.34179
0.35028
0.33269
0.35238
0.37505
0.35868
0.36192
0.36169
0.33046
0.34504
0.34204
0.36713
0.38464
0.37436
0.37621
0.41290
0.40625
0.43873
0.46697
0.46669
0.41654
0.42028
0.43612
0.44024
0.42511
0.44267
0.41235
0.42771
0.39760
0.41958
0.45830
0.44941
0.45892
0.49170
0.46991
0.44501
0.44528
0.49032
0.48120
0.50455
0.48267
0.49081
0.47173
0.45792
0.44783
0.46488
0.47160
0.47341
0.48611
0.47021
0.47902
0.43751
0.45015
0.48124
0.48164
0.49645
0.47961
0.45844
0.41004
0.39384
0.41916
0.43775
0.40209
0.41388
0.44109
0.47055
0.46197
0.44346
0.40334
0.38192
0.41110
0.41640
0.37430
0.34796
0.32070
0.30551
0.26280
0.32032
0.31279
0.28283
0.27401
0.30269
0.26877
0.24181
0.23098
0.26446
0.29844
0.29443
0.30309
0.30099
0.33627
0.32018
0.27963
0.26700
0.22688
0.23727
0.20860
0.22648
0.22196
0.22465
0.19779
0.17869
0.18481
0.19421
0.18435
0.19663
0.19338
0.20205
0.16250
0.18060
0.15502
0.14851
0.17450
0.17450
0.16320
0.17462
0.16216
0.16520
0.14934
0.14034
0.15073
0.15780
0.15522
0.16692
0.14921
0.15074
0.13326
0.13349
0.14191
0.12519
0.13942
0.10848
0.14656
0.16295
0.17187
0.12360
0.12911
0.12078
0.10356
0.08481
0.09028
0.05944
0.02275
0.03668
0.05172
0.04494
0.03148
0.00784
0.01775
0.00000
0.00608
0.01062
0.03781
0.03798
0.04434
0.03420
0.02928
0.01694
0.01542
0.06197
0.06196
0.01890
0.05134
0.05367
0.04271
0.04917
0.06651
0.06914
0.06817
0.07436
0.05594
0.01986
0.00000
0.04429
0.03405
0.07540
0.08960
0.06530
0.05580
0.05568
0.03754
0.03737
0.03787
0.04438
0.08325
0.11239
0.10623
0.14647
0.15689
0.18152
0.14444
0.11526
0.13553
0.13925
0.14185
0.16453
0.14226
0.14378
0.13747
0.13419
0.12346
0.13971
0.09595
0.09472
0.07777
0.10584
0.07833
0.05190
0.05932
0.09545
0.10745
0.09907
0.07778
0.12053
0.10139
0.09430
0.10745
0.11638
0.12825
0.17066
0.13982
0.13614
0.12795
0.10826
0.12234
0.13529
0.12701
0.13656
0.16578
0.14619
0.14076
0.15613
0.10958
0.08316
0.07758
0.05193
0.13731
0.14035
0.13952
0.12495
0.14153
0.16105
0.10551
0.10117
0.12267
0.09007
0.08423
0.04381
0.07624
0.06452
0.01634
0.02386
0.01323
0.00267
0.04689
0.04569
0.02837
0.01091
0.01502
0.01228
0.02551
0.01494
0.05157
0.06429
0.05822
0.07469
0.06907
0.10587
0.08738
0.09735
0.05533
0.02680
0.02709
0.05463
0.06204
0.08116
0.09207
0.08963
0.04866
0.04868
0.02118
0.04303
0.07882
0.08905
0.10247
0.10822
0.11261
0.12376
0.16363
0.17361
0.19883
0.18647
0.18881
0.18017
0.17162
0.17362
0.13655
0.11651
0.11358
0.11675
0.14151
0.12294
0.12110
0.14256
0.15524
0.11824
0.11233
0.08322
0.06599
0.07850
0.10330
0.12304
0.14338
0.16098
0.13379
0.12840
0.12946
0.11794
0.09375
0.07787
0.10322
0.11022
0.05776
0.05740
0.05420
0.04327
0.02577
0.03098
0.04309
0.05478
0.05037
0.11544
0.10043
0.08715
0.10115
0.09908
0.09927
0.10587
0.08987
0.10124
0.10148
0.07789
0.08002
0.08718
0.09085
0.07540
0.07623
0.05048
0.05858
0.05960
0.03713
0.04449
0.09435
0.09880
0.09664
0.09227
0.11444
0.13183
0.13869
0.09920
0.07908
0.05462
0.03729
0.04495
0.05960
0.10945
0.09723
0.08950
0.11745
0.10697
0.12719
0.12457
0.11964
0.11758
0.15147
0.14324
0.13793
0.11518
0.13426
0.14602
0.18236
0.20802
0.22196
0.21018
0.20900
0.19075
0.21040
0.23703
0.20575
0.19785
0.21325
0.15847
0.14480
0.11322
0.12831
0.13113
0.10331
0.06202
0.04235
0.03867
0.02064
0.01424
0.00481
0.00833
0.02847
0.04916
0.02410
0.04142
0.04938
0.03101
0.03173
0.05739
0.04560
0.05478
0.03046
0.05283
0.05159
0.06534
0.07002
0.05790
0.06824
0.08381
0.06649
0.05576
0.08513
0.09821
0.11061
0.10907
0.07366
0.07293
0.02924
0.02299
0.00535
0.00748
0.03196
0.03720
0.07493
0.08972
0.10822
0.10992
0.07560
0.04051
0.03537
0.04940
0.03271
0.02981
0.07473
0.10443
0.08305
0.06390
0.05180
0.06020
0.05753
0.04681
0.04108
0.07666
0.09541
0.10284
0.06324
0.07623
0.09580
0.11873
0.14363
0.13305
0.10078
0.10867
0.09617
0.10074
0.10913
0.12915
0.13567
0.15592
0.14418
0.12715
0.14260
0.15405
0.13124
0.10901
0.10043
0.06268
0.03893
0.05236
0.07197
0.08150
0.05720
0.05942
0.08840
0.08997
0.09814
0.08752
0.08749
0.12096
0.14182
0.13576
0.09457
0.04085
0.03173
0.03614
0.03788
0.06553
0.08888
0.08954
0.07889
0.07514
0.11303
0.12818
0.08240
0.06081
0.07689
0.04177
0.02795
0.04715
0.05437
0.04452
0.04643
0.01365
0.01712
0.00873
0.02149
0.00036
0.01001
0.06987
0.08249
0.10916
0.09688
0.07939
0.10729
0.12370
0.11875
0.09695
0.11094
0.09867
0.10677
0.11118
0.11661
0.14644
0.15539
0.14731
0.17715
0.19199
0.20264
0.16700
0.12000
0.10446
0.10484
0.09952
0.07561
0.07554
0.06470
0.03295
0.03313
0.00689
0.01364
0.00804
0.00776
0.00713
0.00310
0.06975
0.04803
0.03867
0.04928
0.03467
0.04450
0.05455
0.07326
0.07510
0.06324
0.01748
0.01415
0.03568
0.04518
0.03875
0.02871
0.03970
0.06979
0.05638
0.04414
0.08632
0.10588
0.12752
0.13773
0.15372
0.17951
0.16425
0.15085
0.17169
0.19214
0.15100
0.18245
0.17829
0.17258
0.16472
0.18387
0.21405
0.21389
0.18370
0.18846
0.22909
0.23957
0.22242
0.26449
0.24700
0.25396
0.23862
0.24359
0.26300
0.28608
0.30612
0.26567
0.30920
0.28079
0.29334
0.28309
0.27374
0.28743
0.29421
0.25150
0.22852
0.24952
0.23488
0.26147
0.25759
0.24190
0.25245
0.29735
0.30157
0.28331
0.28119
0.32720
0.31661
0.29914
0.30451
0.28493
0.28346
0.27492
0.27550
0.27854
0.27821
0.27902
0.26186
0.27612
0.26117
0.23229
0.21676
0.23359
0.25884
0.21692
0.22007
0.23929
0.26058
0.26024
0.28932
0.27438
0.24819
0.24507
0.22740
0.22573
0.19548
0.20891
0.20832
0.19484
0.21482
0.22811
0.25979
0.27321
0.26269
0.28208
0.28523
0.30050
0.34159
0.36956
0.38170
0.39507
0.38721
0.45570
0.48841
0.46672
0.49551
0.47143
0.45165
0.48856
0.45173
0.45860
0.45282
0.46399
0.46755
0.44288
0.47375
0.45643
0.45828
0.48335
0.51787
0.49989
0.50849
0.52832
0.54037
0.52509
0.49620
0.52206
0.54460
0.56713
0.58854
0.64730
0.62717
0.62389
0.57633
0.58047
0.57846
0.56721
0.59737
0.58279
0.58278
0.60200
0.58252
0.57443
0.54609
0.52375
0.52825
0.55379
0.55731
0.54076
0.51884
0.53553
0.56950
0.59436
0.58461
0.47511
0.51422
0.50220
0.49539
0.41668
0.41424
0.45483
0.47860
0.47445
0.45216
0.44921
0.42755
0.41016
0.39318
0.42368
0.40135
0.38922
0.33664
0.33984
0.34002
0.35007
0.35426
0.34175
0.34765
0.33724
0.35427
0.33601
0.29110
0.30762
0.30192
0.27998
0.30765
0.31903
0.31931
0.36634
0.35827
0.34108
0.35441
0.34516
0.36021
0.35115
0.29099
0.28120
0.26828
0.24832
0.23337
0.19993
0.19103
0.22066
0.18290
0.20599
0.23736
0.26240
0.27952
0.28469
0.28156
0.28839
0.27336
0.25742
0.24491
0.23796
0.23606
0.25086
0.23955
0.20952
0.20844
0.16225
0.13997
0.17121
0.20834
0.18330
0.18565
0.14999
0.14345
0.12560
0.12739
0.16978
0.18613
0.19108
0.22766
0.23687
0.23405
0.18737
0.21423
0.23348
0.25407
0.26610
0.26421
0.25523
0.30457
0.32058
0.31548
0.32345
0.32025
0.34736
0.32220
0.32061
0.30577
0.30738
0.31421
0.33227
0.33788
0.34045
0.33162
0.34686
0.34384
0.35507
0.33122
0.32953
0.29594
0.32756
0.31428
0.30803
0.33905
0.33620
0.32938
0.35513
0.38920
0.38592
0.36837
0.40411
0.39143
0.39616
0.38563
0.35890
0.33306
0.33252
0.32781
0.30326
0.32446
0.29318
0.28149
0.24803
0.20000
0.18179
0.21892
0.19958
0.19421
0.21912
0.23128
0.22776
0.21190
0.22528
0.16663
0.16117
0.19261
0.22469
0.23186
0.24743
0.28205
0.27695
0.27821
0.33500
0.38905
0.36426
0.32487
0.32977
0.31053
0.29146
0.31953
0.33541
0.35547
0.41428
0.39887
0.39887
0.33408
0.31922
0.34437
0.33251
0.35140
0.32625
0.32825
0.35202
0.40371
0.41368
0.43216
0.43455
0.51831
0.54924
0.56746
0.59859
0.61315
0.62114
0.60566
0.58621
0.58388
0.54145
0.53652
0.49776
0.50822
0.47281
0.48418
0.48292
0.48518
0.52356
0.51148
0.50398
0.50649
0.52684
0.54175
0.53880
0.52947
0.54768
0.55525
0.57751
0.54012
0.57584
0.61280
0.66309
0.67091
0.62204
0.61316
0.62697
0.63998
0.68121
0.75705
0.77904
0.76974
0.75394
0.78829
0.78346
0.74976
0.76053
0.73410
0.68134
0.72635
0.73074
0.74426
0.71182
0.69447
0.66577
0.69963
0.67404
0.65143
0.62631
0.62781
0.62763
0.60747
0.56195
0.57561
0.57180
0.54804
0.52932
0.52685
0.51578
0.51752
0.52597
0.52654
0.50592
0.56978
0.55878
0.56482
0.55616
0.55236
0.56553
0.55047
0.53605
0.53680
0.53001
0.55559
0.55221
0.55970
0.58502
0.56629
0.56671
0.59271
0.55637
0.56542
0.57826
0.53541
0.51417
0.52899
0.52286
0.50038
0.51517
0.51183
0.49898
0.50802
0.47115
0.46836
0.48875
0.54239
0.57423
0.58036
0.59957
0.61119
0.59972
0.59758
0.58568
0.56459
0.56549
0.58815
0.57093
0.57707
0.55041
0.56603
0.56828
0.59623
0.59668
0.58462
0.55907
0.55802
0.54849
0.55705
0.54022
0.51253
0.51032
0.49912
0.50684
0.50966
0.51735
0.52061
0.51252
0.52644
0.50032
0.47342
0.41826
0.38138
0.36061
0.34077
0.30149
0.28701
0.28054
0.25183
0.26384
0.31730
0.31423
0.28413
0.31003
0.37038
0.39334
0.40914
0.41830
0.41315
0.37089
0.37663
0.40599
0.38316
0.37455
0.34510
0.34324
0.35936
0.36987
0.36589
0.37705
0.37794
0.36457
0.36594
0.35748
0.32825
0.32387
0.36806
0.35241
0.32907
0.36142
0.34924
0.34361
0.32684
0.30118
0.30043
0.27825
0.25664
0.25007
0.23635
0.25005
0.26888
0.25179
0.26448
0.23426
0.23591
0.28459
0.28221
0.25395
0.25119
0.22743
0.20692
0.19451
0.19330
0.16985
0.16190
0.18245
0.14639
0.19107
0.19639
0.18141
0.20403
0.22922
0.22258
0.24580
0.25195
0.23296
0.23851
0.24169
0.21398
0.20913
0.22176
0.22417
0.21106
0.22431
0.18459
0.22602
0.18261
0.14313
0.17806
0.17914
0.19957
0.23442
0.20952
0.20009
0.18346
0.19160
0.20318
0.19340
0.19097
0.24948
0.25099
0.27244
0.26318
0.27974
0.27351
0.27539
0.30782
0.29635
0.22209
0.25509
0.24670
0.26861
0.27760
0.27444
0.28695
0.31656
0.29035
0.30595
0.33324
0.33093
0.36164
0.34606
0.30940
0.31227
0.30279
0.27784
0.31966
0.32656
0.28059
0.29373
0.28110
0.27207
0.27180
0.26467
0.27665
0.30196
0.29977
0.28995
0.30234
0.32019
0.30451
0.29771
0.31231
0.31373
0.30397
0.29932
0.27603
0.29782
0.28026
0.26938
0.25232
0.22938
0.24028
0.23360
0.24747
0.25837
0.26171
0.26456
0.26356
0.25979
0.28283
0.27891
0.27940
0.26779
0.26954
0.28011
0.26321
0.29080
0.29398
0.26357
0.25964
0.26552
0.22909
0.22345
0.22552
0.20287
0.18980
0.17762
0.19250
0.17926
0.20229
0.20736
0.22000
0.23567
0.20914
0.20914
0.16015
0.17187
0.17270
0.15619
0.14139
0.11778
0.11640
0.10707
0.14604
0.12653
0.14201
0.13051
0.10297
0.10983
0.09563
0.10639
0.12742
0.10768
0.14030
0.13910
0.14532
0.15410
0.17236
0.19761
0.20146
0.20146
0.19912
0.17906
0.18902
0.17388
0.19729
0.24135
0.24849
0.24823
0.24972
0.25026
0.21787
0.22457
0.21735
0.21702
0.21723
0.22514
0.21497
0.25070
0.25724
0.24422
0.26778
0.23215
0.23567
0.23656
0.21036
0.22740
0.23830
0.24528
0.28842
0.26352
0.26676
0.28632
0.29581
0.29520
0.29163
0.34097
0.37502
0.36252
0.32847
0.33154
0.35572
0.34256
0.33645
0.33303
0.34788
0.34153
0.33837
0.30282
0.30826
0.31062
0.29471
0.32419
0.31605
0.33136
0.32278
0.31294
0.28382
0.28848
0.29035
0.26000
0.26140
0.18099
0.19203
0.18679
0.18707
0.16626
0.16316
0.14557
0.18391
0.18110
0.22166
0.30846
0.30823
0.30466
0.27678
0.29620
0.29804
0.33285
0.36051
0.37111
0.36950
0.36067
0.34897
0.36288
0.37509
0.34578
0.34632
0.37276
0.38014
0.39332
0.36819
0.35517
0.34479
0.32978
0.32131
0.30002
0.29916
0.29944
0.30006
0.28965
0.29833
0.30057
0.25182
0.22133
0.22375
0.23488
0.23817
0.22543
0.23773
0.25267
0.26390
0.26092
0.26369
0.23921
0.22839
0.19314
0.14452
0.11055
0.09527
0.08810
0.07798
0.07603
0.06094
0.04158
0.02441
0.00000
0.02278
0.01184
0.02342
0.02233
0.04810
0.07858
0.08634
0.08115
0.07154
0.08425
0.10836
0.11592
0.11510
0.07591
0.07222
0.10265
0.05887
0.03854
0.03680
0.04143
0.03978
0.07091
0.05364
0.04133
0.08270
0.06127
0.05201
0.04432
0.03642
0.04041
0.04376
0.03031
0.03535
0.00000
0.01858
0.04580
0.05612
0.06345
0.12743
0.11980
0.14112
0.13331
0.11676
0.10783
0.11073
0.10379
0.06964
0.09542
0.09173
0.11011
0.12628
0.14331
0.11113
0.11468
0.10579
0.11573
0.10051
0.08143
0.09600
0.08443
0.06383
0.05477
0.03087
0.03832
0.01079
0.00000
0.01297
0.01226
0.00337
0.01360
0.00532
0.02315
0.00389
0.01240
0.04193
0.06064
0.06789
0.05095
0.03998
0.03771
0.01273
0.03390
0.05031
0.04982
0.07237
0.09540
0.13412
0.07383
0.05465
0.05021
0.01984
0.05261
0.05024
0.04209
0.03799
0.06456
0.04494
0.04324
0.04273
0.06018
0.06997
0.03142
0.04691
0.04547
0.02621
0.00189
0.02512
0.04374
0.04675
0.03073
0.02245
0.03099
0.03264
0.00469
0.02776
0.05168
0.04544
0.04938
0.04920
0.08191
0.10077
0.11286
0.14303
0.14735
0.15646
0.12139
0.11359
0.06667
0.05178
0.04236
0.04861
0.06116
0.07121
0.05479
0.04449
0.04019
0.01202
0.02522
0.04420
0.01769
0.02462
0.03124
0.06261
0.07652
0.03817
0.03429
0.05336
0.06272
0.06216
0.04754
0.04934
0.04474
0.04503
0.05751
0.05034
0.07479
0.08443
0.08654
0.08861
0.07074
0.05868
0.10776
0.15294
0.12628
0.12826
0.13787
0.13083
0.11263
0.15643
0.19061
0.17486
0.14323
0.12092
0.13128
0.13077
0.13777
0.10261
0.11200
0.11969
0.14026
0.13126
0.14048
0.13723
0.13881
0.13708
0.15713
0.15858
0.15279
0.15357
0.14400
0.11562
0.09647
0.09172
0.13590
0.18287
0.20264
0.17783
0.18641
0.19155
0.19859
0.22506
0.21885
0.21696
0.19740
0.19326
0.16954
0.17337
0.17881
0.18212
0.18063
0.20172
0.20018
0.19574
0.24384
0.24746
0.25647
0.25032
0.26527
0.27195
0.26593
0.31880
0.28042
0.24287
0.23226
0.24383
0.26560
0.24186
0.29485
0.30761
0.29015
0.30408
0.31751
0.31058
0.29935
0.26358
0.25446
0.23408
0.20454
0.17855
0.18069
0.20988
0.19533
0.19678
0.20945
0.20132
0.19435
0.19555
0.21615
0.22207
0.22646
0.22451
0.24147
0.25611
0.25762
0.27923
0.28697
0.26605
0.25958
0.24388
0.23571
0.19251
0.15446
0.15330
0.14010
0.16778
0.15467
0.16941
0.18603
0.20472
0.22944
0.26805
0.24877
0.26283
0.24365
0.22065
0.22065
0.20484
0.22391
0.23266
0.25349
0.26215
0.22156
0.25947
0.31106
0.30367
0.31174
0.33895
0.32150
0.33820
0.32391
0.34527
0.32555
0.36456
0.36174
0.36167
0.36001
0.31367
0.28204
0.29140
0.31371
0.31109
0.31509
0.31931
0.29770
0.28195
0.28865
0.29455
0.31475
0.29102
0.28664
0.31263
0.30735
0.29570
0.29570
0.27932
0.24799
0.26966
0.27578
0.26478
0.25553
0.25511
0.25587
0.23467
0.21267
0.19884
0.19030
0.18979
0.16171
0.17009
0.19957
0.20934
0.18958
0.22496
0.22485
0.25201
0.23856
0.24680
0.22792
0.23966
0.23260
0.25126
0.24259
0.23210
0.23962
0.25211
0.26878
0.26694
0.21497
0.19953
0.19977
0.17315
0.14801
0.16634
0.16247
0.12197
0.12847
0.12869
0.12926
0.14685
0.14936
0.15989
0.15631
0.14462
0.15172
0.14620
0.14845
0.14604
0.15533
0.14713
0.13632
0.11859
0.09815
0.09103
0.11076
0.12936
0.14210
0.13844
0.13533
0.14693
0.17170
0.19655
0.19854
0.24185
0.24335
0.24235
0.23257
0.26005
0.25832
0.27342
0.31885
0.32407
0.30286
0.29082
0.28471
0.29194
0.26305
0.22770
0.20897
0.20897
0.23190
0.23849
0.20834
0.18948
0.19541
0.21099
0.16856
0.17901
0.19379
0.15521
0.13625
0.17168
0.14047
0.15720
0.16903
0.21304
0.20814
0.20793
0.16253
0.16187
0.14835
0.10917
0.08689
0.08413
0.10219
0.10177
0.09618
0.06953
0.02888
0.04767
0.08780
0.10403
0.08979
0.09867
0.09472
0.07400
0.05079
0.04976
0.03981
0.03152
0.01631
0.02832
0.00654
0.00772
0.03118
0.03680
0.07179
0.10838
0.09655
0.07178
0.12431
0.12981
0.14127
0.16084
0.15284
0.10076
0.13830
0.14568
0.13542
0.06284
0.05733
0.09518
0.12627
0.14421
0.17486
0.19109
0.19857
0.17060
0.17929
0.21504
0.19111
0.18641
0.17501
0.17641
0.13815
0.14435
0.16424
0.15424
0.17795
0.18212
0.19115
0.17940
0.18431
0.22260
0.20869
0.21828
0.23756
0.23246
0.22944
0.22698
0.22104
0.22617
0.23695
0.25052
0.25949
0.21222
0.20332
0.19122
0.21442
0.21815
0.20145
0.17510
0.18522
0.20518
0.18863
0.19546
0.16714
0.18336
0.18525
0.18730
0.20816
0.21723
0.21677
0.20709
0.21862
0.20984
0.20305
0.21809
0.22536
0.24628
0.27785
0.32464
0.33532
0.31250
0.28906
0.29764
0.29868
0.34263
0.35887
0.36617
0.33825
0.33475
0.33448
0.38049
0.37601
0.35752
0.34188
0.33871
0.36805
0.36004
0.33819
0.35935
0.35634
0.32553
0.31526
0.33703
0.30294
0.31102
0.30246
0.29434
0.32554
0.31271
0.33922
0.36646
0.37163
0.38237
0.38604
0.38106
0.38775
0.38851
0.40565
0.37326
0.34925
0.32449
0.34342
0.35644
0.37521
0.34214
0.33902
0.34045
0.32052
0.33145
0.32123
0.28718
0.31672
0.30524
0.29453
0.27413
0.26323
0.29225
0.30257
0.29516
0.32847
0.34140
0.28424
0.30013
0.30235
0.31110
0.31809
0.32923
0.33419
0.35233
0.36303
0.36145
0.35252
0.35256
0.32010
0.28498
0.25757
0.26945
0.27149
0.25879
0.25956
0.25208
0.23657
0.25330
0.26013
0.25680
0.23112
0.20723
0.17185
0.17978
0.15878
0.14259
0.09940
0.09142
0.07666
0.10158
0.09847
0.04985
0.03568
0.03293
0.06203
0.07147
0.06534
0.07926
0.08392
0.09661
0.11957
0.10063
0.13371
0.13819
0.14585
0.13746
0.12381
0.15042
0.14971
0.13271
0.16444
0.16195
0.15952
0.12804
0.12770
0.14041
0.13177
0.19484
0.21689
0.18829
0.20529
0.19001
0.18220
0.18555
0.16553
0.16238
0.17633
0.20728
0.22234
0.20425
0.18904
0.17423
0.18111
0.16519
0.17570
0.15823
0.15987
0.15936
0.16279
0.15581
0.13326
0.19484
0.18545
0.17199
0.16067
0.14296
0.13784
0.14393
0.14129
0.15588
0.14584
0.10350
0.11914
0.13207
0.14948
0.15197
0.11026
0.10444
0.11331
0.09958
0.10887
0.17308
0.16208
0.15736
0.17048
0.17778
0.16387
0.17603
0.24897
0.24662
0.25684
0.23928
0.21072
0.22239
0.23748
0.26078
0.26371
0.21553
0.16811
0.15772
0.12064
0.16837
0.17775
0.18167
0.19758
0.20730
0.21334
0.21971
0.25028
0.31953
0.32827
0.32615
0.35214
0.33616
0.32665
0.33476
0.33666
0.31885
0.35326
0.35798
0.34954
0.37516
0.38700
0.39041
0.36999
0.35742
0.32825
0.32810
0.32096
0.32205
0.30828
0.29536
0.28898
0.26319
0.25763
0.22013
0.19574
0.19329
0.25225
0.25962
0.26069
0.25207
0.23386
0.20731
0.20287
0.19510
0.19569
0.21279
0.22155
0.23675
0.22127
0.22322
0.24929
0.21894
0.20432
0.20741
0.15227
0.11217
0.14523
0.15244
0.19127
0.19129
0.19276
0.18785
0.21681
0.25948
0.30142
0.30689
0.30045
0.33300
0.32750
0.31573
0.34136
0.38012
0.40370
0.40770
0.39858
0.40783
0.39357
0.36404
0.35942
0.33432
0.34313
0.32000
0.29859
0.30607
0.33109
0.31325
0.31227
0.31755
0.30338
0.29179
0.28780
0.21922
0.18945
0.20388
0.18299
0.14365
0.14469
0.15284
0.16545
0.18800
0.22117
0.23635
0.25052
0.24123
0.21633
0.24451
0.23772
0.21092
0.24373
0.24686
0.26071
0.25311
0.23798
0.22642
0.21624
0.20619
0.22678
0.22642
0.25735
0.29217
0.31077
0.29876
0.30763
0.30491
0.28051
0.28322
0.29564
0.28443
0.29429
0.28081
0.29425
0.28424
0.31695
0.32063
0.29830
0.32320
0.31422
0.29134
0.33303
0.30274
0.33562
0.35808
0.35514
0.33401
0.32988
0.35446
0.39527
0.41257
0.43542
0.43750
0.43693
0.42999
0.43596
0.44828
0.46308
0.45398
0.45363
0.46899
0.42602
0.45083
0.46231
0.48258
0.43327
0.42153
0.44727
0.42249
0.40168
0.37640
0.38308
0.40442
0.40815
0.38758
0.38731
0.37317
0.42806
0.43216
0.43850
0.44751
0.49352
0.49996
0.47426
0.47338
0.47333
0.46157
0.45550
0.44930
0.44319
0.45211
0.49933
0.45581
0.46738
0.46030
0.42937
0.41038
0.37586
0.41384
0.40602
0.46527
0.47373
0.43383
0.44190
0.46480
0.44774
0.44569
0.34445
0.34492
0.30518
0.28520
0.28904
0.27834
0.24979
0.23260
0.21189
0.20490
0.24239
0.23742
0.24082
0.19894
0.21658
0.20568
0.19722
0.17979
0.12973
0.14182
0.14992
0.15912
0.15786
0.13211
0.14202
0.16369
0.19378
0.19062
0.17655
0.20917
0.19853
0.16551
0.16310
0.17101
0.19931
0.18478
0.17720
0.11336
0.10879
0.14938
0.11924
0.09433
0.04907
0.09911
0.08726
0.04442
0.06445
0.06335
0.06580
0.06314
0.04343
0.03924
0.03881
0.02604
0.01670
0.03860
0.03916
0.02531
0.00000
0.04011
0.03387
0.01221
0.00709
0.02230
0.01647
0.07281
0.05547
0.07739
0.11026
0.14875
0.13476
0.13724
0.14398
0.18924
0.17725
0.21511
0.15106
0.14974
0.14612
0.15095
0.20291
0.14535
0.16238
0.15258
0.12689
0.12099
0.11017
0.10765
0.07810
0.07917
0.08805
0.06558
0.05142
0.04442
0.06897
0.08214
0.08386
0.09827
0.09752
0.11733
0.10639
0.12931
0.15400
0.15104
0.14917
0.13541
0.10807
0.10692
0.07510
0.07905
0.08794
0.08356
0.11921
0.10065
0.10558
0.11687
0.14492
0.11244
0.10111
0.11697
0.10881
0.08934
0.08423
0.09383
0.10402
0.11547
0.11139
0.11957
0.07435
0.09568
0.11058
0.08731
0.08560
0.08227
0.14738
0.12951
0.12481
0.09623
0.07835
0.11960
0.12271
0.11568
0.09594
0.09277
0.09287
0.10246
0.09129
0.09528
0.05847
0.03774
0.06853
0.09867
0.07234
0.07360
0.06584
0.03729
0.05843
0.03474
0.11023
0.10459
0.10557
0.11438
0.09466
0.06594
0.08889
0.12099
0.13907
0.15655
0.16302
0.18708
0.13904
0.10907
0.11444
0.11962
0.12385
0.13673
0.10928
0.09947
0.05503
0.05168
0.06104
0.07762
0.07927
0.10569
0.04690
0.02471
0.00000
0.01765
0.01874
0.01272
0.02004
0.01621
0.02319
0.05500
0.03922
0.05926
0.07067
0.07572
0.09500
0.10043
0.13899
0.16097
0.19234
0.22601
0.25356
0.24675
0.24198
0.23247
0.19987
0.20209
0.27722
0.27371
0.30896
0.25839
0.22590
0.20498
0.16712
0.17377
0.17843
0.15026
0.13428
0.14866
0.14449
0.14880
0.12233
0.13930
0.18241
0.17750
0.15688
0.14346
0.14505
0.12566
0.11205
0.07923
0.06456
0.05341
0.04013
0.03649
0.03073
0.03525
0.04994
0.04389
0.05140
0.03359
0.00726
0.00637
0.02293
0.02217
0.00373
0.00000
0.02136
0.03731
0.03556
0.07840
0.04649
0.07481
0.06952
0.06842
0.06098
0.07337
0.13787
0.13107
0.13836
0.15129
0.21101
0.20379
0.21259
0.23331
0.22406
0.24231
0.20006
0.17933
0.17112
0.20435
0.17397
0.17321
0.21079
0.20293
0.20087
0.21788
0.24820
0.19756
0.20786
0.21511
0.13923
0.11602
0.11295
0.13503
0.13603
0.16494
0.17272
0.18443
0.18055
0.16429
0.15732
0.15928
0.17955
0.17809
0.21277
0.18603
0.15276
0.13397
0.12405
0.18511
0.19791
0.17882
0.17834
0.18516
0.15484
0.17041
0.19207
0.15244
0.14605
0.13352
0.09329
0.06986
0.03481
0.07752
0.08624
0.10465
0.14066
0.14965
0.15062
0.14151
0.12906
0.04157
0.05534
0.09049
0.09143
0.09864
0.09769
0.12511
0.08809
0.02698
0.05039
0.07792
0.07269
0.07550
0.04559
0.09184
0.10390
0.09093
0.09344
0.06680
0.06482
0.07278
0.07572
0.07078
0.07166
0.07026
0.08146
0.07284
0.11515
0.09872
0.08881
0.06542
0.05356
0.04541
0.08611
0.07035
0.03743
0.04102
0.04635
0.06957
0.07224
0.05790
0.05780
0.03568
0.02785
0.06893
0.07831
0.07166
0.06896
0.09052
0.06940
0.08490
0.10215
0.12353
0.14645
0.14530
0.13461
0.10149
0.09668
0.03987
0.03571
0.03001
0.02743
0.03497
0.02166
0.00242
0.01910
0.00000
0.02093
0.01056
0.01210
0.04214
0.05882
0.04580
0.06339
0.07499
0.08078
0.09265
0.06980
0.04879
0.05394
0.04255
0.02801
0.04648
0.04478
0.05195
0.09002
0.06542
0.05846
0.06344
0.06323
0.07657
0.08917
0.08373
0.10707
0.09444
0.08774
0.10492
0.12461
0.12124
0.07853
0.12023
0.14613
0.14133
0.14883
0.11127
0.10557
0.11205
0.11872
0.08736
0.07407
0.01780
0.02856
0.06057
0.07245
0.05719
0.04551
0.06059
0.07852
0.08720
0.09412
0.08593
0.11629
0.13107
0.12989
0.13561
0.12458
0.10000
0.05924
0.07493
0.08882
0.09978
0.07791
0.07648
0.09807
0.10423
0.10935
0.13616
0.09073
0.11274
0.10987
0.11908
0.15741
0.19862
0.23264
0.23249
0.20815
0.18510
0.15793
0.12417
0.15048
0.16078
0.16792
0.15582
0.16034
0.17316
0.17583
0.18603
0.16661
0.14697
0.15427
0.18553
0.21211
0.20863
0.19178
0.17933
0.23103
0.25310
0.24148
0.23734
0.21496
0.21291
0.22719
0.26490
0.25482
0.23063
0.21193
0.20348
0.24357
0.24715
0.25633
0.23302
0.22790
0.22972
0.21408
0.24841
0.25031
0.22851
0.23938
0.26659
0.26532
0.27096
0.26492
0.32771
0.34941
0.35321
0.34716
0.32221
0.30273
0.31655
0.32758
0.28935
0.27548
0.26206
0.28554
0.26879
0.27767
0.25203
0.28213
0.28311
0.29362
0.27363
0.24410
0.22916
0.25486
0.29420
0.26299
0.27132
0.22268
0.22924
0.24886
0.24321
0.27565
0.27118
0.26422
0.24480
0.21111
0.23438
0.20486
0.20828
0.24249
0.25620
0.28371
0.30422
0.30456
0.26114
0.28529
0.28818
0.28451
0.28465
0.29579
0.29875
0.31322
0.31528
0.33291
0.30291
0.28464
0.26750
0.22584
0.21558
0.23143
0.23961
0.25155
0.24052
0.24827
0.23740
0.21594
0.23124
0.25281
0.27412
0.28772
0.33699
0.31496
0.29830
0.30098
0.28723
0.25566
0.27140
0.25972
0.27160
0.22786
0.22533
0.22535
0.24320
0.27024
0.22408
0.20425
0.20041
0.16334
0.19061
0.14498
0.17890
0.22128
0.20892
0.20347
0.19171
0.15028
0.14468
0.14472
0.17026
0.15665
0.16817
0.14333
0.18240
0.17835
0.17144
0.18617
0.18175
0.15376
0.13882
0.14543
0.14284
0.12107
0.11667
0.10442
0.08509
0.09634
0.10454
0.12881
0.13642
0.14499
0.14822
0.12637
0.14854
0.13526
0.14034
0.14891
0.13407
0.16045
0.16145
0.19423
0.18723
0.17918
0.18093
0.16173
0.17182
0.17182
0.17731
0.18725
0.15136
0.14773
0.13989
0.15061
0.12942
0.14378
0.13199
0.16562
0.18809
0.17308
0.15598
0.17216
0.17153
0.15408
0.14286
0.16885
0.16610
0.19189
0.15687
0.12578
0.09197
0.14845
0.14606
0.09398
0.05510
0.06182
0.04316
0.04664
0.07834
0.07154
0.03787
0.04038
0.01009
0.01452
0.02003
0.02685
0.04015
0.04945
0.01700
0.03813
0.00205
0.02402
0.03458
0.03515
0.05221
0.06324
0.10125
0.10900
0.13654
0.13667
0.12991
0.15277
0.17064
0.13795
0.09533
0.08024
0.07957
0.09226
0.13259
0.13699
0.14768
0.18412
0.15851
0.16722
0.16355
0.15147
0.15699
0.15776
0.17336
0.11288
0.14504
0.13481
0.16915
0.16780
0.18308
0.18140
0.16553
0.20830
0.22447
0.23813
0.23156
0.22662
0.20632
0.21568
0.22623
0.24525
0.25734
0.22132
0.23030
0.22164
0.23032
0.25569
0.25322
0.23287
0.25809
0.23083
0.25771
0.27137
0.26389
0.24504
0.21271
0.18555
0.16989
0.16611
0.17671
0.14261
0.12698
0.11830
0.10592
0.07466
0.06628
0.07186
0.03933
0.04079
0.06538
0.07593
0.04489
0.04159
0.07583
0.09180
0.08618
0.06780
0.05845
0.06969
0.08384
0.14523
0.16872
0.18014
0.20056
0.18750
0.23997
0.23995
0.23722
0.21898
0.18261
0.14764
0.14128
0.18457
0.20780
0.22787
0.24846
0.27905
0.27698
0.30231
0.31284
0.28515
0.26138
0.26248
0.19668
0.21160
0.22129
0.23320
0.26204
0.20939
0.23204
0.22257
0.23215
0.21971
0.22799
0.18501
0.20272
0.22584
0.18958
0.19352
0.19979
0.19201
0.21050
0.21195
0.24408
0.27014
0.26421
0.23358
0.22734
0.22346
0.22435
0.23087
0.23411
0.21902
0.19875
0.20700
0.22803
0.24222
0.24914
0.25167
0.25001
0.22749
0.23101
0.18837
0.17168
0.15343
0.17726
0.14618
0.19969
0.18227
0.22476
0.19686
0.18862
0.18626
0.17764
0.18207
0.21984
0.23087
0.24897
0.22767
0.23721
0.24355
0.24851
0.23748
0.19178
0.19573
0.22058
0.21077
0.21424
0.20209
0.22102
0.22791
0.22005
0.19800
0.19015
0.18471
0.16089
0.15760
0.19366
0.21162
0.21190
0.23326
0.22761
0.20309
0.21247
0.24331
0.23270
0.25598
0.27451
0.23511
0.22958
0.18084
0.16552
0.20623
0.19883
0.23037
0.21500
0.21217
0.21647
0.23860
0.21711
0.21502
0.20889
0.17019
0.19781
0.20586
0.27075
0.23279
0.23891
0.23974
0.21932
0.22064
0.19729
0.21993
0.20669
0.18766
0.17048
0.17988
0.21721
0.24249
0.25008
0.27213
0.29293
0.30608
0.29039
0.28218
0.27825
0.24376
0.23625
0.25962
0.27262
0.26367
0.23594
0.19924
0.19261
0.20691
0.22678
0.19644
0.19473
0.15141
0.08686
0.11805
0.11930
0.13322
0.07422
0.06338
0.02943
0.01535
0.04914
0.08986
0.11387
0.14062
0.12728
0.11977
0.12603
0.11231
0.12389
0.11379
0.06915
0.07600
0.06389
0.08107
0.05345
0.06875
0.05261
0.08333
0.07656
0.05991
0.07279
0.05609
0.06002
0.05925
0.08108
0.07109
0.11536
0.12951
0.17062
0.20346
0.17990
0.16739
0.18151
0.18024
0.17944
0.18745
0.19498
0.16037
0.10744
0.14834
0.19277
0.18811
0.15866
0.14168
0.14688
0.14062
0.13848
0.14143
0.12544
0.16139
0.19836
0.22526
0.25206
0.26730
0.29780
0.32645
0.29699
0.30094
0.30267
0.30124
0.30277
0.36177
0.36375
0.38871
0.40093
0.39608
0.37398
0.37189
0.33818
0.29737
0.30637
0.32781
0.34482
0.39012
0.40622
0.44442
0.44811
0.45308
0.45659
0.44619
0.42253
0.41708
0.47493
0.47483
0.48025
0.44703
0.45270
0.45848
0.45528
0.47542
0.47712
0.46290
0.46791
0.46293
0.46980
0.46091
0.45524
0.45870
0.44881
0.44203
0.43893
0.43435
0.42461
0.43416
0.46448
0.46432
0.47128
0.47952
0.46207
0.48997
0.44187
0.40043
0.37354
0.30696
0.31114
0.31278
0.31837
0.30665
0.33864
0.33764
0.32197
0.28117
0.28412
0.29337
0.31440
0.35919
0.36879
0.34464
0.33893
0.35495
0.36750
0.37167
0.33762
0.30479
0.29542
0.29399
0.28423
0.34096
0.34665
0.36748
0.36618
0.35882
0.32423
0.32487
0.31005
0.30960
0.28338
0.28989
0.28922
0.28336
0.26322
0.28076
0.26048
0.27889
0.26673
0.26515
0.28556
0.17199
0.14954
0.11516
0.09189
0.07632
0.07817
0.11231
0.15056
0.10502
0.11283
0.10863
0.08626
0.08218
0.10487
0.12421
0.16744
0.14693
0.12321
0.13117
0.09703
0.09181
0.10484
0.11303
0.12030
0.12705
0.12732
0.08922
0.08853
0.07544
0.04000
0.03669
0.01945
0.03861
0.03830
0.02776
0.01024
0.01273
0.02661
0.07499
0.01932
0.01673
0.02571
0.03863
0.04828
0.04579
0.06680
0.03075
0.02010
0.05509
0.03009
0.00901
0.03512
0.01604
0.01936
0.03408
0.05122
0.05203
0.04253
0.05811
0.05800
0.08166
0.06693
0.04633
0.03419
0.02654
0.03951
0.08181
0.06945
0.09915
0.12494
0.16096
0.13790
0.13690
0.15464
0.15982
0.18952
0.20586
0.21144
0.21260
0.21619
0.22844
0.18021
0.17054
0.19330
0.19861
0.17965
0.14109
0.18475
0.15548
0.14517
0.17649
0.16992
0.16586
0.16234
0.18022
0.17161
0.16181
0.17001
0.17575
0.20789
0.20764
0.24730
0.24234
0.25969
0.26019
0.24348
0.18448
0.18468
0.19509
0.16558
0.17771
0.16359
0.16645
0.18640
0.20075
0.24258
0.24258
0.23630
0.24539
0.25067
0.24610
0.21373
0.16276
0.12100
0.13123
0.14604
0.14398
0.13370
0.10552
0.12868
0.09653
0.11843
0.12461
0.11531
0.11824
0.13661
0.16121
0.12830
0.12796
0.13240
0.09671
0.08225
0.08009
0.08358
0.09347
0.10889
0.06242
0.10029
0.12104
0.12772
0.12113
0.11725
0.13029
0.12511
0.13883
0.12224
0.11963
0.12066
0.13379
0.16630
0.17281
0.16962
0.16352
0.15313
0.15743
0.15847
0.18490
0.18022
0.22069
0.22107
0.24208
0.25241
0.26282
0.31677
0.36072
0.36419
0.36907
0.38998
0.42484
0.41044
0.41669
0.43763
0.42621
0.42455
0.37897
0.40304
0.39487
0.37308
0.37243
0.34775
0.35177
0.36801
0.35500
0.37270
0.38491
0.38366
0.39227
0.38379
0.36766
0.42859
0.43534
0.45582
0.43539
0.43339
0.40948
0.43270
0.39684
0.39127
0.39106
0.33130
0.37420
0.39743
0.38460
0.38742
0.39499
0.39159
0.33873
0.36992
0.37552
0.38226
0.37246
0.37021
0.40541
0.44508
0.43075
0.44554
0.45382
0.46083
0.43800
0.45052
0.43972
0.43621
0.41980
0.43732
0.44407
0.43409
0.43426
0.45567
0.45322
0.45762
0.44255
0.43044
0.44029
0.41787
0.38196
0.37347
0.38999
0.38050
0.37457
0.38028
0.36329
0.37651
0.34743
0.35624
0.36757
0.36625
0.33485
0.31295
0.32939
0.32685
0.29670
0.32674
0.33800
0.32025
0.32430
0.33125
0.33739
0.33541
0.30556
0.31499
0.28705
0.26843
0.26325
0.22672
0.22188
0.24534
0.23249
0.20872
0.22704
0.17859
0.20210
0.17892
0.20179
0.22340
0.17540
0.13857
0.15049
0.15063
0.11849
0.08563
0.09584
0.09231
0.12471
0.14121
0.11365
0.11348
0.12250
0.09153
0.11551
0.12304
0.10953
0.10715
0.11547
0.12080
0.12087
0.12480
0.11647
0.11321
0.11942
0.09742
0.08272
0.08868
0.07769
0.04722
0.05941
0.06451
0.06504
0.03086
0.02003
0.01337
0.03261
0.08679
0.08312
0.07370
0.05772
0.05848
0.07751
0.10066
0.12533
0.12079
0.11777
0.13224
0.10797
0.10280
0.11879
0.08697
0.13399
0.12233
0.11010
0.09180
0.10318
0.12045
0.14501
0.11475
0.08283
0.12263
0.13387
0.12866
0.14229
0.17273
0.17776
0.17154
0.16914
0.15984
0.17355
0.14273
0.13721
0.13184
0.12292
0.14961
0.15838
0.13895
0.15204
0.18103
0.17303
0.16548
0.17463
0.18072
0.16677
0.19392
0.20358
0.21435
0.24623
0.25176
0.22424
0.25207
0.25761
0.24754
0.26788
0.27966
0.27203
0.27142
0.26364
0.25061
0.26850
0.22611
0.21036
0.16902
0.15538
0.13077
0.13713
0.12947
0.13325
0.08025
0.10551
0.13612
0.11053
0.11541
0.06665
0.06256
0.05965
0.05299
0.07135
0.07493
0.07894
0.07925
0.06983
0.08144
0.06150
0.07710
0.06734
0.06887
0.06503
0.06861
0.09610
0.07902
0.06152
0.05959
0.07079
0.09278
0.08049
0.07944
0.10298
0.09936
0.09588
0.04592
0.02487
0.02139
0.03761
0.00380
0.03691
0.08884
0.07158
0.12044
0.08069
0.07021
0.07741
0.06397
0.05099
0.06267
0.03470
0.06981
0.04074
0.06321
0.04157
0.01871
0.02837
0.03156
0.03008
0.03670
0.05442
0.06715
0.08245
0.09958
0.09073
0.10139
0.12799
0.14481
0.14245
0.07239
0.05655
0.01276
0.01350
0.00965
0.00974
0.05580
0.08128
0.09415
0.06119
0.08020
0.07722
0.06057
0.01011
0.03952
0.04072
0.03081
0.04131
0.06332
0.04933
0.04434
0.07229
0.07574
0.09491
0.10549
0.10402
0.10194
0.11372
0.12703
0.14296
0.14562
0.11155
0.08840
0.11597
0.07565
0.10613
0.10707
0.10830
0.10441
0.05721
0.06194
0.07079
0.10443
0.08738
0.08480
0.07631
0.08376
0.08596
0.10665
0.12170
0.12379
0.11068
0.12408
0.13540
0.16421
0.14697
0.14607
0.12606
0.10939
0.12739
0.12857
0.12020
0.14280
0.12225
0.10759
0.10107
0.10259
0.12095
0.13507
0.11773
0.12729
0.12039
0.12481
0.13049
0.11124
0.12289
0.13003
0.11431
0.13139
0.13368
0.15134
0.16085
0.16783
0.16300
0.16218
0.16085
0.18948
0.16691
0.18636
0.16332
0.13514
0.10321
0.09347
0.08244
0.06481
0.06239
0.08366
0.09170
0.09370
0.13988
0.13326
0.15412
0.16371
0.15128
0.14200
0.15043
0.18722
0.17497
0.12660
0.10745
0.10253
0.10428
0.08256
0.08613
0.05226
0.05454
0.02963
0.01851
0.02439
0.01512
0.03023
0.01937
0.02167
0.02194
0.03598
0.03364
0.05100
0.08843
0.07994
0.02174
0.03442
0.07171
0.08533
0.08997
0.10682
0.09249
0.09904
0.07448
0.07198
0.02787
0.02304
0.01266
0.04379
0.03424
0.04438
0.03339
0.04522
0.03611
0.02864
0.04979
0.06406
0.08471
0.09377
0.09611
0.09983
0.09738
0.12136
0.13107
0.12679
0.11024
0.13781
0.16519
0.15569
0.15935
0.16593
0.16110
0.13084
0.13320
0.14238
0.18987
0.21317
0.14521
0.14863
0.13738
0.15695
0.16148
0.12890
0.16126
0.13875
0.11470
0.16832
0.19227
0.19812
0.20826
0.19337
0.18750
0.23469
0.24211
0.26041
0.27164
0.25532
0.22049
0.20784
0.19008
0.21529
0.21656
0.22286
0.23269
0.21412
0.21868
0.20272
0.21362
0.20722
0.20432
0.22764
0.23734
0.28972
0.25739
0.25986
0.26169
0.25222
0.23917
0.24709
0.29016
0.29689
0.27668
0.28103
0.25640
0.24621
0.25591
0.24724
0.25364
0.24815
0.27386
0.23813
0.22300
0.22684
0.24726
0.23113
0.22387
0.20182
0.19727
0.19811
0.22783
0.26798
0.31403
0.29692
0.29466
0.32087
0.34127
0.26802
0.25825
0.23828
0.26109
0.26998
0.24513
0.21008
0.21565
0.23517
0.23932
0.23070
0.26830
0.26856
0.24431
0.28625
0.27755
0.28715
0.29408
0.28642
0.30460
0.29121
0.30745
0.30128
0.33148
0.32647
0.32234
0.32759
0.33947
0.32888
0.33910
0.34934
0.33328
0.35055
0.34336
0.31110
0.31015
0.32247
0.31248
0.28777
0.28392
0.29605
0.30559
0.29124
0.26171
0.25883
0.26845
0.26592
0.23313
0.24073
0.24237
0.23640
0.23488
0.22873
0.28909
0.30270
0.29341
0.28357
0.25193
0.23283
0.23724
0.23546
0.23854
0.24476
0.21287
0.21751
0.19815
0.19504
0.18697
0.20282
0.20215
0.20017
0.20558
0.23222
0.23159
0.25793
0.21937
0.18997
0.18661
0.17484
0.19896
0.15671
0.14583
0.16568
0.15746
0.18659
0.19912
0.19483
0.23015
0.23660
0.19471
0.20052
0.22323
0.22757
0.22301
0.20110
0.18407
0.19593
0.21441
0.20678
0.21252
0.19467
0.16900
0.16541
0.23515
0.23249
0.22821
0.19714
0.18771
0.18074
0.19182
0.16565
0.20131
0.20673
0.20675
0.21270
0.21409
0.24873
0.22050
0.20738
0.20217
0.18565
0.13520
0.16149
0.17316
0.17504
0.15541
0.15231
0.14714
0.12312
0.09085
0.07804
0.08422
0.06777
0.04307
0.07427
0.08107
0.08213
0.09353
0.14821
0.16347
0.11720
0.11434
0.11824
0.12089
0.13009
0.12441
0.15391
0.15032
0.14422
0.11348
0.11882
0.10106
0.15170
0.17905
0.17977
0.19519
0.16869
0.18304
0.20018
0.24309
0.23695
0.22564
0.26141
0.27237
0.27623
0.28170
0.29785
0.28278
0.31980
0.31784
0.30517
0.30072
0.31872
0.30866
0.34818
0.36694
0.37609
0.38865
0.40969
0.37426
0.38208
0.40610
0.43760
0.44077
0.44547
0.43638
0.41064
0.42501
0.40318
0.41629
0.42489
0.42093
0.42213
0.43511
0.41676
0.39647
0.35010
0.35944
0.35242
0.37097
0.41503
0.43469
0.41680
0.40777
0.40549
0.37362
0.37100
0.36403
0.33432
0.33642
0.33890
0.35189
0.33100
0.33993
0.32299
0.30059
0.30387
0.28689
0.26807
0.24177
0.24142
0.24648
0.24595
0.26051
0.26426
0.27336
0.25417
0.28852
0.29532
0.29221
0.27427
0.24501
0.24767
0.21687
0.21627
0.20267
0.17214
0.16756
0.15343
0.13510
0.12070
0.15362
0.15659
0.17321
0.16342
0.19926
0.19921
0.27362
0.28059
0.26786
0.24252
0.23752
0.29251
0.29053
0.31468
0.34565
0.34941
0.33768
0.35264
0.34000
0.36995
0.37013
0.35162
0.33093
0.33324
0.33113
0.38476
0.36058
0.33191
0.31528
0.31760
0.33563
0.34507
0.32426
0.32538
0.33307
0.35273
0.33611
0.32971
0.31096
0.30771
0.29978
0.29887
0.31976
0.30395
0.28676
0.24927
0.23361
0.20865
0.21357
0.22987
0.26760
0.26076
0.25170
0.25729
0.23832
0.23920
0.22840
0.21097
0.19749
0.16335
0.16524
0.16639
0.11013
0.12709
0.15702
0.13386
0.14691
0.17799
0.18459
0.19878
0.23485
0.24087
0.24191
0.22027
0.22457
0.21242
0.18628
0.20730
0.21128
0.18329
0.17043
0.18498
0.14148
0.14643
0.17181
0.17761
0.16852
0.14923
0.14230
0.17593
0.07636
0.06245
0.04646
0.02807
0.00832
0.02647
0.03658
0.05345
0.05573
0.06301
0.08700
0.08700
0.08410
0.11277
0.13646
0.15045
0.14290
0.10580
0.10523
0.12125
0.14809
0.14602
0.16807
0.17296
0.15912
0.16525
0.20231
0.20978
0.24066
0.23761
0.23855
0.24535
0.27080
0.26489
0.26873
0.29141
0.27209
0.28054
0.27748
0.28246
0.31008
0.29110
0.26838
0.26673
0.26876
0.26441
0.28583
0.29074
0.29739
0.27621
0.23742
0.24712
0.21563
0.20378
0.18324
0.16401
0.14871
0.14455
0.16366
0.17399
0.19697
0.23185
0.23746
0.24169
0.24782
0.24418
0.24947
0.23133
0.23713
0.23662
0.23067
0.21756
0.20608
0.18007
0.17984
0.16010
0.17768
0.13947
0.13297
0.12074
0.16971
0.17932
0.20176
0.20133
0.21032
0.19204
0.16416
0.15457
0.16324
0.11936
0.09531
0.06711
0.05605
0.07329
0.08918
0.10754
0.11331
0.07702
0.05058
0.09088
0.08933
0.07870
0.09362
0.10604
0.12014
0.13919
0.11191
0.11862
0.11319
0.12781
0.15459
0.13976
0.10135
0.09894
0.10987
0.12034
0.13430
0.13793
0.14354
0.10810
0.05889
0.08826
0.06739
0.07089
0.07799
0.09101
0.08727
0.05969
0.08054
0.06717
0.06210
0.09028
0.07077
0.06054
0.04092
0.02801
0.03028
0.05629
0.08303
0.11097
0.12540
0.16693
0.16624
0.15525
0.14308
0.14634
0.19249
0.15801
0.17515
0.18454
0.17830
0.18956
0.19807
0.20056
0.20636
0.23049
0.23339
0.21043
0.18262
0.18152
0.19411
0.18736
0.16899
0.18629
0.18124
0.22720
0.21017
0.22362
0.22196
0.23688
0.20097
0.20841
0.20809
0.20974
0.17985
0.19039
0.20098
0.21990
0.21391
0.17645
0.14651
0.17982
0.16915
0.15774
0.16490
0.15119
0.13671
0.14931
0.14563
0.12789
0.13957
0.16684
0.16970
0.16928
0.18082
0.17749
0.15567
0.16314
0.18270
0.21679
0.19695
0.17186
0.13670
0.16814
0.15281
0.15765
0.13524
0.10270
0.12697
0.14674
0.15707
0.14627
0.16065
0.19450
0.17009
0.15750
0.19073
0.20416
0.18447
0.19160
0.19397
0.21564
0.18908
0.18361
0.19533
0.22208
0.20710
0.20493
0.24072
0.23521
0.17721
0.15404
0.16592
0.14443
0.10848
0.10210
0.11160
0.12629
0.12409
0.12262
0.09894
0.12712
0.12357
0.09144
0.08300
0.13738
0.13428
0.12920
0.13683
0.11887
0.12967
0.13715
0.13606
0.14884
0.13727
0.14427
0.16231
0.16955
0.17067
0.13771
0.14627
0.11545
0.12399
0.10700
0.11664
0.14774
0.14411
0.14332
0.16783
0.21119
0.16953
0.17190
0.16250
0.18210
0.22674
0.18902
0.21326
0.19611
0.19019
0.17497
0.13428
0.14509
0.21401
0.19932
0.20377
0.22816
0.25908
0.25930
0.27516
0.26983
0.25988
0.25994
0.26177
0.25274
0.21406
0.22777
0.23165
0.21032
0.19847
0.23339
0.23506
0.23189
0.25823
0.22871
0.22517
0.23819
0.23193
0.24242
0.28537
0.28972
0.32919
0.31834
0.33857
0.31030
0.33407
0.38051
0.38032
0.36427
0.37187
0.37776
0.36041
0.36519
0.39098
0.39222
0.39668
0.41339
0.41733
0.45480
0.43812
0.45855
0.48316
0.47953
0.50279
0.51869
0.49182
0.49811
0.51389
0.52792
0.48225
0.54534
0.55634
0.53598
0.54355
0.56759
0.58147
0.58696
0.59084
0.57298
0.58833
0.58841
0.60667
0.60726
0.56596
0.57534
0.58433
0.56417
0.57249
0.55981
0.56392
0.58805
0.58723
0.61553
0.63285
0.60275
0.61283
0.58371
0.59324
0.59611
0.59734
0.59175
0.59240
0.60702
0.57991
0.55400
0.55498
0.52768
0.53159
0.54813
0.53093
0.52323
0.51807
0.50356
0.47353
0.49356
0.49072
0.49880
0.50484
0.49329
0.51495
0.51761
0.50386
0.51690
0.54886
0.57909
0.56453
0.56478
0.57112
0.61549
0.60096
0.58763
0.58370
0.59013
0.61359
0.59307
0.60095
0.60188
0.57447
0.59358
0.61731
0.62394
0.63845
0.63236
0.65539
0.65631
0.64720
0.64703
0.66312
0.65061
0.64657
0.66729
0.61987
0.62341
0.61368
0.65234
0.64860
0.63774
0.65326
0.59776
0.58899
0.52478
0.52404
0.53948
0.53948
0.51830
0.51832
0.47434
0.48582
0.49414
0.50868
0.47607
0.49300
0.50362
0.50964
0.54156
0.53418
0.49369
0.51202
0.47726
0.43672
0.43091
0.41317
0.43066
0.44224
0.41165
0.41465
0.43057
0.40836
0.38192
0.38829
0.39022
0.38033
0.34385
0.32564
0.32127
0.32516
0.29897
0.29544
0.26378
0.25472
0.23204
0.24348
0.21705
0.21803
0.21645
0.24837
0.25466
0.25884
0.27134
0.25874
0.31282
0.30664
0.28851
0.31110
0.30641
0.29486
0.32669
0.32080
0.35643
0.34254
0.33999
0.34185
0.33650
0.32643
0.33534
0.33469
0.36116
0.36229
0.35092
0.31524
0.30661
0.30545
0.30070
0.29639
0.28937
0.27708
0.25270
0.27518
0.22104
0.22541
0.24509
0.29066
0.28141
0.27229
0.21400
0.21242
0.19189
0.20972
0.20295
0.17147
0.16920
0.18672
0.19543
0.20157
0.23149
0.23394
0.26687
0.27557
0.24534
0.21524
0.25887
0.27063
0.29585
0.27866
0.29491
0.29773
0.26740
0.25110
0.21900
0.22375
0.22679
0.23106
0.22884
0.21368
0.20811
0.21153
0.19638
0.18101
0.23056
0.21193
0.24521
0.22885
0.22239
0.23957
0.21330
0.21777
0.21076
0.21253
0.22567
0.21698
0.24808
0.25944
0.27478
0.25118
0.25612
0.24687
0.24675
0.22545
0.23738
0.21578
0.22234
0.19790
0.21425
0.21537
0.24981
0.24288
0.24024
0.17968
0.17182
0.22455
0.23468
0.23125
0.20037
0.22050
0.19267
0.15931
0.16249
0.21022
0.21930
0.25488
0.26248
0.20038
0.19412
0.16995
0.13813
0.13681
0.13697
0.11943
0.14814
0.16307
0.14156
0.12533
0.13100
0.08575
0.06609
0.09585
0.03170
0.03870
0.04736
0.01006
0.02918
0.01892
0.00719
0.01865
0.02944
0.02382
0.02292
0.01924
0.04239
0.02324
0.01387
0.01245
0.09584
0.11036
0.11192
0.08695
0.10308
0.06299
0.04079
0.02811
0.03712
0.01863
0.01098
0.00678
0.00722
0.00838
0.04301
0.05101
0.04189
0.05059
0.02558
0.07119
0.07126
0.09341
0.12241
0.11022
0.07899
0.01869
0.01095
0.00454
0.01793
0.00192
0.02492
0.06487
0.06767
0.08863
0.08468
0.08468
0.09292
0.08131
0.08075
0.03662
0.03503
0.04345
0.03103
0.02115
0.00845
0.04798
0.04638
0.03957
0.05584
0.04706
0.01511
0.01455
0.01562
0.01485
0.03976
0.03680
0.06843
0.07445
0.08705
0.10887
0.08481
0.10479
0.11234
0.12352
0.11674
0.10025
0.09573
0.10996
0.14877
0.15319
0.13493
0.11402
0.12548
0.13898
0.14170
0.08716
0.12630
0.13288
0.10859
0.09533
0.06142
0.00000
0.00005
0.03104
0.03527
0.06082
0.06615
0.07005
0.06663
0.04824
0.07145
0.10823
0.10242
0.12144
0.11706
0.10844
0.10375
0.08998
0.07322
0.02769
0.05013
0.07076
0.12018
0.13650
0.09348
0.08628
0.09436
0.08974
0.07435
0.07699
0.03864
0.04063
0.05869
0.05295
0.07649
0.07801
0.07175
0.07349
0.08696
0.08897
0.08765
0.06537
0.05866
0.05028
0.01515
0.00127
0.01151
0.03219
0.06870
0.07435
0.04087
0.06410
0.05470
0.05101
0.06156
0.17904
0.17262
0.19266
0.14909
0.10691
0.10143
0.06132
0.09789
0.10301
0.07994
0.07593
0.07577
0.07884
0.07447
0.08750
0.11006
0.10029
0.15341
0.22017
0.22053
0.24038
0.27113
0.28036
0.29148
0.30202
0.33995
0.30894
0.31224
0.32079
0.33231
0.33720
0.33844
0.31733
0.37525
0.37020
0.41819
0.42377
0.42091
0.45697
0.47175
0.43381
0.45448
0.43268
0.43946
0.43388
0.43222
0.44542
0.47159
0.46398
0.45438
0.48168
0.47982
0.47570
0.48623
0.50832
0.50472
0.49973
0.51500
0.49507
0.49617
0.50455
0.50269
0.46783
0.50818
0.50594
0.50566
0.51024
0.50404
0.49829
0.52880
0.51519
0.51339
0.48807
0.48465
0.48345
0.49020
0.48689
0.48708
0.48842
0.49019
0.50129
0.52666
0.52500
0.51894
0.56483
0.57885
0.57604
0.60259
0.61111
0.58132
0.61576
0.62702
0.66734
0.66489
0.67808
0.66755
0.66021
0.65220
0.69246
0.70279
0.69724
0.69227
0.64516
0.62324
0.65570
0.64897
0.68957
0.70375
0.68210
0.65112
0.63178
0.65583
0.61239
0.63096
0.62871
0.62396
0.62078
0.63410
0.61972
0.62576
0.62901
0.61171
0.61709
0.62381
0.58806
0.59271
0.58546
0.60505
0.59612
0.59688
0.58582
0.60451
0.58846
0.58939
0.61597
0.60593
0.60874
0.59874
0.67865
0.67518
0.63363
0.61568
0.61742
0.61654
0.61647
0.62098
0.61008
0.57125
0.63005
0.59412
0.61816
0.61442
0.61101
0.61212
0.63149
0.64650
0.61384
0.59895
0.61232
0.63165
0.65838
0.63672
0.62669
0.64769
0.62775
0.62451
0.62682
0.63621
0.66669
0.68196
0.68739
0.65180
0.64776
0.63964
0.62325
0.59042
0.56337
0.51264
0.50306
0.52411
0.52644
0.54010
0.53491
0.56889
0.48270
0.45209
0.46089
0.46312
0.47386
0.49131
0.47522
0.45250
0.48103
0.48793
0.46258
0.44993
0.48336
0.52126
0.52259
0.51112
0.50959
0.50267
0.50610
0.49818
0.47035
0.48883
0.48515
0.46251
0.44187
0.41799
0.43448
0.44725
0.43359
0.43200
0.39306
0.37313
0.39021
0.37737
0.38505
0.38989
0.35787
0.37851
0.39760
0.39234
0.37394
0.39547
0.41046
0.42270
0.42086
0.43121
0.40609
0.36269
0.38491
0.38130
0.38343
0.36100
0.34207
0.36697
0.37360
0.40104
0.40139
0.39642
0.36584
0.34986
0.37057
0.36536
0.30726
0.32343
0.29661
0.28737
0.26754
0.25799
0.25864
0.25990
0.26353
0.26517
0.24651
0.22885
0.22080
0.22253
0.22288
0.21912
0.20610
0.21940
0.24240
0.19098
0.21188
0.24451
0.25234
0.25416
0.23368
0.19629
0.20127
0.20536
0.17635
0.15565
0.17050
0.14146
0.10529
0.09087
0.10364
0.12008
0.12797
0.10786
0.09543
0.07574
0.06035
0.07171
0.07660
0.05421
0.07455
0.10383
0.12093
0.10739
0.09659
0.04194
0.01140
0.04179
0.07813
0.07576
0.07444
0.07447
0.05205
0.04312
0.07215
0.06115
0.06701
0.08689
0.10649
0.14114
0.16717
0.17440
0.14741
0.15350
0.14340
0.12871
0.11098
0.11141
0.13761
0.11961
0.13173
0.16923
0.14438
0.16800
0.16394
0.19255
0.18530
0.22925
0.27143
0.24843
0.26825
0.29303
0.30181
0.30154
0.27955
0.25543
0.23238
0.25812
0.24801
0.26483
0.27984
0.28121
0.28710
0.29526
0.30954
0.28044
0.23833
0.24602
0.25514
0.21142
0.23523
0.21498
0.22497
0.22254
0.19232
0.22144
0.22242
0.22946
0.25442
0.26214
0.29400
0.34434
0.31800
0.31794
0.37619
0.40304
0.35456
0.34560
0.36291
0.36220
0.37340
0.37340
0.35327
0.33757
0.34919
0.36436
0.36153
0.33019
0.36177
0.37700
0.36883
0.37056
0.37049
0.37714
0.37328
0.38302
0.35353
0.30921
0.29632
0.31135
0.30806
0.31002
0.29335
0.28368
0.29497
0.28578
0.29061
0.29364
0.29441
0.29908
0.27118
0.26253
0.26502
0.27189
0.27105
0.27405
0.30003
0.30258
0.31008
0.25033
0.26478
0.24889
0.24596
0.21819
0.21672
0.20883
0.23319
0.26715
0.27062
0.28539
0.30573
0.29399
0.31034
0.33967
0.34144
0.35934
0.36214
0.40031
0.40222
0.41789
0.39717
0.40360
0.42125
0.40529
0.41802
0.43480
0.44964
0.44017
0.47547
0.47058
0.48198
0.49234
0.48922
0.54521
0.54515
0.59072
0.59125
0.60302
0.53980
0.53635
0.51984
0.52290
0.47075
0.46645
0.46500
0.47036
0.48524
0.53603
0.52813
0.52387
0.50450
0.53156
0.51836
0.48226
0.49344
0.47390
0.45620
0.46061
0.43977
0.40507
0.38021
0.37962
0.38490
0.38070
0.36577
0.41687
0.41205
0.42076
0.42060
0.45356
0.45260
0.47660
0.50291
0.47076
0.44697
0.50002
0.51852
0.55790
0.54383
0.49592
0.45706
0.43574
0.42518
0.44780
0.45798
0.45908
0.46673
0.47326
0.47124
0.46095
0.49866
0.50370
0.49567
0.52318
0.52325
0.52938
0.53764
0.52538
0.47916
0.47637
0.42711
0.43538
0.44303
0.43293
0.42828
0.35183
0.35160
0.34878
0.35189
0.37433
0.38784
0.36439
0.33368
0.37154
0.40244
0.41733
0.41380
0.44392
0.44891
0.40522
0.41941
0.43013
0.44849
0.45114
0.42420
0.41234
0.41766
0.43355
0.43245
0.43812
0.43822
0.41769
0.41926
0.45366
0.45069
0.46395
0.46741
0.46108
0.42726
0.41763
0.41739
0.39285
0.37103
0.39513
0.37665
0.38198
0.39818
0.38124
0.37495
0.35466
0.38147
0.37911
0.35237
0.33850
0.33015
0.35369
0.32787
0.29831
0.28782
0.27954
0.28020
0.26885
0.23651
0.23816
0.21812
0.22190
0.20995
0.22082
0.20563
0.21625
0.21747
0.21063
0.20804
0.20025
0.22047
0.17809
0.16693
0.18523
0.19999
0.19038
0.19305
0.20277
0.20753
0.22278
0.17660
0.17666
0.19735
0.23444
0.23508
0.25738
0.28299
0.28495
0.30245
0.30261
0.30760
0.25963
0.26064
0.26119
0.26070
0.27210
0.25997
0.25288
0.27717
0.31548
0.31942
0.29348
0.29670
0.35209
0.33890
0.34411
0.33972
0.29671
0.28452
0.27652
0.26429
0.26950
0.28645
0.28167
0.29529
0.28225
0.31800
0.31246
0.29561
0.25293
0.27477
0.24531
0.20650
0.21968
0.22942
0.23822
0.21763
0.20491
0.18729
0.17560
0.19749
0.21802
0.20931
0.19971
0.23515
0.20210
0.26402
0.28326
0.29039
0.26631
0.28196
0.28873
0.28083
0.31304
0.30174
0.30958
0.30897
0.29245
0.29701
0.32741
0.31911
0.31472
0.33002
0.32486
0.33429
0.32973
0.33207
0.27083
0.28072
0.25392
0.25965
0.23939
0.22422
0.22425
0.27760
0.25693
0.23672
0.23725
0.22142
0.26686
0.26709
0.24342
0.27537
0.29742
0.29669
0.32146
0.32361
0.30737
0.29683
0.31165
0.30731
0.32234
0.31664
0.33795
0.36924
0.39057
0.34619
0.36969
0.40355
0.41427
0.39942
0.41709
0.39150
0.37146
0.34416
0.34047
0.34755
0.34371
0.33645
0.39056
0.37765
0.37586
0.41908
0.41434
0.43497
0.39615
0.42517
0.41532
0.41304
0.35515
0.35374
0.34372
0.37147
0.36498
0.35798
0.34065
0.34025
0.33829
0.32659
0.32059
0.33775
0.30472
0.28884
0.29058
0.27934
0.29004
0.29670
0.29983
0.28309
0.25862
0.24951
0.25811
0.25815
0.27678
0.29545
0.30468
0.25936
0.27972
0.27725
0.29278
0.29134
0.26016
0.23134
0.23378
0.22427
0.21217
0.25093
0.26087
0.27548
0.30002
0.31463
0.32602
0.36215
0.34232
0.35003
0.31897
0.29386
0.29517
0.29523
0.29594
0.34969
0.35834
0.39461
0.41500
0.40721
0.38900
0.39990
0.38099
0.40467
0.40651
0.44153
0.44475
0.39787
0.41615
0.42761
0.39133
0.37161
0.37566
0.38829
0.38298
0.38453
0.34539
0.35622
0.33901
0.35004
0.30728
0.29188
0.24927
0.26440
0.24632
0.23353
0.24694
0.19522
0.17771
0.16293
0.18586
0.18636
0.12006
0.12701
0.14895
0.15190
0.14688
0.11102
0.09885
0.09077
0.09300
0.09830
0.10485
0.13574
0.13093
0.17001
0.18087
0.16303
0.16897
0.16980
0.16568
0.16975
0.17135
0.16165
0.16399
0.20499
0.19631
0.20855
0.23647
0.27194
0.23997
0.19321
0.19765
0.20940
0.19812
0.21752
0.22379
0.22439
0.22888
0.23257
0.23815
0.26919
0.28982
0.32477
0.34045
0.35397
0.34234
0.32853
0.34185
0.34775
0.34234
0.36147
0.37714
0.36174
0.32520
0.32399
0.33580
0.36581
0.33642
0.29514
0.27437
0.30227
0.29216
0.25043
0.27356
0.28314
0.31877
0.27950
0.32264
0.34388
0.35884
0.39152
0.39292
0.39749
0.36363
0.35755
0.33591
0.33546
0.32483
0.34278
0.33358
0.35686
0.34367
0.30792
0.30579
0.29378
0.24371
0.25177
0.24179
0.25861
0.26438
0.30619
0.28515
0.28154
0.30797
0.31674
0.31282
0.27970
0.26047
0.24908
0.25024
0.28420
0.28621
0.30713
0.30827
0.30842
0.31490
0.32944
0.28286
0.29325
0.29935
0.27346
0.29548
0.30376
0.29062
0.30521
0.28013
0.31422
0.31820
0.34923
0.33084
0.31819
0.35960
0.31404
0.35069
0.37183
0.37690
0.37596
0.38908
0.39536
0.44081
0.45256
0.42436
0.39810
0.36746
0.35116
0.35678
0.32415
0.30232
0.31059
0.27899
0.27259
0.25538
0.26167
0.30329
0.31743
0.31268
0.30290
0.32411
0.32411
0.33021
0.33519
0.31051
0.31624
0.32363
0.30837
0.31310
0.29765
0.28854
0.27136
0.26587
0.28958
0.29471
0.29260
0.24729
0.21859
0.25122
0.22849
0.21934
0.22047
0.20140
0.18269
0.18875
0.19834
0.20280
0.19638
0.20258
0.22322
0.22198
0.19835
0.19494
0.19432
0.19665
0.17969
0.21165
0.20769
0.22007
0.21199
0.20847
0.19370
0.19004
0.19586
0.16883
0.13933
0.15690
0.11764
0.10779
0.12955
0.09273
0.09269
0.06495
0.06002
0.06692
0.05979
0.06661
0.04809
0.03399
0.02674
0.07230
0.07636
0.08569
0.11831
0.11650
0.13164
0.12340
0.13667
0.12617
0.14030
0.13839
0.15689
0.16748
0.17389
0.19894
0.20089
0.20068
0.20160
0.18615
0.19749
0.20175
0.19219
0.20487
0.21882
0.17251
0.13444
0.13224
0.14939
0.14592
0.14135
0.14124
0.14155
0.13183
0.10355
0.10830
0.12098
0.08839
0.08260
0.11089
0.11576
0.09328
0.11236
0.10240
0.06667
0.17644
0.16440
0.15340
0.15459
0.17086
0.15653
0.16040
0.16668
0.12672
0.13574
0.15296
0.21233
0.23752
0.22961
0.26892
0.28372
0.29253
0.26196
0.24888
0.24392
0.23292
0.22111
0.22459
0.22930
0.24238
0.24214
0.22671
0.21802
0.18338
0.19106
0.23837
0.24042
0.22932
0.22895
0.17416
0.17261
0.16169
0.16035
0.16792
0.16026
0.13108
0.11344
0.08970
0.08828
0.10542
0.08619
0.12399
0.14091
0.17046
0.18237
0.21461
0.20860
0.22789
0.17724
0.18199
0.15687
0.11191
0.10551
0.10137
0.09473
0.10972
0.08810
0.10534
0.10898
0.10987
0.05374
0.04919
0.05970
0.03719
0.03148
0.00655
0.00884
0.03209
0.04165
0.06754
0.03992
0.02355
0.03644
0.00178
0.00362
0.01964
0.04900
0.05207
0.02237
0.03442
0.01996
0.03581
0.10688
0.10670
0.11468
0.09272
0.09993
0.12068
0.14360
0.14360
0.13749
0.14641
0.14399
0.14882
0.13686
0.14421
0.17699
0.16561
0.16633
0.16032
0.14837
0.14373
0.14268
0.10849
0.13429
0.12289
0.12062
0.11239
0.12715
0.13506
0.13858
0.13058
0.10316
0.07287
0.07594
0.08146
0.08580
0.06767
0.07584
0.11458
0.05599
0.05532
0.05092
0.06725
0.03151
0.05256
0.08234
0.09337
0.09841
0.09958
0.09665
0.07670
0.11058
0.12447
0.14261
0.17162
0.20859
0.22328
0.22238
0.24299
0.26530
0.29017
0.26431
0.24051
0.25992
0.23090
0.20772
0.19582
0.20251
0.21225
0.24249
0.22097
0.22484
0.21351
0.23028
0.23775
0.16395
0.15500
0.18429
0.14756
0.18121
0.18121
0.15862
0.15806
0.18696
0.21182
0.19848
0.17997
0.17211
0.17150
0.17761
0.16700
0.14826
0.18946
0.15787
0.12737
0.11123
0.09227
0.04390
0.05323
0.07499
0.10500
0.12256
0.12431
0.14915
0.14554
0.13327
0.15050
0.17835
0.19068
0.16659
0.17737
0.17551
0.18303
0.19229
0.16166
0.15139
0.16105
0.15479
0.15875
0.17366
0.20567
0.21569
0.21969
0.21480
0.22822
0.21270
0.20235
0.19307
0.19082
0.19437
0.24127
0.21084
0.22190
0.25549
0.24879
0.25782
0.28147
0.29943
0.29943
0.31396
0.31383
0.30812
0.29420
0.32776
0.30870
0.29654
0.30884
0.31959
0.30176
0.31198
0.30208
0.33942
0.35264
0.31387
0.29746
0.28750
0.28828
0.29743
0.31245
0.30978
0.27726
0.25379
0.22904
0.22642
0.24384
0.24049
0.30391
0.31896
0.32958
0.30772
0.29356
0.28593
0.31646
0.30776
0.29738
0.28361
0.26125
0.27865
0.25645
0.24307
0.23720
0.23983
0.24341
0.26389
0.23563
0.21006
0.22348
0.27584
0.29180
0.29603
0.27742
0.28894
0.29062
0.29265
0.28340
0.28797
0.27166
0.31361
0.31055
0.31124
0.33844
0.37856
0.37768
0.39313
0.42741
0.45536
0.45055
0.46548
0.49152
0.46082
0.45119
0.50030
0.51499
0.49676
0.50434
0.49735
0.51749
0.53300
0.59643
0.56726
0.56872
0.59311
0.62921
0.62921
0.63510
0.63805
0.60333
0.60192
0.61171
0.62609
0.65085
0.61388
0.60619
0.60822
0.58968
0.54796
0.55333
0.55317
0.53030
0.53477
0.52540
0.50167
0.48931
0.49798
0.50646
0.47336
0.50258
0.49887
0.52906
0.56237
0.59496
0.57195
0.57268
0.56964
0.59428
0.58543
0.61532
0.65368
0.66974
0.64342
0.61661
0.64977
0.62088
0.63337
0.61590
0.59124
0.57740
0.57064
0.55711
0.54921
0.51115
0.49050
0.44514
0.40048
0.37509
0.38358
0.42721
0.42063
0.41368
0.42138
0.45392
0.44109
0.45209
0.43579
0.42338
0.43531
0.43475
0.45630
0.44803
0.45792
0.45411
0.45637
0.46525
0.47773
0.46132
0.45997
0.46280
0.47172
0.47239
0.46845
0.47149
0.47815
0.47187
0.45813
0.41983
0.40647
0.37831
0.39531
0.37448
0.36047
0.34039
0.33088
0.36811
0.35454
0.31375
0.29922
0.27422
0.27415
0.27401
0.26156
0.25698
0.26108
0.28047
0.29039
0.28172
0.26062
0.21361
0.23255
0.23535
0.24190
0.22902
0.23898
0.21765
0.19913
0.17115
0.15739
0.17978
0.19037
0.22966
0.22928
0.28773
0.28200
0.25677
0.27596
0.27394
0.27902
0.28223
0.28865
0.27583
0.25062
0.25426
0.27128
0.22501
0.20359
0.18442
0.17202
0.13426
0.11786
0.15336
0.16968
0.12971
0.14988
0.14732
0.16738
0.16163
0.10281
0.08751
0.09918
0.13467
0.12568
0.13158
0.12185
0.09899
0.15383
0.12159
0.12866
0.11553
0.12086
0.12235
0.11060
0.11904
0.10376
0.11549
0.09460
0.08726
0.07031
0.00617
0.01770
0.01306
0.02522
0.04311
0.03587
0.03480
0.06468
0.05145
0.05214
0.06727
0.07979
0.06509
0.08928
0.10320
0.10803
0.11026
0.12804
0.16637
0.15261
0.15726
0.18246
0.16026
0.15564
0.15004
0.09559
0.06140
0.05442
0.06276
0.06284
0.05613
0.01651
0.03845
0.06578
0.03886
0.03856
0.03861
0.04281
0.02884
0.03969
0.05606
0.06139
0.08549
0.09247
0.07344
0.06914
0.05220
0.04112
0.09129
0.06314
0.03769
0.02996
0.03646
0.06254
0.06890
0.06387
0.04494
0.03840
0.04996
0.04980
0.05272
0.03691
0.03405
0.03568
0.01005
0.07252
0.09094
0.11229
0.08797
0.08373
0.07774
0.09107
0.11069
0.11371
0.08306
0.09385
0.12555
0.12986
0.10279
0.07286
0.05173
0.01954
0.03235
0.11105
0.08215
0.11360
0.08263
0.12926
0.13133
0.13464
0.14953
0.14564
0.17083
0.13389
0.13600
0.21327
0.20559
0.18483
0.21115
0.23018
0.22729
0.20569
0.19265
0.18745
0.19875
0.19455
0.22068
0.21833
0.16639
0.16979
0.13240
0.16370
0.18450
0.22339
0.21179
0.22422
0.27154
0.28609
0.24059
0.23161
0.22935
0.21726
0.24587
0.22966
0.20406
0.19634
0.20870
0.18316
0.18332
0.18096
0.18945
0.17428
0.18642
0.18918
0.20398
0.22886
0.24090
0.23641
0.23531
0.24214
0.26465
0.28679
0.30540
0.28825
0.27582
0.30405
0.28278
0.25158
0.21510
0.22434
0.22444
0.24571
0.21394
0.21474
0.22408
0.26073
0.24753
0.23670
0.24501
0.25553
0.26207
0.26844
0.25155
0.27274
0.29682
0.29470
0.29757
0.28071
0.30595
0.37560
0.36013
0.34887
0.37134
0.40569
0.39778
0.36600
0.36861
0.37302
0.35690
0.33347
0.33278
0.32967
0.33420
0.34505
0.31786
0.31010
0.31752
0.32661
0.30500
0.30402
0.28954
0.25786
0.25916
0.24701
0.25825
0.24493
0.28034
0.27303
0.26242
0.25191
0.23896
0.20869
0.19904
0.21111
0.21746
0.26900
0.26455
0.25681
0.25165
0.25864
0.26895
0.28903
0.29796
0.34600
0.34153
0.35140
0.34964
0.38605
0.42431
0.43030
0.45621
0.48505
0.47947
0.46024
0.45008
0.49814
0.46441
0.46193
0.48810
0.50205
0.49385
0.49829
0.49820
0.47595
0.45622
0.47714
0.45855
0.50820
0.54454
0.49238
0.48734
0.42707
0.42741
0.39678
0.40804
0.40232
0.41758
0.43468
0.43055
0.42610
0.38629
0.39128
0.37612
0.37043
0.36352
0.34555
0.30466
0.27416
0.26778
0.25105
0.23827
0.21330
0.17263
0.20131
0.19202
0.18993
0.15846
0.18492
0.20340
0.19831
0.22850
0.23364
0.25932
0.24626
0.28947
0.31938
0.32082
0.33460
0.32138
0.33663
0.36753
0.34938
0.31529
0.32983
0.35758
0.33223
0.31777
0.32608
0.31262
0.30509
0.30586
0.27195
0.26909
0.24934
0.25853
0.28352
0.31770
0.29571
0.30125
0.30719
0.28490
0.31304
0.32239
0.33680
0.35994
0.34739
0.33649
0.33231
0.32666
0.33233
0.32087
0.35861
0.34439
0.32827
0.36278
0.37789
0.38935
0.40988
0.37044
0.35030
0.34409
0.34039
0.35220
0.35284
0.34705
0.34515
0.37531
0.37752
0.38664
0.36053
0.35494
0.39649
0.40336
0.37868
0.38397
0.40341
0.41167
0.39635
0.39320
0.41257
0.42021
0.34934
0.35329
0.35337
0.32762
0.27761
0.25846
0.23981
0.23590
0.24735
0.26130
0.24958
0.27527
0.29372
0.27498
0.27247
0.30270
0.32394
0.30901
0.34638
0.34198
0.37006
0.35946
0.35995
0.36219
0.35821
0.32051
0.31444
0.30608
0.33965
0.32291
0.35870
0.36251
0.36302
0.33338
0.36983
0.37497
0.36274
0.34985
0.35545
0.32285
0.33435
0.36382
0.37782
0.35299
0.34251
0.35171
0.33590
0.32750
0.32711
0.33823
0.33342
0.32953
0.30959
0.33089
0.31862
0.31114
0.34378
0.35303
0.38573
0.39498
0.40986
0.37376
0.35258
0.33131
0.35682
0.33849
0.34711
0.35563
0.39108
0.45779
0.46580
0.50382
0.53434
0.53551
0.53284
0.52091
0.52323
0.53608
0.54332
0.50060
0.46363
0.43976
0.44113
0.45904
0.42398
0.41283
0.38775
0.38429
0.34070
0.31285
0.32678
0.28943
0.29056
0.29210
0.30013
0.27629
0.22044
0.25374
0.26542
0.26071
0.27737
0.24620
0.22422
0.18422
0.18549
0.17487
0.15449
0.16429
0.12946
0.16401
0.14509
0.11606
0.09487
0.09476
0.09369
0.13001
0.12119
0.14007
0.15817
0.15817
0.15952
0.18286
0.20744
0.22892
0.25212
0.25658
0.24596
0.25497
0.25700
0.27200
0.26333
0.24207
0.25529
0.26590
0.26301
0.28507
0.28800
0.30776
0.32359
0.34532
0.33187
0.33810
0.30021
0.33227
0.31158
0.26671
0.26598
0.26916
0.28246
0.26166
0.24659
0.22530
0.26983
0.28724
0.28142
0.29920
0.29798
0.31468
0.31968
0.31318
0.31342
0.30545
0.30264
0.31396
0.32157
0.32960
0.36413
0.33254
0.34374
0.30978
0.28956
0.31864
0.28201
0.28843
0.26486
0.24094
0.24135
0.26871
0.27680
0.27817
0.24229
0.26334
0.27263
0.25330
0.24305
0.22414
0.20705
0.22554
0.23163
0.19276
0.17949
0.18896
0.20402
0.21392
0.19961
0.19529
0.24842
0.21378
0.16437
0.14083
0.10741
0.09479
0.11306
0.11086
0.09936
0.07740
0.09974
0.13453
0.10547
0.11236
0.13478
0.15550
0.13467
0.12846
0.13370
0.17464
0.15881
0.14783
0.15203
0.14399
0.15982
0.16531
0.17296
0.15687
0.17339
0.14446
0.13261
0.10345
0.09809
0.11101
0.10862
0.12023
0.10358
0.08342
0.11459
0.13556
0.12044
0.08249
0.09888
0.13466
0.15076
0.15019
0.11816
0.11845
0.11070
0.12927
0.08820
0.04856
0.04848
0.05195
0.06085
0.05253
0.05319
0.03957
0.05069
0.02646
0.01290
0.01445
0.01533
0.02243
0.03097
0.00773
0.00164
0.00652
0.01985
0.00376
0.01932
0.04421
0.05032
0.01801
0.01378
0.01699
0.00786
0.00300
0.01891
0.03211
0.02950
0.02990
0.05369
0.07704
0.08865
0.12202
0.08223
0.09426
0.10232
0.11943
0.12007
0.11099
0.08395
0.10239
0.10875
0.10871
0.09867
0.06958
0.08311
0.11153
0.13850
0.14267
0.15972
0.17452
0.20933
0.22475
0.22113
0.22066
0.19702
0.19878
0.21138
0.19269
0.20462
0.23303
0.23065
0.21651
0.20770
0.23438
0.23147
0.21638
0.23628
0.24311
0.25200
0.28676
0.23164
0.19773
0.20306
0.19894
0.18587
0.19277
0.18503
0.15978
0.20289
0.22260
0.17836
0.19078
0.18868
0.18377
0.16761
0.17254
0.17327
0.17049
0.17474
0.18346
0.19612
0.19840
0.17199
0.12303
0.11229
0.07894
0.07415
0.06875
0.08855
0.08896
0.09737
0.11771
0.12065
0.13469
0.14444
0.14444
0.15092
0.16043
0.14403
0.17722
0.20451
0.20315
0.20087
0.22819
0.25783
0.28449
0.29084
0.26207
0.29069
0.33631
0.34647
0.35777
0.31350
0.30717
0.29551
0.30761
0.29030
0.25321
0.23561
0.23436
0.24499
0.19911
0.22866
0.24902
0.25511
0.27895
0.27152
0.24632
0.26890
0.26371
0.24336
0.24503
0.27508
0.25316
0.25760
0.25150
0.26595
0.27036
0.27891
0.28142
0.27219
0.27557
0.25220
0.27142
0.29055
0.28624
0.26750
0.30720
0.32408
0.29139
0.28934
0.29484
0.28425
0.25993
0.29517
0.35057
0.32882
0.33343
0.29915
0.28097
0.29366
0.30724
0.24948
0.25156
0.23267
0.19641
0.19813
0.21203
0.23738
0.26078
0.26872
0.27356
0.30280
0.32215
0.32539
0.30787
0.31252
0.32967
0.32543
0.31394
0.32235
0.32508
0.35377
0.36574
0.34133
0.28543
0.29692
0.32893
0.33812
0.30204
0.30332
0.29153
0.28428
0.28307
0.27519
0.27035
0.27753
0.25082
0.24443
0.26586
0.23644
0.21940
0.21444
0.20894
0.19514
0.17025
0.17958
0.17525
0.18667
0.15166
0.15140
0.17755
0.17271
0.14121
0.14855
0.16742
0.12503
0.13812
0.13866
0.13400
0.13997
0.18113
0.19778
0.18102
0.21596
0.18483
0.14452
0.13101
0.12931
0.12439
0.12393
0.12951
0.14373
0.11543
0.12494
0.11266
0.11397
0.11180
0.07586
0.10032
0.12773
0.10727
0.07172
0.02535
0.05586
0.03769
0.03342
0.03139
0.06491
0.04888
0.07854
0.09142
0.08667
0.11988
0.11702
0.11892
0.12459
0.10579
0.10501
0.06926
0.08610
0.10792
0.08883
0.06900
0.12200
0.08511
0.08589
0.10409
0.12885
0.14690
0.20038
0.18754
0.20200
0.19713
0.19943
0.21540
0.19297
0.19938
0.21591
0.20505
0.19871
0.19880
0.21054
0.21994
0.22947
0.19788
0.20932
0.20821
0.24142
0.23580
0.19968
0.20201
0.19855
0.21963
0.18970
0.21005
0.19764
0.19420
0.21498
0.14518
0.13203
0.13533
0.10728
0.12522
0.11327
0.11550
0.14183
0.14922
0.15229
0.17693
0.19722
0.19070
0.15982
0.16929
0.21887
0.24393
0.24809
0.24637
0.26402
0.24218
0.23342
0.21403
0.22180
0.21220
0.21756
0.19058
0.15621
0.16894
0.15960
0.14616
0.15373
0.16441
0.16328
0.16174
0.14368
0.17671
0.15085
0.12292
0.12567
0.13980
0.15451
0.14792
0.17837
0.20283
0.21302
0.20323
0.21859
0.19744
0.19653
0.15926
0.20382
0.18936
0.21885
0.21565
0.22073
0.22389
0.23830
0.23669
0.27807
0.26787
0.24923
0.24939
0.23813
0.26837
0.28429
0.26674
0.30035
0.29184
0.31498
0.29612
0.30128
0.28192
0.28637
0.29964
0.28606
0.25992
0.25832
0.27155
0.29105
0.27176
0.26620
0.25641
0.26067
0.23992
0.22660
0.19601
0.19992
0.19780
0.15946
0.16628
0.17964
0.19218
0.18998
0.18443
0.17901
0.16910
0.18148
0.21475
0.25480
0.25187
0.24240
0.20382
0.22755
0.21570
0.23700
0.25602
0.22862
0.21499
0.22716
0.23839
0.23324
0.21899
0.21389
0.20630
0.19208
0.22607
0.22561
0.19740
0.23642
0.23237
0.26135
0.25403
0.26961
0.25508
0.27637
0.25126
0.25432
0.25381
0.25327
0.17059
0.19527
0.23125
0.24321
0.25668
0.28202
0.24625
0.26190
0.26275
0.26085
0.26214
0.30508
0.30319
0.32055
0.31613
0.30579
0.28719
0.32171
0.34159
0.29696
0.28915
0.27555
0.25520
0.27557
0.25071
0.24784
0.25402
0.25571
0.27811
0.28852
0.27636
0.28740
0.27040
0.20890
0.18820
0.18230
0.19313
0.19414
0.20001
0.21471
0.16831
0.16658
0.17239
0.18391
0.19882
0.20872
0.24107
0.23033
0.23285
0.25275
0.29423
0.28359
0.26254
0.30754
0.31395
0.30355
0.32194
0.31709
0.28971
0.25749
0.26123
0.31267
0.32257
0.31456
0.32455
0.31387
0.31764
0.30530
0.30555
0.34862
0.34022
0.37111
0.37651
0.36900
0.36888
0.37770
0.37508
0.39108
0.43243
0.43885
0.43537
0.42653
0.42038
0.44187
0.43801
0.43267
0.41946
0.42525
0.42415
0.42252
0.38837
0.42283
0.43554
0.45603
0.48434
0.45414
0.47524
0.46526
0.47885
0.47782
0.48092
0.44969
0.45997
0.44273
0.45319
0.45317
0.41151
0.45463
0.42802
0.43320
0.45598
0.44611
0.44716
0.43504
0.44446
0.44894
0.45320
0.44889
0.44034
0.42624
0.39264
0.35875
0.33927
0.34715
0.36712
0.39581
0.41249
0.45534
0.40505
0.41910
0.41145
0.41092
0.40691
0.45925
0.41970
0.39944
0.40757
0.36965
0.38444
0.41942
0.40823
0.42470
0.41341
0.42663
0.45362
0.45237
0.46637
0.45773
0.46320
0.47816
0.50483
0.52051
0.49406
0.51000
0.52658
0.48416
0.45560
0.48000
0.50797
0.51424
0.51941
0.52856
0.55499
0.53086
0.51665
0.52246
0.56058
0.56703
0.57159
0.52755
0.52505
0.57113
0.51905
0.48475
0.47869
0.48885
0.46569
0.48788
0.49895
0.45451
0.41950
0.41509
0.42423
0.45329
0.44641
0.47757
0.43986
0.40763
0.33685
0.35939
0.34797
0.35699
0.34142
0.33443
0.28131
0.28955
0.26832
0.27292
0.26115
0.25695
0.17653
0.21617
0.20825
0.18670
0.19568
0.15371
0.12530
0.13018
0.15218
0.14802
0.13630
0.13573
0.12551
0.15480
0.13683
0.11883
0.07928
0.08119
0.05488
0.04516
0.09923
0.08965
0.09458
0.10063
0.14074
0.14418
0.19136
0.18289
0.17297
0.19041
0.19155
0.16795
0.17284
0.13355
0.18249
0.18159
0.19391
0.19397
0.19967
0.20734
0.19199
0.17987
0.17468
0.21234
0.15585
0.14835
0.14554
0.16493
0.11123
0.11646
0.11870
0.11562
0.07538
0.10100
0.11298
0.12267
0.11267
0.09631
0.13594
0.13161
0.12605
0.13426
0.09609
0.09086
0.11118
0.12409
0.13224
0.12646
0.11484
0.12400
0.12697
0.14789
0.12460
0.10357
0.10809
0.06815
0.08608
0.03822
0.08969
0.07519
0.08439
0.08340
0.12169
0.13365
0.11683
0.12343
0.14421
0.16287
0.17624
0.19359
0.22507
0.22563
0.22649
0.26320
0.27121
0.24951
0.24832
0.25167
0.24262
0.23113
0.19402
0.22072
0.20849
0.22607
0.21435
0.18096
0.16782
0.17062
0.19865
0.16644
0.16135
0.18609
0.20077
0.19062
0.22519
0.22812
0.22763
0.30784
0.34411
0.31375
0.31299
0.28962
0.29129
0.27399
0.28133
0.28583
0.26302
0.27711
0.25611
0.24510
