0.04550
0.08956
0.09983
0.10519
0.08960
0.07252
0.08717
0.05279
0.06558
0.07244
0.11131
0.10350
0.09230
0.09211
0.12610
0.16438
0.13933
0.13557
0.18123
0.19046
0.17670
0.18963
0.19812
0.19472
0.22021
0.19586
0.23251
0.23741
0.22480
0.23826
0.18938
0.20025
0.18456
0.19784
0.25704
0.24423
0.21949
0.21111
0.20981
0.23414
0.21601
0.17686
0.19964
0.20364
0.17712
0.16465
0.16179
0.18545
0.15434
0.17209
0.12312
0.13828
0.15349
0.18038
0.17839
0.17046
0.20024
0.21304
0.20420
0.20476
0.16642
0.18043
0.15679
0.14617
0.06538
0.05563
0.03938
0.05376
0.05672
0.02835
0.03203
0.03048
0.04393
0.05453
0.03505
0.06893
0.03961
0.03055
0.00835
0.04265
0.04223
0.05340
0.04275
0.05809
0.06919
0.08212
0.07583
0.04531
0.03134
0.04251
0.04415
0.06268
0.06208
0.06105
0.03819
0.01731
0.00995
0.01886
0.03374
0.04039
0.09801
0.07009
0.07781
0.07131
0.09197
0.07843
0.08264
0.07063
0.06208
0.05105
0.06447
0.06982
0.08461
0.05486
0.09793
0.09953
0.11165
0.06439
0.04186
0.06461
0.07789
0.12349
0.11575
0.15080
0.17497
0.17732
0.16028
0.15557
0.11576
0.09280
0.10590
0.14294
0.15895
0.14362
0.21064
0.20239
0.18292
0.16957
0.14887
0.13697
0.12708
0.11213
0.09606
0.13697
0.15001
0.15001
0.16640
0.15092
0.16236
0.16758
0.20446
0.18896
0.20709
0.23135
0.24107
0.24842
0.24918
0.25644
0.26427
0.24223
0.26979
0.26408
0.28009
0.28369
0.31502
0.32310
0.31785
0.31656
0.33384
0.30985
0.30898
0.30042
0.31768
0.32737
0.35427
0.34915
0.34633
0.36138
0.38781
0.34734
0.34059
0.34379
0.30257
0.29100
0.23421
0.19518
0.21668
0.22040
0.21346
0.20945
0.24005
0.22654
0.19635
0.20023
0.24997
0.25605
0.21588
0.22774
0.20397
0.18066
0.18895
0.19879
0.20768
0.21558
0.22707
0.23727
0.24622
0.21425
0.19747
0.26066
0.25442
0.22917
0.25173
0.22422
0.20028
0.20600
0.18425
0.22400
0.25964
0.27845
0.23743
0.25568
0.23319
0.20922
0.21737
0.16089
0.17677
0.15967
0.18078
0.19962
0.17757
0.17427
0.19112
0.13413
0.15385
0.17428
0.14729
0.18086
0.19359
0.19207
0.20164
0.15257
0.15902
0.17466
0.16671
0.18018
0.20465
0.19273
0.19532
0.20251
0.18434
0.18978
0.19019
0.24087
0.26467
0.25621
0.21962
0.24794
0.25390
0.21468
0.21514
0.24120
0.22925
0.22267
0.21010
0.22008
0.21676
0.21782
0.23513
0.24656
0.25187
0.26046
0.26422
0.26884
0.26586
0.26849
0.27548
0.29782
0.31101
0.32908
0.33619
0.35538
0.34203
0.37196
0.35556
0.38076
0.37691
0.35878
0.38560
0.39988
0.39927
0.40771
0.43702
0.43360
0.44220
0.41546
0.39443
0.41275
0.40143
0.40004
0.40988
0.39521
0.36955
0.37455
0.35638
0.35896
0.42746
0.44275
0.44597
0.46102
0.45758
0.43626
0.40537
0.41982
0.39255
0.36169
0.38325
0.35874
0.34258
0.32244
0.33546
0.31652
0.31750
0.34143
0.36389
0.32649
0.30168
0.23119
0.19779
0.18507
0.17959
0.19828
0.19984
0.23664
0.23561
0.28482
0.27387
0.28806
0.28092
0.28224
0.27011
0.24901
0.22408
0.18224
0.20324
0.20400
0.16666
0.17106
0.12986
0.14471
0.08569
0.06924
0.07002
0.04649
0.05381
0.05081
0.03667
0.07059
0.07829
0.07615
0.08164
0.13094
0.15570
0.15405
0.15545
0.13878
0.14967
0.14432
0.12981
0.13508
0.13578
0.11402
0.10302
0.09933
0.07069
0.08256
0.09869
0.08859
0.08450
0.11459
0.06162
0.03993
0.05998
0.04062
0.04872
0.04426
0.05344
0.05855
0.05820
0.02876
0.03107
0.01518
0.04522
0.08213
0.09794
0.16191
0.15138
0.17248
0.16014
0.17416
0.17781
0.16122
0.18283
0.16752
0.18387
0.20319
0.20580
0.17649
0.18081
0.20345
0.22075
0.21492
0.20904
0.19884
0.16907
0.15028
0.16774
0.16309
0.11538
0.14001
0.12318
0.10459
0.07569
0.08763
0.09528
0.11346
0.10263
0.10371
0.09882
0.09459
0.08369
0.08309
0.08758
0.06519
0.09271
0.11030
0.06775
0.06065
0.06086
0.09261
0.10567
0.10675
0.11324
0.12523
0.10952
0.14333
0.18292
0.18475
0.15166
0.15570
0.14888
0.15013
0.14828
0.15563
0.17366
0.14388
0.12937
0.14123
0.12057
0.08327
0.07567
0.08711
0.06499
0.03500
0.03147
0.06862
0.04913
0.05471
0.08239
0.06689
0.10184
0.10774
0.09261
0.09294
0.08192
0.05134
0.05430
0.05343
0.02014
0.02359
0.05136
0.00000
0.05092
0.11369
0.12121
0.14512
0.14356
0.13990
0.12690
0.10431
0.05740
0.05724
0.03926
0.06729
0.07298
0.08147
0.08734
0.07640
0.04758
0.07802
0.04667
0.03765
0.05795
0.06988
0.07930
0.08242
0.08230
0.06773
0.07935
0.05366
0.04747
0.01841
0.00439
0.02623
0.03527
0.02177
0.04646
0.07143
0.03989
0.05764
0.06833
0.06463
0.04806
0.06578
0.07841
0.06897
0.10632
0.12178
0.10396
0.12478
0.11953
0.06344
0.07321
0.10795
0.10469
0.14827
0.13304
0.13154
0.16527
0.18000
0.18498
0.17281
0.18544
0.23023
0.23023
0.23253
0.26067
0.25082
0.25384
0.27004
0.21953
0.24673
0.22937
0.22002
0.23235
0.24032
0.26763
0.24782
0.22931
0.22386
0.20432
0.19133
0.17545
0.15996
0.16193
0.14084
0.17022
0.14093
0.16168
0.15517
0.15513
0.13682
0.12336
0.14273
0.10379
0.08833
0.07709
0.06420
0.05061
0.03800
0.01484
0.03537
0.03696
0.01909
0.03065
0.04546
0.07066
0.07529
0.07469
0.05698
0.01305
0.00035
0.05107
0.06274
0.04670
0.06062
0.07026
0.05004
0.02718
0.01551
0.03465
0.02620
0.05735
0.04723
0.01852
0.01120
0.00000
0.01927
0.00000
0.00586
0.02611
0.04522
0.10131
0.10930
0.10313
0.10988
0.08614
0.08321
0.06994
0.05608
0.04048
0.04845
0.00812
0.01072
0.01900
0.01797
0.00000
0.01609
0.00714
0.03845
0.05047
0.03901
0.04564
0.01772
0.03659
0.00114
0.01538
0.02945
0.03384
0.02842
0.07060
0.09666
0.10388
0.08221
0.08327
0.04390
0.02927
0.02290
0.03397
0.04135
0.04100
0.02238
0.02143
0.01715
0.02611
0.01264
0.04368
0.05142
0.04163
0.01003
0.04441
0.06024
0.06755
0.05725
0.03990
0.02333
0.02358
0.01665
0.01334
0.02352
0.01377
0.01783
0.01252
0.02004
0.04399
0.02225
0.00388
0.00002
0.01380
0.01888
0.04935
0.05358
0.08664
0.06624
0.05434
0.06542
0.08541
0.09495
0.06670
0.05509
0.04136
0.03460
0.04861
0.05343
0.09893
0.11193
0.11278
0.12096
0.11689
0.11603
0.07319
0.09157
0.05435
0.09190
0.08678
0.06590
0.07754
0.08493
0.09218
0.04069
0.03721
0.02659
0.04668
0.07121
0.03845
0.04798
0.03963
0.07470
0.07368
0.07039
0.08990
0.10809
0.11569
0.12676
0.10542
0.09009
0.12120
0.12235
0.12281
0.11872
0.10974
0.12751
0.12900
0.12031
0.12979
0.12315
0.13315
0.18084
0.14201
0.14940
0.13302
0.13197
0.15773
0.13098
0.13776
0.14820
0.14355
0.12866
0.11267
0.13371
0.12519
0.13458
0.14001
0.11740
0.11426
0.07710
0.07522
0.05629
0.07537
0.07880
0.05799
0.05377
0.03474
0.02488
0.04303
0.05725
0.07117
0.05596
0.05009
0.09611
0.08038
0.05906
0.05113
0.05120
0.02430
0.01873
0.02588
0.04510
0.02255
0.02117
0.01305
0.02286
0.01448
0.02896
0.09205
0.09900
0.12346
0.14649
0.12222
0.10877
0.12434
0.15125
0.12348
0.11302
0.12213
0.10697
0.13253
0.13786
0.13551
0.11451
0.08846
0.09966
0.08754
0.09280
0.08659
0.11131
0.12149
0.14335
0.14598
0.16378
0.14830
0.16690
0.18709
0.18936
0.23798
0.25212
0.21649
0.20922
0.20254
0.21750
0.19846
0.19348
0.24555
0.23042
0.26777
0.29091
0.29895
0.25877
0.24805
0.25306
0.24768
0.25088
0.22566
0.23707
0.21553
0.23180
0.24517
0.25460
0.23369
0.23212
0.25863
0.21558
0.21772
0.19632
0.21891
0.21854
0.21040
0.20776
0.22784
0.20859
0.15717
0.20230
0.18997
0.15010
0.10539
0.09043
0.06917
0.07614
0.05864
0.07939
0.08275
0.08110
0.06999
0.04905
0.05618
0.04186
0.10262
0.07038
0.08100
0.07015
0.12094
0.12966
0.16170
0.11637
0.13985
0.13602
0.12302
0.11355
0.12669
0.13560
0.10896
0.12818
0.12824
0.12722
0.10982
0.10356
0.08240
0.10866
0.11264
0.06881
0.07863
0.08851
0.11446
0.08369
0.09648
0.06590
0.06312
0.08253
0.06801
0.06880
0.04952
0.07207
0.09035
0.05139
0.03350
0.06765
0.05659
0.04592
0.04933
0.05199
0.00418
0.00413
0.02084
0.03119
0.01559
0.00744
0.00000
0.01494
0.02679
0.03829
0.02366
0.06920
0.10905
0.13890
0.17055
0.14565
0.17884
0.22066
0.21837
0.22039
0.22152
0.22945
0.23747
0.20433
0.20080
0.20815
0.23914
0.22366
0.21350
0.22229
0.23912
0.21290
0.21892
0.21282
0.26788
0.27892
0.28517
0.25277
0.21272
0.21623
0.21899
0.20344
0.17449
0.19485
0.20973
0.22458
0.27378
0.26151
0.22080
0.24553
0.26809
0.24005
0.23888
0.21241
0.21619
0.26124
0.26420
0.23330
0.22452
0.23748
0.24254
0.23816
0.21473
0.19609
0.14726
0.11600
0.11163
0.11989
0.14639
0.15957
0.13351
0.11598
0.12728
0.12851
0.14526
0.12046
0.10634
0.12151
0.12164
0.15341
0.16378
0.16115
0.14218
0.12926
0.12737
0.10848
0.12219
0.12597
0.16055
0.16518
0.21976
0.23040
0.21394
0.23228
0.21652
0.21825
0.22321
0.23020
0.23298
0.25522
0.25893
0.25911
0.28577
0.28541
0.27593
0.26189
0.30977
0.26967
0.29366
0.29815
0.29989
0.29888
0.32691
0.29636
0.30828
0.31377
0.28720
0.28736
0.29387
0.27597
0.23910
0.21788
0.17705
0.19102
0.18018
0.22003
0.23846
0.24264
0.22988
0.23732
0.20673
0.16835
0.18005
0.18744
0.20755
0.22091
0.23311
0.23885
0.25242
0.25124
0.27032
0.27827
0.28505
0.29059
0.25329
0.25836
0.24465
0.23203
0.27305
0.24708
0.21849
0.21293
0.23118
0.24930
0.18871
0.16241
0.15122
0.16551
0.10541
0.11387
0.15500
0.15570
0.13649
0.14343
0.14220
0.12092
0.11054
0.11319
0.12576
0.12809
0.11001
0.05861
0.03822
0.03224
0.02022
0.03022
0.02263
0.00654
0.02560
0.00749
0.01793
0.01238
0.03263
0.03730
0.05002
0.05391
0.06797
0.08037
0.09984
0.11105
0.07853
0.06418
0.06275
0.07203
0.06424
0.09357
0.07509
0.08430
0.09962
0.09769
0.12874
0.11435
0.14851
0.12607
0.13627
0.14580
0.13321
0.15712
0.16166
0.17880
0.16395
0.17549
0.14140
0.15126
0.13717
0.17299
0.20009
0.17950
0.19260
0.19383
0.26227
0.25798
0.27159
0.25638
0.21904
0.21823
0.22613
0.23888
0.24769
0.24552
0.27116
0.26135
0.26074
0.25093
0.24716
0.26832
0.27450
0.30246
0.32715
0.37027
0.36694
0.35277
0.37412
0.39751
0.36230
0.36031
0.33492
0.32732
0.32737
0.31468
0.28753
0.29568
0.29238
0.30422
0.30198
0.31162
0.32836
0.31835
0.32319
0.32176
0.28448
0.28112
0.26983
0.28840
0.28603
0.26893
0.28658
0.28515
0.27475
0.28157
0.30650
0.31763
0.33376
0.35576
0.34201
0.31903
0.30496
0.32504
0.33019
0.33914
0.32314
0.31801
0.28894
0.28482
0.27189
0.27860
0.26803
0.30086
0.25604
0.28465
0.25145
0.23419
0.16371
0.15540
0.19937
0.23606
0.22443
0.20917
0.20292
0.22942
0.21819
0.25142
0.25967
0.27260
0.28686
0.32996
0.32349
0.33771
0.35809
0.38051
0.35949
0.32564
0.34086
0.33409
0.34975
0.33365
0.32072
0.32451
0.31252
0.33265
0.33281
0.31781
0.30010
0.24681
0.25046
0.24979
0.20819
0.19143
0.19230
0.21048
0.21599
0.18976
0.19486
0.23081
0.23178
0.23008
0.24330
0.25236
0.26427
0.28840
0.27781
0.27264
0.24214
0.20669
0.22514
0.22178
0.27671
0.28927
0.27789
0.27754
0.27964
0.26721
0.28758
0.30183
0.29270
0.27919
0.27377
0.25595
0.25517
0.26347
0.26753
0.25849
0.21825
0.22946
0.24197
0.22738
0.20599
0.18785
0.17527
0.19449
0.22360
0.22569
0.22884
0.20110
0.14875
0.13376
0.13094
0.17995
0.20286
0.22603
0.20139
0.18653
0.24079
0.21195
0.18248
0.18173
0.17131
0.18660
0.19451
0.21338
0.16367
0.18290
0.20630
0.23432
0.23619
0.18188
0.17249
0.16168
0.13759
0.18241
0.16971
0.18367
0.15454
0.15357
0.10372
0.10331
0.10478
0.08684
0.08100
0.08289
0.12055
0.09144
0.06877
0.11951
0.11988
0.11583
0.12275
0.08439
0.06541
0.08647
0.10952
0.13212
0.12692
0.16406
0.19567
0.20766
0.20475
0.20191
0.23996
0.24625
0.24421
0.29806
0.26812
0.25254
0.25270
0.24224
0.21561
0.21610
0.21530
0.22695
0.22127
0.25041
0.21512
0.19029
0.18114
0.15468
0.15825
0.15743
0.15631
0.20423
0.22878
0.22836
0.22951
0.24709
0.27435
0.26170
0.27835
0.29916
0.30239
0.29964
0.27426
0.27300
0.29944
0.27765
0.25136
0.22559
0.19508
0.21320
0.22271
0.18917
0.19263
0.20632
0.20843
0.22427
0.20340
0.21199
0.19542
0.18479
0.19225
0.18960
0.18806
0.19373
0.18403
0.12866
0.11684
0.07895
0.06334
0.03331
0.03384
0.09426
0.10483
0.11250
0.10024
0.05722
0.04924
0.02703
0.02049
0.04909
0.05927
0.06838
0.07756
0.07919
0.04718
0.04870
0.05905
0.10075
0.13067
0.15550
0.14049
0.13363
0.09329
0.06662
0.06944
0.00000
0.00558
0.01238
0.01800
0.01388
0.01620
0.03390
0.05869
0.03527
0.00582
0.00924
0.01056
0.04959
0.01650
0.00000
0.00710
0.02106
0.02496
0.03094
0.04864
0.02034
0.06158
0.06885
0.01110
0.00134
0.02103
0.02100
0.06976
0.08534
0.08624
0.08707
0.13765
0.15818
0.15979
0.15479
0.18920
0.20251
0.18758
0.17792
0.15453
0.19522
0.23004
0.21865
0.20732
0.21312
0.20832
0.23430
0.24546
0.26475
0.29070
0.28345
0.25442
0.27286
0.27439
0.26224
0.25951
0.29381
0.31551
0.30634
0.28524
0.25830
0.24921
0.22321
0.20041
0.17012
0.15886
0.17521
0.19007
0.16702
0.18072
0.18859
0.21861
0.23296
0.22825
0.24993
0.26586
0.27847
0.27719
0.27357
0.24216
0.21061
0.22144
0.22785
0.21704
0.21436
0.20115
0.18163
0.19852
0.18107
0.18258
0.17701
0.21045
0.24841
0.24357
0.26819
0.28822
0.28841
0.32440
0.33256
0.32240
0.31567
0.26498
0.21334
0.19653
0.17525
0.21793
0.22715
0.26705
0.26418
0.26566
0.27657
0.31718
0.31926
0.33545
0.33968
0.32590
0.30312
0.32357
0.32357
0.35085
0.36224
0.36121
0.37690
0.38861
0.39204
0.36155
0.39142
0.40177
0.44350
0.44063
0.44060
0.42729
0.46652
0.46338
0.46245
0.43656
0.43280
0.39170
0.39833
0.38462
0.40618
0.40142
0.40447
0.34607
0.37498
0.40088
0.38973
0.38130
0.38726
0.35975
0.36970
0.34174
0.36067
0.35706
0.39779
0.43100
0.41983
0.43322
0.41530
0.45037
0.41414
0.42557
0.42030
0.44066
0.43130
0.43978
0.40898
0.41998
0.43324
0.38967
0.40620
0.41287
0.42500
0.42950
0.43822
0.44252
0.45186
0.42348
0.39076
0.38311
0.37594
0.39533
0.39813
0.39731
0.39298
0.36989
0.34937
0.40241
0.37615
0.37284
0.37988
0.41520
0.42419
0.41294
0.38489
0.38678
0.37357
0.37538
0.41494
0.48288
0.44717
0.45278
0.46980
0.49172
0.49000
0.48183
0.50396
0.52371
0.54153
0.56747
0.58739
0.57158
0.55876
0.55496
0.59355
0.60572
0.59825
0.61298
0.63179
0.62767
0.64029
0.59390
0.61552
0.65189
0.64725
0.60085
0.57323
0.57451
0.54827
0.53887
0.54056
0.55013
0.52685
0.52997
0.56803
0.54471
0.52729
0.50367
0.47819
0.46278
0.42674
0.42114
0.44077
0.46717
0.46599
0.44883
0.42652
0.45840
0.45658
0.45119
0.45506
0.46356
0.42239
0.42110
0.39948
0.38589
0.38817
0.40559
0.41186
0.41799
0.41432
0.41470
0.38240
0.40503
0.40761
0.39094
0.39313
0.38244
0.34201
0.31065
0.33115
0.32129
0.34067
0.35044
0.35785
0.33696
0.34225
0.30547
0.31063
0.28469
0.26540
0.26779
0.28420
0.29523
0.28385
0.31913
0.32766
0.31814
0.34429
0.31599
0.28708
0.29561
0.26658
0.26982
0.24616
0.26198
0.29335
0.31971
0.34003
0.35251
0.36049
0.33473
0.33918
0.34089
0.31546
0.31587
0.35003
0.36031
0.34992
0.35391
0.36268
0.36642
0.36317
0.37899
0.36656
0.38207
0.37712
0.36903
0.37613
0.40071
0.41722
0.38823
0.37676
0.40845
0.42681
0.42474
0.44144
0.39261
0.39028
0.39355
0.39858
0.36043
0.35531
0.40651
0.39038
0.39558
0.40725
0.40731
0.41953
0.43047
0.40879
0.39019
0.37692
0.37195
0.39763
0.38725
0.37153
0.40425
0.41168
0.40729
0.37979
0.38681
0.42461
0.41731
0.48851
0.46406
0.45191
0.41196
0.38063
0.36622
0.39952
0.39541
0.38863
0.36400
0.37668
0.38458
0.40303
0.41723
0.38827
0.40424
0.37917
0.39075
0.39841
0.40756
0.41770
0.40342
0.40609
0.40617
0.43399
0.45408
0.45989
0.46290
0.43883
0.41947
0.40831
0.41892
0.43220
0.44116
0.43799
0.46535
0.43293
0.39003
0.39388
0.42866
0.44040
0.41611
0.40977
0.38767
0.40163
0.42236
0.44169
0.43711
0.40978
0.38820
0.40289
0.39163
0.39531
0.39086
0.40981
0.44413
0.48374
0.46030
0.46329
0.46711
0.46057
0.44493
0.42653
0.43552
0.35567
0.37357
0.33775
0.33253
0.34061
0.32114
0.32161
0.32029
0.30178
0.27118
0.28207
0.29631
0.30585
0.30799
0.27719
0.26135
0.27732
0.26696
0.23839
0.22128
0.21949
0.22205
0.22897
0.24675
0.26085
0.25569
0.25593
0.27628
0.27829
0.26686
0.29257
0.32503
0.33632
0.34084
0.37020
0.36731
0.35785
0.36976
0.38403
0.37099
0.37939
0.34650
0.28840
0.29999
0.26422
0.25354
0.21595
0.19876
0.17089
0.17564
0.24166
0.25051
0.25315
0.26358
0.28506
0.32185
0.32835
0.29501
0.31348
0.29409
0.30982
0.31472
0.24712
0.25141
0.27257
0.23783
0.21565
0.20830
0.19381
0.18487
0.17820
0.20610
0.21089
0.21089
0.19417
0.15529
0.17465
0.24254
0.23897
0.25075
0.24090
0.24381
0.22820
0.23373
0.21828
0.24888
0.26118
0.23607
0.24436
0.25102
0.21428
0.14657
0.18304
0.18601
0.20900
0.21694
0.22894
0.22020
0.22028
0.21513
0.19678
0.20376
0.20078
0.21208
0.21858
0.20421
0.20851
0.20929
0.20105
0.24237
0.22812
0.21074
0.18895
0.19171
0.20106
0.19592
0.18481
0.22052
0.22895
0.23850
0.26726
0.28675
0.27425
0.27427
0.24756
0.22564
0.25357
0.20269
0.21279
0.21568
0.17251
0.19417
0.19364
0.22119
0.24102
0.22789
0.24580
0.23001
0.24651
0.26343
0.21457
0.18666
0.22195
0.22298
0.26306
0.22165
0.19212
0.15605
0.16695
0.18672
0.18079
0.17848
0.17906
0.15742
0.12691
0.14782
0.15322
0.17662
0.20781
0.27657
0.25499
0.25967
0.31039
0.28872
0.25356
0.25437
0.22257
0.20563
0.21659
0.23011
0.20819
0.18584
0.17035
0.19100
0.18124
0.19168
0.19911
0.18884
0.19406
0.20358
0.22146
0.22869
0.21700
0.21343
0.19554
0.18598
0.20415
0.22017
0.21780
0.23728
0.24200
0.20456
0.21448
0.18929
0.16060
0.16521
0.13922
0.13803
0.13458
0.13978
0.12129
0.11175
0.09726
0.10545
0.08413
0.11290
0.10201
0.08873
0.09174
0.06741
0.07823
0.07823
0.10220
0.09556
0.08106
0.08323
0.07780
0.07240
0.07824
0.06733
0.08025
0.10445
0.08807
0.09781
0.10852
0.08833
0.07688
0.10161
0.09656
0.09175
0.10244
0.09918
0.11829
0.10977
0.10826
0.10180
0.10876
0.12178
0.13747
0.14702
0.14349
0.12760
0.13262
0.12361
0.07378
0.08994
0.12602
0.13306
0.13380
0.13645
0.12153
0.11042
0.11735
0.08443
0.08629
0.07585
0.08012
0.08260
0.09300
0.11866
0.11354
0.12623
0.16492
0.16915
0.20307
0.17990
0.14966
0.15951
0.10302
0.09178
0.10276
0.09373
0.09461
0.08064
0.09341
0.11536
0.05741
0.01016
0.01174
0.02299
0.04518
0.03302
0.03386
0.08108
0.07674
0.06930
0.06270
0.04349
0.06845
0.02481
0.03964
0.05835
0.00000
0.00294
0.01672
0.01650
0.03849
0.07030
0.04767
0.07032
0.03518
0.03654
0.00472
0.01657
0.04043
0.02693
0.02678
0.01847
0.02810
0.03082
0.01893
0.00840
0.00000
0.02762
0.02436
0.04435
0.05422
0.02004
0.03140
0.02852
0.02863
0.02426
0.02149
0.04043
0.03504
0.03545
0.05949
0.03118
0.00098
0.00236
0.04730
0.06078
0.06280
0.07427
0.06159
0.09506
0.07585
0.08924
0.07247
0.07477
0.05157
0.03623
0.06669
0.06563
0.13033
0.11087
0.11288
0.07382
0.12184
0.15864
0.15212
0.15530
0.09128
0.08791
0.08097
0.08622
0.09435
0.04632
0.04729
0.04729
0.07591
0.06065
0.07058
0.06051
0.07163
0.05698
0.10446
0.12585
0.14220
0.12849
0.11036
0.15218
0.11908
0.15425
0.09997
0.11518
0.15015
0.13647
0.14609
0.12938
0.13598
0.12934
0.11434
0.11428
0.11434
0.10457
0.10193
0.10746
0.14061
0.15513
0.16382
0.17581
0.18971
0.19049
0.17892
0.16709
0.20016
0.15227
0.15181
0.12679
0.10178
0.07040
0.08132
0.10563
0.10501
0.14035
0.14538
0.16539
0.13144
0.11497
0.08964
0.04300
0.05624
0.10633
0.12844
0.13643
0.12079
0.12620
0.15848
0.12310
0.11375
0.10419
0.09987
0.07298
0.07576
0.05831
0.06689
0.05203
0.09363
0.09856
0.11876
0.13665
0.14966
0.12872
0.12872
0.13513
0.12385
0.15234
0.13732
0.15952
0.17612
0.11206
0.11187
0.10538
0.10999
0.10862
0.10991
0.13177
0.14810
0.14324
0.14637
0.15429
0.14964
0.12732
0.11594
0.11665
0.06772
0.07981
0.06428
0.07273
0.09207
0.12722
0.10997
0.10246
0.14494
0.17710
0.20180
0.18010
0.21318
0.18353
0.10799
0.09235
0.09985
0.13367
0.15689
0.14211
0.14224
0.14845
0.15038
0.12257
0.15651
0.15920
0.13314
0.12094
0.06813
0.04808
0.03248
0.07383
0.03901
0.05200
0.02572
0.01043
0.09115
0.11053
0.11187
0.11944
0.10867
0.11008
0.10711
0.13462
0.16463
0.15720
0.19684
0.25766
0.24676
0.22628
0.23730
0.25296
0.23018
0.22822
0.22673
0.25048
0.22432
0.22853
0.18524
0.20591
0.21276
0.23161
0.24988
0.23849
0.22401
0.20995
0.25887
0.26388
0.28257
0.26123
0.27719
0.27912
0.29096
0.31354
0.25466
0.29035
0.27852
0.25527
0.27061
0.29984
0.28902
0.28287
0.29897
0.34245
0.33316
0.36228
0.37555
0.40392
0.39919
0.38552
0.40139
0.34666
0.30873
0.31327
0.30545
0.29079
0.29144
0.27712
0.28899
0.26532
0.26940
0.28533
0.34663
0.34153
0.33325
0.35713
0.37144
0.37651
0.36333
0.35121
0.34192
0.34264
0.36164
0.35747
0.36134
0.36113
0.36477
0.33422
0.29547
0.32491
0.29543
0.29757
0.26650
0.27967
0.30342
0.33704
0.33244
0.34333
0.33109
0.35550
0.36438
0.35579
0.33692
0.31314
0.30735
0.31602
0.30857
0.29781
0.29537
0.29612
0.27334
0.29509
0.30556
0.29722
0.28182
0.25896
0.27310
0.25557
0.24477
0.22222
0.23618
0.27064
0.26351
0.25150
0.26311
0.29520
0.28710
0.29500
0.29195
0.28342
0.26444
0.24950
0.25832
0.25139
0.27596
0.27743
0.31932
0.29366
0.27362
0.30835
0.31400
0.31316
0.26123
0.26506
0.25358
0.24598
0.23759
0.25747
0.25287
0.27633
0.27749
0.25376
0.23577
0.24707
0.23817
0.22953
0.26509
0.29245
0.22102
0.22924
0.25874
0.25994
0.26228
0.26112
0.23441
0.22523
0.22827
0.22602
0.19597
0.21784
0.22171
0.20832
0.19758
0.19362
0.19225
0.16074
0.18971
0.15758
0.15948
0.13891
0.13802
0.18512
0.21035
0.23605
0.27282
0.28126
0.29351
0.28952
0.28304
0.28638
0.34514
0.35115
0.35960
0.33590
0.30927
0.29751
0.30269
0.28883
0.30063
0.26943
0.28474
0.28132
0.23956
0.25959
0.25008
0.22207
0.21869
0.18335
0.18986
0.15412
0.16351
0.16358
0.15648
0.14415
0.10596
0.10494
0.09175
0.08338
0.07699
0.05297
0.06265
0.06687
0.07369
0.07807
0.07524
0.04805
0.08183
0.06002
0.04283
0.03224
0.00000
0.01448
0.03546
0.06457
0.12628
0.13798
0.16971
0.17187
0.18878
0.21233
0.20387
0.19880
0.15988
0.16107
0.17018
0.22844
0.28321
0.26504
0.25896
0.25143
0.21124
0.22709
0.22147
0.15995
0.15389
0.17763
0.19377
0.14720
0.13987
0.16160
0.16959
0.13564
0.14176
0.11140
0.12414
0.05317
0.05065
0.07511
0.09604
0.06951
0.05650
0.07531
0.05183
0.02995
0.02592
0.01750
0.01829
0.04370
0.03953
0.04452
0.03572
0.06144
0.05412
0.05688
0.07281
0.09219
0.08288
0.13243
0.14556
0.18191
0.16715
0.12930
0.13275
0.14785
0.13983
0.16086
0.17797
0.20221
0.20845
0.20495
0.20081
0.21716
0.22111
0.21167
0.21424
0.17802
0.18209
0.19288
0.20244
0.16510
0.16735
0.17701
0.16793
0.16645
0.16093
0.15241
0.12783
0.13936
0.13212
0.13043
0.12973
0.14861
0.13647
0.19134
0.14671
0.19882
0.18338
0.15002
0.14255
0.16008
0.14256
0.14738
0.15241
0.18411
0.19542
0.20332
0.18085
0.17482
0.16482
0.17169
0.14575
0.14496
0.12672
0.10566
0.07353
0.01922
0.05008
0.03315
0.03690
0.04958
0.03326
0.05065
0.04926
0.05229
0.03140
0.05521
0.05770
0.07581
0.10139
0.12094
0.14191
0.16405
0.19511
0.21848
0.20914
0.20438
0.21448
0.23573
0.28014
0.28143
0.30355
0.26651
0.24228
0.24038
0.23148
0.18039
0.18571
0.14849
0.13284
0.17916
0.21268
0.21487
0.23497
0.22898
0.21251
0.23605
0.24602
0.25462
0.24663
0.27439
0.25224
0.25878
0.23870
0.23672
0.22414
0.21041
0.16584
0.16673
0.16681
0.16381
0.11900
0.12438
0.11849
0.13118
0.11040
0.07067
0.06420
0.05963
0.08862
0.10781
0.14797
0.16213
0.13443
0.14544
0.14927
0.15071
0.12113
0.09831
0.11736
0.15182
0.13238
0.11878
0.11611
0.13903
0.09549
0.11874
0.11693
0.13093
0.10091
0.10440
0.13457
0.13679
0.12373
0.15458
0.17250
0.17144
0.12568
0.04513
0.05610
0.06638
0.06801
0.05977
0.08327
0.07555
0.06854
0.02413
0.00862
0.02677
0.01317
0.04687
0.05448
0.07189
0.05116
0.02828
0.00994
0.00018
0.03137
0.03476
0.00000
0.01048
0.02978
0.05319
0.03976
0.02822
0.04523
0.07497
0.08343
0.09872
0.12144
0.12121
0.08872
0.07417
0.10358
0.10012
0.10888
0.09833
0.11208
0.11322
0.07914
0.06817
0.04881
0.06813
0.08345
0.07826
0.08720
0.08856
0.11975
0.12596
0.13736
0.14218
0.14936
0.13219
0.14567
0.15004
0.17002
0.20678
0.23517
0.26735
0.23496
0.20835
0.20394
0.19677
0.19042
0.16866
0.15426
0.13081
0.14453
0.14504
0.16911
0.19593
0.16435
0.17730
0.22592
0.21673
0.20701
0.23015
0.23704
0.23430
0.23944
0.24036
0.22539
0.19553
0.20086
0.18069
0.13879
0.14275
0.15843
0.17950
0.18249
0.20427
0.21158
0.20596
0.18392
0.16571
0.19449
0.16832
0.16357
0.17324
0.16936
0.14513
0.15708
0.16978
0.20825
0.22364
0.21156
0.21428
0.20710
0.19793
0.18884
0.21429
0.20787
0.22987
0.22393
0.20491
0.20307
0.19602
0.16753
0.16973
0.16315
0.14666
0.17371
0.17547
0.18687
0.19371
0.14883
0.12563
0.12714
0.13794
0.15261
0.16342
0.16240
0.11944
0.10660
0.05454
0.05647
0.08173
0.05843
0.01888
0.04716
0.03724
0.04067
0.05910
0.03885
0.03307
0.01564
0.02345
0.03435
0.08343
0.10412
0.07807
0.03664
0.04191
0.04916
0.04808
0.05701
0.06812
0.09591
0.10141
0.09791
0.12813
0.14263
0.12469
0.12468
0.14061
0.13939
0.12830
0.10653
0.08093
0.08189
0.10139
0.04095
0.05210
0.06669
0.08505
0.09843
0.09600
0.09570
0.10452
0.10536
0.12706
0.10736
0.10716
0.10542
0.04591
0.04508
0.04182
0.06410
0.05758
0.08890
0.06566
0.07686
0.10645
0.09110
0.06132
0.05669
0.06421
0.02072
0.01456
0.04235
0.03414
0.01237
0.01798
0.00010
0.00002
0.03624
0.04153
0.04814
0.06836
0.06795
0.07402
0.08874
0.07394
0.05776
0.09015
0.09059
0.06124
0.07950
0.07842
0.08207
0.07684
0.08388
0.10294
0.04006
0.00808
0.04970
0.02992
0.04245
0.01768
0.02106
0.03276
0.04837
0.06637
0.09783
0.09108
0.04020
0.03368
0.04855
0.11655
0.09839
0.12186
0.13163
0.10128
0.06264
0.08401
0.05250
0.02929
0.03021
0.02477
0.00000
0.00000
0.02176
0.02924
0.03973
0.03956
0.08263
0.10847
0.09003
0.03746
0.05499
0.06077
0.07479
0.09075
0.11953
0.09871
0.07881
0.06410
0.12483
0.11208
0.11840
0.12751
0.12273
0.13073
0.13245
0.16211
0.16065
0.15752
0.17671
0.17102
0.16552
0.16552
0.18241
0.19367
0.20054
0.20107
0.19409
0.18995
0.17147
0.17250
0.18359
0.18303
0.19175
0.18107
0.15935
0.13336
0.11360
0.09947
0.08011
0.11214
0.10238
0.08469
0.06294
0.10021
0.05605
0.01159
0.00000
0.00097
0.01263
0.02915
0.06434
0.08635
0.07951
0.11265
0.10674
0.09548
0.06347
0.05251
0.04352
0.05284
0.02443
0.01164
0.00070
0.05253
0.05350
0.05209
0.04915
0.05483
0.08678
0.08890
0.08515
0.07972
0.07953
0.07879
0.09652
0.08194
0.08580
0.09755
0.11092
0.08442
0.07628
0.11731
0.11195
0.07781
0.09674
0.09023
0.07479
0.08981
0.10679
0.11488
0.10542
0.12065
0.12015
0.11986
0.12205
0.12944
0.10556
0.10357
0.10710
0.09931
0.15619
0.13056
0.11635
0.09709
0.12622
0.11526
0.08556
0.09238
0.07845
0.09306
0.10234
0.09031
0.09478
0.09389
0.03179
0.03536
0.04444
0.05177
0.06418
0.08092
0.08137
0.08101
0.09484
0.07381
0.08518
0.05655
0.07255
0.08751
0.10096
0.08223
0.10478
0.10395
0.11715
0.10911
0.13449
0.13943
0.11931
0.11587
0.13380
0.15307
0.13750
0.11122
0.11941
0.07424
0.05636
0.05532
0.08456
0.11499
0.11743
0.10916
0.13012
0.12664
0.15433
0.19297
0.17731
0.14928
0.10898
0.09819
0.11954
0.11437
0.07612
0.08498
0.06572
0.08589
0.06956
0.07063
0.08134
0.10867
0.07747
0.07112
0.07113
0.06616
0.03121
0.03470
0.02879
0.04742
0.06270
0.06270
0.05292
0.07034
0.05374
0.10067
0.08721
0.08481
0.08516
0.12092
0.12556
0.08261
0.10887
0.12397
0.10692
0.08872
0.07117
0.09365
0.06241
0.10724
0.11716
0.10073
0.06730
0.07239
0.04581
0.06408
0.03565
0.01824
0.02610
0.03304
0.05120
0.02978
0.04866
0.03842
0.02731
0.02699
0.03126
0.06163
0.04095
0.03441
0.04567
0.05066
0.03426
0.01637
0.04661
0.05213
0.06800
0.14291
0.13732
0.08158
0.11114
0.10493
0.12090
0.13259
0.13285
0.15508
0.14424
0.15839
0.16934
0.16914
0.15928
0.14597
0.13498
0.13287
0.12180
0.13724
0.13910
0.16090
0.14927
0.12422
0.12865
0.05757
0.08579
0.06322
0.01677
0.01005
0.03643
0.05152
0.05205
0.05630
0.06262
0.06262
0.05388
0.07681
0.05738
0.06684
0.05965
0.04401
0.04803
0.03171
0.01433
0.00000
0.02577
0.05593
0.08540
0.06421
0.02986
0.04613
0.05279
0.07406
0.08396
0.04793
0.01076
0.00875
0.00017
0.03759
0.04979
0.07893
0.11131
0.14135
0.13060
0.11685
0.12015
0.12047
0.11200
0.12734
0.10329
0.10568
0.10401
0.13664
0.11957
0.09061
0.04914
0.09055
0.10720
0.14042
0.15257
0.13328
0.12122
0.17394
0.16393
0.19655
0.21215
0.16893
0.16490
0.19226
0.21465
0.24302
0.26545
0.29464
0.30068
0.30076
0.27775
0.27629
0.30451
0.31713
0.36787
0.32727
0.29704
0.24595
0.21144
0.19407
0.18828
0.21126
0.19442
0.20567
0.23516
0.20289
0.18143
0.16904
0.16780
0.19783
0.20052
0.18848
0.19162
0.23087
0.21616
0.21140
0.19062
0.19508
0.17648
0.15194
0.16823
0.19056
0.13793
0.11561
0.10903
0.09271
0.05625
0.05683
0.07638
0.04797
0.06569
0.05116
0.08191
0.08624
0.09633
0.08752
0.10715
0.06889
0.09016
0.10482
0.09315
0.10283
0.08572
0.10720
0.13784
0.14394
0.13518
0.13456
0.16324
0.20466
0.22991
0.25254
0.24122
0.25333
0.25916
0.26895
0.29540
0.30433
0.32327
0.29148
0.25226
0.28512
0.32101
0.32681
0.33799
0.35621
0.36841
0.39179
0.35867
0.33730
0.32509
0.33085
0.28008
0.34208
0.35440
0.35401
0.35862
0.37788
0.40664
0.40424
0.39990
0.42262
0.41791
0.38371
0.40384
0.38236
0.35329
0.33685
0.33274
0.31900
0.29924
0.28979
0.24115
0.24539
0.18784
0.18210
0.17555
0.19380
0.16021
0.17480
0.22289
0.24896
0.27170
0.23624
0.18881
0.20098
0.20176
0.21165
0.19564
0.20039
0.20441
0.23826
0.27473
0.28609
0.26155
0.28493
0.25957
0.27690
0.26086
0.24936
0.23470
0.26365
0.27261
0.24128
0.24432
0.20827
0.20128
0.23267
0.21448
0.22776
0.22044
0.20180
0.23007
0.26046
0.26157
0.24802
0.26642
0.27881
0.25977
0.29154
0.26670
0.26878
0.24042
0.25242
0.25662
0.25665
0.23700
0.21898
0.22219
0.21044
0.18912
0.20087
0.22758
0.22987
0.18105
0.20084
0.20873
0.20205
0.24279
0.23193
0.23221
0.25870
0.23777
0.24385
0.22879
0.26206
0.30010
0.29988
0.30977
0.34511
0.36470
0.36702
0.38039
0.37437
0.36741
0.40941
0.41012
0.40943
0.39766
0.43069
0.43108
0.47223
0.47902
0.48829
0.47981
0.44110
0.40928
0.38028
0.37750
0.36492
0.33360
0.32727
0.28971
0.30558
0.31582
0.29968
0.28608
0.30029
0.26374
0.26457
0.26403
0.26527
0.27205
0.26716
0.26319
0.27863
0.30057
0.30806
0.28272
0.31226
0.32638
0.31722
0.33162
0.33209
0.26837
0.28530
0.28300
0.26454
0.23249
0.23041
0.24536
0.28344
0.29681
0.27036
0.24943
0.24672
0.22792
0.21867
0.20732
0.22292
0.22318
0.20958
0.21643
0.20026
0.17429
0.14291
0.13160
0.12842
0.12606
0.11622
0.10614
0.09106
0.09139
0.10452
0.06603
0.07735
0.09848
0.10555
0.11095
0.11748
0.12474
0.10710
0.11420
0.11483
0.10278
0.10857
0.12601
0.14194
0.10189
0.11132
0.07568
0.04238
0.07536
0.03086
0.06904
0.07626
0.09927
0.08180
0.09716
0.10450
0.08853
0.10708
0.11094
0.10765
0.10279
0.11088
0.09022
0.07539
0.08368
0.09900
0.13391
0.13844
0.14439
0.12922
0.08351
0.11087
0.12100
0.09586
0.11078
0.14417
0.11505
0.11853
0.11480
0.10608
0.10945
0.13958
0.14310
0.14350
0.14293
0.14092
0.14535
0.13526
0.13613
0.08379
0.05485
0.05542
0.01750
0.00745
0.03594
0.06817
0.10077
0.10221
0.12249
0.10915
0.13530
0.16077
0.16085
0.14611
0.18021
0.18526
0.14281
0.12768
0.11434
0.11424
0.07956
0.07464
0.03911
0.03911
0.05115
0.06856
0.05800
0.03947
0.05144
0.05143
0.05826
0.09056
0.05208
0.03318
0.05300
0.07115
0.07697
0.09380
0.13686
0.12291
0.14017
0.13884
0.12049
0.14751
0.16077
0.15631
0.15238
0.17849
0.17684
0.17641
0.20817
0.19711
0.16579
0.16966
0.19646
0.22445
0.20196
0.17557
0.18126
0.19805
0.20949
0.22363
0.21791
0.20828
0.17244
0.17036
0.17111
0.19370
0.16336
0.18675
0.17261
0.17829
0.18944
0.20103
0.15395
0.18129
0.15305
0.18032
0.18812
0.17100
0.15327
0.17852
0.16410
0.13373
0.16020
0.17824
0.20424
0.21137
0.22392
0.26526
0.24279
0.24728
0.27713
0.28866
0.29590
0.27911
0.29367
0.29431
0.30276
0.29152
0.32101
0.33791
0.31205
0.30319
0.30056
0.28546
0.28729
0.28863
0.32792
0.31773
0.32434
0.30162
0.30976
0.32413
0.31727
0.32711
0.32962
0.33108
0.35001
0.37526
0.28148
0.29658
0.32496
0.37376
0.34153
0.32901
0.32502
0.32079
0.35503
0.35261
0.31837
0.31776
0.33472
0.33672
0.33098
0.32352
0.30786
0.32847
0.35101
0.34012
0.33724
0.29687
0.28947
0.28873
0.25401
0.23784
0.23338
0.22452
0.22290
0.22189
0.22675
0.21829
0.22879
0.19536
0.18638
0.19142
0.17458
0.18037
0.15308
0.16358
0.14006
0.13450
0.12566
0.14947
0.15410
0.17730
0.17144
0.17318
0.20442
0.19473
0.19021
0.21384
0.22004
0.17622
0.19647
0.19788
0.18373
0.17813
0.18299
0.18317
0.15766
0.12240
0.12925
0.12902
0.14373
0.15364
0.13800
0.14704
0.17238
0.18480
0.18976
0.18434
0.21444
0.22246
0.24792
0.24094
0.23157
0.23323
0.17680
0.14667
0.12155
0.09610
0.08492
0.05900
0.06225
0.06610
0.09826
0.07737
0.07690
0.06057
0.08709
0.08832
0.07116
0.06144
0.04381
0.04677
0.05789
0.01571
0.01528
0.02792
0.02279
0.04794
0.02499
0.01063
0.02037
0.01070
0.02365
0.03307
0.06633
0.10492
0.08772
0.07079
0.04854
0.05940
0.06844
0.07326
0.06345
0.09547
0.12831
0.10383
0.12609
0.11935
0.12118
0.10128
0.10319
0.12112
0.11575
0.12015
0.12786
0.12866
0.17323
0.19316
0.19135
0.14822
0.15003
0.13398
0.16724
0.22393
0.25876
0.27061
0.28190
0.28014
0.27807
0.28360
0.25894
0.25436
0.23841
0.20855
0.18641
0.17390
0.15832
0.14925
0.13402
0.12695
0.11301
0.10848
0.09251
0.09097
0.06872
0.08467
0.19573
0.22640
0.19550
0.15416
0.14454
0.14221
0.14812
0.10989
0.13462
0.14618
0.13372
0.15305
0.16692
0.22719
0.20423
0.19153
0.22848
0.24558
0.20139
0.14763
0.10533
0.10670
0.11067
0.11150
0.12899
0.13127
0.11365
0.14885
0.14668
0.16845
0.19215
0.19866
0.19872
0.21978
0.21757
0.22604
0.26714
0.23150
0.27758
0.25242
0.27509
0.28610
0.30327
0.28867
0.27917
0.25056
0.25681
0.23153
0.22165
0.22234
0.24536
0.23111
0.25563
0.25866
0.29906
0.30065
0.30296
0.31201
0.30831
0.31372
0.30998
0.30652
0.30222
0.29045
0.31115
0.32846
0.33943
0.34118
0.33727
0.36065
0.32686
0.31752
0.25974
0.26233
0.26583
0.31338
0.32433
0.32825
0.34983
0.35493
0.34265
0.31265
0.31147
0.31909
0.29441
0.26837
0.27836
0.27909
0.28271
0.28320
0.28171
0.31131
0.38156
0.34080
0.34388
0.39383
0.41149
0.45409
0.45915
0.44348
0.40984
0.39122
0.39228
0.37182
0.35377
0.34693
0.30753
0.32233
0.32419
0.32137
0.32840
0.32223
0.33017
0.31762
0.30381
0.31438
0.28525
0.26241
0.27717
0.26557
0.26530
0.25617
0.24720
0.23730
0.22107
0.21033
0.22112
0.24619
0.21168
0.19192
0.16809
0.14443
0.14264
0.16172
0.13064
0.12120
0.11240
0.11725
0.15047
0.13874
0.14160
0.10563
0.11067
0.11091
0.09704
0.13227
0.18226
0.18915
0.19179
0.22905
0.24099
0.23307
0.21146
0.22221
0.19985
0.17977
0.16278
0.15663
0.17174
0.17447
0.18742
0.17065
0.15860
0.15906
0.16101
0.14004
0.13078
0.14065
0.10630
0.12723
0.14666
0.12058
0.14121
0.11774
0.11341
0.11875
0.04717
0.04957
0.04586
0.04518
0.03935
0.04264
0.03799
0.06946
0.08152
0.07881
0.08450
0.07920
0.08715
0.11711
0.14068
0.13226
0.11075
0.09448
0.06906
0.05206
0.08371
0.09872
0.09619
0.08591
0.09837
0.15149
0.15615
0.11596
0.16959
0.19325
0.18271
0.19103
0.20319
0.20400
0.18128
0.16888
0.16659
0.16722
0.15431
0.15882
0.17147
0.14964
0.14281
0.13636
0.13383
0.12906
0.10909
0.11812
0.10713
0.05455
0.02788
0.02942
0.04339
0.05598
0.04708
0.03755
0.02540
0.01995
0.00832
0.04510
0.04127
0.04131
0.05093
0.04079
0.00000
0.02177
0.00374
0.00942
0.01000
0.02863
0.02513
0.01167
0.05106
0.03693
0.05709
0.02831
0.05321
0.05322
0.02860
0.06175
0.06762
0.04361
0.08408
0.09944
0.06513
0.04953
0.08370
0.05872
0.02220
0.08183
0.08608
0.06533
0.06264
0.06462
0.07845
0.09571
0.09339
0.07190
0.07128
0.07499
0.09804
0.09998
0.10991
0.09961
0.06853
0.10793
0.09051
0.07923
0.07407
0.06889
0.08636
0.13125
0.12452
0.15302
0.16117
0.19610
0.20891
0.20132
0.20530
0.18909
0.18678
0.17961
0.16162
0.17280
0.17483
0.13757
0.17991
0.22479
0.22927
0.22623
0.23069
0.22626
0.19556
0.19387
0.18029
0.19032
0.22245
0.21908
0.23349
0.24563
0.22260
0.25367
0.23636
0.24105
0.24674
0.24995
0.21997
0.23860
0.24382
0.27242
0.29640
0.29672
0.29239
0.29947
0.28492
0.30387
0.31999
0.29914
0.30952
0.35883
0.37251
0.35231
0.35155
0.33471
0.34837
0.33571
0.35940
0.35351
0.34904
0.33900
0.32553
0.31364
0.28547
0.30128
0.32786
0.30747
0.33995
0.32051
0.32099
0.31978
0.31662
0.34840
0.33155
0.29723
0.29104
0.29589
0.28244
0.28121
0.30345
0.29676
0.31843
0.33162
0.33148
0.31468
0.28230
0.26176
0.28573
0.26705
0.25630
0.26817
0.26939
0.27799
0.25613
0.27440
0.26265
0.30703
0.32589
0.31798
0.29662
0.26991
0.25979
0.22383
0.21855
0.20880
0.21769
0.22734
0.25784
0.24782
0.26248
0.27601
0.29119
0.28474
0.25950
0.27114
0.29270
0.29581
0.30772
0.28510
0.32246
0.29168
0.26659
0.23869
0.22298
0.21120
0.19661
0.20510
0.20519
0.22008
0.21521
0.22161
0.21592
0.14211
0.13984
0.15714
0.19448
0.18943
0.16876
0.15595
0.15770
0.13663
0.16031
0.18344
0.18344
0.19980
0.20973
0.17245
0.15395
0.16132
0.19310
0.15870
0.16226
0.20328
0.19057
0.16233
0.14659
0.16093
0.19658
0.22954
0.24029
0.21356
0.19738
0.16490
0.17375
0.17405
0.18378
0.17801
0.15636
0.15525
0.15584
0.19083
0.19330
0.20198
0.19485
0.23168
0.22086
0.23660
0.25085
0.26183
0.24132
0.23072
0.22352
0.24983
0.29742
0.29355
0.26956
0.23537
0.18877
0.16575
0.18217
0.18099
0.18345
0.18988
0.18647
0.18770
0.18847
0.18795
0.15920
0.12909
0.11480
0.16570
0.14666
0.11544
0.07238
0.06454
0.11155
0.11483
0.10875
0.10971
0.09327
0.10067
0.10149
0.06851
0.07777
0.09548
0.11927
0.13691
0.17915
0.13528
0.14371
0.14794
0.17228
0.15813
0.16363
0.16005
0.14140
0.15151
0.13310
0.12305
0.14397
0.13216
0.12066
0.10931
0.09036
0.10289
0.08989
0.02736
0.05197
0.04964
0.05668
0.06632
0.06287
0.06430
0.05733
0.06771
0.09586
0.10746
0.08107
0.08897
0.11687
0.06261
0.07906
0.08481
0.08978
0.12215
0.15967
0.17094
0.16451
0.18368
0.19839
0.18785
0.18785
0.14465
0.13407
0.13242
0.11229
0.15582
0.15698
0.15039
0.14856
0.15758
0.17072
0.16592
0.16887
0.16043
0.15462
0.13589
0.13054
0.10186
0.09260
0.08594
0.08482
0.07241
0.08940
0.08849
0.12831
0.07802
0.11921
0.13395
0.12477
0.07188
0.06906
0.06575
0.04883
0.04880
0.00114
0.03647
0.05780
0.04141
0.02885
0.02178
0.02521
0.01866
0.01614
0.04406
0.06106
0.06798
0.08357
0.13232
0.14479
0.14211
0.18542
0.17979
0.14939
0.15680
0.16476
0.19912
0.20112
0.19563
0.17212
0.14927
0.15451
0.14877
0.12915
0.13907
0.13663
0.12638
0.12056
0.11383
0.13327
0.09622
0.09613
0.10143
0.08406
0.08977
0.15094
0.14676
0.15292
0.14086
0.14453
0.14244
0.14100
0.18173
0.17109
0.15950
0.19383
0.23907
0.23015
0.23107
0.22392
0.21129
0.24652
0.22660
0.19117
0.18069
0.22629
0.20943
0.16005
0.14602
0.15882
0.09602
0.08792
0.10633
0.10881
0.09167
0.07376
0.10338
0.13196
0.12167
0.11257
0.11638
0.14348
0.16803
0.14491
0.16533
0.16672
0.17648
0.17607
0.16527
0.15396
0.11297
0.08907
0.07782
0.07601
0.08064
0.11986
0.15348
0.19764
0.19100
0.20460
0.24220
0.23763
0.17367
0.20684
0.25229
0.20533
0.23193
0.21999
0.21581
0.24914
0.24625
0.21449
0.21065
0.24274
0.26932
0.26105
0.29598
0.28854
0.24429
0.24775
0.24305
0.25113
0.24660
0.25639
0.28063
0.28223
0.31110
0.29057
0.25191
0.28106
0.27869
0.25867
0.25036
0.26385
0.26498
0.27388
0.25311
0.27598
0.28242
0.28299
0.33186
0.32796
0.32293
0.30324
0.31294
0.29584
0.32473
0.30780
0.32953
0.27447
0.26750
0.28052
0.27392
0.25697
0.26928
0.27656
0.25383
0.26128
0.23893
0.20767
0.20763
0.21642
0.22739
0.24802
0.22716
0.23258
0.22884
0.24126
0.21631
0.22638
0.22587
0.19980
0.19417
0.18003
0.20361
0.17469
0.15075
0.18219
0.17571
0.14957
0.14417
0.16283
0.15003
0.11811
0.09023
0.09683
0.07978
0.09464
0.11456
0.09625
0.09492
0.12334
0.12068
0.12275
0.10404
0.10289
0.07337
0.07643
0.07340
0.06738
0.07660
0.10130
0.08496
0.06747
0.05017
0.06759
0.04692
0.07386
0.05395
0.07471
0.07660
0.08689
0.09927
0.09631
0.07126
0.08471
0.09592
0.09899
0.10844
0.12929
0.11500
0.08942
0.08679
0.07003
0.07813
0.08013
0.10094
0.11063
0.11307
0.07276
0.05824
0.02947
0.04540
0.04210
0.04368
0.02832
0.01154
0.02150
0.02878
0.05253
0.09587
0.10970
0.12935
0.14714
0.16197
0.17324
0.15370
0.15672
0.15200
0.13620
0.17043
0.17125
0.18387
0.17529
0.18223
0.16936
0.18033
0.16906
0.13363
0.14963
0.13927
0.15407
0.19584
0.15149
0.13498
0.12056
0.13381
0.10914
0.10654
0.09667
0.13601
0.08229
0.09133
0.08308
0.08378
0.07796
0.04800
0.05789
0.08426
0.09024
0.08423
0.10203
0.07875
0.08452
0.09149
0.09012
0.10393
0.06635
0.07765
0.07747
0.06244
0.06748
0.05695
0.05140
0.05639
0.06060
0.06370
0.06012
0.09465
0.06105
0.08663
0.05764
0.06484
0.05956
0.13143
0.12501
0.10529
0.11686
0.12766
0.10938
0.11320
0.08962
0.06771
0.05051
0.04521
0.05851
0.08550
0.08386
0.09648
0.08767
0.09773
0.11586
0.11101
0.11496
0.11415
0.12743
0.11527
0.14751
0.16106
0.14992
0.14567
0.16550
0.17768
0.18646
0.21653
0.23705
0.24662
0.22672
0.20239
0.20629
0.17673
0.19050
0.19018
0.22235
0.20138
0.20474
0.19736
0.22355
0.24832
0.23543
0.21439
0.21812
0.19355
0.19455
0.19028
0.22620
0.23050
0.23094
0.24034
0.26429
0.26575
0.24294
0.23622
0.24346
0.23726
0.26179
0.27776
0.26604
0.23876
0.23451
0.19555
0.18746
0.18536
0.16209
0.19308
0.17821
0.14641
0.12051
0.08424
0.06905
0.06973
0.05806
0.06830
0.03878
0.06400
0.08973
0.13275
0.13771
0.11369
0.16878
0.19067
0.20930
0.21436
0.21436
0.21361
0.20347
0.21304
0.23558
0.24253
0.27592
0.28602
0.26737
0.26315
0.27475
0.28881
0.26938
0.26329
0.30078
0.31213
0.27546
0.25101
0.26013
0.22547
0.20998
0.21087
0.21897
0.20308
0.18774
0.19807
0.19838
0.19821
0.19637
0.17676
0.20364
0.19738
0.21684
0.22259
0.19013
0.18877
0.19138
0.18285
0.17109
0.16424
0.19661
0.18993
0.19585
0.20160
0.16772
0.17456
0.18525
0.20616
0.18333
0.19319
0.20150
0.21670
0.20739
0.21326
0.20545
0.17573
0.17685
0.12872
0.12642
0.07919
0.07621
0.07335
0.10680
0.10604
0.10337
0.06806
0.07992
0.08428
0.08436
0.05375
0.04959
0.05230
0.04507
0.06311
0.07711
0.06505
0.04834
0.04375
0.02396
0.03110
0.03652
0.00000
0.01398
0.02961
0.02204
0.05288
0.04011
0.02880
0.05043
0.04960
0.05346
0.05215
0.06765
0.10917
0.10940
0.10849
0.08683
0.06981
0.04398
0.10905
0.10753
0.10631
0.09038
0.10736
0.10938
0.07934
0.11671
0.13278
0.16724
0.18334
0.17014
0.16693
0.17706
0.16409
0.13371
0.16711
0.11072
0.12686
0.13711
0.13708
0.14116
0.16937
0.14454
0.18214
0.24463
0.22672
0.23053
0.19697
0.18190
0.18749
0.18604
0.19887
0.21898
0.22818
0.21479
0.20311
0.24839
0.23116
0.26555
0.26817
0.28468
0.29451
0.24811
0.20893
0.20112
0.18465
0.20832
0.22974
0.18800
0.18952
0.21268
0.22391
0.21384
0.21342
0.26061
0.27725
0.31855
0.35432
0.34763
0.39186
0.38476
0.37462
0.36804
0.37184
0.36147
0.37508
0.39472
0.39882
0.38774
0.37111
0.35154
0.33603
0.33980
0.32816
0.28743
0.27636
0.25066
0.26236
0.20647
0.21717
0.21504
0.18848
0.21005
0.21925
0.20637
0.14278
0.16904
0.14170
0.11344
0.11921
0.11654
0.10119
0.13922
0.10851
0.09219
0.10579
0.09752
0.10723
0.11899
0.10380
0.11316
0.09620
0.09076
0.06993
0.06321
0.06207
0.07150
0.10077
0.06764
0.06166
0.05276
0.04393
0.04066
0.03443
0.03462
0.08103
0.05623
0.06093
0.06104
0.05526
0.05170
0.03561
0.06115
0.03125
0.03896
0.04030
0.00124
0.01628
0.00547
0.02267
0.02173
0.02781
0.03718
0.04143
0.01517
0.01950
0.04606
0.04866
0.02851
0.03834
0.03208
0.03794
0.01139
0.04883
0.05847
0.05526
0.08528
0.07462
0.10160
0.10787
0.12620
0.09833
0.09802
0.10293
0.08240
0.08208
0.07884
0.07002
0.06858
0.09179
0.10611
0.05974
0.05575
0.07973
0.09530
0.10464
0.10765
0.10561
0.14736
0.16766
0.16242
0.15243
0.14268
0.11330
0.11146
0.10143
0.08266
0.07746
0.09090
0.09806
0.14404
0.12322
0.10661
0.11276
0.10793
0.05983
0.11729
0.15271
0.14775
0.16147
0.15631
0.15340
0.17537
0.18626
0.20600
0.19020
0.19159
0.23868
0.23086
0.24601
0.25942
0.25319
0.27291
0.28801
0.29478
0.28656
0.28904
0.31661
0.31410
0.26523
0.29244
0.32129
0.31361
0.34305
0.34871
0.34095
0.33702
0.35611
0.36455
0.40654
0.42738
0.41563
0.39524
0.36696
0.37872
0.36173
0.33476
0.34349
0.32662
0.32618
0.33492
0.35781
0.34754
0.35690
0.34675
0.35950
0.34948
0.35644
0.35235
0.36227
0.38196
0.37805
0.38825
0.38536
0.39725
0.39426
0.40511
0.37322
0.37621
0.39620
0.39133
0.41644
0.40332
0.39907
0.41472
0.39755
0.41224
0.41308
0.43589
0.44253
0.41260
0.40591
0.40328
0.38606
0.41207
0.44025
0.44387
0.44382
0.42941
0.47378
0.43702
0.41475
0.40665
0.42757
0.41202
0.42039
0.44527
0.43021
0.44256
0.41022
0.42034
0.41899
0.39430
0.43743
0.42509
0.41697
0.40757
0.40437
0.39769
0.38069
0.37373
0.35538
0.34440
0.34886
0.39445
0.37960
0.35886
0.34970
0.35289
0.33789
0.31625
0.31562
0.31448
0.27886
0.25995
0.23824
0.24091
0.23154
0.21784
0.26181
0.26565
0.27524
0.25920
0.25687
0.28909
0.22879
0.26113
0.24047
0.26531
0.26401
0.25093
0.26158
0.28581
0.26769
0.28434
0.24619
0.22707
0.24836
0.28355
0.26227
0.25743
0.23220
0.19796
0.18894
0.21954
0.19744
0.21295
0.22499
0.22259
0.20497
0.17872
0.17946
0.16156
0.17987
0.17417
0.16336
0.16167
0.17085
0.15849
0.18637
0.21925
0.22650
0.23302
0.29065
0.24302
0.24389
0.26257
0.26671
0.25134
0.23768
0.24453
0.26097
0.25104
0.25519
0.25814
0.26458
0.26919
0.26462
0.26462
0.24621
0.25621
0.25042
0.23880
0.21847
0.17758
0.22841
0.25051
0.22435
0.22174
0.23641
0.21148
0.21058
0.22382
0.20935
0.25121
0.22478
0.20936
0.21817
0.23047
0.27582
0.32279
0.30206
0.35120
0.37145
0.40219
0.40096
0.36619
0.34375
0.37587
0.39267
0.34445
0.35650
0.34800
0.39624
0.42706
0.43082
0.44587
0.48207
0.44766
0.45418
0.46010
0.46307
0.46916
0.43340
0.41738
0.41257
0.40539
0.41266
0.41417
0.41409
0.42439
0.43490
0.48181
0.46502
0.48624
0.45284
0.45031
0.46411
0.46012
0.45220
0.43194
0.41788
0.39988
0.42705
0.42705
0.39441
0.42530
0.42090
0.40976
0.39170
0.39816
0.38819
0.36840
0.35158
0.39100
0.39636
0.38759
0.41056
0.40775
0.37998
0.36829
0.38378
0.38018
0.37472
0.34865
0.37468
0.33573
0.31900
0.31346
0.36497
0.37843
0.38436
0.37337
0.38909
0.38739
0.41288
0.40099
0.36771
0.34166
0.34369
0.32929
0.34056
0.35485
0.34418
0.31853
0.28543
0.30607
0.31770
0.33801
0.35841
0.33280
0.30671
0.31306
0.33055
0.32469
0.36689
0.36717
0.35635
0.33285
0.30957
0.29785
0.28445
0.25965
0.26397
0.26522
0.28719
0.29165
0.26852
0.27484
0.30349
0.28314
0.28376
0.25879
0.24142
0.20203
0.18671
0.20596
0.17306
0.19669
0.18960
0.13269
0.10198
0.12092
0.09958
0.07733
0.08471
0.07002
0.06889
0.07427
0.07671
0.08367
0.06688
0.05150
0.06734
0.06989
0.09546
0.09266
0.05642
0.07587
0.00549
0.07193
0.10623
0.11667
0.11267
0.13287
0.12017
0.11502
0.13041
0.15863
0.19095
0.17331
0.22019
0.23153
0.20695
0.20033
0.21833
0.18334
0.19167
0.21664
0.20853
0.23810
0.22235
0.24439
0.26507
0.24846
0.23404
0.22042
0.17293
0.19336
0.19984
0.21287
0.20116
0.19874
0.22625
0.19641
0.18911
0.18065
0.14904
0.12676
0.09380
0.09535
0.12777
0.12199
0.11154
0.12971
0.13926
0.12227
0.13511
0.15200
0.16784
0.17892
0.15022
0.18187
0.15363
0.17660
0.16710
0.15362
0.15610
0.14290
0.16487
0.12387
0.17081
0.18594
0.18630
0.17578
0.14898
0.21230
0.20468
0.17881
0.16601
0.13885
0.10244
0.09365
0.09248
0.11270
0.09615
0.11245
0.04307
0.06552
0.05861
0.08111
0.09454
0.05144
0.04377
0.07705
0.11707
0.10328
0.09797
0.15407
0.10539
0.18453
0.19867
0.20492
0.21020
0.17566
0.15347
0.18574
0.17483
0.14312
0.13798
0.14384
0.13852
0.13141
0.17541
0.16660
0.16119
0.14188
0.17830
0.15147
0.16571
0.19289
0.19047
0.13607
0.12118
0.16451
0.17431
0.17809
0.18026
0.22043
0.19885
0.19693
0.20755
0.15300
0.13948
0.13338
0.14553
0.11479
0.08600
0.12132
0.13548
0.14247
0.13099
0.16891
0.17560
0.20065
0.18570
0.18279
0.18328
0.17989
0.12739
0.11099
0.10523
0.06940
0.08477
0.09678
0.12207
0.11359
0.12499
0.14297
0.14714
0.11725
0.08442
0.06420
0.05833
0.01740
0.02910
0.03783
0.05014
0.08141
0.06269
0.06150
0.05935
0.05601
0.05740
0.08552
0.08740
0.12818
0.13566
0.15727
0.16335
0.14789
0.18657
0.19379
0.21355
0.21151
0.21977
0.21551
0.23789
0.23942
0.25138
0.26551
0.26318
0.32550
0.32017
0.29487
0.31216
0.31494
0.32346
0.30978
0.28436
0.33821
0.31808
0.30645
0.30480
0.34014
0.35488
0.36944
0.40091
0.40120
0.40477
0.37015
0.38120
0.39170
0.38061
0.39333
0.41769
0.40701
0.39204
0.38998
0.39486
0.36369
0.35805
0.36140
0.40913
0.43030
0.37947
0.36651
0.36359
0.35207
0.33482
0.33804
0.32479
0.32834
0.36266
0.36648
0.35733
0.37381
0.35716
0.34643
0.31090
0.31425
0.32315
0.30733
0.28458
0.27644
0.26582
0.25948
0.26608
0.28810
0.27356
0.26408
0.25361
0.25737
0.22568
0.23962
0.21504
0.22572
0.21366
0.17761
0.15384
0.15088
0.17178
0.17103
0.15163
0.17438
0.15143
0.13864
0.12927
0.14709
0.13484
0.09673
0.10477
0.10380
0.09507
0.11681
0.12513
0.12297
0.11523
0.10490
0.11830
0.11455
0.09305
0.10616
0.10799
0.11356
0.10488
0.06993
0.08564
0.09452
0.10441
0.12689
0.13566
0.14031
0.13400
0.12401
0.09698
0.09746
0.09833
0.09476
0.09476
0.12048
0.10651
0.12112
0.14315
0.13685
0.10412
0.09410
0.05919
0.05133
0.05514
0.06477
0.05708
0.05053
0.04795
0.04484
0.01504
0.01331
0.03525
0.04248
0.03836
0.03995
0.04663
0.05736
0.05502
0.09005
0.08441
0.08577
0.09715
0.08710
0.09214
0.08797
0.10474
0.10125
0.10091
0.10691
0.08815
0.05623
0.03349
0.02846
0.02193
0.01313
0.00856
0.02834
0.06194
0.05603
0.07854
0.09533
0.10332
0.11521
0.13714
0.14646
0.13261
0.15300
0.13124
0.13124
0.13281
0.14146
0.13128
0.14882
0.15239
0.22265
0.25397
0.27636
0.27689
0.28116
0.30514
0.37112
0.36567
0.36860
0.35651
0.34386
0.34857
0.36881
0.31706
0.32232
0.32536
0.31791
0.32505
0.31339
0.32626
0.33942
0.36562
0.36773
0.38289
0.37492
0.38907
0.37070
0.37062
0.37188
0.32761
0.33787
0.36152
0.36330
0.36126
0.34550
0.35934
0.35444
0.34578
0.37482
0.38637
0.47587
0.46563
0.46783
0.47777
0.47355
0.48705
0.47640
0.50998
0.55649
0.54319
0.54985
0.53609
0.55615
0.58604
0.58076
0.58692
0.61937
0.61600
0.59564
0.63280
0.60576
0.56263
0.59103
0.59857
0.59840
0.59725
0.62439
0.61219
0.58872
0.56819
0.55070
0.56482
0.55180
0.56677
0.55044
0.51842
0.52394
0.51196
0.50980
0.51200
0.45998
0.42425
0.40097
0.37955
0.41798
0.42445
0.42149
0.45644
0.41813
0.41536
0.42259
0.39282
0.45078
0.44479
0.46218
0.50082
0.51369
0.54673
0.54310
0.51531
0.49283
0.50157
0.46567
0.45149
0.40698
0.37758
0.37345
0.42276
0.39888
0.42735
0.39141
0.38867
0.35379
0.31090
0.32477
0.31324
0.31652
0.31748
0.31263
0.27626
0.27217
0.28790
0.25883
0.21113
0.23659
0.23953
0.21503
0.24342
0.25522
0.23970
0.24371
0.26326
0.28199
0.28638
0.27885
0.22680
0.25662
0.23922
0.21674
0.18693
0.19062
0.20488
0.20421
0.18284
0.18294
0.16301
0.16496
0.15591
0.15068
0.10787
0.11638
0.11597
0.06675
0.06528
0.05191
0.04253
0.04668
0.04609
0.00535
0.00821
0.00000
0.00021
0.04817
0.05161
0.04116
0.05792
0.03047
0.00405
0.00591
0.04630
0.04992
0.06019
0.07202
0.08080
0.08878
0.05887
0.07685
0.05328
0.06875
0.06094
0.04947
0.03204
0.05914
0.06627
0.05846
0.05880
0.03882
0.02244
0.05856
0.06504
0.07193
0.06003
0.05457
0.02150
0.04537
0.06770
0.07570
0.06876
0.07314
0.15942
0.16689
0.15563
0.16139
0.17131
0.16151
0.14160
0.07512
0.06498
0.08073
0.07032
0.05914
0.08038
0.08421
0.12489
0.11850
0.12252
0.09803
0.07185
0.10924
0.14300
0.08111
0.06402
0.09126
0.09466
0.12524
0.13412
0.14549
0.11609
0.11515
0.08378
0.09278
0.08026
0.07498
0.10614
0.10723
0.11168
0.10934
0.08042
0.05287
0.10177
0.14369
0.14876
0.13058
0.14972
0.10096
0.13764
0.13816
0.15450
0.13454
0.12392
0.14993
0.16813
0.16233
0.14744
0.10335
0.12457
0.12220
0.12599
0.11873
0.11256
0.09755
0.11275
0.16816
0.19741
0.20565
0.20423
0.21077
0.21436
0.21350
0.22171
0.21538
0.22825
0.21055
0.22778
0.21338
0.21555
0.21586
0.22912
0.26522
0.27638
0.26105
0.25486
0.24588
0.26537
0.33076
0.34406
0.35591
0.34649
0.31905
0.33635
0.28640
0.26319
0.29544
0.28052
0.30042
0.32404
0.31768
0.34603
0.34078
0.33978
0.32370
0.37307
0.38196
0.38998
0.38860
0.38071
0.40870
0.38922
0.39626
0.39178
0.39525
0.43158
0.42295
0.37841
0.37071
0.34921
0.37268
0.36468
0.36071
0.40325
0.41759
0.43064
0.41856
0.41684
0.45228
0.43173
0.46386
0.44450
0.45401
0.43343
0.42204
0.45418
0.44716
0.43454
0.42965
0.45560
0.44364
0.42516
0.37859
0.39671
0.33882
0.34207
0.34109
0.32546
0.29776
0.26291
0.28540
0.27560
0.27603
0.29744
0.28035
0.28333
0.27205
0.28063
0.31834
0.30812
0.31230
0.30728
0.32172
0.33896
0.34268
0.37420
0.39937
0.39031
0.35894
0.39358
0.38263
0.36151
0.35521
0.35696
0.34399
0.34070
0.37215
0.37244
0.35190
0.33257
0.31943
0.29353
0.29712
0.28464
0.24928
0.25421
0.25417
0.24447
0.19897
0.18115
0.17856
0.16425
0.19556
0.20097
0.24265
0.22626
0.22891
0.16670
0.16099
0.16336
0.13655
0.13778
0.15156
0.12927
0.14676
0.11186
0.13784
0.15565
0.19469
0.18032
0.15787
0.12243
0.12260
0.09412
0.10198
0.06910
0.05654
0.07021
0.04900
0.06277
0.02795
0.02939
0.06164
0.07301
0.06824
0.04536
0.02332
0.04578
0.06162
0.02393
0.05066
0.01685
0.00732
0.03683
0.01693
0.03278
0.02855
0.04726
0.01484
0.03157
0.06701
0.07071
0.06181
0.14095
0.15998
0.19700
0.17380
0.18771
0.19102
0.27258
0.28151
0.25261
0.28571
0.27075
0.26956
0.26004
0.25314
0.18452
0.20955
0.16199
0.17546
0.18007
0.18439
0.18174
0.18098
0.17049
0.19122
0.16696
0.19783
0.21635
0.18516
0.20814
0.19212
0.20036
0.22964
0.19755
0.20456
0.20854
0.21674
0.27530
0.29958
0.30767
0.30556
0.30464
0.34062
0.34626
0.33868
0.33031
0.32133
0.36202
0.39559
0.35983
0.34800
0.35023
0.36788
0.34777
0.34018
0.32754
0.31176
0.31342
0.28725
0.27926
0.22419
0.20670
0.18755
0.21095
0.21086
0.24479
0.23539
0.26220
0.24195
0.25591
0.23981
0.22645
0.19873
0.20750
0.20253
0.19597
0.22241
0.26315
0.25131
0.24901
0.25366
0.26031
0.27529
0.29118
0.31061
0.31238
0.31039
0.31386
0.32251
0.32319
0.31829
0.35388
0.32134
0.34590
0.30742
0.26123
0.28421
0.29848
0.28804
0.28522
0.27653
0.24588
0.26962
0.27239
0.29395
0.27967
0.25325
0.26318
0.28274
0.26992
0.25506
0.24528
0.24043
0.25153
0.21642
0.22525
0.25010
0.24079
0.25640
0.23341
0.24927
0.23004
0.22161
0.20248
0.20530
0.21941
0.23411
0.23878
0.17281
0.19036
0.21993
0.23256
0.22546
0.19620
0.18264
0.17390
0.15538
0.08894
0.06796
0.05514
0.05424
0.05959
0.03891
0.03461
0.04533
0.02969
0.03288
0.03080
0.01660
0.06109
0.06970
0.06770
0.05889
0.07175
0.09805
0.06242
0.06889
0.04079
0.01205
0.00000
0.01133
0.00007
0.04843
0.03971
0.04468
0.08225
0.05726
0.02915
0.04326
0.06097
0.06414
0.05380
0.08209
0.05637
0.05569
0.04542
0.04347
0.03405
0.01665
0.00000
0.00201
0.03190
0.01292
0.00499
0.00000
0.00162
0.03613
0.05856
0.08724
0.10571
0.13545
0.16351
0.17347
0.18835
0.23012
0.23651
0.24271
0.22723
0.23769
0.24565
0.22467
0.22667
0.19350
0.19656
0.20381
0.20325
0.21523
0.23859
0.21437
0.23360
0.25882
0.29062
0.30157
0.27082
0.28484
0.27847
0.27671
0.28684
0.30790
0.32335
0.32632
0.31917
0.32569
0.27160
0.26987
0.32073
0.33861
0.34244
0.34326
0.32859
0.30645
0.32702
0.34951
0.30874
0.35130
0.31256
0.29364
0.30813
0.31775
0.28296
0.29325
0.24832
0.24859
0.24163
0.21682
0.21958
0.18583
0.17477
0.18567
0.18861
0.20464
0.21876
0.23326
0.26324
0.28182
0.24231
0.25420
0.28153
0.29383
0.29340
0.29340
0.26132
0.27845
0.22343
0.18937
0.16641
0.18407
0.18890
0.18247
0.17753
0.17303
0.20669
0.21202
0.20309
0.19628
0.20071
0.19437
0.19257
0.19922
0.21505
0.24010
0.23655
0.24822
0.23548
0.23743
0.22494
0.20815
0.21722
0.23058
0.25898
0.24406
0.24306
0.24529
0.23827
0.17802
0.16628
0.15615
0.16117
0.15468
0.11865
0.12087
0.13512
0.14085
0.14710
0.13792
0.17345
0.18680
0.15707
0.13820
0.10821
0.14892
0.16749
0.17910
0.17593
0.17168
0.18260
0.15337
0.16209
0.18315
0.20551
0.18848
0.17984
0.18060
0.19009
0.15894
0.18290
0.17598
0.14120
0.16664
0.18489
0.14073
0.14833
0.14261
0.13828
0.11594
0.07748
0.06735
0.05931
0.06632
0.09229
0.11119
0.07063
0.06859
0.05483
0.05747
0.05395
0.04720
0.04424
0.03858
0.05610
0.03867
0.01935
0.02192
0.01825
0.00000
0.00430
0.02172
0.00880
0.00281
0.01706
0.02764
0.02352
0.00866
0.00000
0.02650
0.03384
0.06116
0.07197
0.07658
0.09877
0.13364
0.11990
0.12033
0.09338
0.14617
0.13766
0.12606
0.11127
0.11739
0.12694
0.11851
0.13760
0.10386
0.09478
0.06574
0.02629
0.03030
0.02980
0.01059
0.03420
0.03550
0.05533
0.08475
0.04057
0.03339
0.05194
0.09939
0.11058
0.12031
0.10706
0.14028
0.14041
0.14536
0.15187
0.15363
0.15643
0.16588
0.18960
0.16766
0.16315
0.17213
0.15103
0.22077
0.22189
0.21969
0.21206
0.22407
0.19000
0.20407
0.22895
0.24935
0.29035
0.33575
0.31346
0.32277
0.32542
0.32218
0.33164
0.31304
0.29831
0.25867
0.24179
0.22828
0.22496
0.27103
0.25753
0.24981
0.21044
0.21371
0.22100
0.24797
0.25458
0.28149
0.27810
0.27632
0.31910
0.31521
0.32419
0.33347
0.31447
0.29958
0.29026
0.28909
0.32648
0.31175
0.28257
0.27828
0.24698
0.23215
0.21092
0.18131
0.12963
0.12839
0.13493
0.16033
0.13187
0.10749
0.11127
0.06717
0.07970
0.09972
0.09114
0.10474
0.09072
0.08720
0.08877
0.11181
0.08472
0.06139
0.09489
0.08990
0.12431
0.09651
0.06176
0.06850
0.06955
0.06795
0.05497
0.05899
0.08098
0.08447
0.06309
0.07803
0.09487
0.09313
0.11907
0.12541
0.14339
0.12992
0.11700
0.12943
0.15043
0.16089
0.16010
0.11465
0.08204
0.11609
0.10012
0.12572
0.12239
0.12490
0.11101
0.09025
0.06515
0.05913
0.05351
0.04106
0.02729
0.04483
0.07694
0.10023
0.09539
0.08869
0.07446
0.08849
0.06618
0.08426
0.12437
0.14984
0.15119
0.17413
0.14543
0.14925
0.13786
0.06042
0.08099
0.07155
0.09645
0.09724
0.09943
0.10849
0.11826
0.14676
0.15856
0.17991
0.21371
0.22979
0.21678
0.23137
0.23162
0.23499
0.19795
0.18309
0.19191
0.20951
0.24068
0.25732
0.26079
0.25282
0.23954
0.22794
0.26128
0.28726
0.26536
0.25345
0.25241
0.24592
0.22953
0.23701
0.23741
0.19859
0.22035
0.24960
0.27255
0.30510
0.30937
0.27990
0.28977
0.34591
0.30913
0.31008
0.26300
0.26264
0.25658
0.25380
0.22113
0.23238
0.22873
0.23828
0.23339
0.21166
0.20174
0.20294
0.21160
0.18736
0.16503
0.17078
0.17662
0.19700
0.23396
0.22818
0.18509
0.18022
0.16597
0.16743
0.16313
0.14475
0.13803
0.09870
0.09076
0.06412
0.04108
0.03515
0.04327
0.05355
0.05340
0.07804
0.06177
0.04083
0.04372
0.04392
0.05629
0.09938
0.12830
0.15550
0.14382
0.12867
0.13948
0.08016
0.04814
0.07600
0.08714
0.12973
0.13292
0.13114
0.18393
0.15263
0.17587
0.21050
0.19713
0.20394
0.19950
0.20706
0.21411
0.18276
0.20924
0.17589
0.19228
0.19141
0.18496
0.23141
0.24244
0.22979
0.24405
0.26686
0.23470
0.25445
0.25592
0.28703
0.28527
0.29354
0.28223
0.26287
0.24449
0.25060
0.24647
0.22921
0.19789
0.21136
0.21257
0.18792
0.16989
0.14315
0.12836
0.12064
0.09265
0.07653
0.10720
0.12001
0.10638
0.10117
0.10256
0.09719
0.09143
0.08752
0.07080
0.06419
0.07934
0.08274
0.05469
0.06437
0.09635
0.05976
0.06323
0.02988
0.01782
0.03077
0.02401
0.03901
0.03564
0.04297
0.04568
0.02324
0.04416
0.03313
0.01890
0.01084
0.02770
0.02449
0.02134
0.03409
0.01314
0.04017
0.06606
0.08869
0.06952
0.04065
0.03048
0.04642
0.07028
0.10197
0.09042
0.07183
0.06823
0.10012
0.10465
0.10245
0.09994
0.08335
0.10044
0.11544
0.13404
0.11793
0.12420
0.14687
0.08505
0.10587
0.08630
0.09522
0.08715
0.06312
0.07688
0.07742
0.07878
0.10232
0.07598
0.08495
0.10079
0.13005
0.13956
0.16164
0.17206
0.16860
0.15753
0.17364
0.15401
0.17142
0.18410
0.19931
0.17988
0.17424
0.19435
0.17449
0.18072
0.22300
0.21149
0.18952
0.19206
0.16226
0.17190
0.18533
0.18293
0.18585
0.17956
0.20111
0.23158
0.23338
0.23701
0.19590
0.20676
0.20557
0.19135
0.19312
0.17579
0.19416
0.16597
0.14978
0.18965
0.17090
0.17686
0.19718
0.17962
0.17962
0.16869
0.18127
0.14536
0.14858
0.12056
0.08303
0.07025
0.06701
0.02735
0.02104
0.03246
0.00944
0.05395
0.06467
0.07290
0.05428
0.05656
0.02428
0.01736
0.01029
0.03066
0.01251
0.04990
0.03642
0.03452
0.05387
0.04460
0.06211
0.06526
0.03039
0.02803
0.00952
0.04276
0.02185
0.02626
0.03906
0.08582
0.13010
0.10124
0.13471
0.14388
0.20570
0.17760
0.23598
0.23852
0.25381
0.25806
0.28238
0.26624
0.28717
0.29881
0.30656
0.30026
0.34119
0.31559
0.30176
0.33107
0.31116
0.30921
0.27062
0.25306
0.23650
0.21969
0.23103
0.19183
0.17301
0.19025
0.17536
0.17596
0.12435
0.15515
0.17783
0.14800
0.12116
0.13877
0.12326
0.11361
0.12444
0.14266
0.15142
0.15245
0.17327
0.17592
0.16628
0.18436
0.17231
0.18822
0.18825
0.20693
0.17906
0.17803
0.17832
0.15690
0.14849
0.12277
0.15766
0.14329
0.14903
0.12091
0.15212
0.15797
0.12952
0.12072
0.13892
0.12851
0.16002
0.16350
0.18271
0.21945
0.18503
0.20795
0.21620
0.22313
0.19944
0.18642
0.19981
0.20691
0.23504
0.25861
0.25577
0.23361
0.26090
0.23542
0.24799
0.24192
0.24948
0.24838
0.28414
0.26284
0.29291
0.30633
0.31536
0.30430
0.29800
0.34078
0.32926
0.33330
0.29352
0.30931
0.33957
0.28990
0.24200
0.24340
0.21005
0.15579
0.17771
0.15197
0.13871
0.13966
0.15187
0.16169
0.16088
0.17762
0.13371
0.14881
0.14869
0.11659
0.12439
0.07311
0.04264
0.03900
0.08560
0.10676
0.12670
0.10541
0.08910
0.05280
0.08596
0.09067
0.08571
0.09785
0.04698
0.02967
0.02025
0.01566
0.00573
0.01753
0.01895
0.05131
0.06259
0.05366
0.07729
0.04986
0.06383
0.07873
0.04404
0.03834
0.05812
0.05183
0.04029
0.07029
0.07007
0.03969
0.01987
0.02374
0.04609
0.07786
0.07614
0.09424
0.08128
0.08158
0.05196
0.10027
0.09498
0.12183
0.16345
0.17534
0.18594
0.18391
0.18130
0.21863
0.24676
0.26151
0.31060
0.29837
0.31452
0.33039
0.31405
0.30614
0.30032
0.32098
0.30429
0.32183
0.28652
0.28648
0.29523
0.28331
0.26404
0.26564
0.23675
0.25905
0.25612
0.23820
0.22706
0.21890
0.18969
0.21288
0.21165
0.21761
0.21085
0.23217
0.24464
0.25362
0.25245
0.28630
0.29910
0.33979
0.34568
0.33943
0.33179
0.31271
0.29187
0.25173
0.24440
0.26489
0.25817
0.25364
0.24051
0.24507
0.22487
0.22576
0.21486
0.23189
0.21725
0.20989
0.21196
0.21295
0.22376
0.24756
0.25822
0.26462
0.26492
0.26249
0.27343
0.21705
0.21594
0.22565
0.23036
0.24518
0.20487
0.22218
0.19128
0.15712
0.14494
0.15367
0.10073
0.10302
0.08200
0.09020
0.11951
0.10396
0.10392
0.09772
0.08892
0.10332
0.09885
0.10817
0.11179
0.13807
0.14142
0.13659
0.13310
0.09558
0.13198
0.09303
0.11409
0.14587
0.14581
0.18766
0.16746
0.13477
0.15018
0.10959
0.10924
0.08667
0.06767
0.07555
0.00967
0.01199
0.06790
0.08966
0.06471
0.08061
0.11376
0.10370
0.09387
0.06948
0.03783
0.05357
0.05415
0.06108
0.05920
0.06544
0.05087
0.04107
0.03054
0.04671
0.04341
0.02531
0.04086
0.05396
0.06015
0.09409
0.05056
0.03277
0.00000
0.01858
0.02016
0.01481
0.04842
0.05255
0.05806
0.01890
0.04519
0.05919
0.02067
0.02067
0.03818
0.01346
0.01290
0.00000
0.03146
0.05324
0.04076
0.04663
0.05458
0.03627
0.02594
0.00000
0.01172
0.01879
0.03155
0.03352
0.05997
0.08871
0.09716
0.10165
0.11113
0.09938
0.09332
0.07880
0.08914
0.11261
0.10351
0.09544
0.08904
0.11066
0.06625
0.04301
0.07975
0.09994
0.09418
0.09321
0.06718
0.03898
0.06740
0.05523
0.10489
0.10464
0.10453
0.08451
0.09213
0.09352
0.05317
0.04704
0.06454
0.07361
0.06853
0.06962
0.04038
0.01769
0.01305
0.01687
0.02753
0.03448
0.04782
0.03421
0.03020
0.01066
0.00316
0.02747
0.03604
0.05076
0.07086
0.07357
0.06992
0.10603
0.06937
0.08549
0.04452
0.02622
0.06410
0.07715
0.07024
0.06068
0.06834
0.04498
0.02844
0.00111
0.04798
0.06180
0.05109
0.03351
0.03648
0.06911
0.08187
0.06266
0.04688
0.07401
0.03407
0.02686
0.04829
0.04138
0.05570
0.04884
0.04103
0.04832
0.03881
0.03606
0.01540
0.01071
0.02697
0.00000
0.02050
0.02430
0.04994
0.03825
0.06578
0.04972
0.07168
0.09762
0.10773
0.10533
0.07216
0.07711
0.06881
0.08343
0.08844
0.06213
0.05926
0.06273
0.04899
0.02154
0.00854
0.00301
0.02409
0.02817
0.02992
0.06153
0.08891
0.11104
0.11427
0.09337
0.08022
0.08316
0.10576
0.04086
0.00000
0.00407
0.02123
0.07814
0.04379
0.04561
0.01569
0.02428
0.00127
0.00000
0.01684
0.02853
0.03259
0.00000
0.04900
0.07709
0.08295
0.10805
0.11635
0.10355
0.11195
0.09735
0.06972
0.07766
0.08724
0.06664
0.06148
0.07980
0.10059
0.11164
0.10421
0.06331
0.05903
0.07137
0.09648
0.06489
0.04932
0.06147
0.04500
0.01887
0.04671
0.05582
0.04768
0.08923
0.09577
0.05881
0.04962
0.05508
0.04277
0.05638
0.05805
0.03958
0.01952
0.04075
0.03911
0.05840
0.06495
0.03293
0.03306
0.00372
0.01781
0.02359
0.03157
0.00487
0.02095
0.04094
0.02947
0.03283
0.03740
0.03740
0.03982
0.01621
0.02155
0.06930
0.08955
0.07012
0.05655
0.06851
0.06136
0.06490
0.09032
0.08321
0.09121
0.10081
0.09494
0.08909
0.06623
0.07236
0.06398
0.06235
0.04313
0.04801
0.03053
0.06435
0.04296
0.04307
0.04922
0.05534
0.05050
0.03239
0.01393
0.03606
0.02425
0.06576
0.08869
0.08134
0.07768
0.09506
0.10297
0.11347
0.12404
0.13103
0.17273
0.17827
0.18628
0.16186
0.17290
0.16235
0.11869
0.13333
0.10470
0.13612
0.12740
0.15132
0.12186
0.11550
0.11918
0.10254
0.07682
0.07425
0.08840
0.10670
0.12094
0.16837
0.15410
0.11990
0.11520
0.09516
0.11286
0.10817
0.08310
0.12553
0.10348
0.08316
0.06022
0.05688
0.06892
0.03537
0.03526
0.01989
0.01710
0.01125
0.03019
0.03482
0.06216
0.06551
0.06671
0.05014
0.07895
0.08023
0.08028
0.10120
0.11975
0.13085
0.12932
0.11544
0.11119
0.10337
0.09724
0.08332
0.08518
0.13435
0.08993
0.10884
0.13885
0.16180
0.11467
0.13014
0.11031
0.10867
0.13366
0.12218
0.15290
0.15640
0.17119
0.17959
0.22748
0.23013
0.26952
0.27441
0.28284
0.28793
0.28147
0.29818
0.27903
0.30683
0.31460
0.30710
0.28199
0.28001
0.31068
0.33838
0.32749
0.27183
0.27509
0.27694
0.30784
0.28594
0.28725
0.28606
0.30750
0.30431
0.31099
0.28588
0.29749
0.26348
0.29427
0.26328
0.25026
0.21955
0.24536
0.26147
0.24848
0.22865
0.22329
0.23812
0.21299
0.17847
0.18669
0.15222
0.17227
0.17082
0.17531
0.19177
0.20212
0.19389
0.17272
0.18872
0.18682
0.13565
0.12824
0.13170
0.15907
0.15435
0.15682
0.15516
0.15796
0.14820
0.16032
0.17332
0.17918
0.16249
0.16807
0.16300
0.18831
0.15127
0.17031
0.19932
0.19067
0.22360
0.22325
0.19573
0.17688
0.19273
0.21388
0.19993
0.21785
0.18025
0.19836
0.18519
0.14860
0.20486
0.19633
0.20477
0.17447
0.18048
0.19587
0.20815
0.21877
0.23414
0.23974
0.26838
0.28640
0.34213
0.32780
0.30633
0.30278
0.29307
0.28882
0.26538
0.28568
0.26629
0.28219
0.25801
0.26380
0.27845
0.33624
0.38096
0.37486
0.37563
0.35796
0.39448
0.38935
0.38378
0.37392
0.33629
0.37697
0.36370
0.38648
0.36269
0.36531
0.32755
0.37072
0.31445
0.31282
0.31471
0.33774
0.31312
0.29970
0.30359
0.30573
0.28180
0.27112
0.26947
0.26605
0.29282
0.29112
0.27073
0.27296
0.25276
0.26286
0.27161
0.21649
0.21455
0.19922
0.23621
0.23190
0.23410
0.22555
0.24294
0.25087
0.27921
0.27811
0.27947
0.21764
0.20875
0.19726
0.24430
0.25028
0.26851
0.27508
0.26288
0.26822
0.28064
0.26847
0.27406
0.25570
0.24603
0.24001
0.18893
0.23192
0.22101
0.22936
0.24668
0.26792
0.29011
0.28067
0.29036
0.31061
0.34602
0.35376
0.33793
0.33497
0.34555
0.34167
0.33831
0.28000
0.28582
0.28774
0.27030
0.29001
0.32659
0.28214
0.30558
0.33192
0.33744
0.28580
0.29157
0.29844
0.27247
0.26106
0.25642
0.25133
0.27000
0.25767
0.26400
0.24198
0.22661
0.19013
0.18824
0.16068
0.16483
0.15165
0.13089
0.13976
0.13026
0.12851
0.08848
0.06098
0.05842
0.04706
0.04600
0.04267
0.05184
0.05694
0.04918
0.04483
0.03886
0.02038
0.03359
0.06060
0.06050
0.08333
0.08289
0.08009
0.06573
0.06711
0.07017
0.07275
0.04061
0.03575
0.03617
0.03676
0.02279
0.03899
0.03476
0.04072
0.01606
0.02557
0.00327
0.00805
0.03408
0.03546
0.07235
0.08121
0.10916
0.09158
0.05816
0.06033
0.03576
0.02247
0.00504
0.03112
0.01536
0.02371
0.05723
0.07693
0.06246
0.07406
0.10852
0.12745
0.13766
0.10371
0.09354
0.09404
0.11866
0.10433
0.05362
0.03467
0.01908
0.03675
0.04990
0.04332
0.03779
0.04699
0.06710
0.08165
0.09276
0.08693
0.07959
0.06641
0.05029
0.00000
0.02749
0.05286
0.07679
0.07130
0.04784
0.04258
0.05795
0.00996
0.02472
0.00000
0.02935
0.04355
0.06149
0.05216
0.06529
0.07354
0.07922
0.10586
0.04161
0.04495
0.04046
0.00726
0.05705
0.04570
0.02712
0.01129
0.00051
0.01965
0.00265
0.01509
0.02986
0.02248
0.03368
0.03867
0.00675
0.02350
0.05171
0.04744
0.02284
0.04358
0.04638
0.07462
0.06514
0.09438
0.10634
0.10765
0.13024
0.15682
0.13955
0.16630
0.18832
0.17445
0.15466
0.16073
0.15580
0.17333
0.15693
0.13811
0.12221
0.13746
0.12250
0.14343
0.13627
0.13744
0.13348
0.11133
0.08451
0.08215
0.09202
0.08877
0.10789
0.07536
0.06951
0.08655
0.09762
0.07336
0.09896
0.10972
0.11583
0.10189
0.10094
0.13249
0.10337
0.11907
0.08436
0.10987
0.06755
0.05254
0.04073
0.06076
0.05320
0.03914
0.03019
0.00782
0.06569
0.05727
0.09794
0.11274
0.11069
0.12580
0.14435
0.17797
0.15941
0.15374
0.13303
0.15961
0.15237
0.13594
0.11619
0.10705
0.12257
0.11559
0.10758
0.13727
0.14710
0.12632
0.08971
0.10550
0.11722
0.09893
0.11701
0.12576
0.10446
0.10470
0.09730
0.08401
0.10625
0.11210
0.15157
0.14625
0.12784
0.12110
0.11895
0.14900
0.13842
0.16384
0.17254
0.16633
0.19468
0.22901
0.24424
0.23231
0.22986
0.24542
0.24004
0.24423
0.24249
0.24863
0.21384
0.20045
0.19773
0.21323
0.21429
0.24348
0.22459
0.19578
0.20636
0.20915
0.16259
0.16214
0.19297
0.19000
0.19074
0.16200
0.16473
0.14503
0.15305
0.20853
0.17800
0.21556
0.21760
0.21455
0.21899
0.20135
0.17045
0.21892
0.22487
0.21844
0.19528
0.21148
0.21021
0.21675
0.20449
0.20457
0.18327
0.16429
0.12912
0.12500
0.13752
0.13635
0.16804
0.18757
0.19260
0.18264
0.16848
0.16558
0.15576
0.11957
0.07079
0.07596
0.08234
0.10465
0.11798
0.08319
0.06620
0.07687
0.09891
0.12193
0.10820
0.10456
0.11040
0.11137
0.12850
0.15347
0.13335
0.15893
0.09151
0.11148
0.10482
0.09718
0.09707
0.05951
0.09472
0.11448
0.06968
0.05779
0.06362
0.03941
0.05367
0.04694
0.06028
0.04763
0.02791
0.01371
0.01744
0.01630
0.00000
0.03245
0.05403
0.07129
0.08253
0.10902
0.09286
0.08768
0.12073
0.11550
0.11779
0.11343
0.09665
0.13331
0.14276
0.10145
0.14081
0.13826
0.14356
0.14995
0.14161
0.12695
0.11259
0.10533
0.10223
0.09421
0.10153
0.09006
0.11235
0.15804
0.14622
0.12345
0.17650
0.17012
0.18323
0.16210
0.17743
0.12911
0.13437
0.13837
0.14678
0.12715
0.10053
0.09978
0.09525
0.13399
0.14658
0.10900
0.12435
0.12169
0.13702
0.13174
0.17297
0.18323
0.19614
0.20873
0.17961
0.18401
0.17965
0.19236
0.20190
0.25800
0.24114
0.23882
0.24067
0.26781
0.30227
0.28438
0.30216
0.30348
0.30622
0.33188
0.33152
0.32748
0.31187
0.29037
0.31848
0.32202
0.32833
0.34281
0.34705
0.31533
0.33129
0.34922
0.36157
0.36382
0.37327
0.38908
0.38910
0.38489
0.43693
0.42407
0.42696
0.40896
0.39633
0.38114
0.38346
0.39411
0.41203
0.44543
0.46313
0.51498
0.52005
0.49334
0.50375
0.49324
0.48161
0.50908
0.52406
0.54028
0.54046
0.55427
0.56985
0.57299
0.56087
0.57959
0.57718
0.56547
0.57325
0.57866
0.59436
0.59436
0.62657
0.63695
0.62755
0.63760
0.64308
0.62725
0.63180
0.64082
0.66273
0.67901
0.68245
0.68030
0.65927
0.65042
0.64642
0.66638
0.67918
0.66944
0.66978
0.67513
0.68910
0.66225
0.66773
0.67005
0.65312
0.62010
0.61507
0.63757
0.64602
0.59783
0.63226
0.63685
0.64185
0.63100
0.62593
0.62959
0.60969
0.60515
0.62501
0.58631
0.57425
0.56093
0.57138
0.49606
0.49341
0.49895
0.53048
0.50966
0.49423
0.49884
0.49689
0.50328
0.48879
0.45904
0.45359
0.41792
0.40257
0.41102
0.39666
0.41503
0.44177
0.44350
0.45908
0.48617
0.49783
0.47502
0.51807
0.54121
0.56467
0.57858
0.61186
0.59976
0.57034
0.55300
0.53127
0.57301
0.57417
0.56553
0.56546
0.54366
0.52731
0.48543
0.45725
0.45822
0.43817
0.46475
0.47271
0.47531
0.45226
0.44439
0.48068
0.46979
0.47692
0.49122
0.46814
0.42794
0.43651
0.41153
0.40388
0.40762
0.40242
0.41035
0.38064
0.32697
0.33043
0.27734
0.29603
0.29872
0.26927
0.29349
0.28392
0.30507
0.28399
0.29470
0.28340
0.29969
0.30503
0.29363
0.27721
0.25722
0.26086
0.27814
0.28055
0.32834
0.32730
0.31727
0.30742
0.33543
0.33027
0.32038
0.31058
0.32139
0.33029
0.31614
0.29833
0.30363
0.28541
0.27779
0.21789
0.21829
0.20014
0.22238
0.21922
0.21228
0.20102
0.18399
0.17029
0.19769
0.17830
0.17059
0.15519
0.14265
0.14495
0.11940
0.12406
0.12285
0.13440
0.12838
0.14711
0.13121
0.11984
0.09601
0.11755
0.13815
0.11049
0.14484
0.16829
0.16847
0.18586
0.17528
0.17411
0.19509
0.20540
0.22732
0.23617
0.24303
0.24559
0.22427
0.24225
0.25249
0.24839
0.23374
0.22596
0.18503
0.17372
0.17043
0.11744
0.14745
0.14035
0.11295
0.14143
0.14530
0.17737
0.20252
0.19194
0.18843
0.19189
0.15597
0.14504
0.18581
0.18660
0.23151
0.22724
0.20939
0.21217
0.18632
0.19932
0.17902
0.12436
0.04451
0.04563
0.09038
0.10743
0.10151
0.08919
0.07117
0.10271
0.10144
0.11941
0.13173
0.14395
0.12656
0.11698
0.10376
0.09768
0.10445
0.10037
0.08905
0.08925
0.08098
0.05456
0.05572
0.07821
0.14348
0.10225
0.11976
0.11861
0.13376
0.17317
0.16139
0.13185
0.11063
0.10960
0.15632
0.15777
0.20512
0.18646
0.17308
0.17361
0.16492
0.16156
0.14665
0.14488
0.15470
0.12985
0.15519
0.11757
0.08487
0.12697
0.11686
0.10886
0.07035
0.10851
0.09931
0.11409
0.11719
0.15420
0.15762
0.08861
0.10279
0.11825
0.13751
0.15452
0.15905
0.13266
0.17944
0.17570
0.15257
0.15690
0.15830
0.16729
0.16571
0.17907
0.20638
0.21341
0.21379
0.21928
0.25100
0.27590
0.27998
0.26892
0.29986
0.30075
0.31737
0.32845
0.33039
0.34655
0.32630
0.35143
0.35670
0.36100
0.32011
0.31481
0.32318
0.31673
0.38820
0.38814
0.35242
0.35648
0.33427
0.32328
0.28515
0.25996
0.26911
0.26602
0.26000
0.23811
0.22349
0.24262
0.22666
0.22441
0.21890
0.22514
0.19601
0.18886
0.20764
0.23758
0.25664
0.26119
0.26913
0.27120
0.22355
0.24709
0.25741
0.26582
0.23709
0.24169
0.19241
0.19512
0.23094
0.29056
0.26597
0.24759
0.25898
0.28380
0.30187
0.30412
0.27118
0.27087
0.28046
0.26596
0.25475
0.28286
0.33234
0.33617
0.34223
0.34374
0.34174
0.31400
0.32343
0.33456
0.31095
0.27415
0.27604
0.27908
0.26660
0.24899
0.27889
0.27932
0.29183
0.29925
0.29257
0.32352
0.31399
0.31852
0.31402
0.27822
0.26699
0.27327
0.26299
0.27096
0.28416
0.28765
0.27807
0.26366
0.24902
0.23904
0.24438
0.23479
0.18706
0.19955
0.21633
0.23883
0.23627
0.22790
0.20225
0.18265
0.18168
0.14897
0.11109
0.11940
0.11702
0.15215
0.13597
0.16594
0.16245
0.17689
0.18293
0.17177
0.17102
0.17195
0.17194
0.16791
0.18636
0.18111
0.17065
0.16564
0.16363
0.13483
0.08948
0.08206
0.07924
0.04421
0.02750
0.04091
0.03678
0.01909
0.02620
0.04153
0.07177
0.04493
0.04496
0.09083
0.09080
0.06737
0.07219
0.07312
0.04835
0.03383
0.05667
0.07479
0.07779
0.06433
0.09504
0.09136
0.08761
0.06403
0.04457
0.01588
0.00805
0.00983
0.02481
0.00000
0.00629
0.01985
0.00331
0.01495
0.06635
0.04970
0.08928
0.08553
0.07884
0.11560
0.09930
0.10796
0.06894
0.08817
0.10943
0.11591
0.08713
0.05562
0.04754
0.05099
0.05585
0.04552
0.07444
0.13039
0.13901
0.09776
0.07270
0.04921
0.00566
0.02716
0.03147
0.07485
0.05473
0.06451
0.08953
0.06590
0.06700
0.06001
0.07214
0.07584
0.09221
0.10640
0.10939
0.13613
0.11586
0.15715
0.12130
0.10656
0.15701
0.14640
0.16639
0.16445
0.16541
0.16878
0.09371
0.10315
0.12881
0.13803
0.12420
0.14114
0.16871
0.14518
0.13479
0.07679
0.08198
0.07377
0.04942
0.04664
0.03926
0.05782
0.06116
0.06818
0.10149
0.11521
0.15645
0.17585
0.11663
0.11514
0.15100
0.14823
0.12539
0.11858
0.14412
0.11911
0.10099
0.06268
0.07105
0.04688
0.06805
0.04475
0.01614
0.00018
0.01176
0.02055
0.04511
0.04842
0.02771
0.01546
0.02261
0.01164
0.02021
0.01666
0.02679
0.06240
0.04514
0.02570
0.01853
0.04228
0.04585
0.05485
0.04831
0.08500
0.10018
0.11889
0.13361
0.09575
0.11639
0.10548
0.09438
0.06735
0.05159
0.06352
0.04855
0.05557
0.07609
0.05730
0.04925
0.07471
0.09555
0.10289
0.12161
0.12792
0.09116
0.11684
0.16138
0.15537
0.19067
0.21345
0.20788
0.23645
0.21431
0.17482
0.18102
0.19029
0.19703
0.21552
0.18817
0.19402
0.19676
0.18537
0.15155
0.12601
0.12289
0.12902
0.13906
0.11866
0.10497
0.10726
0.10633
0.08833
0.06482
0.03734
0.01810
0.06425
0.04962
0.04916
0.00862
0.01674
0.02530
0.02774
0.03155
0.02057
0.02062
0.00000
0.01119
0.03428
0.02541
0.05297
0.06062
0.05495
0.07649
0.06359
0.04718
0.02910
0.04547
0.03565
0.05265
0.06053
0.08910
0.10005
0.09899
0.14410
0.14028
0.13196
0.10825
0.06946
0.08096
0.05829
0.08877
0.08211
0.09762
0.12307
0.11492
0.09538
0.12255
0.12720
0.10484
0.06401
0.08771
0.07946
0.10161
0.16591
0.18894
0.18822
0.18377
0.18694
0.21250
0.25842
0.25718
0.28178
0.30506
0.30112
0.31202
0.30593
0.30361
0.28116
0.23503
0.23512
0.25733
0.21781
0.21536
0.23127
0.24715
0.24531
0.24531
0.24621
0.24961
0.24419
0.23341
0.22726
0.20538
0.15430
0.16826
0.14789
0.16012
0.18749
0.20954
0.19913
0.20839
0.22666
0.22513
0.22657
0.23063
0.22517
0.22879
0.23883
0.24507
0.24563
0.25253
0.23041
0.22702
0.21945
0.19806
0.21408
0.20984
0.18582
0.20600
0.22224
0.19344
0.18702
0.15442
0.15743
0.16384
0.14648
0.15999
0.12919
0.14870
0.20820
0.18883
0.17023
0.18204
0.20106
0.19384
0.16373
0.15021
0.17431
0.19621
0.20838
0.20130
0.19542
0.22264
0.17865
0.17740
0.16284
0.15051
0.15051
0.19750
0.19451
0.18052
0.18514
0.17916
0.17480
0.12004
0.08487
0.07749
0.09251
0.09422
0.10198
0.14364
0.14162
0.13508
0.12708
0.15252
0.12813
0.11503
0.11007
0.09534
0.15463
0.11972
0.08991
0.08618
0.11806
0.10827
0.07437
0.05059
0.03939
0.00740
0.04638
0.03931
0.03944
0.03590
0.02480
0.00406
0.00446
0.02988
0.04392
0.04987
0.06941
0.12033
0.13155
0.07379
0.08828
0.09149
0.04947
0.03454
0.03523
0.05612
0.04322
0.07858
0.08064
0.09453
0.10138
0.09554
0.10329
0.11360
0.08071
0.08061
0.10017
0.10846
0.11862
0.10644
0.07930
0.05652
0.06067
0.05943
0.06752
0.04293
0.05241
0.02078
0.02414
0.01237
0.01343
0.02452
0.01592
0.04601
0.04424
0.03780
0.02077
0.02702
0.04363
0.02895
0.05229
0.04877
0.03133
0.02345
0.02777
0.01358
0.02425
0.04071
0.03556
0.04044
0.03228
0.03811
0.07588
0.08525
0.12477
0.12912
0.14024
0.12653
0.10453
0.12866
0.10775
0.09247
0.08833
0.08805
0.04419
0.07967
0.06361
0.08347
0.07907
0.05828
0.06887
0.06245
0.12194
0.07626
0.05339
0.07662
0.07380
0.10010
0.08134
0.05935
0.07886
0.06693
0.08222
0.09871
0.09416
0.12289
0.13137
0.09550
0.10685
0.10866
0.13486
0.12532
0.10199
0.07915
0.05871
0.05364
0.02388
0.03093
0.03617
0.03073
0.01284
0.05396
0.03060
0.05132
0.06630
0.08880
0.07550
0.09188
0.07927
0.07167
0.09049
0.07388
0.08302
0.06647
0.06728
0.02714
0.00202
0.00268
0.02716
0.04777
0.04302
0.02862
0.06408
0.04996
0.01903
0.05088
0.04569
0.05151
0.05061
0.05884
0.04316
0.02732
0.03535
0.03891
0.05275
0.03828
0.04260
0.03160
0.00000
0.01584
0.05582
0.06437
0.06506
0.04424
0.04118
0.03687
0.02961
0.01474
0.03483
0.05782
0.06364
0.08328
0.10129
0.12366
0.12512
0.11737
0.12401
0.10736
0.12798
0.14198
0.13932
0.13759
0.14431
0.14929
0.13465
0.13928
0.15036
0.16855
0.16039
0.14290
0.12911
0.16109
0.15720
0.15002
0.14741
0.13668
0.13552
0.17687
0.15506
0.17612
0.19578
0.21752
0.23193
0.25665
0.20411
0.19901
0.22230
0.22233
0.18849
0.23884
0.23875
0.22393
0.23770
0.22963
0.23708
0.23464
0.28050
0.25469
0.25775
0.27641
0.21769
0.23356
0.21002
0.22347
0.24291
0.27252
0.25545
0.25739
0.28457
0.28536
0.30093
0.27729
0.30565
0.33201
0.33860
0.37496
0.38534
0.36151
0.36055
0.33496
0.33874
0.34187
0.37188
0.34025
0.34057
0.33139
0.31920
0.36069
0.38867
0.39912
0.41900
0.45298
0.44620
0.48700
0.47907
0.49103
0.46484
0.48500
0.45457
0.45210
0.44697
0.44313
0.46577
0.44976
0.44983
0.41006
0.39787
0.39904
0.38716
0.37533
0.34229
0.34112
0.29980
0.32305
0.32065
0.31083
0.28823
0.27034
0.20902
0.21911
0.25303
0.21516
0.22932
0.26575
0.21855
0.21052
0.20410
0.18263
0.18406
0.18717
0.13804
0.14737
0.13950
0.12249
0.11412
0.13241
0.19238
0.14334
0.11739
0.08073
0.08073
0.03705
0.02202
0.02700
0.04116
0.03636
0.05032
0.06015
0.06312
0.04988
0.09189
0.11596
0.12409
0.10150
0.09481
0.05638
0.01106
0.01526
0.00000
0.01470
0.03443
0.01267
0.01091
0.00100
0.02523
0.03739
0.08460
0.10164
0.09383
0.08147
0.05511
0.07281
0.07844
0.08703
0.04894
0.09340
0.08661
0.07082
0.06680
0.08064
0.11178
0.10380
0.08071
0.10818
0.12154
0.12552
0.11264
0.09942
0.10104
0.08799
0.11165
0.12151
0.12548
0.12815
0.12543
0.13142
0.10838
0.13273
0.12131
0.12451
0.11662
0.09780
0.04670
0.04127
0.04061
0.04000
0.08195
0.05487
0.05925
0.07494
0.08875
0.07228
0.05428
0.05693
0.06234
0.07422
0.08371
0.09758
0.10079
0.11316
0.09751
0.10430
0.08823
0.12358
0.10405
0.12724
0.11833
0.13737
0.12133
0.10603
0.09790
0.10235
0.11791
0.19864
0.20639
0.20749
0.19457
0.18487
0.17152
0.13895
0.14401
0.15438
0.11953
0.14830
0.14692
0.12565
0.09187
0.06133
0.02725
0.02336
0.00300
0.01541
0.03136
0.05719
0.06825
0.05212
0.06023
0.06118
0.06366
0.05017
0.02196
0.00000
0.01638
0.00000
0.02885
0.06186
0.07170
0.03658
0.03658
0.04554
0.05868
0.07176
0.07846
0.09617
0.09468
0.09338
0.08717
0.07530
0.05576
0.06585
0.09466
0.09789
0.09922
0.12349
0.14701
0.09358
0.08008
0.06567
0.06623
0.08672
0.11403
0.18036
0.15923
0.15147
0.14171
0.14533
0.10860
0.15977
0.17491
0.17795
0.17024
0.17910
0.19053
0.20425
0.21028
0.18458
0.17253
0.15859
0.14134
0.12095
0.11047
0.11616
0.09335
0.09299
0.08039
0.07929
0.10153
0.10960
0.09751
0.10421
0.06964
0.09659
0.10196
0.08331
0.08566
0.07070
0.08640
0.06301
0.07061
0.08094
0.09307
0.08742
0.05402
0.10395
0.09705
0.07051
0.04054
0.07474
0.12732
0.13125
0.12730
0.10864
0.16190
0.18176
0.16161
0.15392
0.15381
0.14836
0.14637
0.20398
0.20388
0.20801
0.25199
0.25125
0.28186
0.23751
0.24273
0.23613
0.22097
0.18680
0.20288
0.19312
0.17758
0.18339
0.16881
0.17059
0.16157
0.19202
0.20212
0.18782
0.17580
0.18011
0.18748
0.22129
0.19949
0.18235
0.18225
0.19456
0.19008
0.20985
0.20006
0.19149
0.18217
0.19000
0.16273
0.15343
0.15393
0.14291
0.15024
0.12752
0.14915
0.14426
0.14085
0.13920
0.11362
0.09766
0.06006
0.04248
0.04597
0.06173
0.07148
0.08123
0.07801
0.09750
0.08876
0.08195
0.12018
0.16809
0.17357
0.19401
0.18588
0.21338
0.25041
0.26661
0.25769
0.23422
0.23588
0.26745
0.25632
0.20462
0.17377
0.17210
0.15507
0.11463
0.12879
0.13767
0.10680
0.11253
0.09194
0.10669
0.09673
0.11923
0.10804
0.09906
0.10978
0.11435
0.11369
0.12886
0.10727
0.11556
0.08998
0.10507
0.14696
0.15565
0.14403
0.12632
0.13247
0.13080
0.10667
0.08410
0.08183
0.05491
0.09926
0.07040
0.04366
0.03710
0.05082
0.04468
0.02932
0.02889
0.04891
0.06495
0.07240
0.07238
0.07300
0.06336
0.06442
0.02029
0.01877
0.00000
0.01756
0.01147
0.02830
0.02179
0.01568
0.02676
0.02198
0.05727
0.06526
0.05685
0.06414
0.03731
0.03268
0.03277
0.02345
0.09876
0.11297
0.09749
0.08235
0.07733
0.06742
0.07141
0.07463
0.12314
0.13728
0.11077
0.09837
0.10389
0.11018
0.11821
0.11602
0.09103
0.09559
0.10183
0.11191
0.12068
0.14143
0.16545
0.16967
0.20167
0.18525
0.17632
0.17156
0.14698
0.13389
0.11821
0.15669
0.15963
0.15699
0.18677
0.20126
0.23714
0.24592
0.24251
0.22422
0.23206
0.22377
0.23214
0.23299
0.20091
0.20457
0.16381
0.20019
0.19585
0.16565
0.16488
0.17716
0.16477
0.15148
0.13650
0.11705
0.13078
0.13316
0.17492
0.17600
0.20822
0.22470
0.21504
0.20892
0.21346
0.20562
0.22680
0.21832
0.23164
0.22282
0.19726
0.21076
0.22660
0.23229
0.25663
0.27390
0.30832
0.32142
0.31397
0.32309
0.31071
0.31190
0.29960
0.36295
0.41594
0.42748
0.45771
0.43766
0.42295
0.41294
0.42372
0.42763
0.41660
0.44687
0.44353
0.45143
0.45514
0.44103
0.46103
0.41682
0.38898
0.40122
0.42071
0.43508
0.45285
0.48227
0.46788
0.46365
0.46694
0.42517
0.43040
0.41811
0.45044
0.46520
0.47387
0.46748
0.41150
0.36254
0.36515
0.41364
0.41118
0.40113
0.39657
0.40990
0.41176
0.41898
0.40956
