0.01237
0.01290
0.00357
0.04103
0.00282
0.01781
0.03719
0.01586
0.06114
0.05597
0.07258
0.08822
0.09071
0.09648
0.11988
0.14672
0.15402
0.12971
0.10855
0.10897
0.10457
0.12068
0.12741
0.12145
0.10163
0.11166
0.09757
0.10158
0.11227
0.11161
0.09583
0.07100
0.08753
0.05391
0.07347
0.08812
0.06424
0.07075
0.06909
0.06258
0.03832
0.03876
0.03491
0.03216
0.05027
0.06975
0.09771
0.09318
0.10748
0.07732
0.08557
0.09306
0.08565
0.09064
0.10453
0.09701
0.05375
0.04574
0.03391
0.04513
0.06918
0.04507
0.04188
0.01656
0.01568
0.00865
0.03457
0.02123
0.01252
0.00028
0.00840
0.03789
0.03309
0.06305
0.07131
0.03837
0.02723
0.04047
0.02508
0.01990
0.05026
0.07664
0.11322
0.11844
0.11465
0.09751
0.12165
0.08271
0.08395
0.13320
0.14418
0.15192
0.15229
0.16104
0.14972
0.18254
0.19373
0.22090
0.22601
0.23567
0.24383
0.21677
0.23465
0.28954
0.28759
0.31025
0.29392
0.33063
0.34341
0.36067
0.36929
0.37499
0.40764
0.40321
0.38158
0.41310
0.44273
0.42495
0.42640
0.41484
0.41571
0.37411
0.39082
0.40384
0.38528
0.40311
0.42352
0.38916
0.37068
0.35353
0.35494
0.37178
0.36747
0.34877
0.36806
0.35031
0.36241
0.39201
0.39463
0.39538
0.40203
0.38404
0.36698
0.36314
0.36978
0.38046
0.40215
0.38588
0.37392
0.37456
0.39958
0.38358
0.38972
0.39013
0.35361
0.39300
0.40456
0.42535
0.42759
0.42053
0.38617
0.38185
0.38851
0.43688
0.44928
0.43285
0.43139
0.43184
0.39106
0.40035
0.40405
0.39433
0.37424
0.35436
0.32813
0.33051
0.32658
0.34278
0.35337
0.33666
0.33264
0.33805
0.32854
0.32463
0.33116
0.31604
0.31211
0.32153
0.33648
0.33824
0.34828
0.33463
0.33577
0.33618
0.32118
0.31532
0.30998
0.30473
0.31335
0.33058
0.32201
0.28746
0.30845
0.28226
0.29510
0.30607
0.31850
0.32821
0.36409
0.36036
0.39290
0.34434
0.37903
0.40481
0.41693
0.41618
0.41175
0.38075
0.35426
0.33073
0.32666
0.34351
0.34393
0.36149
0.34519
0.36125
0.34403
0.34070
0.35626
0.36930
0.35698
0.36641
0.32716
0.30825
0.29171
0.31358
0.27467
0.26995
0.29074
0.27716
0.24774
0.24332
0.25660
0.25667
0.26460
0.21606
0.20542
0.23041
0.21111
0.16600
0.16897
0.20461
0.17731
0.20686
0.22248
0.22982
0.24238
0.21079
0.20208
0.22179
0.22758
0.26111
0.26423
0.26814
0.27158
0.27814
0.32540
0.29798
0.34175
0.34019
0.31621
0.31570
0.30271
0.30167
0.30273
0.31471
0.35353
0.32744
0.33602
0.32790
0.31999
0.31230
0.31947
0.35493
0.36143
0.37031
0.37028
0.33845
0.34959
0.37245
0.42017
0.39460
0.37434
0.39805
0.34144
0.32246
0.29497
0.29009
0.30067
0.30200
0.28339
0.30834
0.30839
0.31680
0.30021
0.31634
0.34403
0.33167
0.30559
0.30427
0.32498
0.34581
0.35809
0.36505
0.35954
0.34780
0.33486
0.33068
0.29976
0.29522
0.31428
0.27512
0.28549
0.31173
0.31337
0.30183
0.35033
0.34021
0.34341
0.36784
0.35061
0.36575
0.38203
0.40612
0.40428
0.40253
0.38627
0.38759
0.38840
0.41023
0.42076
0.41498
0.43195
0.43770
0.43235
0.47356
0.47372
0.50192
0.53676
0.44152
0.45634
0.45404
0.46513
0.44641
0.47227
0.47363
0.46226
0.44148
0.47165
0.46914
0.43874
0.42921
0.44651
0.47841
0.47766
0.46764
0.45209
0.46807
0.49467
0.53060
0.51203
0.48803
0.55189
0.55544
0.57478
0.56594
0.57754
0.56253
0.61035
0.60909
0.62456
0.62508
0.62136
0.64889
0.62870
0.67338
0.66481
0.65284
0.67665
0.66303
0.65780
0.63626
0.60830
0.57888
0.59142
0.54940
0.56222
0.53930
0.53883
0.53365
0.54097
0.53110
0.55288
0.54348
0.56107
0.56755
0.59712
0.55139
0.58529
0.60054
0.59649
0.58869
0.58828
0.61491
0.66274
0.64920
0.61420
0.62531
0.60706
0.62133
0.60147
0.57876
0.57593
0.50708
0.52868
0.53259
0.51116
0.48955
0.52660
0.54509
0.53469
0.52193
0.51578
0.53650
0.52896
0.47666
0.47316
0.44844
0.41922
0.44090
0.45699
0.44807
0.46450
0.43909
0.44880
0.40173
0.37711
0.43039
0.40628
0.40541
0.36532
0.37940
0.38718
0.38156
0.38158
0.40000
0.39195
0.38928
0.39117
0.38617
0.36257
0.35876
0.34306
0.33862
0.33186
0.32633
0.32186
0.31883
0.34488
0.35781
0.33215
0.28496
0.28465
0.29662
0.28538
0.27166
0.26216
0.24750
0.24860
0.22546
0.23287
0.24373
0.23915
0.23817
0.26003
0.29175
0.29391
0.29062
0.30638
0.30452
0.29242
0.25110
0.25975
0.25310
0.25552
0.26976
0.27895
0.30622
0.29607
0.30282
0.29389
0.30299
0.30389
0.30416
0.30203
0.33580
0.34423
0.36145
0.37371
0.35623
0.35265
0.34038
0.31223
0.33001
0.36520
0.35497
0.35073
0.37863
0.37494
0.38736
0.37930
0.39218
0.41066
0.38967
0.38148
0.34576
0.34580
0.35771
0.38172
0.37417
0.35159
0.33652
0.35481
0.35409
0.34730
0.37764
0.36406
0.34656
0.32204
0.34345
0.34327
0.33534
0.35220
0.36040
0.38533
0.36795
0.41366
0.40860
0.42462
0.42231
0.43714
0.44713
0.45738
0.45660
0.47373
0.42651
0.44380
0.44190
0.42624
0.44040
0.44907
0.43631
0.44618
0.44234
0.42692
0.38090
0.36565
0.37336
0.38541
0.40538
0.43394
0.45498
0.45431
0.48662
0.46357
0.45309
0.46222
0.49544
0.47907
0.46392
0.47362
0.45278
0.46627
0.48468
0.47085
0.50289
0.50985
0.48795
0.48619
0.46752
0.43211
0.44623
0.45383
0.46950
0.46736
0.46033
0.46770
0.44211
0.41656
0.42509
0.42304
0.39588
0.38103
0.39083
0.37660
0.34886
0.33485
0.32043
0.32865
0.29944
0.30500
0.28088
0.29474
0.27832
0.27258
0.28046
0.24796
0.26275
0.23645
0.20972
0.21082
0.17784
0.17650
0.16383
0.10924
0.11507
0.11814
0.13201
0.13718
0.12302
0.08929
0.11407
0.13102
0.09562
0.09790
0.09727
0.05141
0.05389
0.05060
0.07656
0.07060
0.05196
0.07144
0.06356
0.02589
0.00800
0.05785
0.02768
0.02602
0.02256
0.02551
0.06886
0.07811
0.05216
0.02493
0.02919
0.07324
0.06508
0.05976
0.06643
0.02676
0.01459
0.02897
0.01825
0.00389
0.00270
0.01765
0.02085
0.00708
0.05686
0.02665
0.02621
0.04382
0.04634
0.05943
0.06242
0.07685
0.07850
0.05917
0.05464
0.05802
0.11829
0.09224
0.09244
0.08595
0.07703
0.07242
0.05784
0.05296
0.07606
0.10084
0.15940
0.14150
0.14043
0.17123
0.19191
0.21400
0.19436
0.16811
0.14746
0.14663
0.15049
0.22512
0.23858
0.23807
0.27337
0.28246
0.30049
0.30488
0.32091
0.31742
0.32170
0.31880
0.31987
0.33113
0.31918
0.33594
0.36264
0.36152
0.36015
0.35519
0.34806
0.31389
0.29231
0.21668
0.19647
0.20636
0.20487
0.23744
0.18548
0.21485
0.18273
0.16928
0.15387
0.17682
0.15202
0.16735
0.14728
0.14114
0.14114
0.11787
0.10262
0.08381
0.05486
0.05907
0.04276
0.13633
0.17205
0.14995
0.12198
0.12599
0.14045
0.15761
0.18533
0.17789
0.16881
0.17327
0.16600
0.17154
0.15091
0.13151
0.08230
0.07994
0.08108
0.08056
0.09069
0.09343
0.10424
0.10426
0.08662
0.07584
0.07929
0.05920
0.07794
0.07546
0.06842
0.08610
0.07613
0.07560
0.11565
0.06941
0.04559
0.01697
0.04485
0.05950
0.08642
0.11072
0.10430
0.07644
0.07308
0.07699
0.08025
0.05810
0.09790
0.11927
0.09225
0.09500
0.08891
0.10623
0.07722
0.09204
0.09089
0.09283
0.08418
0.08785
0.10851
0.11159
0.12918
0.13826
0.14453
0.13372
0.16601
0.16524
0.13517
0.14810
0.16009
0.15541
0.13835
0.11528
0.12179
0.13235
0.15834
0.14432
0.14920
0.14579
0.15794
0.16207
0.16207
0.14154
0.13992
0.14940
0.12751
0.15352
0.16466
0.16815
0.18936
0.16746
0.16697
0.15939
0.12571
0.14287
0.15296
0.16085
0.13324
0.11886
0.09195
0.08595
0.08652
0.08914
0.13564
0.15332
0.08090
0.08797
0.10161
0.08052
0.10995
0.11680
0.12450
0.06799
0.09785
0.09785
0.09241
0.07599
0.06509
0.08693
0.08470
0.09760
0.12522
0.12614
0.12775
0.13864
0.12488
0.12741
0.13871
0.13147
0.12677
0.12432
0.12431
0.13722
0.12939
0.12032
0.13711
0.13847
0.16112
0.16355
0.21933
0.23834
0.24536
0.23784
0.23805
0.28747
0.29062
0.31157
0.31860
0.34988
0.35081
0.36467
0.36073
0.35543
0.38083
0.38063
0.37006
0.37791
0.37769
0.40283
0.38839
0.42292
0.42758
0.37404
0.39381
0.40619
0.41604
0.38937
0.41261
0.40254
0.42017
0.42352
0.43854
0.42403
0.39837
0.34685
0.35086
0.35711
0.37843
0.38531
0.38977
0.39217
0.39040
0.39018
0.39063
0.40580
0.35204
0.35961
0.35433
0.33049
0.32630
0.31302
0.31349
0.31721
0.29685
0.30971
0.33640
0.34956
0.35541
0.35942
0.34921
0.34959
0.36674
0.37052
0.39234
0.36918
0.32966
0.35272
0.37244
0.31704
0.33714
0.32619
0.34633
0.36442
0.35046
0.35176
0.35517
0.38467
0.37506
0.36549
0.36777
0.36669
0.40896
0.42675
0.42426
0.40004
0.37999
0.35098
0.34032
0.31447
0.30548
0.28584
0.28950
0.28981
0.27325
0.23630
0.21248
0.19856
0.19609
0.20974
0.23437
0.25588
0.28920
0.31072
0.31213
0.30288
0.30151
0.32431
0.29718
0.27981
0.29051
0.31601
0.34514
0.31790
0.32456
0.27943
0.26955
0.26626
0.27768
0.27409
0.29641
0.29030
0.33962
0.32178
0.35109
0.35212
0.32365
0.28714
0.28518
0.28303
0.32994
0.32632
0.33885
0.30684
0.29834
0.29754
0.28962
0.29519
0.31615
0.33627
0.34563
0.33174
0.35384
0.34295
0.35229
0.36165
0.37151
0.42119
0.38640
0.37313
0.38147
0.40463
0.37322
0.42498
0.40710
0.39040
0.40826
0.40174
0.43235
0.43849
0.44447
0.46082
0.45972
0.44699
0.47606
0.43731
0.40720
0.37360
0.36808
0.41372
0.41345
0.40363
0.38671
0.38828
0.41134
0.42445
0.41522
0.40399
0.40395
0.39560
0.37965
0.38080
0.40368
0.42458
0.41299
0.39735
0.41531
0.40202
0.37987
0.39683
0.38965
0.38945
0.40694
0.41022
0.42493
0.40841
0.40339
0.39234
0.39333
0.36767
0.37614
0.33528
0.33231
0.34582
0.33494
0.27434
0.29074
0.30397
0.33160
0.34774
0.38283
0.38504
0.34570
0.35592
0.35603
0.35151
0.31904
0.30106
0.29463
0.26745
0.25133
0.24865
0.27089
0.26122
0.21032
0.20694
0.18089
0.14584
0.17608
0.17213
0.16517
0.18207
0.25247
0.24659
0.24003
0.22859
0.21018
0.19776
0.20091
0.19855
0.19993
0.21077
0.19287
0.20751
0.08948
0.13134
0.11667
0.11459
0.10978
0.07182
0.07614
0.11133
0.13915
0.14244
0.11672
0.11744
0.12225
0.12422
0.13530
0.11353
0.09874
0.12574
0.12926
0.11626
0.10874
0.08826
0.04765
0.02848
0.02047
0.04043
0.05160
0.05550
0.05829
0.06171
0.08742
0.08696
0.12082
0.10822
0.10055
0.12009
0.14360
0.17607
0.18893
0.15833
0.12439
0.12938
0.15358
0.16024
0.14531
0.11667
0.09484
0.11675
0.10413
0.05218
0.02316
0.00000
0.04683
0.06757
0.08679
0.09215
0.09233
0.08467
0.04185
0.04531
0.00947
0.05267
0.05398
0.04566
0.05084
0.05325
0.04929
0.05581
0.07271
0.05361
0.08634
0.05362
0.06433
0.07411
0.10351
0.08715
0.11877
0.13989
0.14807
0.20397
0.19558
0.17815
0.20550
0.27025
0.27767
0.26863
0.26951
0.24380
0.23359
0.25795
0.25031
0.25216
0.25163
0.24544
0.23730
0.25728
0.23597
0.26208
0.26055
0.24659
0.20300
0.21245
0.18094
0.16427
0.17311
0.20157
0.18952
0.18266
0.18175
0.20142
0.23241
0.23573
0.23424
0.22923
0.22869
0.19315
0.17687
0.17437
0.16211
0.18168
0.18039
0.14007
0.14776
0.13749
0.13670
0.12585
0.12450
0.14062
0.17908
0.17003
0.14917
0.17151
0.19691
0.20791
0.19484
0.18214
0.15905
0.22336
0.21860
0.22972
0.21991
0.19143
0.19867
0.21460
0.20728
0.19212
0.18606
0.21593
0.18009
0.17185
0.14013
0.15064
0.16294
0.13050
0.16725
0.16542
0.14880
0.17296
0.17316
0.17065
0.22809
0.23639
0.24559
0.19204
0.19920
0.18995
0.19580
0.21953
0.20403
0.15611
0.11070
0.12748
0.12484
0.09951
0.04887
0.06010
0.04964
0.08418
0.08036
0.09846
0.07733
0.06253
0.06743
0.10183
0.10387
0.07263
0.09183
0.09865
0.11805
0.15584
0.16264
0.13702
0.18909
0.16996
0.14129
0.10714
0.09334
0.10237
0.11184
0.13180
0.15624
0.14105
0.12261
0.11775
0.06623
0.08152
0.07209
0.08467
0.07624
0.06995
0.09702
0.06109
0.05983
0.09213
0.11108
0.11822
0.07067
0.07473
0.10003
0.07044
0.08210
0.09474
0.08438
0.08654
0.10311
0.11672
0.08823
0.11127
0.13419
0.13830
0.13660
0.11634
0.11386
0.09948
0.09525
0.06358
0.07993
0.07417
0.07417
0.02540
0.02967
0.03806
0.04963
0.03009
0.00970
0.03045
0.06466
0.00765
0.00000
0.01397
0.01929
0.04615
0.04800
0.01213
0.00530
0.01882
0.03254
0.02218
0.03308
0.06999
0.09008
0.10379
0.07286
0.09265
0.09855
0.09136
0.08444
0.07491
0.03101
0.04038
0.04425
0.05054
0.07028
0.06253
0.07356
0.09156
0.11982
0.12772
0.12255
0.13137
0.09443
0.10543
0.18371
0.21018
0.19526
0.19245
0.17078
0.15553
0.15178
0.15123
0.16027
0.15327
0.15798
0.16157
0.14226
0.12608
0.14710
0.16050
0.11067
0.12740
0.15132
0.20761
0.20352
0.24887
0.26297
0.27516
0.29457
0.29158
0.33381
0.34965
0.35171
0.35572
0.33065
0.30172
0.33760
0.33998
0.33875
0.31487
0.34300
0.32241
0.33953
0.31521
0.29880
0.23861
0.24734
0.23238
0.21808
0.23180
0.22576
0.15100
0.13853
0.12737
0.20521
0.21338
0.17770
0.18056
0.17320
0.14173
0.13409
0.16766
0.16364
0.16052
0.14658
0.13883
0.11206
0.11833
0.11571
0.11112
0.09178
0.08500
0.06154
0.08857
0.06220
0.06077
0.05803
0.08956
0.09679
0.08415
0.09652
0.11671
0.08006
0.11364
0.12982
0.11611
0.12751
0.12837
0.15506
0.17429
0.18952
0.15957
0.13508
0.14552
0.16125
0.21477
0.21412
0.22934
0.20463
0.17998
0.18090
0.17919
0.16438
0.19302
0.17513
0.15917
0.13894
0.12880
0.11278
0.07719
0.08606
0.07378
0.06224
0.05109
0.06929
0.05195
0.07946
0.07438
0.12892
0.17255
0.19736
0.20626
0.22235
0.27339
0.30411
0.29762
0.33501
0.32508
0.32366
0.32698
0.33625
0.34155
0.32936
0.32734
0.27154
0.23361
0.22765
0.23228
0.25581
0.25479
0.25758
0.25346
0.25560
0.25583
0.23416
0.23947
0.25101
0.24235
0.26113
0.25705
0.25754
0.26910
0.26359
0.27340
0.24512
0.29486
0.28444
0.27274
0.26327
0.27188
0.28431
0.27013
0.27848
0.27280
0.25697
0.26936
0.25448
0.24692
0.22728
0.18534
0.20109
0.20946
0.19266
0.17860
0.19689
0.22753
0.23945
0.20212
0.24337
0.24316
0.24034
0.24266
0.25140
0.25862
0.23916
0.29543
0.30182
0.29860
0.27538
0.31652
0.31722
0.33860
0.32284
0.32114
0.32166
0.29142
0.27199
0.26595
0.23154
0.23062
0.23422
0.25282
0.26297
0.30586
0.31494
0.30476
0.28653
0.26912
0.27011
0.24979
0.23738
0.18969
0.20572
0.19951
0.17476
0.19705
0.17610
0.14099
0.12214
0.09349
0.09337
0.08574
0.10382
0.09601
0.02599
0.04985
0.04762
0.04882
0.02785
0.00205
0.00949
0.01118
0.03948
0.06908
0.06906
0.06659
0.05109
0.07358
0.08100
0.15262
0.15357
0.15577
0.17276
0.17125
0.15990
0.17312
0.15046
0.14922
0.13409
0.11290
0.10287
0.11563
0.08359
0.05789
0.04977
0.02366
0.02122
0.00707
0.03641
0.04521
0.04454
0.02634
0.00024
0.00569
0.00441
0.01265
0.03137
0.04456
0.02932
0.03977
0.08013
0.08493
0.09235
0.09662
0.10702
0.11227
0.10890
0.09147
0.14791
0.15405
0.12935
0.13997
0.13778
0.13396
0.14064
0.15410
0.15825
0.16744
0.16661
0.15746
0.13879
0.11551
0.16222
0.14321
0.13564
0.13081
0.13836
0.12856
0.14256
0.13876
0.14173
0.11393
0.14143
0.14442
0.13597
0.15528
0.17822
0.16457
0.16703
0.19409
0.17540
0.17736
0.16652
0.16377
0.16263
0.16114
0.13951
0.09945
0.10877
0.11178
0.04088
0.05074
0.06065
0.10373
0.12172
0.14211
0.13442
0.11914
0.11648
0.10787
0.11691
0.11677
0.18528
0.21406
0.21485
0.25008
0.26836
0.30507
0.28361
0.28070
0.31492
0.30751
0.26929
0.24878
0.23040
0.22709
0.20620
0.23937
0.23020
0.24736
0.24230
0.25981
0.22701
0.22436
0.22643
0.16938
0.15992
0.16036
0.15011
0.17233
0.18076
0.16237
0.16741
0.15339
0.11631
0.09767
0.12327
0.15636
0.18116
0.21152
0.20448
0.18809
0.19186
0.20039
0.18857
0.19544
0.23272
0.26519
0.27762
0.27277
0.27746
0.30565
0.27815
0.29705
0.29562
0.28837
0.28188
0.26049
0.26982
0.31010
0.29505
0.31517
0.29995
0.31138
0.31886
0.29200
0.28471
0.31338
0.32835
0.34421
0.33384
0.32430
0.31918
0.32083
0.37507
0.38851
0.36482
0.29911
0.30782
0.31396
0.32263
0.31108
0.32917
0.33403
0.38174
0.38703
0.40926
0.45202
0.43768
0.43790
0.42504
0.37644
0.37330
0.37378
0.36776
0.36645
0.40107
0.41652
0.41115
0.43181
0.47883
0.48361
0.49537
0.49746
0.48595
0.51657
0.50159
0.49878
0.51624
0.54089
0.54215
0.55926
0.55039
0.52906
0.50779
0.51286
0.49414
0.49519
0.50430
0.51060
0.49492
0.52483
0.52331
0.52416
0.51649
0.50931
0.46852
0.46615
0.45092
0.46901
0.45627
0.48846
0.50045
0.48987
0.50719
0.51289
0.54065
0.56269
0.60098
0.59234
0.62882
0.63415
0.64645
0.67352
0.66606
0.64140
0.65231
0.62355
0.61837
0.63636
0.64801
0.65127
0.63466
0.63247
0.62978
0.65467
0.63006
0.62954
0.63629
0.60877
0.62666
0.59069
0.58225
0.56829
0.54466
0.53101
0.53503
0.55141
0.56162
0.58686
0.56885
0.56270
0.48065
0.46365
0.47494
0.48196
0.44763
0.44940
0.43911
0.45092
0.45062
0.47538
0.49326
0.48771
0.45258
0.45720
0.43565
0.44105
0.37993
0.36777
0.38273
0.38681
0.41367
0.43006
0.42625
0.43285
0.43409
0.39813
0.39265
0.39124
0.43222
0.43710
0.42181
0.43031
0.44259
0.44650
0.41626
0.40908
0.43670
0.44428
0.42969
0.41023
0.44860
0.44695
0.47220
0.46915
0.44502
0.43160
0.43167
0.40244
0.41416
0.41808
0.43544
0.41921
0.40710
0.41919
0.43414
0.45795
0.43417
0.44582
0.45607
0.44783
0.46408
0.50244
0.52048
0.50867
0.52372
0.50213
0.48878
0.47270
0.43831
0.44976
0.43874
0.44532
0.44644
0.43687
0.44809
0.44833
0.39302
0.39020
0.38779
0.38687
0.36231
0.40732
0.40155
0.44761
0.45067
0.46572
0.48157
0.46633
0.48678
0.50007
0.47155
0.47784
0.48241
0.48727
0.52486
0.53279
0.54729
0.54926
0.49853
0.48292
0.43023
0.37914
0.41896
0.40151
0.38278
0.38037
0.34585
0.35473
0.36011
0.34749
0.36912
0.34832
0.31213
0.32345
0.32418
0.32418
0.28563
0.26399
0.31536
0.29276
0.30229
0.29441
0.32344
0.32867
0.33921
0.35109
0.34439
0.38227
0.36789
0.38879
0.39117
0.38710
0.39616
0.36932
0.38462
0.35885
0.31263
0.31843
0.30236
0.29787
0.40577
0.39132
0.39165
0.39332
0.38662
0.39493
0.41516
0.41108
0.41209
0.42741
0.44154
0.41452
0.38956
0.37793
0.40680
0.38738
0.40499
0.34531
0.33576
0.34419
0.33445
0.31204
0.34451
0.36088
0.37638
0.35027
0.34232
0.37289
0.38639
0.36548
0.35485
0.36543
0.37145
0.39053
0.39272
0.39512
0.40430
0.42021
0.42280
0.43069
0.42318
0.39307
0.39643
0.40695
0.36784
0.35667
0.37740
0.38211
0.37164
0.37049
0.34659
0.32184
0.29853
0.33851
0.32243
0.31767
0.31511
0.30162
0.27652
0.20909
0.25661
0.23861
0.21220
0.24461
0.21025
0.24846
0.22964
0.20742
0.19739
0.18150
0.18761
0.15177
0.17704
0.17208
0.16861
0.19248
0.20432
0.19378
0.21475
0.22850
0.22319
0.21998
0.24806
0.25097
0.19319
0.19396
0.18090
0.18098
0.21115
0.23598
0.23843
0.23307
0.24423
0.24652
0.21898
0.23068
0.23371
0.18300
0.18026
0.15268
0.15769
0.10686
0.11075
0.10042
0.12878
0.14572
0.12792
0.13159
0.12406
0.12339
0.08744
0.08103
0.04865
0.05054
0.05237
0.04943
0.00586
0.01933
0.01233
0.03593
0.05167
0.00383
0.01451
0.00600
0.00000
0.01323
0.00722
0.04084
0.04556
0.02115
0.00124
0.06133
0.02106
0.04166
0.03356
0.03546
0.03612
0.01031
0.01241
0.05355
0.06986
0.08426
0.08255
0.08051
0.13542
0.13577
0.12822
0.11662
0.13306
0.11838
0.11322
0.13029
0.15627
0.11559
0.08426
0.03306
0.01015
0.03258
0.02820
0.01889
0.04411
0.02109
0.02227
0.03404
0.00117
0.00117
0.01280
0.00825
0.01575
0.02936
0.01242
0.03718
0.03617
0.05752
0.06843
0.05096
0.05096
0.04229
0.02681
0.03194
0.02598
0.04063
0.02100
0.05573
0.05820
0.05317
0.02472
0.05204
0.06962
0.07667
0.07163
0.10159
0.11584
0.10471
0.09397
0.08634
0.08897
0.13876
0.17811
0.15985
0.15688
0.14604
0.15373
0.13533
0.13184
0.11439
0.14450
0.13569
0.11645
0.13980
0.16709
0.17694
0.16834
0.17078
0.17496
0.19030
0.19437
0.17164
0.19239
0.20809
0.23008
0.23008
0.22140
0.21870
0.20826
0.19269
0.17567
0.16571
0.17040
0.17966
0.16370
0.16756
0.13420
0.15246
0.14572
0.19555
0.22468
0.28870
0.27100
0.30250
0.29324
0.33179
0.31759
0.29629
0.29991
0.29479
0.29433
0.24817
0.28064
0.26421
0.23741
0.24954
0.23704
0.22312
0.20907
0.20482
0.20805
0.24179
0.23167
0.20340
0.20620
0.17700
0.17967
0.14310
0.15248
0.16199
0.18940
0.14980
0.11664
0.10602
0.09539
0.10388
0.11059
0.10073
0.08190
0.09001
0.09199
0.09641
0.07714
0.05092
0.03557
0.02268
0.03521
0.04394
0.04247
0.06746
0.06677
0.06906
0.09697
0.10222
0.10545
0.09232
0.08585
0.05042
0.07000
0.09156
0.09879
0.10313
0.09019
0.07913
0.10545
0.13695
0.14685
0.13072
0.15494
0.18212
0.18051
0.16837
0.20434
0.21701
0.21225
0.21471
0.23769
0.23696
0.25837
0.22892
0.24811
0.26679
0.25766
0.25105
0.26394
0.26544
0.27301
0.29699
0.32792
0.28858
0.29293
0.34045
0.32324
0.34477
0.30657
0.33549
0.31454
0.29303
0.29527
0.27918
0.25727
0.21976
0.21315
0.23065
0.28717
0.28582
0.26675
0.24551
0.24624
0.23821
0.23572
0.22920
0.20422
0.20777
0.19718
0.17884
0.20914
0.18620
0.19796
0.17992
0.20355
0.24602
0.25447
0.27053
0.27939
0.28910
0.24819
0.21669
0.25085
0.23151
0.22729
0.23973
0.22261
0.21959
0.21325
0.19933
0.20326
0.20639
0.19226
0.21330
0.21657
0.23403
0.25639
0.22620
0.22628
0.21613
0.21964
0.24179
0.25971
0.23848
0.25552
0.25562
0.24866
0.24610
0.26072
0.23419
0.21529
0.21921
0.21921
0.23756
0.21509
0.15966
0.18841
0.20387
0.20421
0.23817
0.25738
0.26745
0.22899
0.24942
0.22396
0.20073
0.21703
0.22542
0.20377
0.19424
0.19105
0.15824
0.14389
0.09584
0.11002
0.09213
0.11510
0.08896
0.08105
0.10559
0.10968
0.13613
0.13075
0.10540
0.06708
0.09411
0.07911
0.11716
0.09430
0.10893
0.10120
0.15163
0.13322
0.11947
0.10981
0.10715
0.12506
0.16687
0.19627
0.22229
0.16519
0.15240
0.13603
0.13344
0.15147
0.09941
0.08745
0.10393
0.07322
0.06170
0.08177
0.07553
0.03033
0.01719
0.00598
0.02818
0.03473
0.03480
0.06195
0.07967
0.03921
0.04419
0.05492
0.04116
0.06401
0.07095
0.05862
0.03146
0.02030
0.05645
0.05380
0.05605
0.05138
0.06512
0.04548
0.03409
0.06394
0.05555
0.05425
0.07052
0.06470
0.08825
0.08664
0.06496
0.06438
0.05345
0.05476
0.03800
0.05101
0.05003
0.06361
0.05363
0.04628
0.02927
0.02574
0.02944
0.00002
0.00511
0.01071
0.05812
0.04144
0.01819
0.05498
0.04253
0.05383
0.04356
0.06120
0.09386
0.10818
0.10642
0.08226
0.09289
0.09824
0.10140
0.07769
0.11163
0.11136
0.11963
0.12225
0.13370
0.17256
0.16671
0.16022
0.16904
0.14632
0.13488
0.14648
0.13088
0.12187
0.13845
0.14315
0.17338
0.21055
0.21525
0.19628
0.19319
0.15189
0.12481
0.14405
0.15371
0.16405
0.14853
0.16754
0.16693
0.16608
0.13866
0.15140
0.14473
0.13790
0.14699
0.17291
0.15996
0.16040
0.17315
0.20763
0.23839
0.22439
0.22750
0.23029
0.22578
0.19635
0.18792
0.14596
0.17948
0.15448
0.14520
0.15513
0.11180
0.10717
0.12051
0.10393
0.11401
0.08411
0.05395
0.06654
0.10659
0.14490
0.13036
0.11938
0.07727
0.06197
0.10703
0.10949
0.09036
0.08201
0.10682
0.09649
0.09541
0.06003
0.05584
0.06716
0.08384
0.06889
0.07228
0.09647
0.11042
0.11641
0.10629
0.09353
0.05312
0.03376
0.03180
0.05437
0.05931
0.05857
0.02629
0.02197
0.03256
0.04137
0.03441
0.05319
0.08058
0.09429
0.06956
0.08302
0.07092
0.05589
0.04891
0.08589
0.10336
0.11036
0.10299
0.14432
0.14802
0.12506
0.11150
0.08937
0.08630
0.05553
0.08378
0.09773
0.07714
0.09548
0.09256
0.07165
0.09416
0.09011
0.09620
0.06989
0.07924
0.05566
0.00430
0.07692
0.06404
0.06154
0.04772
0.01501
0.03369
0.05738
0.07350
0.05610
0.05610
0.04596
0.06080
0.09463
0.07884
0.09123
0.10387
0.10586
0.10594
0.12732
0.15291
0.13868
0.17355
0.19142
0.17496
0.15160
0.14681
0.13228
0.13842
0.16208
0.18444
0.17408
0.21869
0.22803
0.20010
0.18083
0.15433
0.13729
0.13288
0.14395
0.15341
0.15333
0.17303
0.17079
0.15404
0.14006
0.15548
0.13003
0.12354
0.09379
0.05385
0.05924
0.06612
0.08325
0.07347
0.10145
0.10836
0.11100
0.08124
0.10441
0.10483
0.08867
0.05816
0.07671
0.08248
0.08657
0.09881
0.11706
0.13545
0.10738
0.10448
0.07492
0.06595
0.11409
0.12654
0.14402
0.14757
0.13473
0.14012
0.13427
0.13849
0.16349
0.20729
0.21611
0.22280
0.16778
0.23313
0.23734
0.22330
0.25169
0.25014
0.23710
0.25878
0.23327
0.22043
0.23473
0.20520
0.20940
0.20940
0.21807
0.25295
0.25336
0.23097
0.23060
0.22769
0.20841
0.20856
0.20252
0.20607
0.20654
0.22715
0.25751
0.27328
0.29182
0.32495
0.33999
0.34764
0.33719
0.35807
0.35570
0.33387
0.32461
0.29069
0.28898
0.27354
0.25129
0.25059
0.26135
0.25074
0.28927
0.25666
0.26417
0.24748
0.27189
0.28264
0.25512
0.25463
0.28749
0.26699
0.27602
0.28986
0.28672
0.27926
0.30504
0.28775
0.28564
0.30129
0.32147
0.30695
0.31908
0.31817
0.32682
0.29107
0.22492
0.22432
0.19436
0.17297
0.19049
0.23154
0.22066
0.22729
0.25067
0.25612
0.21348
0.23053
0.22524
0.22563
0.24422
0.24091
0.22303
0.21816
0.21091
0.19777
0.20428
0.18936
0.22312
0.21583
0.26945
0.28079
0.26175
0.26409
0.28130
0.25497
0.24534
0.23958
0.21360
0.18153
0.15386
0.17081
0.16061
0.13989
0.12559
0.13679
0.10501
0.06284
0.04284
0.03020
0.03911
0.03982
0.05220
0.02928
0.02036
0.03969
0.05735
0.03259
0.02945
0.02978
0.04110
0.05947
0.02305
0.03382
0.05489
0.05680
0.02831
0.00913
0.02776
0.02900
0.03220
0.03517
0.04106
0.03368
0.02583
0.06886
0.08576
0.09948
0.13214
0.12591
0.11163
0.12895
0.04218
0.04179
0.05684
0.05200
0.05083
0.03887
0.06201
0.06781
0.04807
0.06620
0.09767
0.09217
0.04624
0.01144
0.02214
0.07184
0.08295
0.09152
0.09316
0.07735
0.08456
0.06234
0.07232
0.07287
0.06481
0.04079
0.09332
0.11026
0.15476
0.16763
0.18241
0.17870
0.15224
0.17038
0.16218
0.13538
0.15808
0.11786
0.11752
0.10230
0.08118
0.08514
0.08963
0.09745
0.15250
0.13966
0.12139
0.12098
0.10284
0.07671
0.09289
0.09974
0.08125
0.09307
0.06220
0.05000
0.06163
0.10208
0.10193
0.09386
0.10395
0.07760
0.08311
0.10622
0.13280
0.14827
0.16947
0.18551
0.16670
0.16551
0.16696
0.11471
0.12259
0.10534
0.11108
0.12348
0.07577
0.07215
0.07954
0.10857
0.10802
0.08160
0.06096
0.07233
0.05643
0.06662
0.05915
0.05296
0.04995
0.05957
0.05874
0.05710
0.06552
0.09454
0.08744
0.07475
0.08070
0.07167
0.10490
0.10861
0.11930
0.08487
0.08355
0.06808
0.07180
0.06557
0.04424
0.03910
0.04040
0.05235
0.04595
0.00601
0.06024
0.07250
0.09697
0.07804
0.08748
0.08271
0.03784
0.03325
0.02840
0.04724
0.03903
0.01734
0.04649
0.07445
0.08307
0.06975
0.05256
0.06100
0.06717
0.10770
0.09784
0.10269
0.11614
0.10635
0.11468
0.09248
0.10725
0.14821
0.17605
0.18179
0.15955
0.16792
0.17814
0.17646
0.21344
0.21590
0.22112
0.24172
0.24134
0.26685
0.26333
0.22236
0.22637
0.20656
0.15766
0.17268
0.18640
0.17716
0.19090
0.19324
0.20723
0.19026
0.16051
0.18836
0.18096
0.18678
0.17907
0.14157
0.13472
0.11273
0.10638
0.11601
0.11240
0.09281
0.09868
0.09287
0.09325
0.06495
0.02617
0.03418
0.05759
0.05191
0.04336
0.04935
0.04846
0.05477
0.07573
0.06706
0.05218
0.06147
0.08542
0.08582
0.08351
0.09203
0.11075
0.11782
0.11199
0.11460
0.06876
0.06931
0.03703
0.04476
0.01964
0.05521
0.03661
0.03663
0.05063
0.06422
0.07717
0.06980
0.07986
0.08596
0.10594
0.09241
0.13155
0.14595
0.15567
0.19344
0.22358
0.21130
0.22999
0.22414
0.21838
0.23005
0.24042
0.25638
0.28343
0.27475
0.27341
0.30374
0.33877
0.34965
0.33377
0.32756
0.30921
0.35306
0.34389
0.34218
0.37797
0.38914
0.38119
0.37953
0.39694
0.38617
0.33827
0.36773
0.39400
0.43791
0.39551
0.40522
0.41035
0.42863
0.41569
0.43722
0.38758
0.38974
0.38559
0.37376
0.35903
0.35705
0.39967
0.38930
0.41338
0.38251
0.39049
0.42193
0.41705
0.41705
0.39840
0.40638
0.41351
0.36288
0.35291
0.34417
0.34461
0.34929
0.36605
0.37765
0.37968
0.35501
0.31421
0.32358
0.29663
0.36325
0.39919
0.42218
0.39567
0.39567
0.41680
0.41701
0.44598
0.40206
0.41047
0.39002
0.40301
0.38630
0.38967
0.41765
0.37661
0.39528
0.42975
0.45619
0.44992
0.44780
0.44880
0.45174
0.44855
0.43852
0.46664
0.49087
0.48723
0.45144
0.43456
0.39204
0.36354
0.36103
0.36205
0.35517
0.36041
0.35753
0.33053
0.33158
0.34605
0.37079
0.40541
0.40191
0.40031
0.39708
0.39524
0.38107
0.40716
0.39720
0.33438
0.36199
0.40616
0.40271
0.36058
0.30502
0.32419
0.33496
0.31859
0.30726
0.31483
0.31847
0.33405
0.34870
0.37199
0.39217
0.35327
0.34101
0.34201
0.38478
0.37412
0.37427
0.37679
0.35866
0.37738
0.37187
0.39325
0.40938
0.43307
0.43931
0.46900
0.45933
0.42935
0.45018
0.46808
0.48337
0.49123
0.48324
0.49724
0.49996
0.50773
0.47993
0.46022
0.45557
0.39235
0.40185
0.37606
0.41584
0.44771
0.39873
0.42200
0.42039
0.41481
0.43140
0.41839
0.39712
0.34535
0.36007
0.37286
0.37433
0.35672
0.37173
0.39380
0.39676
0.41140
0.40987
0.36442
0.35244
0.36085
0.35810
0.34099
0.30736
0.30701
0.32537
0.27438
0.24749
0.27216
0.27839
0.25206
0.27174
0.24739
0.25158
0.26047
0.25867
0.25645
0.24342
0.22100
0.21301
0.19821
0.21463
0.20995
0.16907
0.14831
0.17043
0.18487
0.19445
0.18065
0.12602
0.10960
0.09315
0.06698
0.06004
0.04919
0.03724
0.02939
0.03955
0.03982
0.05402
0.05287
0.03591
0.03579
0.05488
0.05971
0.08562
0.07765
0.10582
0.04552
0.03709
0.04084
0.07289
0.08698
0.10629
0.11673
0.07752
0.06223
0.04286
0.03445
0.04498
0.03402
0.02936
0.05045
0.05068
0.01954
0.05897
0.03962
0.04609
0.03446
0.07345
0.11016
0.11292
0.12389
0.12124
0.11796
0.12190
0.11108
0.12755
0.08509
0.12281
0.10576
0.14193
0.15349
0.15453
0.14601
0.12759
0.11272
0.08248
0.08222
0.07957
0.06122
0.04662
0.03535
0.00000
0.00000
0.04127
0.07050
0.10915
0.09955
0.16078
0.21675
0.20898
0.20427
0.20305
0.18405
0.17975
0.20023
0.17870
0.14934
0.10933
0.14878
0.17271
0.20971
0.22974
0.19888
0.16568
0.17240
0.20026
0.18050
0.18622
0.20258
0.19879
0.17399
0.11457
0.08875
0.09490
0.05709
0.03130
0.03737
0.03553
0.09475
0.08245
0.07020
0.04602
0.04482
0.05358
0.03658
0.04293
0.01091
0.01986
0.00709
0.01980
0.03885
0.02445
0.01718
0.03650
0.02380
0.01617
0.02964
0.04144
0.00345
0.01216
0.02926
0.05988
0.05421
0.05585
0.06714
0.06778
0.02195
0.05288
0.08820
0.09269
0.09771
0.09148
0.06283
0.06263
0.03515
0.03987
0.04681
0.04721
0.04633
0.01684
0.00966
0.00000
0.00377
0.03383
0.05046
0.11206
0.07582
0.04595
0.02484
0.04931
0.06728
0.12257
0.08368
0.05998
0.05312
0.04635
0.04145
0.03588
0.02027
0.01718
0.02941
0.04872
0.03387
0.04266
0.06296
0.03612
0.07276
0.06341
0.07878
0.10030
0.10401
0.15197
0.15437
0.17102
0.18324
0.21181
0.22653
0.21579
0.18563
0.21485
0.20497
0.19755
0.20448
0.22772
0.23958
0.24085
0.27497
0.29992
0.29254
0.30191
0.29840
0.30518
0.28605
0.29025
0.31295
0.35529
0.35517
0.33492
0.33196
0.31518
0.33889
0.32839
0.29603
0.27929
0.23984
0.22632
0.21203
0.20143
0.21733
0.27822
0.30391
0.34993
0.31126
0.30251
0.32469
0.27627
0.31133
0.32809
0.29416
0.30314
0.29259
0.29798
0.26231
0.29109
0.29934
0.29663
0.31308
0.28830
0.25909
0.23402
0.20765
0.19111
0.22018
0.22068
0.20097
0.21001
0.15399
0.14771
0.15878
0.13699
0.12734
0.11105
0.09675
0.10309
0.08822
0.11446
0.16612
0.16070
0.19995
0.18740
0.20056
0.19037
0.15552
0.14166
0.17470
0.15624
0.12694
0.12466
0.11077
0.11061
0.10514
0.09249
0.09673
0.08713
0.12375
0.10047
0.05700
0.02164
0.02231
0.04825
0.03669
0.00909
0.01070
0.03681
0.05906
0.05636
0.07026
0.04289
0.05028
0.04057
0.03848
0.04922
0.01165
0.00000
0.02991
0.04164
0.04963
0.03826
0.02382
0.01940
0.02752
0.03111
0.01580
0.02907
0.01482
0.02740
0.03175
0.04525
0.06374
0.06429
0.10824
0.12573
0.11957
0.11255
0.10508
0.09315
0.09507
0.10095
0.06121
0.06586
0.04560
0.01728
0.01199
0.02694
0.05512
0.05028
0.05523
0.06827
0.08909
0.06415
0.05883
0.03678
0.01579
0.03445
0.05703
0.08544
0.05884
0.04451
0.04984
0.06554
0.02630
0.02140
0.04506
0.00361
0.01016
0.01918
0.00000
0.01858
0.05714
0.05153
0.07061
0.05697
0.11395
0.13612
0.15026
0.12494
0.12779
0.14850
0.14229
0.13487
0.12813
0.14253
0.15678
0.12166
0.12062
0.14432
0.08338
0.09574
0.07409
0.08210
0.08447
0.15316
0.14944
0.16665
0.16423
0.15894
0.16968
0.18522
0.15197
0.14494
0.14372
0.13885
0.12969
0.11404
0.10732
0.15709
0.16211
0.15829
0.16081
0.17073
0.25350
0.23395
0.26214
0.28830
0.31891
0.32135
0.26925
0.33209
0.30865
0.34602
0.36313
0.39355
0.38755
0.38025
0.37000
0.36949
0.37168
0.36232
0.36348
0.36434
0.37428
0.37329
0.39317
0.35547
0.35121
0.40326
0.39519
0.41310
0.40658
0.42211
0.43694
0.39272
0.39551
0.40686
0.41340
0.42388
0.41223
0.40831
0.37695
0.35375
0.33320
0.35112
0.36758
0.36927
0.37860
0.37899
0.37216
0.37490
0.38725
0.44430
0.44352
0.46376
0.46745
0.49460
0.48195
0.50499
0.50956
0.49457
0.49182
0.49736
0.47168
0.47905
0.46787
0.48031
0.49155
0.50646
0.49898
0.50544
0.48227
0.52482
0.48991
0.53102
0.51749
0.50535
0.46151
0.48699
0.45289
0.46984
0.45699
0.45663
0.44002
0.45111
0.45944
0.43769
0.42932
0.43472
0.41761
0.40389
0.42744
0.42564
0.39560
0.36365
0.36252
0.38570
0.38631
0.40108
0.42313
0.41201
0.43195
0.43154
0.42629
0.43907
0.43899
0.47337
0.45614
0.49005
0.44026
0.45733
0.43871
0.44537
0.43877
0.44212
0.44214
0.45711
0.49382
0.47653
0.46368
0.43805
0.44661
0.42803
0.45205
0.43597
0.45100
0.44167
0.46677
0.48051
0.44194
0.43630
0.44886
0.43739
0.45937
0.44195
0.45487
0.45903
0.42559
0.41931
0.42109
0.42842
0.43104
0.44128
0.44716
0.42894
0.41132
0.39286
0.33604
0.36915
0.38295
0.37149
0.38953
0.40386
0.38733
0.37305
0.35584
0.34142
0.33834
0.33726
0.33675
0.32108
0.36195
0.35370
0.40562
0.41381
0.44283
0.42414
0.46788
0.40943
0.43506
0.42324
0.43102
0.40936
0.40216
0.39457
0.34931
0.35308
0.38475
0.44393
0.44656
0.45543
0.44729
0.39404
0.38230
0.38945
0.37757
0.34859
0.37903
0.41052
0.40941
0.43695
0.42427
0.44913
0.45573
0.44935
0.47474
0.43956
0.43280
0.39734
0.38314
0.37887
0.44789
0.43116
0.40573
0.42476
0.42919
0.43292
0.45104
0.49319
0.51717
0.53169
0.52425
0.50597
0.56551
0.58353
0.61556
0.63293
0.65056
0.62662
0.61921
0.61377
0.61270
0.62353
0.61540
0.63287
0.58758
0.55667
0.57502
0.55168
0.54666
0.51656
0.47569
0.48101
0.46322
0.43950
0.41942
0.43796
0.44467
0.45983
0.43845
0.45270
0.46961
0.47485
0.47612
0.47268
0.49123
0.48832
0.47273
0.47310
0.52426
0.52875
0.53346
0.50572
0.52375
0.53437
0.50022
0.53682
0.53251
0.49610
0.45585
0.46974
0.47897
0.47942
0.48241
0.48384
0.47304
0.44236
0.45321
0.47694
0.40892
0.47289
0.48443
0.47523
0.46276
0.45125
0.43586
0.43900
0.39561
0.42205
0.42564
0.39885
0.40098
0.37655
0.39010
0.38223
0.40011
0.40234
0.45264
0.45011
0.47083
0.49700
0.45238
0.45073
0.44025
0.45369
0.46144
0.47885
0.44568
0.44065
0.42287
0.40913
0.40723
0.44905
0.42519
0.40419
0.39044
0.40972
0.41002
0.43367
0.45695
0.43310
0.40077
0.40904
0.41834
0.41846
0.43904
0.47672
0.46586
0.47550
0.47220
0.49341
0.55154
0.54219
0.56784
0.56376
0.56626
0.55835
0.57746
0.58100
0.58601
0.53202
0.48149
0.48247
0.48754
0.46845
0.47139
0.45320
0.48997
0.45170
0.47789
0.50507
0.46960
0.41257
0.42086
0.42022
0.42730
0.45750
0.47773
0.46098
0.45800
0.48749
0.48809
0.47594
0.45904
0.42828
0.42644
0.42332
0.44956
0.41526
0.39725
0.38108
0.36635
0.38840
0.41932
0.45886
0.44051
0.48591
0.51425
0.51576
0.49975
0.46326
0.45290
0.46691
0.47032
0.47058
0.45966
0.42141
0.43391
0.42102
0.44112
0.43804
0.44942
0.41772
0.40583
0.37038
0.40790
0.40574
0.42138
0.36301
0.39069
0.36369
0.36934
0.37228
0.38918
0.38700
0.41629
0.40374
0.39937
0.35497
0.33259
0.34605
0.34273
0.38274
0.38043
0.36369
0.37027
0.38448
0.41902
0.42042
0.42536
0.44485
0.47346
0.43272
0.45898
0.43774
0.46639
0.51589
0.51360
0.51066
0.52927
0.58134
0.61593
0.62892
0.58363
0.58400
0.56793
0.58943
0.62477
0.59114
0.63460
0.61441
0.59925
0.60434
0.60063
0.60019
0.56380
0.54684
0.53711
0.52855
0.57270
0.57000
0.56475
0.57237
0.51609
0.54286
0.54532
0.58318
0.56495
0.52294
0.54070
0.51297
0.50565
0.47333
0.47116
0.48625
0.47611
0.43928
0.42478
0.42328
0.40108
0.39704
0.37493
0.37618
0.35954
0.38542
0.33915
0.35065
0.37899
0.33449
0.33073
0.32556
0.22489
0.27069
0.23024
0.22845
0.24341
0.27129
0.21314
0.28514
0.30639
0.31446
0.26759
0.25253
0.24817
0.24602
0.24382
0.22676
0.19609
0.22875
0.23233
0.25155
0.24430
0.21321
0.21623
0.22156
0.22900
0.26360
0.26186
0.29126
0.31357
0.34318
0.36865
0.34788
0.34049
0.32828
0.29261
0.28862
0.27874
0.27722
0.27875
0.28954
0.30509
0.32633
0.30260
0.29944
0.32141
0.28933
0.31470
0.35081
0.36843
0.39297
0.40618
0.39002
0.38467
0.34449
0.29003
0.31478
0.28968
0.28743
0.30733
0.27806
0.26133
0.27108
0.28740
0.24287
0.24779
0.23781
0.25207
0.24834
0.25349
0.20609
0.16882
0.19410
0.18779
0.22032
0.21833
0.17553
0.14147
0.16342
0.18487
0.19931
0.18511
0.16977
0.16147
0.17512
0.21036
0.21297
0.21495
0.21114
0.20703
0.22680
0.27106
0.26223
0.26655
0.26739
0.29669
0.30741
0.30378
0.28986
0.27455
0.29544
0.31171
0.26149
0.23565
0.23732
0.25422
0.30983
0.30313
0.30321
0.33256
0.35747
0.33804
0.35081
0.35255
0.35181
0.33279
0.29136
0.27926
0.30410
0.31884
0.31203
0.26340
0.25329
0.27948
0.26816
0.28900
0.26882
0.27580
0.26793
0.25849
0.27925
0.30541
0.28668
0.28501
0.28583
0.27905
0.25757
0.28021
0.25433
0.25353
0.29616
0.28719
0.30628
0.28344
0.26662
0.27446
0.25697
0.27256
0.26827
0.27241
0.25753
0.17253
0.16708
0.14902
0.15145
0.14578
0.17952
0.17570
0.19289
0.22419
0.22257
0.21630
0.19487
0.14315
0.12449
0.13651
0.11936
0.15080
0.16899
0.14988
0.13614
0.10896
0.11744
0.13169
0.10111
0.08753
0.10388
0.08566
0.05877
0.04843
0.06639
0.10072
0.08092
0.06609
0.08204
0.06061
0.04849
0.03422
0.05156
0.03070
0.03408
0.00976
0.02369
0.02462
0.08517
0.08858
0.05672
0.02903
0.02818
0.02514
0.03135
0.03973
0.05026
0.06273
0.07588
0.05763
0.04373
0.01658
0.03070
0.05633
0.04964
0.08054
0.08705
0.07526
0.09963
0.09541
0.10711
0.09949
0.10649
0.12449
0.14976
0.15567
0.17816
0.19460
0.18495
0.20286
0.15381
0.14461
0.14345
0.11540
0.09655
0.11282
0.09778
0.11829
0.14089
0.13061
0.12610
0.12877
0.13749
0.11393
0.11082
0.14058
0.16218
0.18604
0.18578
0.15203
0.15019
0.15813
0.19006
0.19754
0.21155
0.18360
0.19364
0.17457
0.16309
0.18191
0.18841
0.15863
0.16537
0.15364
0.18393
0.17425
0.18560
0.23498
0.23529
0.23505
0.23136
0.26774
0.28194
0.25733
0.26112
0.29361
0.29438
0.24836
0.21151
0.17760
0.18676
0.19645
0.16876
0.17205
0.18572
0.16562
0.19358
0.18594
0.15639
0.14091
0.10717
0.12594
0.11213
0.12706
0.09707
0.06489
0.07091
0.09077
0.09682
0.10008
0.10008
0.10329
0.12236
0.14969
0.12999
0.11466
0.11602
0.11498
0.13976
0.13447
0.14086
0.15142
0.11922
0.15146
0.15303
0.15467
0.13365
0.11488
0.09230
0.09916
0.10577
0.10060
0.10545
0.11895
0.10007
0.13124
0.16374
0.14962
0.15193
0.15167
0.16586
0.21065
0.20853
0.23549
0.20156
0.21989
0.22553
0.22564
0.24952
0.23854
0.21854
0.23239
0.22432
0.24127
0.23533
0.22124
0.20340
0.20366
0.23713
0.23623
0.24949
0.26145
0.23851
0.26994
0.22411
0.22259
0.23122
0.23614
0.28645
0.28523
0.27076
0.30295
0.31763
0.34938
0.34592
0.36017
0.35217
0.35195
0.36576
0.36988
0.40214
0.39322
0.38240
0.38105
0.42520
0.41958
0.45600
0.42876
0.43821
0.43332
0.41754
0.35460
0.36872
0.38774
0.39066
0.39438
0.37889
0.37173
0.36068
0.34194
0.31925
0.30210
0.29036
0.23485
0.23352
0.24520
0.22826
0.26323
0.25859
0.23793
0.24391
0.24095
0.24756
0.26924
0.25015
0.21938
0.21864
0.17349
0.14895
0.12667
0.12706
0.14121
0.07871
0.10974
0.12076
0.11482
0.08322
0.08644
0.09380
0.10486
0.12159
0.13521
0.16809
0.17178
0.20581
0.19012
0.17343
0.16866
0.16367
0.14419
0.14991
0.16060
0.14629
0.16776
0.17175
0.18595
0.17654
0.10428
0.14813
0.17109
0.19543
0.16763
0.15562
0.17803
0.15715
0.15779
0.13026
0.14434
0.15913
0.15965
0.20152
0.20366
0.19616
0.19872
0.17442
0.19073
0.19715
0.22411
0.23613
0.22730
0.26697
0.27817
0.25396
0.21868
0.21734
0.22839
0.21349
0.20595
0.20653
0.19829
0.18988
0.18404
0.18810
0.16728
0.17997
0.19893
0.18900
0.17105
0.17535
0.18947
0.17240
0.14900
0.18685
0.19687
0.18818
0.19113
0.18715
0.18188
0.19719
0.20232
0.22098
0.27155
0.28772
0.29647
0.25152
0.22252
0.20074
0.20106
0.19137
0.19280
0.18667
0.19456
0.21793
0.19496
0.17360
0.15195
0.14178
0.16507
0.15617
0.17196
0.16016
0.15143
0.13723
0.12403
0.12365
0.13050
0.09813
0.12681
0.12016
0.12883
0.16207
0.11483
0.13184
0.11380
0.09630
0.07175
0.05767
0.09078
0.07134
0.04209
0.03180
0.05027
0.03231
0.01454
0.01756
0.04042
0.03920
0.07051
0.08034
0.05557
0.04737
0.02754
0.02574
0.06108
0.06357
0.07511
0.08627
0.07915
0.11782
0.10495
0.11354
0.08209
0.09236
0.09359
0.10715
0.10989
0.10011
0.07009
0.06355
0.03777
0.03042
0.04132
0.03995
0.02267
0.08406
0.07945
0.06364
0.09422
0.05848
0.04572
0.05445
0.03799
0.00703
0.03210
0.00000
0.00691
0.01747
0.05355
0.06398
0.06349
0.03796
0.03921
0.05300
0.07024
0.08167
0.07088
0.01357
0.01705
0.02525
0.06995
0.05942
0.03631
0.04886
0.08354
0.08083
0.08640
0.11147
0.11031
0.08742
0.08687
0.13379
0.11423
0.10892
0.08671
0.08038
0.07644
0.10074
0.10092
0.10676
0.04673
0.06625
0.06944
0.05863
0.05624
0.04499
0.03502
0.02181
0.03499
0.02434
0.02575
0.04187
0.05215
0.03471
0.05207
0.12385
0.12763
0.11897
0.16693
0.14830
0.14684
0.09116
0.13439
0.15443
0.17571
0.15396
0.17723
0.15663
0.13182
0.13842
0.13459
0.12356
0.12584
0.13692
0.16022
0.19781
0.20362
0.21194
0.20441
0.21103
0.22247
0.21904
0.22179
0.21802
0.28763
0.23116
0.18091
0.13560
0.10524
0.10100
0.09920
0.10666
0.09390
0.07000
0.06403
0.03734
0.04493
0.08288
0.11441
0.11175
0.09537
0.08549
0.14782
0.15807
0.14103
0.13104
0.14655
0.10410
0.11600
0.10568
0.11100
0.10724
0.08231
0.08240
0.10042
0.11474
0.11867
0.12216
0.09751
0.11579
0.08549
0.10009
0.12512
0.12842
0.11678
0.11454
0.09510
0.09500
0.09818
0.09848
0.13236
0.15066
0.15553
0.13805
0.08394
0.06828
0.04536
0.05074
0.01486
0.00004
0.01581
0.01675
0.01414
0.04216
0.04909
0.03699
0.04815
0.04036
0.05896
0.04447
0.04114
0.04420
0.03320
0.06304
0.09839
0.10597
0.10335
0.11603
0.10292
0.09673
0.09533
0.10445
0.08534
0.06716
0.06904
0.06670
0.07022
0.07958
0.09714
0.10002
0.08319
0.08525
0.07540
0.06848
0.05182
0.04246
0.04166
0.08774
0.09621
0.07380
0.07256
0.05954
0.09569
0.11147
0.13617
0.13299
0.11391
0.10509
0.09189
0.07536
0.06951
0.06774
0.03853
0.05427
0.07953
0.08801
0.10810
0.10967
0.13372
0.11628
0.14388
0.15634
0.17200
0.20904
0.22517
0.22835
0.24323
0.27558
0.26762
0.27833
0.25881
0.24528
0.23295
0.22735
0.23469
0.23392
0.27148
0.27762
0.25024
0.23531
0.25070
0.23674
0.20528
0.23046
0.23099
0.27417
0.27605
0.24564
0.23632
0.22060
0.22841
0.23031
0.23245
0.23109
0.23186
0.27314
0.27603
0.30356
0.30498
0.32312
0.30866
0.30242
0.34734
0.31155
0.30940
0.32946
0.32906
0.34324
0.33326
0.36330
0.34576
0.35271
0.37533
0.36017
0.37603
0.36967
0.35935
0.34433
0.33024
0.31294
0.33213
0.31148
0.26917
0.29249
0.30885
0.31405
0.30180
0.30290
0.35147
0.34044
0.28953
0.30182
0.28004
0.27303
0.27303
0.26644
0.26224
0.24644
0.26042
0.26614
0.27590
0.25825
0.27345
0.25466
0.22511
0.24616
0.21679
0.19547
0.17404
0.20356
0.17066
0.17188
0.17163
0.16284
0.15064
0.16003
0.14218
0.15424
0.18402
0.17258
0.18807
0.17931
0.15984
0.16261
0.17109
0.16360
0.15725
0.14111
0.16596
0.15776
0.19269
0.21899
0.23266
0.24090
0.23337
0.21549
0.18705
0.19508
0.16059
0.17012
0.16996
0.19103
0.19174
0.22314
0.22449
0.19406
0.18707
0.17798
0.15546
0.15631
0.12906
0.12520
0.09494
0.09911
0.08217
0.08458
0.09045
0.08354
0.05417
0.03765
0.03765
0.03823
0.03799
0.02153
0.03834
0.04379
0.04181
0.03208
0.05154
0.03870
0.06116
0.07697
0.07138
0.06784
0.04815
0.00968
0.00710
0.03098
0.00947
0.02896
0.06033
0.06641
0.04246
0.01945
0.08095
0.08944
0.10920
0.11143
0.09413
0.07159
0.06922
0.04830
0.05750
0.05992
0.04374
0.05624
0.07205
0.07903
0.08315
0.10489
0.10003
0.07941
0.09380
0.08087
0.08115
0.05935
0.07328
0.09164
0.04417
0.03778
0.04361
0.00483
0.01490
0.00000
0.00001
0.00542
0.00000
0.02395
0.01895
0.04834
0.05121
0.05000
0.02352
0.02093
0.03036
0.05302
0.04187
0.04324
0.06163
0.09062
0.12022
0.13823
0.13861
0.15786
0.19294
0.20189
0.21527
0.22216
0.23847
0.20902
0.19008
0.18965
0.20673
0.18887
0.20572
0.20602
0.19300
0.21809
0.21121
0.21896
0.21393
0.23344
0.24546
0.27427
0.27854
0.22075
0.23808
0.24257
0.23559
0.21960
0.21953
0.21304
0.20399
0.18243
0.16643
0.17761
0.15107
0.17117
0.17645
0.12997
0.13964
0.20120
0.20777
0.19487
0.14754
0.15718
0.16206
0.12580
0.13949
0.14914
0.20328
0.18045
0.17733
0.20117
0.19974
0.21246
0.21489
0.22717
0.20301
0.20372
0.18032
0.19403
0.19421
0.22504
0.23366
0.22650
0.23029
0.22370
0.23724
0.25014
0.25930
0.22347
0.23815
0.26607
0.24201
0.26343
0.29478
0.28668
0.31441
0.32720
0.33962
0.34757
0.33908
0.35400
0.37585
0.37280
0.39695
0.39382
0.40256
0.43903
0.44250
0.43890
0.42705
0.41431
0.40069
0.43454
0.41435
0.41212
0.39971
0.41850
0.41206
0.40744
0.40549
0.41409
0.45387
0.46148
0.44995
0.42793
0.38677
0.38987
0.46217
0.45833
0.43294
0.41989
0.44381
0.46044
0.44200
0.43025
0.43794
0.42780
0.50045
0.47679
0.49191
0.47253
0.49840
0.51567
0.48801
0.46905
0.46815
0.44840
0.50041
0.46103
0.46779
0.46781
0.48604
0.50052
0.53600
0.54329
0.53336
0.50226
0.48859
0.49121
0.50333
0.52270
0.57749
0.58223
0.58351
0.52932
0.52749
0.52632
0.49982
0.48898
0.48852
0.48796
0.50302
0.49176
0.51071
0.49834
0.50255
0.49696
0.44915
0.41118
0.39462
0.37831
0.38385
0.37091
0.38317
0.35842
0.35881
0.34121
0.30926
0.29262
0.28720
0.31741
0.32516
0.33455
0.30841
0.28221
0.26660
0.23701
0.22247
0.20753
0.26434
0.28637
0.23552
0.20343
0.17413
0.17029
0.15132
0.08072
0.04477
0.07092
0.06327
0.04815
0.00655
0.02203
0.05589
0.05590
0.06772
0.07225
0.11657
0.11547
0.13112
0.11116
0.10242
0.12219
0.12372
0.13317
0.13737
0.13064
0.15564
0.16602
0.20255
0.20397
0.19171
0.22656
0.21428
0.20614
0.26405
0.26601
0.26027
0.27143
0.29550
0.28169
0.28662
0.26782
0.27230
0.28343
0.30045
0.32082
0.30512
0.27272
0.29854
0.31681
0.28760
0.32533
0.33738
0.36652
0.39025
0.39568
0.41675
0.45003
0.42244
0.41185
0.41340
0.38210
0.41013
0.42221
0.40493
0.40913
0.41173
0.42389
0.40910
0.39710
0.40441
0.40383
0.40943
0.40770
0.38530
0.36858
0.39306
0.35182
0.34082
0.33142
0.34624
0.35026
0.39293
0.36905
0.36783
0.37567
0.37543
0.43266
0.43733
0.46301
0.40005
0.35401
0.33953
0.37030
0.35587
0.34337
0.34977
0.33510
0.32803
0.34504
0.34403
0.34753
0.37127
0.41614
0.40214
0.36995
0.36446
0.36095
0.35793
0.36866
0.35994
0.35960
0.35737
0.37009
0.37601
0.34743
0.28806
0.26753
0.27811
0.25814
0.25419
0.23438
0.21672
0.23037
0.20952
0.14924
0.14770
0.16670
0.17879
0.19064
0.15208
0.14950
0.15775
0.09594
0.09813
0.10502
0.10519
0.08922
0.06168
0.07777
0.06352
0.04826
0.06038
0.09116
0.11065
0.13162
0.10222
0.08013
0.09982
0.09441
0.08361
0.11884
0.11682
0.06310
0.05676
0.04474
0.06464
0.02123
0.05880
0.05322
0.05939
0.04757
0.06683
0.07477
0.08331
0.06469
0.07114
0.04164
0.04196
0.07365
0.04418
0.02710
0.01298
0.00247
0.01217
0.00000
0.02769
0.02563
0.05026
0.02314
0.00889
0.02086
0.03244
0.03759
0.07073
0.04065
0.05441
0.04490
0.04251
0.06691
0.08696
0.08497
0.08888
0.07443
0.03760
0.02992
0.04558
0.08541
0.06687
0.04115
0.03861
0.02849
0.02669
0.00027
0.00803
0.01890
0.02719
0.00200
0.03669
0.00837
0.04534
0.08901
0.11399
0.13362
0.14524
0.10631
0.10811
0.10728
0.07076
0.04370
0.06968
0.08357
0.08275
0.10949
0.12488
0.11356
0.11479
0.15414
0.14543
0.14151
0.14297
0.17723
0.13194
0.11481
0.13656
0.12919
0.13427
0.14848
0.17177
0.15871
0.16188
0.16753
0.19142
0.17788
0.15977
0.15277
0.15815
0.11151
0.13014
0.12648
0.13890
0.16322
0.20145
0.23310
0.19701
0.24894
0.26216
0.23057
0.20876
0.23694
0.22124
0.25002
0.24153
0.20730
0.19525
0.24017
0.22422
0.23052
0.20846
0.26845
0.27685
0.28238
0.29480
0.29646
0.28777
0.29015
0.29179
0.26490
0.23437
0.23903
0.23211
0.17883
0.12871
0.12424
0.10842
0.10457
0.11739
0.11220
0.09548
0.08782
0.08451
0.10413
0.11355
0.12681
0.14795
0.17286
0.18091
0.14919
0.15005
0.12342
0.10008
0.11913
0.13723
0.14575
0.16455
0.16889
0.15614
0.16574
0.19681
0.18289
0.14548
0.11595
0.10020
0.12104
0.10784
0.11252
0.09947
0.08347
0.09540
0.06721
0.09054
0.03607
0.01066
0.01664
0.05644
0.05893
0.06754
0.06360
0.08901
0.08002
0.08747
0.07144
0.05646
0.05978
0.02847
0.02031
0.05750
0.07094
0.10507
0.08194
0.06273
0.07185
0.06939
0.08392
0.06174
0.04325
0.02843
0.01027
0.01527
0.00000
0.02349
0.03236
0.06247
0.03638
0.05864
0.05178
0.05025
0.05632
0.05079
0.07016
0.07866
0.10537
0.09741
0.10658
0.09084
0.11450
0.09074
0.13592
0.16284
0.19238
0.18618
0.17942
0.18902
0.19833
0.21142
0.22566
0.18691
0.18431
0.17723
0.13619
0.10329
0.11089
0.13599
0.12588
0.14876
0.12675
0.17478
0.16208
0.15309
0.14314
0.17209
0.16967
0.17227
0.17682
0.18512
0.17629
0.15280
0.18531
0.16703
0.13978
0.15740
0.15497
0.13049
0.13883
0.10230
0.09970
0.09794
0.09897
0.10651
0.11553
0.05678
0.07298
0.07217
0.09481
0.11385
0.10793
0.10236
0.11055
0.09417
0.07583
0.08855
0.08907
0.07185
0.07780
0.09910
0.14782
0.16589
0.18300
0.18428
0.21641
0.22196
0.24559
0.18851
0.21068
0.19738
0.19351
0.20817
0.19657
0.19597
0.18030
0.18762
0.17516
0.22396
0.22676
0.21966
0.22064
0.25502
0.29145
0.26382
0.29303
0.31877
0.34726
0.32511
0.31032
0.31418
0.30690
0.31624
0.32875
0.31001
0.30643
0.36594
0.37657
0.40127
0.39315
0.38530
0.37829
0.33569
0.31063
0.32988
0.32158
0.31305
0.33811
0.29513
0.21471
0.20663
0.21770
0.21763
0.22039
0.25869
0.26375
0.22358
0.18701
0.19679
0.17643
0.11858
0.10434
0.13008
0.14505
0.15094
0.12641
0.11758
0.15016
0.11737
0.12014
0.14030
0.14917
0.15649
0.16621
0.13823
0.15697
0.17171
0.17873
0.20016
0.18921
0.18333
0.18306
0.17412
0.16048
0.18406
0.14044
0.13848
0.13732
0.12636
0.13528
0.13831
0.12877
0.10527
0.11791
0.16718
0.18021
0.15771
0.11732
0.10558
0.08994
0.09888
0.11451
0.08298
0.08356
0.12474
0.10281
0.09334
0.11047
0.15241
0.16041
0.14249
0.12206
0.13081
0.10630
0.12883
0.13131
0.09877
0.07149
0.04607
0.02438
0.06279
0.05628
0.04869
0.07707
0.05512
0.07016
0.10667
0.10862
0.11069
0.08832
0.08302
0.09734
0.09639
0.08759
0.06732
0.04909
0.04180
0.04379
0.03908
0.02950
0.02440
0.05995
0.05388
0.05502
0.02863
0.01552
0.02868
0.04845
0.04258
0.02609
0.00871
0.00000
0.00833
0.00133
0.04421
0.02906
0.04851
0.03878
0.05880
0.04548
0.04923
0.03504
0.02585
0.05603
0.03241
0.04399
0.02702
0.01271
0.03544
0.02727
0.04877
0.03043
0.05913
0.05898
0.07827
0.07099
0.06860
0.07556
0.07062
0.05630
0.03011
0.06671
0.05789
0.03296
0.01683
0.02655
0.00669
0.03817
0.04056
0.04886
0.04800
0.07480
0.07820
0.10332
0.10593
0.12342
0.14376
0.16613
0.14295
0.15716
0.13688
0.13803
0.14246
0.14850
0.14263
0.11817
0.11810
0.12145
0.14345
0.15385
0.15907
0.16994
0.15083
0.18741
0.18070
0.19670
0.19826
0.20241
0.22015
0.22853
0.21659
0.17928
0.18244
0.16747
0.15803
0.17375
0.15275
0.18854
0.17375
0.15934
0.13071
0.11017
0.09438
0.09616
0.10167
0.07851
0.12930
0.14564
0.20659
0.21986
0.20010
0.24454
0.25351
0.25761
0.29603
0.31166
0.31962
0.31407
0.32200
0.28200
0.26666
0.25447
0.23786
0.25682
0.25093
0.27203
0.31644
0.31779
0.31527
0.30858
0.28983
0.25822
0.27576
0.31651
0.26389
0.29743
0.24976
0.24312
0.24692
0.26002
0.26772
0.27342
0.27853
0.26695
0.27456
0.26994
0.27117
0.26633
0.27812
0.28212
0.28625
0.26532
0.27205
0.30905
0.30967
0.33877
0.33256
0.32592
0.31898
0.32491
0.35471
0.34942
0.34375
0.32253
0.37455
0.39597
0.41126
0.41580
0.42145
0.42763
0.38376
0.38807
0.38322
0.35898
0.40271
0.39415
0.39593
0.38678
0.39280
0.45818
0.43650
0.42822
0.39589
0.42884
0.42832
0.44044
0.43640
0.45275
0.45247
0.48435
0.50901
0.52494
0.53647
0.56561
0.56022
0.55869
0.53494
0.55596
0.55645
0.59502
0.60722
0.62896
0.63835
0.64252
0.62493
0.58670
0.54226
0.51577
0.47640
0.45731
0.42282
0.41135
0.44008
0.41553
0.42110
0.41545
0.42309
0.43229
0.41000
0.43353
0.45400
0.44338
0.42788
0.42468
0.43460
0.41862
0.43259
0.44409
0.45605
0.44791
0.51489
0.51686
0.47900
0.43763
0.51664
0.52662
0.51247
0.52727
0.50723
0.48957
0.44337
0.40331
0.42570
0.40685
0.40228
0.41278
0.42403
0.40412
0.39714
0.41336
0.42050
0.43028
0.43397
0.39406
0.42073
0.39254
0.38278
0.37502
0.42073
0.40735
0.36842
0.38152
0.36607
0.29714
0.32156
0.34633
0.37533
0.38173
0.37873
0.39596
0.38484
0.37615
0.40548
0.41726
0.37953
0.39980
0.41499
0.41457
0.42484
0.44877
0.43564
0.43793
0.43467
0.46514
0.43414
0.45457
0.42998
0.46105
0.46222
0.47713
0.48798
0.49449
0.52636
0.54316
0.58041
0.58840
0.57596
0.60439
0.59726
0.62186
0.60400
0.60928
0.58347
0.58859
0.63172
0.60188
0.60188
0.58768
0.58770
0.53538
0.56777
0.57324
0.57440
0.57144
0.58443
0.56636
0.53967
0.50872
0.51278
0.51230
0.50521
0.48859
0.49587
0.51551
0.50559
0.50444
0.50754
0.49818
0.51451
0.54279
0.56971
0.56478
0.52820
0.53683
0.53102
0.52650
0.52142
0.48171
0.47777
0.46825
0.44478
0.42296
0.44362
0.47815
0.45527
0.46878
0.43784
0.45375
0.45484
0.45477
0.46004
0.49074
0.45594
0.46280
0.40066
0.39732
0.43718
0.42773
0.40979
0.42813
0.42968
0.44792
0.46741
0.46657
0.46765
0.40274
0.38863
0.38322
0.32557
0.35465
0.36330
0.34860
0.32310
0.32131
0.29990
0.31237
0.32042
0.31162
0.29332
0.31220
0.32317
0.30114
0.32544
0.34595
0.32153
0.33986
0.34176
0.28384
0.31697
0.31493
0.32027
0.34516
0.33962
0.32565
0.31176
0.36483
0.34888
0.33821
0.32048
0.28781
0.34276
0.33975
0.31695
0.29732
0.32116
0.35322
0.32887
0.31572
0.36652
0.34436
0.33407
0.36262
0.37613
0.37312
0.37199
0.38979
0.41888
0.47033
0.47505
0.48733
0.49213
0.50260
0.51190
0.49044
0.50341
0.46050
0.48192
0.48443
0.47203
0.44550
0.44037
0.43303
0.41110
0.38919
0.38247
0.37612
0.36866
0.36206
0.37551
0.35307
0.37011
0.31448
0.29784
0.30290
0.35821
0.37794
0.34240
0.33563
0.33310
0.31602
0.30659
0.28532
0.31654
0.28997
0.31415
0.33105
0.31405
0.30177
0.31767
0.31312
0.32345
0.31716
0.28102
0.31367
0.29509
0.29922
0.28149
0.27708
0.27532
0.25076
0.20772
0.20946
0.20778
0.19948
0.21779
0.24140
0.27363
0.32421
0.33106
0.31672
0.28441
0.29229
0.27573
0.28888
0.30075
0.30456
0.33814
0.34465
0.32504
0.34707
0.35254
0.36332
0.39643
0.36925
0.38855
0.37176
0.36533
0.39656
0.40663
0.45494
0.44767
0.51451
0.50002
0.48609
0.46224
0.49122
0.48802
0.48775
0.49932
0.50445
0.45260
0.44624
0.46532
0.47106
0.50914
0.51874
0.51533
0.49273
0.45021
0.45338
0.46082
0.47082
0.45507
0.46502
0.45038
0.44490
0.43909
0.44132
0.44920
0.43930
0.45705
0.44324
0.43606
0.44809
0.42711
0.44198
0.44792
0.48028
0.48412
0.49249
0.46355
0.46974
0.45934
0.46714
0.46661
0.49373
0.52921
0.53439
0.55339
0.53447
0.53030
0.51221
0.49600
0.50586
0.52434
0.51840
0.51926
0.52097
0.52526
0.54879
0.54282
0.51636
0.54326
0.53177
0.53560
0.53337
0.49878
0.54588
0.56486
0.55696
0.50732
0.50434
0.45310
0.44083
0.43877
0.43239
0.40150
0.39343
0.40650
0.37027
0.35617
0.37346
0.36063
0.30293
0.29795
0.31199
0.28685
0.28307
0.28952
0.32048
0.33883
0.35320
0.34492
0.34239
0.31989
0.25005
0.22477
0.25244
0.21689
0.19476
0.19592
0.23718
0.22654
0.22848
0.22201
0.22865
0.24205
0.24756
0.23903
0.18427
0.18794
0.23291
0.23605
0.18272
0.18057
0.18708
0.18371
0.16292
0.17828
0.14498
0.16306
0.16419
0.17326
0.13716
0.15348
0.13063
0.12683
0.21092
0.25360
0.25030
0.25717
0.24722
0.25999
0.27284
0.27573
0.21310
0.26592
0.25882
0.28046
0.25987
0.27028
0.28441
0.30266
0.30484
0.31772
0.31686
0.32496
0.33056
0.32781
0.29979
0.27742
0.30975
0.30399
0.29165
0.27420
0.29552
0.31158
0.30936
0.30517
0.34352
0.32707
0.34083
0.32081
0.34763
0.34052
0.33893
0.33607
0.33751
0.35991
0.34565
0.33537
0.34913
0.36184
0.35802
0.31603
0.34403
0.34989
0.37703
0.36505
0.37990
0.36372
0.31524
0.30751
0.28138
0.28728
0.27394
0.31471
0.31773
0.31766
0.28192
0.28444
0.30374
0.34622
0.33455
0.35865
0.35025
0.34107
0.33702
0.29208
0.28164
0.28391
0.24414
0.25084
0.23541
0.28481
0.27005
0.28696
0.28789
0.31613
0.31318
0.33851
0.32006
0.30832
0.28756
0.28232
0.26591
0.27548
0.25007
0.22540
0.25690
0.25502
0.23595
0.23566
0.23071
0.19880
0.22819
0.19043
0.20234
0.19102
0.20826
0.19333
0.19307
0.17088
0.20260
0.20055
0.15647
0.11720
0.11503
0.11057
0.11421
0.14393
0.14315
0.16121
0.15142
0.14804
0.16134
0.09413
0.13602
0.14282
0.13625
0.14751
0.13823
0.13978
0.14488
0.13892
0.16140
0.15767
0.15784
0.15700
0.16337
0.17678
0.12752
0.16138
0.16840
0.16550
0.12739
0.14502
0.13563
0.11479
0.13267
0.13542
0.12498
0.10353
0.11703
0.14603
0.16928
0.16269
0.14762
0.13324
0.15419
0.11759
0.12882
0.08753
0.08119
0.07932
0.06379
0.04400
0.08895
0.03680
0.04028
0.04665
0.02753
0.05094
0.04727
0.01868
0.02002
0.01560
0.02917
0.02188
0.06266
0.07615
0.04895
0.06081
0.04728
0.04896
0.06858
0.08493
0.10791
0.11297
0.11048
0.12562
0.12502
0.13735
0.13024
0.13505
0.11806
0.10430
0.08110
0.06201
0.06852
0.07671
0.00991
0.04476
0.05200
0.05007
0.05173
0.04320
0.04764
0.05634
0.03801
0.05200
0.04486
0.03257
0.05184
0.07011
0.09398
0.11016
0.10795
0.10172
0.10244
0.10803
0.09849
0.07739
0.09410
0.10370
0.09283
0.09334
0.09517
0.09923
0.04718
0.09275
0.09962
0.11634
0.13640
0.10026
0.09123
0.05509
0.04397
0.03230
0.04191
0.05443
0.04909
0.04494
0.03538
0.04513
0.03744
0.01573
0.00285
0.00244
0.05879
0.08950
0.09236
0.14546
0.14394
0.12867
0.12168
0.15891
0.12246
0.11791
0.12682
0.14789
0.16058
0.20010
0.19930
0.20731
0.16426
0.12054
0.12155
0.13752
0.07779
0.05771
0.08929
0.05987
0.09531
0.08591
0.08904
0.06433
0.05782
0.04987
0.10286
0.10945
0.10053
0.13343
0.14792
0.13581
0.13609
0.11540
0.06150
0.06864
0.07151
0.05745
0.07501
0.04925
0.04094
0.07095
0.10693
0.13988
0.13965
0.16052
0.19092
0.22193
0.26844
0.27481
0.26777
0.28962
0.26520
0.26371
0.24018
0.22611
0.21579
0.18677
0.17855
0.18025
0.15030
0.12786
0.11866
0.10387
0.13178
0.12775
0.11804
0.08023
0.09562
0.10654
0.09805
0.09283
0.08325
0.09733
0.09318
0.06499
0.06379
0.07266
0.09535
0.08762
0.09724
0.08830
0.04505
0.05150
0.05912
0.07604
0.11047
0.15719
0.15035
0.17088
0.17839
0.19079
0.15619
0.13212
0.11073
0.11527
0.11256
0.10267
0.12863
0.14108
0.11390
0.08746
0.08121
0.11300
0.11355
0.12402
0.12402
0.13909
0.17717
0.16299
0.21672
0.19208
0.19872
0.15678
0.18716
0.15470
0.13252
0.15753
0.15378
0.15473
0.12353
0.12015
0.09987
0.05737
0.05555
0.04103
0.06955
0.06864
0.05772
0.03099
0.02858
0.04882
0.02043
0.05066
0.05786
0.05083
0.02618
0.00587
0.04541
0.06391
0.07781
0.09184
0.08575
0.05916
0.05421
0.06773
0.02079
0.00149
0.01206
0.01482
0.02238
0.01782
0.04092
0.03062
0.04704
0.05049
0.08045
0.07916
0.08502
0.03602
0.04100
0.02910
0.00000
0.01843
0.06364
0.06389
0.14451
0.11947
0.16434
0.16639
0.15402
0.16233
0.17688
0.16540
0.17176
0.18358
0.17943
0.19202
0.20352
0.22268
0.19941
0.19865
0.17189
0.18950
0.16498
0.14368
0.17097
0.13546
0.14538
0.14199
0.13241
0.11830
0.12108
0.10014
0.08977
0.09966
0.09535
0.07270
0.11621
0.10718
0.13085
0.07238
0.08710
0.09403
0.08463
0.09242
0.10263
0.11586
0.11172
0.13811
0.14833
0.15540
0.12791
0.13181
0.10901
0.06561
0.06085
0.06609
0.07140
0.08350
0.08714
0.04927
0.06059
0.05674
0.07131
0.08911
0.07566
0.05417
0.07696
0.06934
0.06842
0.06748
0.06244
0.05044
0.06075
0.05366
0.03571
0.05160
0.08151
0.07645
0.03758
0.03571
0.03530
0.03808
0.06787
0.08586
0.09797
0.05277
0.02938
0.00000
0.03704
0.08140
0.10075
0.08002
0.09350
0.04438
0.08415
0.09102
0.11240
0.10341
0.15196
0.17468
0.22174
0.23612
0.21725
0.23033
0.19173
0.21598
0.16621
0.09488
0.06188
0.03931
0.06089
0.06328
0.03780
0.03262
0.05786
0.07386
0.10193
0.10777
0.12216
0.11490
0.12039
0.11663
0.10625
0.07441
0.03193
0.01746
0.01785
0.04734
0.07189
0.08302
0.05987
0.03086
0.00590
0.00000
0.05194
0.05729
0.10972
0.08492
0.02501
0.05949
0.09395
0.03893
0.01584
0.01698
0.02937
0.02122
0.05037
0.06834
0.06398
0.04124
0.05962
0.07647
0.08255
0.08830
0.09073
0.10886
0.08460
0.10206
0.14222
0.13407
0.12486
0.12345
0.13034
0.10374
0.07856
0.07653
0.04964
0.03934
0.01401
0.02803
0.05315
0.05573
0.05796
0.08248
0.10089
0.08813
0.07455
0.09744
0.10952
0.11106
0.14862
0.14247
0.11398
0.11903
0.13478
0.14612
0.15089
0.14265
0.16876
0.17808
0.16793
0.18056
0.19395
0.20559
0.24856
0.24459
0.26492
0.25129
0.26733
0.26998
0.24820
0.26523
0.23981
0.25267
0.27131
0.30594
0.31393
0.31744
0.32667
0.30807
0.32582
0.30344
0.33113
0.34187
0.33757
0.36050
0.33371
0.34513
0.33181
0.30550
0.30448
0.31732
0.30725
0.32885
0.29825
0.27919
0.26510
0.25204
0.24869
0.24662
0.28598
0.31921
0.33923
0.38863
0.37794
0.29116
0.30459
0.31077
0.31105
0.33670
0.32663
0.32714
0.33046
0.31017
0.34029
0.31101
0.31488
0.31947
0.28949
0.28936
0.29799
0.31263
0.31493
0.28510
0.31631
0.32100
0.29048
0.24400
0.23702
0.25694
0.25060
0.26736
0.25569
0.24447
0.22177
0.22251
0.22059
0.22119
0.23434
0.23158
0.19971
0.21702
0.21541
0.20865
0.16349
0.18010
0.19984
0.26232
0.26047
0.25535
0.27324
0.25527
0.25263
0.27388
0.30643
0.34886
0.40274
0.39550
0.38511
0.35681
0.37025
0.38295
0.34242
0.33623
0.32283
0.30369
0.29008
0.28286
0.27532
0.26070
0.27405
0.25425
0.28738
0.25803
0.23874
0.22111
0.21202
0.17898
0.17758
0.15132
0.13895
0.14684
0.14132
0.14735
0.15398
0.13052
0.12461
0.13981
0.11940
0.10418
0.10761
0.12895
0.12680
0.12476
0.08964
0.09926
0.09926
0.08181
0.10556
0.05867
0.08957
0.10675
0.07335
0.06676
0.07733
0.07209
0.08146
0.08156
0.12635
0.10773
0.09039
0.10043
0.08390
0.11413
0.11562
0.06300
0.07399
0.07666
0.07729
0.06820
0.07842
0.09136
0.10120
0.08807
0.08868
0.12545
0.11044
0.11151
0.12211
0.15944
0.16974
0.19671
0.23321
0.27242
0.28732
0.27878
0.27769
0.30874
0.25865
0.26110
0.25940
0.24280
0.25149
0.27557
0.27704
0.26043
0.23733
0.22082
0.23742
0.24159
0.22877
0.21922
0.20471
0.19945
0.16300
0.17036
0.13337
0.14670
0.12477
0.14187
0.11541
0.12825
0.10783
0.10113
0.08119
0.07267
0.13284
0.12767
0.12764
0.14766
0.13941
0.14173
0.12216
0.09590
0.08649
0.12647
0.11031
0.09347
0.04854
0.03999
0.02673
0.07703
0.14252
0.14467
0.14304
0.13692
0.11320
0.12137
0.13760
0.12638
0.09343
0.09613
0.10410
0.11254
0.14007
0.10331
0.08305
0.09902
0.05720
0.06209
0.03348
0.00902
0.01764
0.03512
0.02908
0.00673
0.00583
0.02111
0.02033
0.03818
0.04938
0.04427
0.05318
0.05360
0.08724
0.09326
0.09018
0.10808
0.10736
0.09816
0.08557
0.08940
0.08936
0.10628
0.07902
0.04665
0.08068
0.03576
0.01990
0.00722
0.02220
0.06309
0.05381
0.05152
0.00821
0.00660
0.00519
0.01959
0.04124
0.04431
0.01500
0.00882
0.02933
0.02309
0.05682
0.06111
0.06379
0.06212
0.06717
0.05408
0.05435
0.04173
0.05304
0.04819
0.02448
0.06004
0.04202
0.04639
0.06583
0.07492
0.07272
0.05326
0.07085
0.05630
0.04569
0.00299
0.01728
0.02006
0.01635
0.01089
0.06179
0.08264
0.08802
0.10435
0.11596
0.11247
0.06634
0.07102
0.08740
0.05436
0.04937
0.04318
0.05092
0.06044
0.05017
0.01397
0.02527
0.02745
0.07015
0.05076
0.06208
0.04523
0.06176
0.10455
0.11904
0.10220
0.09882
0.07402
0.10015
0.11296
0.14977
0.15917
0.16131
0.18982
0.18491
0.19367
0.17855
0.16841
0.17406
0.19084
0.15975
0.19132
0.18805
0.18797
0.17768
0.18363
0.19011
0.21024
0.19953
0.19687
0.20120
0.22125
0.21688
0.22894
0.19634
0.20609
0.20471
0.21846
0.21639
0.27382
0.22132
0.22978
0.23541
0.22794
0.20995
0.22033
0.21972
0.22415
0.17994
0.17921
0.17892
0.15750
0.16770
0.16261
0.17548
0.16414
0.19099
0.20802
0.25962
0.24907
0.26108
0.23500
0.20545
0.20616
0.24450
0.25423
0.23704
0.20501
0.21837
0.25792
0.23549
0.26423
0.26789
0.29835
0.32820
0.35311
0.36612
0.40842
0.39593
0.38987
0.30427
0.30058
0.31526
0.32471
0.36061
0.38029
0.37200
0.33922
0.32613
0.28839
0.28859
0.28032
0.25274
0.24500
0.26254
0.25249
0.24613
0.24170
0.22205
0.22692
0.23813
0.25155
0.23573
0.24103
0.22357
0.20456
0.19509
0.18907
0.17291
0.16173
0.19263
0.20739
0.20971
0.18180
0.18991
0.22162
0.23922
0.25860
0.23816
0.22881
0.20260
0.16139
0.17117
0.15646
0.17419
0.15383
0.14058
0.11195
0.13204
0.15082
0.18544
0.17209
0.20601
0.24809
0.23890
0.21119
0.21201
0.22856
0.23125
0.22270
0.20042
0.19462
0.23812
0.28339
0.28520
0.28333
0.29078
0.28200
0.30473
0.29030
0.27515
0.29346
0.27114
0.27827
0.25917
0.28705
0.33388
0.33228
0.33094
0.32460
0.29857
0.35670
0.34395
0.36289
0.36455
0.36298
0.37566
0.38895
0.38046
0.35326
0.36963
0.40569
0.39128
0.37413
0.37053
0.36289
0.33937
0.31262
0.31745
0.35458
0.38602
0.37251
0.36920
0.36110
0.38065
0.41954
0.42710
0.41938
0.44002
0.46786
0.47733
0.45030
0.44887
0.45349
0.47953
0.47346
0.47399
0.48928
0.48629
0.47346
0.48852
0.48937
0.47491
0.43662
0.43496
0.44098
0.44433
0.46432
0.43541
0.42502
0.42502
0.40152
0.39953
0.37623
0.37005
0.38245
0.36569
0.32941
0.35128
0.35895
0.34222
0.33152
0.35129
0.35887
0.35419
0.37732
0.37935
0.34555
0.32249
0.31459
0.31611
0.33426
0.32843
0.35799
0.34246
0.32035
0.32153
0.33074
0.31062
0.29967
0.31086
0.29308
0.28315
0.27932
0.31041
0.29724
0.30357
0.28731
0.27638
0.27593
0.27127
0.26330
0.25743
0.25636
0.26631
0.29300
0.30572
0.34159
0.34878
0.31150
0.33519
0.31465
0.29855
0.33027
0.32133
0.34416
0.37157
0.40078
0.39925
0.38069
0.35322
0.36426
0.32789
0.32708
0.32974
0.35179
0.34147
0.34884
0.34249
0.38029
0.39491
0.36828
0.37612
0.40081
0.40954
0.38794
0.39020
0.34151
0.35320
0.37152
0.36191
0.35683
0.37538
0.36596
0.34048
0.34512
0.35232
0.36176
0.31004
0.29155
0.29305
0.32152
0.33478
0.28882
0.23672
0.23356
0.21978
0.23117
0.19304
0.15970
0.12025
0.10403
0.09480
0.09731
0.09129
0.07987
0.05413
0.06658
0.05943
0.00918
0.02913
0.02596
0.02905
0.05049
0.03573
0.03999
0.02010
0.01252
0.02552
0.02791
0.06020
0.06439
0.06879
0.08748
0.07346
0.06589
0.05426
0.04144
0.07771
0.11723
0.10083
0.10846
0.11554
0.09598
0.09064
0.09194
0.09816
0.09833
0.09516
0.12244
0.11131
0.13521
0.16434
0.12679
0.13190
0.08318
0.06331
0.08075
0.09231
0.05827
0.07207
0.07864
0.02173
0.01686
0.00000
0.02892
0.04016
0.06119
0.07970
0.06671
0.10417
0.11718
0.11152
0.09759
0.07139
0.07114
0.08141
0.09510
0.11033
0.10654
0.11987
0.13447
0.12958
0.13094
0.16168
0.17380
0.16333
0.18087
0.16533
0.15185
0.16122
0.16000
0.17996
0.15204
0.12178
0.05952
0.06208
0.04765
0.05046
0.06567
0.03457
0.01432
0.03438
0.05240
0.07733
0.11184
0.11510
0.12956
0.08004
0.12177
0.19058
0.19884
0.24338
0.23408
0.23676
0.18525
0.20545
0.17987
0.16828
0.18069
0.21675
0.18051
0.16518
0.20928
0.16241
0.15413
0.15610
0.17950
0.19341
0.18803
0.22445
0.21591
0.19437
0.19180
0.17889
0.17630
0.18122
0.17584
0.17507
0.14531
0.14465
0.12931
0.14225
0.14519
0.14740
0.15320
0.10227
0.14072
0.16353
0.17473
0.17876
0.19365
0.22701
0.24876
0.25075
0.26065
0.25023
0.28965
0.28420
0.29487
0.28453
0.33047
0.33910
0.30749
0.33454
0.33454
0.34366
0.34599
0.32965
0.34880
0.32295
0.30742
0.32737
0.27441
0.28532
0.29781
0.28460
0.28963
0.26414
0.24059
0.26654
0.27204
0.24500
0.24291
0.28116
0.30987
0.32652
0.29935
0.31171
0.32894
0.35891
0.36829
0.36678
0.36355
0.38890
0.40079
0.40020
0.41036
0.39506
0.36459
0.33252
0.33041
0.25438
0.27581
0.30291
0.29268
0.30678
0.30859
0.26385
0.21402
0.23848
0.22716
0.21934
0.21966
0.22753
0.26492
0.28237
0.26890
0.27342
0.27720
0.25114
0.24533
0.25758
0.19782
0.19185
0.18267
0.23367
0.24113
0.26910
0.24836
0.24696
0.19882
0.16791
0.19385
0.22962
0.22743
0.22741
0.29130
0.29238
0.30054
0.28854
0.28352
0.27989
0.28024
0.25114
0.23072
0.23198
0.30044
0.29066
0.27385
0.24851
0.21773
0.18564
0.17411
0.18759
0.17396
0.14710
0.15274
0.19419
0.16313
0.17563
0.19885
0.19813
0.20346
0.20922
0.20392
0.17636
0.18312
0.17317
0.16904
0.14953
0.13608
0.15478
0.15531
0.11101
0.13723
0.13558
0.15591
0.13836
0.11638
0.11910
0.10426
0.10967
0.14051
0.13331
0.10041
0.09273
0.13497
0.10790
0.11484
0.07880
0.07715
0.08670
0.07408
0.09191
0.06027
0.05420
0.05492
0.03563
0.04399
0.07827
0.09285
0.12691
0.13441
0.13157
0.11569
0.12846
0.18187
0.18725
0.18675
0.13769
0.16384
0.16579
0.20285
0.19327
0.23183
0.21589
0.20226
0.18926
0.18980
0.19749
0.20296
0.21968
0.22620
0.20359
0.22601
0.23860
0.25325
0.23978
0.23258
0.22113
0.25673
0.21900
0.25300
0.26781
0.23991
0.21825
0.23223
0.23244
0.24322
0.23213
0.26432
0.26778
0.27607
0.26684
0.24765
0.26476
0.22838
0.25576
0.25473
0.23715
0.26098
0.26402
0.30102
0.27546
0.27076
0.26764
0.23903
0.23790
0.23249
0.21867
0.20940
0.20901
0.18164
0.14550
0.16671
0.14755
0.13302
0.15159
0.11938
0.09038
0.14045
0.15259
0.17580
0.15589
0.11042
0.10711
0.11819
0.13081
0.11750
0.13785
0.14025
0.16063
0.16227
0.15156
0.16578
0.16176
0.15298
0.11202
0.10379
0.03879
0.03880
0.05984
0.05237
0.05605
0.04351
0.03354
0.03599
0.04043
0.04014
0.05611
0.04185
0.03054
0.06852
0.09517
0.10795
0.12552
0.16346
0.13024
0.11295
0.10007
0.14428
0.16832
0.16821
0.15906
0.14397
0.17899
0.19038
0.18739
0.19013
0.19588
0.18477
0.13840
0.12853
0.12142
0.10735
0.13035
0.17632
0.19713
0.20130
0.19379
0.21104
0.21183
0.25917
0.25614
0.26979
0.26068
0.23851
0.23899
0.21404
0.21596
0.21451
0.22013
0.15257
0.17375
0.17909
0.18564
0.17836
0.15526
0.14086
0.15072
0.15716
0.15121
0.15660
0.16548
0.14666
0.13012
0.14516
0.14792
0.14932
0.14175
0.12594
0.10633
0.12005
0.08941
0.09974
0.02612
0.01571
0.05327
0.05770
0.05203
0.11015
0.14317
0.13117
0.10548
0.06825
0.06511
0.07432
0.07812
0.04544
0.04600
0.07060
0.07881
0.09335
0.13480
0.13176
0.12670
0.17001
0.18151
0.26211
0.22304
0.22221
0.22812
0.23890
0.28037
0.28935
0.29911
0.32677
0.34703
0.39751
0.39325
0.41415
0.41431
0.39615
0.36961
0.37567
0.36949
0.36342
0.33936
0.36536
0.38489
0.37793
0.39487
0.38830
0.41349
0.41393
0.40654
0.39060
0.35198
0.35586
0.33325
0.35058
0.38075
0.38161
0.37856
0.37181
0.40311
0.40524
0.38288
0.36548
0.35852
0.36787
0.35105
0.32372
0.35218
0.32096
0.31275
0.28768
0.29996
0.28393
0.28926
0.31427
0.28685
0.31989
0.32199
0.31443
0.35489
0.37108
0.39006
0.37728
0.37735
0.37519
0.35569
0.32847
0.32954
0.30949
0.29513
0.31346
0.31680
0.31448
0.31319
0.32063
0.31278
0.30938
0.30309
0.29864
0.28380
0.28043
0.27104
0.26162
0.27817
0.25702
0.24056
0.22764
0.24861
0.26143
0.20851
0.21156
0.25419
0.23789
0.25438
0.24406
0.29863
0.29724
0.29374
0.28896
0.26609
0.25022
0.22532
0.22434
0.22437
0.23860
0.23507
0.25489
0.24837
0.24129
0.26343
0.25259
0.22210
0.22476
0.25132
0.23881
0.23768
0.21657
0.26739
0.24501
0.22003
0.22807
0.21901
0.25014
0.25199
0.25189
0.27325
0.29117
0.30695
0.28268
0.26526
0.22699
0.17281
0.18561
0.16178
0.15852
0.13100
0.14287
0.13668
0.11761
0.11059
0.10661
0.15018
0.15256
0.17723
0.13316
0.12789
0.11631
0.13211
0.16202
0.12838
0.15635
0.18736
0.19739
0.21848
0.20522
0.22444
0.24436
0.24981
0.24326
0.26826
0.24768
0.26051
0.27361
0.24016
0.22906
0.21051
0.23763
0.21017
0.21317
0.23186
0.16473
0.16492
0.16267
0.16994
0.15544
0.15222
0.14527
0.12243
0.09729
0.11168
0.09473
0.11240
0.10772
0.09503
0.07564
0.08842
0.10622
0.12822
0.09669
0.10400
0.03966
0.05656
0.05292
0.05390
0.05390
0.05244
0.03891
0.05037
0.05621
0.04866
0.06115
0.05576
0.10726
0.11209
0.09977
0.08597
0.05131
0.02927
0.07255
0.04176
0.02922
0.03249
0.02111
0.01918
0.01561
0.02078
0.00492
0.02494
0.07015
0.11291
0.12778
0.15532
0.11408
0.10551
0.08627
0.10875
0.09222
0.08626
0.09024
0.08688
0.08244
0.07005
0.07963
0.06675
0.05016
0.02715
0.07173
0.01136
0.05207
0.03887
0.04188
0.03495
0.04630
0.05618
0.03640
0.01225
0.06319
0.06897
0.05813
0.05708
0.08063
0.08237
0.09130
0.06945
0.07252
0.10399
0.10460
0.09379
0.09346
0.07126
0.07521
0.09805
0.10772
0.09460
0.07737
0.07289
0.10135
0.10088
0.09498
0.07484
0.06674
0.10936
0.10441
0.05025
0.07218
0.06468
0.05707
0.12953
0.12564
0.11205
0.12157
0.10590
0.08905
0.09966
0.12385
0.12665
0.13609
0.14486
0.16590
0.14886
0.09688
0.09760
0.10476
0.08576
0.09695
0.11219
0.08897
0.12487
0.09271
0.03679
0.03859
0.01513
0.01585
0.01483
0.00000
0.02456
0.02229
0.02314
0.06680
0.06933
0.10090
0.12638
0.07851
0.07870
0.08994
0.08358
0.08037
0.08325
0.10138
0.10638
0.10996
0.09522
0.08902
0.08902
0.07194
0.10088
0.08509
0.09151
0.09293
0.07183
0.08590
0.04815
0.05261
0.08782
0.08111
0.08873
0.05647
0.03026
0.03155
0.03962
0.06346
0.04516
0.02808
0.06245
0.08820
0.08258
0.09600
0.10077
0.05646
0.07273
0.03535
0.01184
0.00884
0.00000
0.00707
0.03900
0.00000
0.00732
0.02165
0.00338
0.02011
0.02983
0.02583
0.03348
0.03316
0.03929
0.06379
0.02870
0.04963
0.04062
0.01054
0.04032
0.04541
0.03625
0.02212
0.00413
0.04145
0.07338
0.04032
0.05511
0.04260
0.03995
0.04449
0.00000
0.02158
0.03510
0.04172
0.02620
0.02989
0.04607
0.06522
0.08354
0.04880
0.06189
0.06198
0.04570
0.04044
0.02736
0.02872
0.02342
0.03315
0.00595
0.01061
0.02258
0.02442
0.01735
0.03137
0.05011
0.11450
0.12116
0.07596
0.07399
0.06498
0.05485
0.04365
0.02556
0.06202
0.05837
0.07485
0.07574
0.05513
0.06479
0.08705
0.08443
0.08936
0.07377
0.06832
0.07825
0.10110
0.11403
0.10214
0.11031
0.09754
0.08472
0.04893
0.06157
0.08673
0.07610
0.05238
0.07253
0.07536
0.04628
0.07202
0.07903
0.13269
0.11227
0.11046
0.11669
0.12957
0.10076
0.08865
0.11186
0.07532
0.04220
0.04809
0.07334
0.06800
0.11566
0.13045
0.10300
0.07436
0.11906
0.14631
0.12224
0.19799
0.20418
0.21463
0.19151
0.17561
0.17938
0.19532
0.19209
0.16213
0.15290
0.17069
0.16623
0.20291
0.21112
0.20942
0.21781
0.20600
0.23113
0.21984
0.21338
0.21681
0.28575
0.32945
0.32166
0.33330
0.27982
0.28781
0.28546
0.27594
0.26846
0.27867
0.26369
0.26691
0.25456
0.25438
0.25738
0.20640
0.20640
0.23006
0.21104
0.18093
0.16568
0.11943
0.12200
0.09874
0.10769
0.13423
0.12172
0.10969
0.08726
0.06770
0.03016
0.00448
0.02872
0.02251
0.03280
0.06208
0.04951
0.03892
0.04293
0.02702
0.10168
0.08724
0.09099
0.05858
0.05911
0.06363
0.06410
0.03201
0.03225
0.02129
0.03251
0.03327
0.04917
0.05379
0.02703
0.04776
0.05230
0.05877
0.05942
0.05907
0.07919
0.08700
0.07052
0.06853
0.05630
0.06123
0.06391
0.07148
0.06316
0.06200
0.04327
0.04390
0.03899
0.06889
0.07999
0.09729
0.06384
0.07858
0.09170
0.07761
0.07454
0.06887
0.02680
0.02773
0.03062
0.02871
0.04600
0.05347
0.03490
0.02630
0.07940
0.10085
0.10428
0.09830
0.07446
0.08205
0.10959
0.11965
0.09435
0.09206
0.07774
0.07252
0.05237
0.03158
0.05820
0.05826
0.08607
0.09947
0.05724
0.04465
0.03844
0.00464
0.00686
0.04551
0.03369
0.00793
0.01692
0.03577
0.04981
0.04111
0.02457
0.04165
0.06593
0.08929
0.06313
0.10203
0.08180
0.07494
0.11917
0.15653
0.17179
0.19082
0.22196
0.25795
0.24084
0.25615
0.30074
0.28697
0.27801
0.24544
0.24976
0.26116
0.25758
0.23958
0.24375
0.23978
0.21953
0.23548
0.22538
0.19611
0.24896
0.25180
0.23987
0.22537
0.21384
0.20323
0.25508
0.28149
0.30532
0.29053
0.30263
0.26939
0.26286
0.23584
0.22911
0.19450
0.17676
0.13303
0.12466
0.11554
0.15557
0.13317
0.13568
0.13374
0.12739
0.08201
0.09450
0.10717
0.09686
0.09690
0.09137
0.06797
0.06016
0.04769
0.04605
0.04888
0.07164
0.07254
0.08050
0.08664
0.09769
0.11030
0.10158
0.09060
0.07681
0.07318
0.06210
0.09108
0.08260
0.11804
0.11313
0.11547
0.06913
0.05781
0.03733
0.02909
0.01953
0.01797
0.00493
0.02817
0.02709
0.03156
0.01724
0.02189
0.01424
0.03486
0.00000
0.01295
0.02542
0.02386
0.02621
0.01700
0.01701
0.00410
0.01857
0.00536
0.04180
0.03842
0.11959
0.14412
0.15309
0.16609
0.15130
0.15130
0.16320
0.19143
0.20558
0.20923
0.19995
0.17365
0.16201
0.14439
0.15519
0.16315
0.17511
0.18030
0.17494
0.13568
0.13456
0.12079
0.10575
0.11667
0.11454
0.10680
0.08528
0.11846
0.10331
0.10144
0.07768
0.07609
0.08492
0.08250
0.07344
0.06268
0.06990
0.09953
0.10331
0.12379
0.09454
0.06652
0.01486
0.02967
0.07848
0.07675
0.06295
0.08016
0.09801
0.05882
0.05688
0.05748
0.05612
0.09051
0.09524
0.09272
0.07601
0.08294
0.10490
0.07041
0.08099
0.08142
0.10538
0.07341
0.05385
0.03836
0.04908
0.05433
0.05959
0.06476
0.06985
0.04303
0.04010
0.00210
0.00871
0.04622
0.03632
0.05801
0.03701
0.03548
0.04284
0.05370
0.07342
0.07874
0.07614
0.08588
0.11583
0.15574
0.15571
0.15802
0.18176
0.24524
0.22267
0.22888
0.21492
0.21082
0.22676
0.19555
0.19345
0.19485
0.22946
0.24547
0.19673
0.20510
0.20759
0.20616
0.15412
0.11636
0.10923
0.12785
0.12692
0.17618
0.17409
0.18063
0.18179
0.18879
0.18324
0.17969
0.18283
0.20461
0.20025
0.22173
0.31091
0.30811
0.28062
0.32134
0.33856
0.34425
0.34069
0.32428
0.33856
0.35450
0.35773
0.37189
0.36413
0.37102
0.38631
0.37409
0.36495
0.38541
0.40367
0.37857
0.37994
0.40221
0.40750
0.35042
0.36944
0.34533
0.32766
0.30253
0.32290
0.29206
0.30318
0.28681
0.27842
0.33228
0.32700
0.37066
0.35634
0.41699
0.42232
0.40023
0.35071
0.33331
0.33923
0.34235
0.34597
0.35794
0.35351
0.35539
0.35638
0.37439
0.37206
0.36782
0.39347
0.37568
0.35115
0.34829
0.36283
0.36835
0.38683
0.37053
0.38880
0.40061
0.39831
0.40904
0.42091
0.45083
0.47304
0.48163
0.50000
0.50485
0.50275
0.45999
0.43741
0.47238
0.48616
0.49282
0.49927
0.49462
0.50551
0.51041
0.48659
0.46970
0.44174
0.46724
0.48212
0.45560
0.41316
0.40997
0.35753
0.31673
0.31348
0.30330
0.26775
0.25995
0.22980
0.20751
0.20127
0.19104
0.19935
0.20670
0.18885
0.19120
0.20218
0.20615
0.21238
0.22750
0.20289
0.22872
0.24123
0.21096
0.19440
0.18735
0.19141
0.19876
0.22319
0.22406
0.19901
0.20614
0.18350
0.16014
0.15556
0.15573
0.16982
0.15927
0.15290
0.17003
0.17208
0.17922
0.16948
0.17382
0.15598
0.17556
0.16887
0.16694
0.12387
0.12857
0.09782
0.12559
0.11374
0.14194
0.13912
0.15995
0.14333
0.14757
0.15052
0.14320
0.13880
0.14379
0.14362
0.13876
0.14388
0.14869
0.14353
0.13154
0.12926
0.13277
0.14758
0.14295
0.15081
0.17554
0.16650
0.15577
0.14598
0.13415
0.11678
0.13681
0.14845
0.11402
0.12469
0.12405
0.12405
0.08751
0.02988
0.00022
0.04670
0.05792
0.05475
0.04828
0.03891
0.03368
0.02405
0.01443
0.06205
0.04718
0.05816
0.08216
0.09920
0.07807
0.08085
0.09144
0.08018
0.03806
0.04934
0.08021
0.05722
0.06634
0.05531
0.06013
0.08330
0.12272
0.11747
0.12341
0.12772
0.13977
0.14501
0.16808
0.20581
0.22116
0.22068
0.20589
0.21297
0.18742
0.22272
0.19078
0.17943
0.20731
0.22607
0.22275
0.20662
0.20184
0.25130
0.25687
0.22992
0.24044
0.27884
0.28160
0.29303
0.27710
0.30028
0.29736
0.25904
0.26031
0.25400
0.26342
0.23833
0.25618
0.23307
0.24692
0.24394
0.20307
0.20316
0.18033
0.17777
0.15453
0.15804
0.11729
0.12727
0.12198
0.11289
0.12509
0.07865
0.08218
0.07434
0.07015
0.05544
0.04489
0.05966
0.05018
0.07027
0.06451
0.05426
0.05990
0.07357
0.09316
0.11873
0.13732
0.12942
0.14964
0.13585
0.15929
0.15589
0.14164
0.12691
0.15625
0.14571
0.16032
0.16255
0.14897
0.18467
0.18838
0.18760
0.13853
0.14599
0.12904
0.16629
0.18890
0.15685
0.11224
0.09597
0.14228
0.14635
0.14100
0.14942
0.13599
0.19040
0.17278
0.16136
0.16601
0.13968
0.16553
0.15367
0.14492
0.13196
0.11622
0.16707
0.13452
0.12353
0.11255
0.07195
0.07304
0.10086
0.07335
0.05512
0.06649
0.02952
0.02929
0.02219
0.03536
0.07014
0.04047
0.04622
0.05583
0.07019
0.07456
0.08022
0.07230
0.06627
0.09015
0.08917
0.06901
0.05918
0.08198
0.04629
0.04798
0.06048
0.02938
0.01589
0.03251
0.01702
0.01456
0.01092
0.04090
0.06394
0.03907
0.00000
0.00129
0.02261
0.01513
0.03030
0.05284
0.05955
0.03581
0.02067
0.01784
0.02597
0.02857
0.02938
0.05189
0.09585
0.11744
0.11877
0.07777
0.08539
0.10370
0.11821
0.11452
0.14637
0.16830
0.16217
0.15352
0.13234
0.12698
0.12513
0.12699
0.11674
0.14384
0.16863
0.19447
0.23873
0.22452
0.23387
0.25717
0.23509
0.21425
0.23964
0.22936
0.14734
0.13425
0.14482
0.14603
0.13305
0.13944
0.11741
0.12697
0.14723
0.16019
0.13995
0.14095
0.12604
0.12017
0.11286
0.12660
0.12675
0.15026
0.11909
0.11743
0.12159
0.10624
0.08524
0.05311
0.07455
0.08363
0.08359
0.10526
0.08750
0.06248
0.04850
0.04086
0.04014
0.08389
0.07552
0.08831
0.09941
0.12969
0.11046
0.15911
0.21016
0.20576
0.20906
0.18072
0.20509
0.19175
0.18100
0.18041
0.14095
0.14914
0.15751
0.17856
0.17348
0.14993
0.14708
0.10683
0.10930
0.10722
0.08975
0.12615
0.15004
0.13809
0.15499
0.14193
0.11963
0.09232
0.10642
0.06082
0.04016
0.04163
0.11907
0.10602
0.10955
0.10583
0.10852
0.13107
0.08927
0.08012
0.07610
0.06558
0.05205
0.07045
0.08794
0.07832
0.07752
0.06135
0.07079
0.11846
0.11802
0.11873
0.12686
0.15282
0.15157
0.15396
0.14357
0.15221
0.12547
0.14153
0.15988
0.10171
0.07781
0.09477
0.10334
0.10243
0.07194
0.06604
0.04111
0.05866
0.05358
0.06052
0.07327
0.07278
0.07182
0.10092
0.13958
0.15356
0.15478
0.13679
0.10887
0.12735
0.13872
0.12563
0.12752
0.14318
0.15882
0.13851
0.15325
0.13969
0.14628
0.11419
0.11068
0.08840
0.08080
0.09253
0.06416
0.05214
0.02518
0.03012
0.05568
0.05625
0.09296
0.10792
0.11345
0.13741
0.15574
0.12199
0.16024
0.17571
0.16050
0.15301
0.14639
0.15069
0.13353
0.12376
0.09983
0.12023
0.11738
0.12080
0.13690
0.13874
0.13331
0.09663
0.08186
0.09177
0.09734
0.10460
0.08211
0.06022
0.06254
0.07085
0.02978
0.02180
0.01955
0.02418
0.02630
0.00072
0.03437
0.02351
0.00724
0.02400
0.04140
0.00982
0.00736
0.00904
0.02652
0.05823
0.05850
0.06308
0.05389
0.06024
0.04799
0.01992
0.00000
0.01903
0.04052
0.08120
0.06574
0.06847
0.10579
0.10425
0.09555
0.09593
0.04493
0.05448
0.05370
0.08167
0.08667
0.12977
0.11788
0.10920
0.09553
0.09465
0.11133
0.11924
0.08624
0.05887
0.04542
0.03574
0.01824
0.03140
0.01784
0.03997
0.07686
0.08496
0.09803
0.09289
0.08428
0.07006
0.09191
0.08199
0.09338
0.05593
0.08245
0.08738
0.11709
0.07134
0.08849
0.11613
0.10999
0.11785
0.13702
0.11499
0.09315
0.09152
0.08190
0.09951
0.10324
0.11343
0.14359
0.13743
0.15656
0.15555
0.20447
0.20079
0.20112
0.18440
0.17520
0.19068
0.19149
0.20765
0.17950
0.18886
0.19837
0.20131
0.19171
0.18096
0.15458
0.13858
0.13910
0.19323
0.20354
0.15762
0.16189
0.18155
0.17432
0.16655
0.16630
0.18784
0.14817
0.10397
0.11982
0.11362
0.13234
0.11733
0.06989
0.06686
0.07103
0.07039
0.06898
0.06129
0.10034
0.11576
0.12729
0.13080
0.13245
0.12147
0.11383
0.11164
0.09999
0.07067
0.05819
0.07676
0.09165
0.07074
0.08814
0.09240
0.05754
0.05123
0.07148
0.06211
0.05998
0.06002
0.07359
0.06392
0.03548
0.04115
0.00909
0.01808
0.02573
0.02840
0.05392
0.05301
0.04459
0.03851
0.02301
0.01755
0.04313
0.09873
0.08181
0.07945
0.08885
0.08234
0.08469
0.07083
0.04502
0.07856
0.08880
0.07735
0.01826
0.03721
0.05531
0.03499
0.03726
0.02679
0.04402
0.02846
0.03723
0.01847
0.02117
0.00001
0.02101
0.05449
0.06150
0.03644
0.04264
0.04652
0.04959
0.05315
0.06778
0.04490
0.05138
0.05614
0.03396
0.05914
0.04279
0.04576
0.05640
0.05852
0.03500
0.01454
0.00000
0.01373
0.00279
0.02026
0.01738
0.01208
0.04072
0.00798
0.02118
0.04565
0.03518
0.05754
0.04886
0.05455
0.03664
0.03022
0.03524
0.00567
0.02841
0.07819
0.07629
0.05851
0.06187
0.06133
0.05588
0.05789
0.06089
0.08845
0.10278
0.09302
0.10189
0.09212
0.10333
0.09273
0.07450
0.10697
0.12150
0.11879
0.11112
0.10485
0.11958
0.15459
0.21681
0.24047
0.28156
0.26062
0.28579
0.28937
0.28152
0.26069
0.24895
0.23227
0.23001
0.23965
0.25426
0.26898
0.26722
0.27398
0.27654
0.26370
0.28361
0.31797
0.30423
0.27880
0.31106
0.32618
0.32588
0.29690
0.28764
0.25652
0.24996
0.25532
0.26679
0.26926
0.27872
0.22154
0.23501
0.25967
0.26596
0.27132
0.26847
0.24585
0.24608
0.25989
0.25246
0.20643
0.20103
0.23604
0.23326
0.23493
0.24097
0.24312
0.24131
0.25126
0.24414
0.22458
0.18240
0.16706
0.16185
0.19298
0.17743
0.13883
0.15122
0.14731
0.18435
0.16332
0.17646
0.13887
0.14942
0.12881
0.14789
0.14271
0.14117
0.14118
0.17961
0.17894
0.17472
0.15114
0.15911
0.14077
0.15260
0.12585
0.11280
0.09710
0.08358
0.09487
0.06911
0.09283
0.07396
0.06988
0.08261
0.09294
0.08940
0.09773
0.12320
0.14280
0.17795
0.17655
0.18438
0.17981
0.18152
0.17885
0.19096
0.18845
0.17139
0.17621
0.12553
0.13729
0.15953
0.17925
0.14828
0.14878
