0.02134
0.02977
0.01870
0.01826
0.06471
0.09430
0.08837
0.10612
0.08701
0.07330
0.05235
0.06442
0.02999
0.01258
0.00061
0.00510
0.03214
0.00593
0.00970
0.00000
0.00250
0.00535
0.00851
0.02182
0.02492
0.02327
0.08250
0.09557
0.16579
0.13053
0.14322
0.15286
0.13977
0.10954
0.08491
0.06203
0.06014
0.06703
0.02426
0.01283
0.03168
0.05007
0.07857
0.03186
0.04130
0.04754
0.05295
0.06320
0.05858
0.03806
0.03851
0.04140
0.01934
0.00000
0.02555
0.08431
0.16107
0.16027
0.17810
0.18574
0.19133
0.24692
0.23919
0.25588
0.23603
0.23086
0.18313
0.17735
0.17888
0.19467
0.20842
0.22993
0.20809
0.21785
0.24431
0.25722
0.22899
0.23657
0.22945
0.23879
0.20924
0.21447
0.21526
0.19352
0.17867
0.18792
0.18093
0.19779
0.16416
0.13823
0.14190
0.15926
0.14781
0.10720
0.08173
0.07584
0.11195
0.10915
0.14965
0.12676
0.15874
0.14955
0.16000
0.15490
0.12624
0.14684
0.16526
0.16980
0.14746
0.16485
0.16575
0.12863
0.14583
0.10863
0.12841
0.16043
0.11609
0.11370
0.14469
0.16450
0.16985
0.18954
0.19682
0.20505
0.20643
0.22134
0.20459
0.21472
0.24865
0.23252
0.24220
0.26911
0.23376
0.23660
0.24033
0.24800
0.26709
0.22801
0.23317
0.23593
0.23965
0.27892
0.26777
0.23571
0.22379
0.21045
0.22706
0.23905
0.25541
0.22394
0.18164
0.19857
0.20120
0.19940
0.23011
0.21149
0.19681
0.18401
0.15728
0.11473
0.10069
0.09632
0.12117
0.14166
0.07801
0.09685
0.09413
0.08202
0.09772
0.14156
0.14474
0.13564
0.14866
0.11057
0.09838
0.09799
0.09105
0.09649
0.04153
0.09183
0.09877
0.10625
0.11177
0.09268
0.15189
0.13949
0.13929
0.13883
0.15928
0.15807
0.13846
0.15876
0.18156
0.15273
0.16282
0.16557
0.15133
0.18556
0.20937
0.17567
0.18628
0.18434
0.16706
0.17774
0.15537
0.15890
0.17953
0.19204
0.17693
0.15645
0.14122
0.15147
0.14066
0.14322
0.11151
0.10370
0.12910
0.13929
0.17417
0.12402
0.15799
0.16791
0.14592
0.15463
0.16617
0.17638
0.17435
0.18065
0.16497
0.19870
0.20528
0.23080
0.20999
0.22006
0.23234
0.21298
0.19098
0.21101
0.20324
0.20935
0.28023
0.26768
0.27556
0.27297
0.26778
0.25451
0.28725
0.26146
0.25943
0.25938
0.24670
0.21332
0.21418
0.23986
0.25546
0.24731
0.28517
0.26448
0.27153
0.24021
0.24277
0.24819
0.25229
0.23592
0.27049
0.28550
0.27788
0.27942
0.29655
0.31383
0.28749
0.26122
0.24148
0.21112
0.22846
0.23936
0.22834
0.21461
0.22771
0.20796
0.21485
0.23743
0.21637
0.22285
0.21433
0.21562
0.22246
0.21724
0.22881
0.26539
0.25962
0.26060
0.27078
0.26900
0.25258
0.23544
0.22801
0.21684
0.23070
0.26537
0.23876
0.24522
0.23382
0.21536
0.24329
0.27167
0.29901
0.26027
0.27569
0.27569
0.26964
0.25814
0.24861
0.23428
0.23347
0.24614
0.26475
0.29205
0.30672
0.33750
0.33309
0.32057
0.31774
0.32661
0.33141
0.31224
0.34445
0.29790
0.32896
0.34836
0.31837
0.33302
0.31475
0.33723
0.35470
0.38209
0.38309
0.36019
0.34819
0.33548
0.35261
0.36983
0.41999
0.36926
0.38566
0.37355
0.38686
0.41087
0.44173
0.42647
0.41588
0.40422
0.39532
0.40331
0.40883
0.40222
0.37010
0.37384
0.43068
0.41889
0.44306
0.44836
0.42201
0.41802
0.42019
0.42826
0.44149
0.43720
0.46171
0.42408
0.40417
0.40137
0.39847
0.35388
0.36781
0.40583
0.41377
0.39763
0.38243
0.38000
0.42123
0.40786
0.39834
0.40623
0.43417
0.41153
0.43214
0.42022
0.43240
0.43091
0.42642
0.41354
0.42526
0.43314
0.44302
0.46440
0.48098
0.48082
0.50782
0.51593
0.53392
0.55221
0.57118
0.52985
0.48797
0.51496
0.49894
0.52615
0.48318
0.49392
0.48392
0.48797
0.54783
0.55968
0.53435
0.49216
0.46436
0.45250
0.47337
0.45227
0.43011
0.41678
0.43650
0.42737
0.40763
0.41208
0.41561
0.45011
0.44509
0.45256
0.44896
0.42359
0.40521
0.39422
0.38520
0.38901
0.39142
0.40461
0.39675
0.41599
0.41029
0.39781
0.38412
0.39434
0.40243
0.40647
0.41227
0.42871
0.43638
0.42556
0.43182
0.48121
0.48013
0.46360
0.46492
0.46244
0.47952
0.45904
0.45334
0.43983
0.43163
0.41644
0.41478
0.42439
0.44951
0.42918
0.47205
0.44361
0.41972
0.40691
0.37983
0.37522
0.37385
0.35201
0.34165
0.33508
0.32576
0.35067
0.33947
0.36705
0.33326
0.30756
0.29373
0.29211
0.31110
0.27270
0.31479
0.29441
0.27864
0.33010
0.33050
0.33405
0.31818
0.29468
0.30752
0.28688
0.29051
0.29385
0.32253
0.32551
0.31822
0.34359
0.31084
0.27750
0.27659
0.23449
0.23480
0.22891
0.23272
0.22602
0.24910
0.22846
0.23530
0.24903
0.26866
0.26277
0.24017
0.19296
0.20046
0.20747
0.16032
0.13857
0.15918
0.17736
0.18999
0.20405
0.23679
0.23894
0.24137
0.22127
0.20513
0.23095
0.20326
0.21363
0.22272
0.20360
0.18681
0.15690
0.14486
0.15784
0.15728
0.15020
0.19046
0.14845
0.16542
0.16015
0.18257
0.16609
0.15469
0.15905
0.14157
0.15673
0.14108
0.11051
0.13031
0.13997
0.10592
0.07038
0.06420
0.05611
0.04882
0.02066
0.02007
0.02443
0.03014
0.02177
0.03815
0.04064
0.01095
0.02261
0.01551
0.00431
0.01745
0.04061
0.03809
0.03340
0.07720
0.06476
0.10261
0.09910
0.08990
0.09956
0.10156
0.10777
0.11893
0.14093
0.14880
0.13322
0.13782
0.12696
0.09433
0.10591
0.06663
0.06906
0.06938
0.05829
0.06684
0.06910
0.05888
0.09989
0.11065
0.14926
0.12706
0.14627
0.18126
0.16465
0.17405
0.17660
0.17162
0.16902
0.19494
0.19721
0.19590
0.20330
0.18802
0.22805
0.22262
0.24014
0.23881
0.23842
0.27495
0.28706
0.29492
0.32190
0.33824
0.32888
0.32891
0.32545
0.28867
0.33485
0.37594
0.35416
0.37909
0.33902
0.34290
0.35993
0.38617
0.35858
0.32391
0.31434
0.29121
0.24666
0.26236
0.22024
0.21359
0.23931
0.23490
0.20036
0.17379
0.15921
0.16169
0.16498
0.14631
0.15269
0.14831
0.15352
0.12384
0.21368
0.18543
0.16885
0.13513
0.15985
0.16965
0.17307
0.16053
0.18248
0.19346
0.19903
0.22250
0.22139
0.21927
0.16727
0.17288
0.13535
0.17996
0.13636
0.13615
0.11946
0.15072
0.13849
0.09168
0.04970
0.04031
0.08853
0.11925
0.08533
0.07168
0.09398
0.05944
0.08376
0.12340
0.11586
0.16979
0.13574
0.13528
0.13256
0.12437
0.16225
0.16586
0.13570
0.14523
0.15035
0.17516
0.16131
0.16138
0.16515
0.17692
0.19948
0.20357
0.20385
0.23779
0.22609
0.20257
0.19512
0.19486
0.19281
0.22370
0.24538
0.27825
0.27553
0.24965
0.26202
0.26101
0.28697
0.28986
0.29551
0.28998
0.28567
0.28156
0.28580
0.29403
0.32668
0.32960
0.28441
0.27836
0.27531
0.25351
0.24011
0.24217
0.22807
0.21727
0.22159
0.20439
0.19670
0.17073
0.16563
0.18081
0.18510
0.24275
0.22777
0.19096
0.19597
0.15537
0.16352
0.13318
0.14414
0.15712
0.11134
0.08795
0.10768
0.08432
0.08539
0.10554
0.09460
0.08110
0.08692
0.07191
0.07758
0.08170
0.08165
0.08904
0.12037
0.12033
0.12684
0.08099
0.07604
0.10314
0.12241
0.13337
0.10411
0.11406
0.13456
0.13395
0.12550
0.11338
0.10191
0.07902
0.07793
0.09144
0.08143
0.07791
0.08218
0.06889
0.03647
0.05988
0.07481
0.06466
0.07796
0.07430
0.03795
0.02481
0.03902
0.01762
0.02445
0.05802
0.06973
0.07908
0.07993
0.09253
0.06497
0.06784
0.04651
0.03206
0.05038
0.08268
0.07517
0.06615
0.03892
0.04087
0.04007
0.03181
0.05032
0.07332
0.08666
0.10486
0.12210
0.12748
0.15239
0.11132
0.10721
0.11455
0.10081
0.11740
0.10981
0.16810
0.19627
0.18618
0.22348
0.23552
0.25812
0.28879
0.25789
0.27873
0.30638
0.30110
0.27944
0.26421
0.31158
0.30234
0.29522
0.32407
0.30281
0.28178
0.31066
0.30209
0.34652
0.33993
0.32174
0.32956
0.30616
0.34046
0.33612
0.34175
0.31279
0.30705
0.32106
0.30574
0.33665
0.23726
0.23348
0.23545
0.19341
0.20796
0.24376
0.25621
0.27606
0.30038
0.29720
0.28875
0.30730
0.33084
0.32082
0.32129
0.36115
0.32127
0.30582
0.34243
0.36520
0.37785
0.38219
0.42625
0.39222
0.39155
0.38673
0.33006
0.32710
0.31364
0.28292
0.29960
0.26135
0.23673
0.23901
0.18948
0.18550
0.20416
0.17798
0.16060
0.17728
0.22754
0.26183
0.22405
0.23227
0.22014
0.19829
0.20883
0.20448
0.18787
0.16422
0.19857
0.21801
0.21146
0.21926
0.22039
0.23655
0.25395
0.23227
0.22170
0.20207
0.17735
0.19346
0.21127
0.22471
0.24247
0.23903
0.26438
0.28014
0.26973
0.26078
0.28281
0.30481
0.30946
0.27709
0.26473
0.27177
0.29091
0.28200
0.30395
0.30261
0.33108
0.34945
0.37051
0.35023
0.37317
0.38830
0.39473
0.36471
0.38107
0.38999
0.36917
0.36602
0.35660
0.38227
0.38911
0.39389
0.33894
0.35757
0.31613
0.31437
0.25507
0.28561
0.30362
0.25390
0.25425
0.24055
0.23354
0.21149
0.20660
0.20123
0.21001
0.20367
0.20297
0.20721
0.18930
0.18840
0.20317
0.19347
0.18937
0.19659
0.20277
0.19910
0.22014
0.18024
0.14832
0.14343
0.15521
0.17965
0.18633
0.19304
0.19368
0.21368
0.20472
0.20288
0.18421
0.21405
0.22542
0.25079
0.25804
0.29110
0.31091
0.32343
0.29431
0.31275
0.30088
0.33447
0.32301
0.32504
0.31684
0.33209
0.30094
0.28064
0.29662
0.28330
0.29254
0.29371
0.29718
0.27500
0.26424
0.25026
0.26635
0.27586
0.22854
0.25519
0.24784
0.25964
0.25744
0.22792
0.20486
0.19907
0.22733
0.24999
0.22941
0.26127
0.27078
0.29082
0.26779
0.22752
0.23203
0.21968
0.21810
0.20762
0.25337
0.24380
0.22078
0.21798
0.21623
0.22865
0.24047
0.24954
0.23963
0.23993
0.21089
0.20687
0.19251
0.18510
0.23402
0.24134
0.22322
0.22189
0.20993
0.21444
0.22493
0.25959
0.21891
0.21642
0.18616
0.25462
0.25501
0.29315
0.28105
0.25598
0.22379
0.24485
0.22351
0.23823
0.23577
0.23839
0.25238
0.24968
0.25537
0.27750
0.26326
0.29137
0.27309
0.24708
0.24673
0.26925
0.26249
0.28476
0.27492
0.26765
0.26768
0.22235
0.20938
0.23765
0.24442
0.24981
0.29223
0.26629
0.27775
0.26336
0.26068
0.26867
0.27891
0.27110
0.28476
0.28963
0.30697
0.28603
0.28556
0.26915
0.28297
0.24879
0.27593
0.27994
0.26537
0.24372
0.25922
0.26331
0.25989
0.26355
0.23281
0.23469
0.23618
0.20310
0.19714
0.19692
0.19695
0.21991
0.25680
0.31493
0.35894
0.38896
0.38170
0.35945
0.33103
0.31595
0.33576
0.31045
0.31809
0.31694
0.35356
0.34391
0.39040
0.37926
0.35153
0.36269
0.33232
0.33409
0.32524
0.33694
0.34087
0.35557
0.33777
0.33351
0.33737
0.34469
0.33543
0.37541
0.40330
0.41301
0.37346
0.39274
0.31978
0.31311
0.29082
0.29599
0.35104
0.39690
0.40221
0.41274
0.40265
0.41598
0.42971
0.39502
0.40973
0.42908
0.43375
0.43942
0.41803
0.35937
0.36578
0.33501
0.28570
0.24926
0.24165
0.21993
0.20293
0.21605
0.20942
0.15611
0.15510
0.12072
0.09334
0.06721
0.03025
0.04701
0.05312
0.05977
0.05858
0.04321
0.01518
0.03239
0.07225
0.08763
0.11968
0.11325
0.14042
0.16509
0.14540
0.15014
0.12986
0.10739
0.10188
0.15052
0.16428
0.16233
0.13073
0.13084
0.11457
0.14274
0.16267
0.15145
0.18930
0.20949
0.22809
0.20574
0.24886
0.24766
0.29066
0.29702
0.27600
0.27996
0.29736
0.28810
0.28130
0.25031
0.28976
0.28520
0.26912
0.28055
0.30848
0.34066
0.34224
0.33829
0.33883
0.33883
0.33592
0.35010
0.37170
0.35082
0.34764
0.33866
0.32677
0.30974
0.33269
0.33456
0.36543
0.42155
0.39890
0.38191
0.36784
0.34289
0.37831
0.41578
0.39688
0.39416
0.39447
0.41186
0.41987
0.42571
0.46275
0.49451
0.47744
0.50598
0.55803
0.55249
0.55961
0.56921
0.59668
0.58515
0.58434
0.57465
0.53436
0.46033
0.49786
0.50083
0.48058
0.43937
0.43648
0.39988
0.38928
0.36595
0.38123
0.36533
0.34703
0.31504
0.28975
0.28045
0.29125
0.28201
0.26600
0.28714
0.29036
0.29571
0.26054
0.25703
0.24974
0.21860
0.16427
0.11469
0.13323
0.14935
0.15136
0.15112
0.15114
0.14401
0.15101
0.21238
0.22101
0.17802
0.16890
0.14797
0.13719
0.11885
0.11803
0.12560
0.13011
0.11752
0.12334
0.13451
0.12895
0.09095
0.08583
0.07825
0.08126
0.06192
0.05952
0.08462
0.10147
0.08960
0.04531
0.05073
0.05053
0.03865
0.01182
0.00322
0.02744
0.04771
0.03345
0.06424
0.06447
0.08215
0.08139
0.04710
0.03962
0.06539
0.05455
0.06163
0.06102
0.07691
0.04757
0.04129
0.07543
0.09989
0.07222
0.05637
0.07334
0.05859
0.04118
0.03118
0.04284
0.04249
0.05327
0.07592
0.08294
0.07117
0.05887
0.04127
0.04275
0.02454
0.01471
0.02756
0.03314
0.05073
0.06528
0.05137
0.04026
0.04890
0.04754
0.03419
0.04618
0.02528
0.06225
0.05849
0.03265
0.01964
0.02552
0.04063
0.05190
0.07533
0.09330
0.09330
0.07325
0.01436
0.00903
0.02303
0.03780
0.02261
0.00000
0.02240
0.01099
0.01367
0.02088
0.01811
0.02484
0.03166
0.04512
0.05319
0.06815
0.06345
0.05712
0.07138
0.07671
0.08333
0.09948
0.12979
0.12411
0.12665
0.15061
0.11610
0.12147
0.11482
0.17811
0.18204
0.17751
0.17297
0.16909
0.14754
0.15322
0.15154
0.16004
0.13485
0.13783
0.12646
0.13599
0.13483
0.14230
0.09216
0.08225
0.06277
0.05348
0.07550
0.08908
0.08462
0.08185
0.08873
0.07423
0.06456
0.07922
0.09927
0.07686
0.07871
0.08012
0.11173
0.08547
0.09244
0.08461
0.07704
0.08259
0.11221
0.10219
0.08496
0.08843
0.07956
0.06407
0.08449
0.05831
0.06657
0.05488
0.04469
0.06111
0.05594
0.06327
0.09616
0.11127
0.10565
0.07919
0.08618
0.10384
0.10152
0.10075
0.07494
0.08155
0.04322
0.03986
0.05187
0.03241
0.03727
0.05258
0.02333
0.02836
0.03527
0.01180
0.02192
0.02192
0.04396
0.03593
0.09129
0.09994
0.07247
0.08104
0.09487
0.09367
0.06807
0.02387
0.01220
0.02857
0.02561
0.02880
0.02758
0.04223
0.03184
0.02464
0.03563
0.00946
0.00746
0.00692
0.01561
0.01355
0.00496
0.01459
0.01584
0.02532
0.09417
0.11080
0.11232
0.11165
0.11989
0.10491
0.08633
0.08714
0.09873
0.12455
0.12883
0.14997
0.17466
0.18692
0.15627
0.15201
0.15833
0.16497
0.16013
0.16960
0.18727
0.15868
0.12244
0.14740
0.12067
0.10510
0.07676
0.08334
0.09768
0.10463
0.12230
0.12425
0.16606
0.17088
0.20649
0.19467
0.19571
0.15102
0.14945
0.12345
0.13879
0.13016
0.09600
0.09597
0.06492
0.04115
0.04471
0.02946
0.04466
0.04922
0.03226
0.08531
0.01685
0.02122
0.01976
0.01772
0.00000
0.03200
0.01113
0.01152
0.03930
0.00000
0.07301
0.02045
0.02689
0.06457
0.08110
0.12506
0.12520
0.08456
0.08902
0.08897
0.10993
0.14731
0.12561
0.13879
0.16508
0.15512
0.14841
0.15588
0.15621
0.15962
0.17047
0.15574
0.19590
0.24119
0.20617
0.18584
0.19241
0.17637
0.14403
0.15270
0.15100
0.15755
0.16985
0.14653
0.15308
0.12933
0.15305
0.13623
0.17632
0.19686
0.15033
0.10188
0.08902
0.09859
0.09629
0.08046
0.07438
0.08034
0.05841
0.07225
0.08422
0.08330
0.11548
0.11151
0.13574
0.17034
0.21972
0.22118
0.24262
0.27382
0.27985
0.26928
0.25321
0.25252
0.21059
0.21225
0.21745
0.21999
0.23671
0.21133
0.19641
0.19657
0.23278
0.25272
0.22982
0.20455
0.16256
0.15598
0.13259
0.09842
0.10719
0.09710
0.10924
0.09462
0.09468
0.07460
0.09848
0.11666
0.10035
0.09295
0.10369
0.09001
0.10827
0.08801
0.11487
0.16242
0.16683
0.16833
0.16395
0.13658
0.13875
0.18136
0.15094
0.14678
0.16798
0.15328
0.12699
0.08137
0.04915
0.05994
0.07080
0.07977
0.08749
0.11196
0.10322
0.11049
0.13736
0.15197
0.10185
0.09882
0.06887
0.03679
0.03493
0.00869
0.01804
0.00663
0.00820
0.03108
0.02205
0.03961
0.05593
0.08516
0.11846
0.13704
0.15407
0.19287
0.20317
0.23965
0.25267
0.25670
0.30148
0.28290
0.29909
0.30256
0.33716
0.34386
0.32188
0.31223
0.33168
0.33590
0.36204
0.34668
0.30523
0.30379
0.32557
0.33248
0.35281
0.35805
0.36481
0.38425
0.39692
0.38230
0.35143
0.33628
0.33903
0.28793
0.28781
0.33916
0.32019
0.30817
0.31030
0.31560
0.32517
0.28469
0.28342
0.29886
0.31353
0.34061
0.35719
0.35483
0.37101
0.37729
0.37044
0.39308
0.39622
0.38620
0.40736
0.39596
0.40558
0.42515
0.42570
0.47316
0.44832
0.43637
0.42301
0.40507
0.43338
0.45149
0.52944
0.53164
0.52372
0.50955
0.49918
0.44625
0.44539
0.43013
0.46743
0.46743
0.37759
0.35469
0.36090
0.41678
0.45348
0.45593
0.44663
0.41009
0.43284
0.44000
0.42655
0.43695
0.44298
0.45476
0.46386
0.47021
0.48472
0.47989
0.43995
0.40607
0.37460
0.34755
0.36406
0.36088
0.33489
0.33830
0.35197
0.33209
0.35125
0.33617
0.34626
0.32167
0.31785
0.32961
0.30199
0.33173
0.33296
0.32861
0.31002
0.31634
0.30685
0.29832
0.36439
0.33438
0.32041
0.31935
0.35369
0.40528
0.37447
0.34964
0.34972
0.28754
0.29399
0.28202
0.27366
0.27173
0.27859
0.24823
0.24497
0.25821
0.25930
0.29006
0.28242
0.29551
0.31746
0.29635
0.30679
0.29718
0.27963
0.29769
0.29388
0.33287
0.37112
0.34714
0.32536
0.29711
0.30567
0.31935
0.32348
0.28551
0.29788
0.26665
0.25304
0.26111
0.28275
0.28889
0.29926
0.32251
0.32086
0.31775
0.32899
0.34021
0.33533
0.31574
0.31096
0.32908
0.34263
0.39533
0.38743
0.36767
0.31560
0.28086
0.29695
0.30608
0.33254
0.31766
0.29280
0.29742
0.31545
0.29226
0.28974
0.27738
0.32111
0.34332
0.33055
0.34184
0.30604
0.32476
0.32714
0.33460
0.35204
0.36523
0.33346
0.36372
0.37310
0.35877
0.37044
0.36739
0.36843
0.35576
0.34315
0.29418
0.33452
0.25407
0.27295
0.30175
0.31463
0.31799
0.31222
0.33907
0.35382
0.35136
0.30139
0.26490
0.26285
0.27417
0.26597
0.28160
0.33516
0.31995
0.30088
0.33724
0.37638
0.35746
0.37463
0.40054
0.37857
0.34808
0.32619
0.35258
0.35699
0.33117
0.28551
0.24473
0.21487
0.20938
0.19364
0.17413
0.17140
0.14759
0.14871
0.16798
0.18937
0.20613
0.22799
0.24956
0.23824
0.19030
0.20503
0.21418
0.18655
0.18655
0.22071
0.21752
0.21484
0.23959
0.23904
0.21351
0.22572
0.18567
0.20824
0.18637
0.18947
0.19991
0.20689
0.24682
0.22907
0.20433
0.20332
0.22774
0.21318
0.20027
0.20297
0.24219
0.26379
0.28167
0.27846
0.30394
0.28413
0.26464
0.25563
0.24901
0.27279
0.24661
0.23706
0.21525
0.20418
0.16117
0.16642
0.19011
0.15278
0.12483
0.06502
0.07140
0.01356
0.02204
0.01399
0.02911
0.01094
0.05956
0.07615
0.07384
0.08900
0.10614
0.07511
0.05650
0.08016
0.10451
0.08242
0.07635
0.06208
0.09324
0.06819
0.05030
0.04658
0.02823
0.02918
0.01238
0.03494
0.04846
0.02427
0.02322
0.03062
0.03399
0.03854
0.07956
0.05939
0.07508
0.06721
0.04451
0.06806
0.04760
0.01945
0.01168
0.02797
0.01755
0.00617
0.01133
0.07034
0.06525
0.04895
0.05027
0.05044
0.08241
0.06285
0.10123
0.06634
0.04023
0.02344
0.03954
0.05391
0.06164
0.05324
0.02651
0.00381
0.01548
0.00743
0.00662
0.00000
0.03935
0.01510
0.02734
0.02944
0.05257
0.03788
0.04407
0.09583
0.10688
0.09871
0.08860
0.06716
0.06385
0.04621
0.01009
0.00018
0.00424
0.00057
0.04292
0.07695
0.03939
0.02778
0.02023
0.01999
0.01928
0.01063
0.03258
0.04659
0.05762
0.05515
0.05946
0.05999
0.04310
0.05243
0.09150
0.07469
0.08102
0.05766
0.05818
0.02958
0.08447
0.07750
0.07808
0.04116
0.00902
0.01381
0.01833
0.03175
0.02207
0.00271
0.00000
0.00430
0.04814
0.03226
0.03049
0.05769
0.03465
0.04438
0.07988
0.07631
0.09416
0.07525
0.04082
0.00854
0.04259
0.02513
0.03299
0.04060
0.08833
0.10600
0.13888
0.13320
0.14618
0.12676
0.11544
0.13308
0.13426
0.15830
0.14672
0.16344
0.20983
0.21137
0.16692
0.16545
0.16432
0.17577
0.18594
0.19250
0.21164
0.18097
0.19261
0.18604
0.19847
0.18650
0.11560
0.09487
0.08599
0.08823
0.11118
0.15170
0.13089
0.14093
0.13599
0.15512
0.12131
0.10913
0.11857
0.12819
0.11297
0.07080
0.03610
0.03891
0.05371
0.03770
0.04959
0.08676
0.07119
0.06336
0.09031
0.11783
0.12510
0.10669
0.05758
0.03201
0.08943
0.06757
0.09216
0.09524
0.07177
0.08456
0.08118
0.08134
0.06156
0.08695
0.07375
0.09071
0.13275
0.13240
0.12542
0.16239
0.16761
0.17146
0.18174
0.19290
0.17489
0.14614
0.14489
0.19985
0.18396
0.21008
0.22796
0.23937
0.26400
0.24424
0.21486
0.23692
0.25317
0.23908
0.21457
0.17979
0.20281
0.21696
0.24091
0.22736
0.22939
0.22080
0.22045
0.21230
0.25473
0.26016
0.26313
0.24435
0.20344
0.22506
0.20664
0.18681
0.21588
0.20200
0.21509
0.18911
0.17995
0.19195
0.20761
0.21656
0.22756
0.18967
0.19725
0.21462
0.19018
0.22884
0.22374
0.24978
0.22641
0.23204
0.25198
0.23833
0.24587
0.27024
0.26104
0.26266
0.21788
0.20455
0.18935
0.18253
0.19112
0.17307
0.17493
0.18810
0.20412
0.19970
0.20276
0.21851
0.19580
0.15144
0.12748
0.12504
0.13270
0.14895
0.16607
0.15771
0.16093
0.18565
0.17001
0.16836
0.17895
0.14949
0.14265
0.18551
0.17384
0.18466
0.17863
0.16136
0.18147
0.16992
0.18956
0.18545
0.20227
0.15424
0.16387
0.15187
0.20023
0.23138
0.23706
0.28084
0.26055
0.23926
0.21618
0.21855
0.20356
0.19320
0.13477
0.08625
0.11365
0.10022
0.08433
0.06515
0.04392
0.07239
0.08673
0.10319
0.08882
0.07809
0.07104
0.06416
0.09910
0.09429
0.09340
0.04181
0.02810
0.04846
0.04910
0.04542
0.05954
0.01450
0.05037
0.06843
0.10182
0.08530
0.13724
0.11000
0.12725
0.10205
0.10230
0.10383
0.10991
0.08137
0.08764
0.08724
0.07350
0.07508
0.06689
0.08645
0.05208
0.02075
0.03671
0.03414
0.03053
0.02754
0.04019
0.06607
0.08496
0.09868
0.08208
0.06367
0.07617
0.03423
0.00000
0.01126
0.00818
0.00626
0.00635
0.01426
0.00000
0.01896
0.00547
0.01025
0.00934
0.01500
0.03304
0.02849
0.02693
0.02621
0.03571
0.05184
0.07597
0.07518
0.10456
0.09703
0.08799
0.12368
0.10420
0.08629
0.09720
0.08323
0.09484
0.09013
0.06136
0.07548
0.09278
0.05370
0.05179
0.04657
0.04667
0.04848
0.05777
0.06244
0.05960
0.07430
0.10904
0.12840
0.14406
0.14622
0.12907
0.10993
0.12440
0.12287
0.14027
0.13398
0.13006
0.11175
0.10635
0.08586
0.08060
0.10915
0.19123
0.17177
0.19873
0.19826
0.18444
0.22181
0.21958
0.21655
0.19514
0.19754
0.16703
0.16238
0.15012
0.17102
0.18881
0.14618
0.13453
0.17967
0.12541
0.13208
0.15872
0.16131
0.17975
0.17448
0.12430
0.15108
0.12912
0.11894
0.12825
0.15395
0.11590
0.12466
0.14471
0.15420
0.14613
0.09145
0.10211
0.10091
0.09613
0.12204
0.11456
0.12748
0.12748
0.15215
0.12913
0.12572
0.13399
0.13623
0.13590
0.17913
0.13034
0.12387
0.13107
0.11931
0.10616
0.09020
0.10412
0.10730
0.07886
0.03788
0.03757
0.06485
0.05673
0.05888
0.09217
0.03760
0.04842
0.01751
0.01508
0.01599
0.03401
0.02682
0.02366
0.02140
0.04512
0.02920
0.01341
0.01041
0.03787
0.03510
0.02684
0.04273
0.05647
0.04526
0.05957
0.04092
0.06569
0.01461
0.01301
0.04461
0.04024
0.06914
0.07151
0.08366
0.09257
0.09450
0.10771
0.13472
0.12362
0.12780
0.12062
0.13216
0.11715
0.06459
0.01594
0.01470
0.00000
0.01306
0.03153
0.00184
0.00578
0.01714
0.04275
0.04330
0.03576
0.03753
0.07679
0.07636
0.07354
0.06724
0.08710
0.06832
0.06063
0.03227
0.02264
0.02966
0.03763
0.03640
0.04480
0.05976
0.07831
0.09502
0.12081
0.09001
0.08628
0.09431
0.11175
0.12277
0.08445
0.08645
0.05975
0.05640
0.07428
0.09310
0.10827
0.11835
0.13425
0.10218
0.10494
0.11608
0.09477
0.09121
0.07619
0.07989
0.07897
0.05629
0.02815
0.05937
0.03581
0.09162
0.09157
0.08862
0.08366
0.09254
0.09624
0.13011
0.15790
0.17397
0.17472
0.18448
0.22401
0.24663
0.22645
0.24055
0.17656
0.14565
0.15181
0.16726
0.18472
0.19002
0.17357
0.17544
0.16910
0.18527
0.19001
0.17810
0.16659
0.18403
0.19197
0.15545
0.15545
0.17096
0.15538
0.16188
0.12493
0.11351
0.12865
0.08695
0.07261
0.06128
0.09702
0.10280
0.11829
0.11012
0.11989
0.14117
0.17374
0.13641
0.12137
0.14007
0.14455
0.13343
0.14052
0.12734
0.13094
0.18907
0.17611
0.16668
0.10869
0.09555
0.06370
0.07026
0.06193
0.07461
0.08330
0.05251
0.03521
0.09257
0.10791
0.10042
0.07939
0.08777
0.10826
0.12115
0.09017
0.08970
0.08754
0.10721
0.09916
0.08583
0.05095
0.02061
0.01695
0.03298
0.01384
0.04577
0.03797
0.01505
0.02018
0.01182
0.00953
0.05132
0.06485
0.04580
0.11605
0.11702
0.09808
0.08929
0.08930
0.09485
0.11166
0.09845
0.09701
0.09716
0.08924
0.07129
0.03264
0.00000
0.01307
0.00000
0.06198
0.06065
0.07322
0.05528
0.10922
0.08224
0.09123
0.11418
0.08852
0.08755
0.11717
0.11473
0.11731
0.10401
0.10243
0.10682
0.10765
0.09478
0.10290
0.10270
0.12051
0.14782
0.17248
0.16893
0.17113
0.20101
0.21006
0.19252
0.14268
0.17203
0.19104
0.16566
0.16678
0.14506
0.11081
0.12090
0.10635
0.07988
0.08435
0.09002
0.09713
0.10383
0.11070
0.15310
0.12859
0.18524
0.17630
0.14007
0.10111
0.10063
0.10316
0.08875
0.07691
0.07577
0.07788
0.06925
0.05188
0.10353
0.09462
0.08295
0.03293
0.05803
0.06343
0.03451
0.04754
0.03928
0.06946
0.04037
0.07279
0.05901
0.04050
0.04828
0.04843
0.07899
0.09007
0.08601
0.05642
0.05363
0.08856
0.03783
0.04930
0.01413
0.02382
0.04142
0.05947
0.06557
0.03597
0.03920
0.00000
0.00015
0.00000
0.01248
0.00406
0.02058
0.02396
0.01782
0.03526
0.03626
0.05487
0.05554
0.05649
0.09705
0.07952
0.09786
0.09869
0.08646
0.06615
0.05596
0.11499
0.11773
0.12899
0.14400
0.16114
0.18485
0.18812
0.18513
0.18990
0.20054
0.22029
0.22400
0.14981
0.10755
0.11715
0.10495
0.15629
0.16483
0.17405
0.16361
0.15866
0.16178
0.16178
0.18156
0.18213
0.14569
0.10791
0.11388
0.14973
0.18271
0.17722
0.17742
0.16129
0.15540
0.12651
0.13473
0.08045
0.03817
0.04595
0.05137
0.05812
0.07366
0.03461
0.03718
0.02725
0.02792
0.06681
0.08489
0.08526
0.08388
0.07965
0.07938
0.08198
0.10196
0.10960
0.13331
0.13723
0.13121
0.12696
0.12644
0.16117
0.18093
0.14623
0.14172
0.18103
0.14512
0.14240
0.11971
0.11861
0.12259
0.15069
0.16201
0.18984
0.20680
0.20646
0.17873
0.20347
0.22785
0.21178
0.27148
0.29418
0.27392
0.22602
0.18852
0.17752
0.16006
0.14244
0.11036
0.10373
0.10086
0.03767
0.05924
0.02588
0.03442
0.01239
0.00990
0.00021
0.02432
0.03155
0.01646
0.03381
0.05907
0.05711
0.07360
0.06847
0.08740
0.10464
0.08350
0.08867
0.06799
0.05245
0.07107
0.08490
0.08792
0.04942
0.03078
0.01050
0.00940
0.00019
0.01478
0.00000
0.02016
0.02361
0.02763
0.01767
0.01128
0.00867
0.03814
0.04978
0.05491
0.05509
0.03486
0.04188
0.04363
0.03858
0.02496
0.02946
0.00822
0.01203
0.02390
0.04301
0.06036
0.02238
0.03806
0.04703
0.08132
0.07765
0.09596
0.10921
0.09872
0.08546
0.06010
0.06552
0.01903
0.00270
0.03124
0.04939
0.08275
0.08643
0.07842
0.06010
0.07424
0.07060
0.11533
0.10791
0.10662
0.11489
0.16402
0.16440
0.18157
0.17787
0.19338
0.15777
0.17154
0.18383
0.20351
0.21574
0.21559
0.23989
0.19408
0.19247
0.20423
0.22935
0.25086
0.25776
0.23785
0.23273
0.22449
0.22708
0.23625
0.23673
0.25317
0.25068
0.27019
0.27168
0.27251
0.22668
0.23185
0.21867
0.22354
0.21597
0.21282
0.21007
0.19221
0.23873
0.21319
0.18166
0.21440
0.21951
0.15596
0.14651
0.14032
0.12096
0.20247
0.20850
0.22305
0.25802
0.24827
0.26390
0.26718
0.25102
0.22851
0.21036
0.18473
0.18557
0.19128
0.19725
0.19366
0.17120
0.15417
0.19004
0.17392
0.11914
0.09539
0.11102
0.12513
0.14113
0.13229
0.15185
0.14957
0.12952
0.08042
0.08078
0.07850
0.07383
0.06433
0.10902
0.12090
0.11423
0.10559
0.10215
0.08935
0.07982
0.10799
0.10196
0.13954
0.13096
0.11811
0.12741
0.13923
0.14443
0.09969
0.08387
0.07954
0.04931
0.02780
0.03176
0.06475
0.06078
0.06343
0.08577
0.12780
0.11328
0.08805
0.07464
0.07249
0.04767
0.05444
0.07345
0.09164
0.11735
0.14001
0.14903
0.11885
0.09394
0.09935
0.09634
0.11261
0.11511
0.13626
0.12216
0.12177
0.13354
0.13893
0.14335
0.16947
0.17021
0.15209
0.19064
0.18595
0.17375
0.17556
0.17904
0.13399
0.10312
0.08895
0.07349
0.10142
0.11746
0.13062
0.12654
0.13495
0.14202
0.12983
0.13036
0.11218
0.08296
0.09050
0.08285
0.10863
0.09721
0.17294
0.16056
0.13566
0.11863
0.12930
0.13890
0.11569
0.11942
0.09480
0.11835
0.08010
0.06619
0.09854
0.06201
0.04203
0.04281
0.03891
0.06535
0.07669
0.06724
0.10402
0.08206
0.06739
0.03726
0.02862
0.01709
0.00365
0.01789
0.01211
0.01179
0.01757
0.05489
0.03698
0.03573
0.07472
0.02566
0.02533
0.03236
0.06707
0.09182
0.08052
0.07436
0.08318
0.06024
0.05600
0.06240
0.04744
0.05212
0.05658
0.07203
0.05726
0.05703
0.03553
0.02625
0.01024
0.02466
0.01306
0.00000
0.02197
0.08187
0.07698
0.05741
0.09070
0.06811
0.10407
0.09297
0.07051
0.04608
0.08428
0.08420
0.11242
0.10790
0.09084
0.06421
0.05653
0.07017
0.05506
0.05352
0.03821
0.03805
0.05099
0.03845
0.02964
0.02996
0.02383
0.02648
0.00625
0.03353
0.03270
0.06934
0.07603
0.08147
0.06364
0.09256
0.10002
0.09802
0.11655
0.17579
0.23046
0.21898
0.18689
0.19835
0.19340
0.20456
0.19339
0.18381
0.23040
0.25681
0.26578
0.26086
0.24988
0.26174
0.25333
0.22869
0.26859
0.21366
0.23258
0.26146
0.25081
0.26330
0.25774
0.24992
0.20804
0.17330
0.18653
0.19380
0.18751
0.19943
0.20976
0.23782
0.21807
0.20547
0.17440
0.15430
0.16840
0.16421
0.18951
0.21796
0.17382
0.17421
0.18094
0.17147
0.18450
0.20510
0.16614
0.14486
0.14671
0.15858
0.15729
0.14856
0.14696
0.13941
0.16457
0.20542
0.22152
0.21658
0.22167
0.22472
0.24304
0.22559
0.20798
0.21222
0.13870
0.15850
0.15452
0.13667
0.15387
0.17404
0.17534
0.17841
0.18441
0.20463
0.21510
0.20707
0.22314
0.22476
0.19801
0.21048
0.20889
0.20082
0.22110
0.22489
0.22049
0.21810
0.20834
0.20360
0.17865
0.18079
0.21256
0.16843
0.14430
0.20146
0.19868
0.22515
0.20382
0.18152
0.17731
0.17198
0.21637
0.22544
0.26136
0.25114
0.26180
0.24210
0.22013
0.23166
0.26240
0.27809
0.29498
0.29087
0.31446
0.31508
0.28872
0.28913
0.24641
0.26355
0.23357
0.21495
0.20814
0.21341
0.19546
0.17019
0.18203
0.21400
0.22353
0.21702
0.19326
0.19590
0.14792
0.20285
0.19796
0.15880
0.14582
0.16554
0.18887
0.18248
0.19956
0.19322
0.18837
0.17540
0.17283
0.16658
0.16572
0.16811
0.17006
0.23414
0.23267
0.17631
0.17413
0.16697
0.17799
0.17637
0.18926
0.17038
0.18790
0.14960
0.18368
0.18789
0.16857
0.18547
0.18089
0.18681
0.16400
0.17324
0.18540
0.17951
0.17599
0.15348
0.13775
0.10376
0.10149
0.09283
0.10217
0.08407
0.09944
0.11997
0.12538
0.12870
0.10492
0.10166
0.08097
0.07625
0.05652
0.05490
0.06236
0.07765
0.08091
0.07472
0.05697
0.07148
0.08886
0.09321
0.08560
0.05537
0.08894
0.11935
0.10197
0.10355
0.08881
0.05700
0.07328
0.00967
0.03521
0.06201
0.07069
0.05076
0.06888
0.06835
0.10053
0.08742
0.08632
0.08179
0.06446
0.08588
0.07435
0.08368
0.11638
0.11065
0.11335
0.14638
0.13067
0.15615
0.15389
0.15503
0.16037
0.17310
0.16153
0.16436
0.15595
0.15004
0.14455
0.14940
0.13432
0.13841
0.12468
0.13108
0.13359
0.14069
0.09790
0.06891
0.06292
0.08093
0.10602
0.10578
0.07702
0.09246
0.09009
0.07450
0.07962
0.02650
0.02176
0.03704
0.03535
0.05799
0.05571
0.04552
0.02955
0.04043
0.04055
0.05608
0.04646
0.06701
0.08150
0.08087
0.07435
0.02359
0.01774
0.01471
0.04140
0.01797
0.01643
0.01482
0.01215
0.02133
0.03137
0.02021
0.01813
0.06757
0.07237
0.03470
0.06259
0.04529
0.03632
0.01947
0.02496
0.03515
0.04942
0.07284
0.09234
0.10408
0.08187
0.14184
0.14625
0.16349
0.13179
0.15824
0.14735
0.12145
0.08815
0.06289
0.07118
0.07658
0.09349
0.10629
0.09896
0.05770
0.05084
0.07635
0.12459
0.11505
0.07629
0.11489
0.11008
0.13083
0.12819
0.14124
0.13018
0.10513
0.12504
0.13882
0.15012
0.13306
0.16756
0.17635
0.25275
0.22502
0.22138
0.20608
0.20538
0.23829
0.25704
0.19732
0.17473
0.15628
0.15340
0.16829
0.18581
0.20611
0.20839
0.18581
0.22677
0.21644
0.19527
0.17915
0.17549
0.15170
0.11396
0.11678
0.08570
0.10913
0.12034
0.09612
0.08184
0.09600
0.08761
0.09616
0.10465
0.15400
0.16439
0.16329
0.10624
0.06637
0.03135
0.03958
0.01138
0.02640
0.01223
0.04786
0.07584
0.07023
0.08300
0.13130
0.17420
0.20724
0.21129
0.23073
0.23001
0.21946
0.23151
0.23058
0.19573
0.20041
0.21928
0.16763
0.18937
0.19333
0.18290
0.15915
0.16521
0.17152
0.15911
0.15701
0.16077
0.16541
0.16607
0.17918
0.14505
0.12924
0.12259
0.12383
0.10497
0.10632
0.10998
0.12376
0.13489
0.13868
0.13345
0.16049
0.13764
0.16038
0.15983
0.16805
0.14889
0.16887
0.20997
0.21342
0.18151
0.18535
0.20488
0.20705
0.22544
0.24610
0.25259
0.27315
0.26086
0.25320
0.29003
0.27450
0.24458
0.25173
0.25236
0.26770
0.23639
0.22499
0.15447
0.15806
0.16474
0.18187
0.17898
0.19490
0.18231
0.16439
0.17707
0.16820
0.22173
0.20113
0.16441
0.10991
0.12747
0.13480
0.14547
0.14001
0.14099
0.16167
0.20913
0.20302
0.22989
0.18496
0.20014
0.23494
0.25533
0.26330
0.27285
0.28510
0.27994
0.28022
0.28370
0.29009
0.27143
0.28027
0.28728
0.28898
0.30089
0.31618
0.33021
0.33620
0.32448
0.33756
0.31966
0.36473
0.35163
0.36436
0.37574
0.37141
0.31518
0.31474
0.34625
0.32886
0.28497
0.28697
0.28828
0.28085
0.27236
0.27106
0.23857
0.25296
0.24184
0.25594
0.22678
0.20910
0.21088
0.18755
0.13074
0.15715
0.18387
0.18646
0.24628
0.25943
0.26339
0.25464
0.23297
0.23122
0.23165
0.25144
0.24766
0.24852
0.26462
0.27862
0.28849
0.26888
0.27427
0.26348
0.22785
0.21358
0.20798
0.18928
0.20976
0.24502
0.22131
0.20520
0.17154
0.16947
0.18342
0.19927
0.22442
0.22563
0.22465
0.18018
0.16247
0.12444
0.11283
0.04871
0.03057
0.04938
0.06263
0.01901
0.03179
0.04220
0.05945
0.09987
0.08076
0.11506
0.12133
0.09448
0.09807
0.12414
0.16214
0.16182
0.14102
0.14215
0.15731
0.16140
0.11263
0.12664
0.10689
0.11566
0.10282
0.12471
0.17313
0.18815
0.21117
0.22903
0.24438
0.25452
0.23433
0.22572
0.22871
0.24280
0.25763
0.27518
0.28827
0.28347
0.24714
0.23732
0.25581
0.25662
0.23126
0.20810
0.18443
0.19058
0.20359
0.18260
0.16834
0.15508
0.19523
0.19839
0.18838
0.17410
0.16466
0.20076
0.20093
0.20959
0.22033
0.22192
0.21978
0.22098
0.20063
0.16337
0.15073
0.14654
0.15333
0.15278
0.15952
0.17778
0.18067
0.16949
0.16694
0.15277
0.15656
0.13892
0.12892
0.13297
0.17616
0.16829
0.16346
0.17987
0.19066
0.18271
0.17964
0.24166
0.24435
0.21444
0.23633
0.22159
0.23500
0.23826
0.26007
0.23575
0.23351
0.21203
0.20966
0.20916
0.19781
0.19765
0.20005
0.20174
0.25321
0.25818
0.18038
0.20914
0.20777
0.22275
0.20977
0.20092
0.19548
0.15854
0.14116
0.14591
0.19925
0.20571
0.24165
0.19549
0.22102
0.21815
0.25177
0.23701
0.22777
0.23356
0.24653
0.23869
0.20510
0.18651
0.17073
0.13857
0.14846
0.16091
0.14554
0.16666
0.16962
0.16295
0.16810
0.14221
0.13107
0.12478
0.15431
0.15202
0.14819
0.10743
0.07772
0.07647
0.09082
0.08561
0.04222
0.02202
0.01539
0.03168
0.03445
0.01471
0.00063
0.03678
0.08862
0.05223
0.03370
0.06008
0.08818
0.09641
0.09218
0.00210
0.01523
0.02182
0.04605
0.00587
0.00000
0.01855
0.04050
0.06549
0.08756
0.07827
0.04241
0.06786
0.05595
0.06693
0.04908
0.06171
0.06638
0.06506
0.07160
0.06378
0.07546
0.08598
0.07302
0.05442
0.07310
0.03487
0.04327
0.04997
0.01523
0.03080
0.06532
0.06848
0.06408
0.02612
0.04210
0.05010
0.01877
0.03204
0.01481
0.05977
0.08783
0.10040
0.11446
0.11040
0.17428
0.13795
0.13955
0.15174
0.15237
0.16519
0.18276
0.18630
0.17410
0.17733
0.17733
0.21146
0.18820
0.19597
0.18302
0.20534
0.22705
0.22246
0.23130
0.22346
0.22802
0.22859
0.25559
0.23772
0.19737
0.18608
0.17769
0.18040
0.19568
0.16182
0.17233
0.16042
0.17168
0.18759
0.19275
0.18673
0.20696
0.22771
0.16262
0.11259
0.13653
0.14445
0.12029
0.11180
0.10689
0.10930
0.12336
0.11660
0.13038
0.17671
0.12942
0.12444
0.13541
0.08598
0.06209
0.07835
0.05973
0.05608
0.06218
0.03591
0.04090
0.05049
0.05660
0.05420
0.08629
0.07452
0.05875
0.04140
0.05856
0.02863
0.01240
0.00000
0.01081
0.01771
0.03828
0.02454
0.01808
0.03112
0.03512
0.05891
0.03720
0.03366
0.00000
0.01837
0.01364
0.01028
0.01671
0.01490
0.01490
0.03788
0.00110
0.01195
0.02048
0.04223
0.04583
0.03861
0.02300
0.03471
0.03406
0.06082
0.05788
0.04982
0.05294
0.06900
0.07166
0.08339
0.09143
0.07508
0.09613
0.09636
0.08721
0.09336
0.09556
0.08403
0.10499
0.10989
0.12899
0.16288
0.17287
0.15420
0.15938
0.16905
0.17620
0.13926
0.15569
0.16347
0.14061
0.12402
0.13015
0.07019
0.11174
0.10870
0.08986
0.11170
0.11872
0.08801
0.09456
0.09171
0.09889
0.11175
0.09648
0.10070
0.12599
0.17898
0.19859
0.18651
0.22867
0.19248
0.21504
0.21579
0.20001
0.22111
0.22697
0.22598
0.23742
0.20944
0.22832
0.22852
0.24254
0.22135
0.24083
0.26312
0.27008
0.29847
0.26451
0.23167
0.23302
0.20568
0.23227
0.22469
0.26011
0.26958
0.27220
0.27547
0.27133
0.25605
0.26424
0.23455
0.23688
0.24349
0.22612
0.27307
0.25343
0.26214
0.23832
0.23496
0.21546
0.23848
0.23928
0.23581
0.23610
0.16850
0.16893
0.21088
0.25385
0.20755
0.19371
0.22529
0.21354
0.17447
0.16906
0.16870
0.17510
0.18391
0.20491
0.22083
0.20008
0.17133
0.13362
0.11247
0.14900
0.16535
0.13450
0.12117
0.11596
0.15625
0.17395
0.17395
0.18574
0.18177
0.13227
0.12326
0.12376
0.12893
0.13602
0.16064
0.12103
0.12797
0.11975
0.09404
0.10225
0.15838
0.16265
0.15657
0.13567
0.12657
0.14455
0.14078
0.13402
0.13524
0.15525
0.15076
0.13142
0.10472
0.11182
0.13732
0.08994
0.06814
0.08878
0.07828
0.10336
0.11383
0.15057
0.13261
0.10572
0.09132
0.08055
0.11039
0.11535
0.09903
0.07808
0.08383
0.04958
0.04526
0.10500
0.11188
0.14228
0.14037
0.18977
0.18580
0.12000
0.15982
0.13151
0.15832
0.13709
0.10496
0.09064
0.09229
0.09099
0.08595
0.08307
0.07966
0.05459
0.05876
0.05889
0.08106
0.05778
0.04669
0.05747
0.06630
0.10112
0.09616
0.09777
0.11411
0.08543
0.07228
0.05069
0.09873
0.09749
0.10089
0.10577
0.10144
0.09756
0.09179
0.10954
0.10488
0.10252
0.10268
0.08026
0.07262
0.08330
0.07971
0.05884
0.07479
0.08550
0.07794
0.08469
0.10347
0.08975
0.07858
0.08468
0.08869
0.08863
0.07014
0.10042
0.08104
0.07752
0.03393
0.03295
0.05360
0.04570
0.03099
0.04059
0.03319
0.03556
0.03219
0.02383
0.04301
0.09985
0.09685
0.09889
0.08171
0.10588
0.06606
0.06896
0.05892
0.04847
0.04776
0.03423
0.01710
0.03209
0.02629
0.06263
0.06920
0.02362
0.02167
0.02373
0.03981
0.03111
0.00104
0.01159
0.03047
0.05913
0.07864
0.06778
0.06903
0.07178
0.05442
0.06118
0.08916
0.07255
0.06300
0.04262
0.03235
0.04248
0.04600
0.05546
0.04079
0.06298
0.11255
0.09715
0.08373
0.07158
0.08246
0.13186
0.13830
0.11218
0.11092
0.11100
0.06478
0.06628
0.08221
0.06197
0.05442
0.01927
0.03314
0.03453
0.04291
0.02199
0.00933
0.02275
0.05233
0.06207
0.04513
0.01558
0.00474
0.02175
0.02760
0.02848
0.00580
0.02409
0.02656
0.06807
0.06533
0.05325
0.04372
0.02779
0.02944
0.01585
0.01664
0.02313
0.03324
0.02166
0.02095
0.04781
0.03033
0.05184
0.02890
0.03694
0.02805
0.02454
0.02136
0.01718
0.04902
0.06091
0.06336
0.06433
0.07387
0.06002
0.10426
0.08811
0.08338
0.08375
0.08935
0.09084
0.10394
0.13813
0.11294
0.10771
0.11255
0.11637
0.11260
0.11135
0.13024
0.12061
0.13562
0.15221
0.16556
0.16838
0.14309
0.16928
0.16225
0.14193
0.16767
0.19775
0.21997
0.20476
0.16775
0.18341
0.15801
0.17881
0.16801
0.13905
0.12498
0.08270
0.13768
0.11154
0.12330
0.10851
0.11080
0.10662
0.06687
0.08443
0.11218
0.10633
0.09035
0.08467
0.07439
0.05174
0.07777
0.08539
0.09718
0.15164
0.14399
0.15904
0.18254
0.21300
0.23316
0.24320
0.23618
0.21430
0.18811
0.15304
0.15354
0.15933
0.19549
0.16466
0.16114
0.15487
0.14975
0.16780
0.18118
0.14648
0.13428
0.14808
0.15154
0.11760
0.11054
0.09999
0.09363
0.09879
0.12292
0.15287
0.15211
0.13302
0.12714
0.12965
0.12638
0.11389
0.11923
0.11532
0.10397
0.10804
0.09135
0.10340
0.07702
0.07943
0.00935
0.00586
0.01963
0.01861
0.02382
0.04685
0.00624
0.01795
0.04319
0.06019
0.04882
0.02501
0.05503
0.07580
0.08640
0.11865
0.10290
0.11862
0.08016
0.09864
0.09555
0.07236
0.02279
0.02352
0.00000
0.00872
0.01416
0.02161
0.02656
0.05360
0.02238
0.03310
0.03462
0.03800
0.03057
0.00617
0.02412
0.09191
0.09901
0.11353
0.12295
0.08961
0.07001
0.06695
0.00999
0.00558
0.03183
0.09272
0.09828
0.07443
0.11755
0.15072
0.14421
0.17181
0.16167
0.15242
0.16219
0.19315
0.19453
0.18618
0.16359
0.15747
0.15486
0.15327
0.14430
0.15219
0.13539
0.12471
0.14857
0.14986
0.17060
0.19134
0.17190
0.16938
0.13905
0.14706
0.15948
0.17677
0.18335
0.17804
0.20778
0.22987
0.22093
0.16966
0.17800
0.19662
0.22435
0.19031
0.20830
0.19593
0.18985
0.17579
0.15690
0.14600
0.11912
0.12402
0.15096
0.16824
0.15137
0.13358
0.14702
0.15349
0.17016
0.14905
0.16010
0.16756
0.10874
0.17516
0.15868
0.19242
0.18903
0.19709
0.16230
0.15598
0.16017
0.15904
0.16360
0.16451
0.14128
0.16319
0.14243
0.15447
0.18137
0.17855
0.16872
0.20526
0.26134
0.27998
0.27317
0.25767
0.26854
0.27463
0.27882
0.28644
0.26896
0.30014
0.30575
0.31202
0.29682
0.31749
0.35232
0.35690
0.39654
0.47447
0.48121
0.44846
0.48493
0.49312
0.49658
0.53128
0.48212
0.51912
0.50858
0.48576
0.47864
0.46469
0.45170
0.47653
0.47940
0.47858
0.46152
0.45280
0.46715
0.48069
0.46951
0.46956
0.49194
0.51238
0.52510
0.52338
0.53172
0.56514
0.56798
0.60057
0.56804
0.57259
0.56964
0.55806
0.54276
0.48807
0.49312
0.46477
0.45503
0.48721
0.49287
0.44799
0.42583
0.39519
0.37084
0.40010
0.43624
0.42382
0.43048
0.41785
0.41025
0.39303
0.42453
0.41975
0.42242
0.44457
0.41335
0.41397
0.41647
0.39607
0.38040
0.37567
0.38721
0.38576
0.39611
0.36289
0.37182
0.39752
0.38707
0.42904
0.46756
0.46723
0.48055
0.40987
0.39993
0.40482
0.40561
0.38593
0.36631
0.40843
0.40803
0.40572
0.39003
0.38235
0.38504
0.33549
0.34201
0.34242
0.33453
0.31636
0.33309
0.36038
0.37118
0.35854
0.37445
0.40205
0.39813
0.39401
0.38173
0.37715
0.36711
0.36116
0.34148
0.38049
0.32304
0.30067
0.29136
0.30152
0.30978
0.31193
0.30306
0.27899
0.28495
0.28481
0.27798
0.27899
0.26500
0.25222
0.23597
0.30385
0.32236
0.29331
0.32226
0.31501
0.32086
0.32237
0.33661
0.35140
0.35174
0.34884
0.36612
0.35101
0.33469
0.33602
0.33918
0.36199
0.39134
0.41511
0.43142
0.44741
0.46267
0.43967
0.42105
0.43720
0.47564
0.44163
0.43502
0.44170
0.47503
0.50083
0.49594
0.48639
0.50995
0.51898
0.53926
0.57750
0.57689
0.56812
0.53329
0.51792
0.52478
0.53065
0.53794
0.48761
0.49689
0.51066
0.49342
0.48784
0.47316
0.49013
0.48216
0.45285
0.45285
0.45134
0.44542
0.42784
0.43589
0.43682
0.45501
0.43635
0.41252
0.40784
0.43911
0.44137
0.43310
0.39647
0.41730
0.41793
0.42808
0.40118
0.37853
0.38427
0.36831
0.36490
0.36489
0.35002
0.32512
0.29864
0.27213
0.27663
0.29013
0.29169
0.22056
0.20648
0.19549
0.17546
0.15521
0.13615
0.14729
0.16149
0.16319
0.17654
0.16875
0.13855
0.13552
0.17546
0.19994
0.20071
0.23635
0.24692
0.21316
0.20795
0.23541
0.26014
0.21225
0.22008
0.24627
0.23825
0.22901
0.26270
0.25408
0.28545
0.26915
0.24683
0.24718
0.27366
0.25981
0.24168
0.24204
0.22324
0.21913
0.21468
0.17712
0.17656
0.17774
0.13683
0.15995
0.19756
0.24524
0.22284
0.23831
0.21851
0.19650
0.16413
0.16961
0.10645
0.12947
0.14193
0.13820
0.14082
0.11546
0.11554
0.09620
0.11505
0.13934
0.13470
0.10468
0.12654
0.09657
0.06992
0.07794
0.05363
0.05850
0.08066
0.09288
0.07212
0.07997
0.08797
0.12687
0.09399
0.11008
0.14598
0.14879
0.15614
0.09189
0.10017
0.14176
0.14598
0.15811
0.18176
0.18025
0.20431
0.17202
0.11931
0.07708
0.09826
0.14370
0.14822
0.15005
0.18319
0.19906
0.14501
0.15047
0.17455
0.17457
0.15785
0.12147
0.10863
0.06980
0.08561
0.09404
0.08331
0.05502
0.06054
0.02805
0.04825
0.05696
0.05195
0.05692
0.04705
0.03362
0.06332
0.07118
0.10315
0.10989
0.11039
0.08225
0.07718
0.09018
0.11905
0.10882
0.09933
0.05397
0.03907
0.05815
0.03563
0.02750
0.05594
0.07519
0.05665
0.07110
0.08992
0.13303
0.13731
0.15585
0.15562
0.14302
0.09778
0.11422
0.10846
0.11148
0.12091
0.09523
0.12548
0.12858
0.12376
0.19071
0.20053
0.19877
0.24391
0.30024
0.25906
0.27856
0.31423
0.31803
0.30443
0.32691
0.35062
0.35650
0.35572
0.37567
0.39766
0.39110
0.38323
0.37227
0.33541
0.31127
0.31586
0.32443
0.30332
0.32257
0.33941
0.32164
0.30247
0.27870
0.27858
0.30379
0.32400
0.27833
0.26807
0.24596
0.24917
0.27142
0.28769
0.28972
0.26129
0.28993
0.28233
0.28444
0.27232
0.30209
0.30347
0.26839
0.27805
0.28944
0.27217
0.27012
0.25402
0.25535
0.24166
0.23973
0.25645
0.24872
0.24842
0.22804
0.19912
0.20863
0.22513
0.16393
0.17618
0.13430
0.12459
0.15665
0.17164
0.13583
0.18218
0.17096
0.18665
0.15878
0.15449
0.15029
0.13695
0.15670
0.14971
0.15589
0.12919
0.14666
0.17454
0.13928
0.15417
0.13057
0.10184
0.10608
0.09638
0.06459
0.04584
0.04677
0.02969
0.01915
0.05051
0.07556
0.10257
0.09551
0.03995
0.07041
0.09345
0.11495
0.12833
0.13106
0.10819
0.08599
0.08640
0.09114
0.10431
0.11766
0.09859
0.10218
0.12474
0.10226
0.07290
0.05743
0.05324
0.06312
0.05071
0.05566
0.08011
0.09844
0.12782
0.13592
0.11029
0.07738
0.07286
0.06603
0.05595
0.04407
0.04675
0.07035
0.07208
0.10490
0.10232
0.12300
0.10608
0.10878
0.10681
0.09420
0.13825
0.11950
0.13203
0.12397
0.10087
0.10358
0.12226
0.11930
0.11353
0.11957
0.13589
0.13963
0.18400
0.18061
0.18981
0.18188
0.24681
0.24818
0.24658
0.23011
0.22882
0.19570
0.19405
0.17387
0.20052
0.20371
0.21547
0.18595
0.19118
0.20221
0.20507
0.21057
0.22940
0.25975
0.24797
0.26172
0.23135
0.22055
0.25258
0.26316
0.26486
0.30205
0.31894
0.28539
0.27695
0.25104
0.22738
0.23239
0.21678
0.20336
0.22111
0.25417
0.23477
0.23436
0.24286
0.21373
0.21734
0.20368
0.18471
0.18216
0.20581
0.19755
0.21655
0.25022
0.27235
0.26773
0.29651
0.27756
0.26157
0.26713
0.27351
0.22412
0.20949
0.19884
0.25170
0.23579
0.24231
0.27084
0.28487
0.28011
0.31553
0.32439
0.32114
0.29868
0.28749
0.26342
0.28737
0.27223
0.25866
0.24390
0.21409
0.25119
0.27935
0.27638
0.27223
0.28802
0.30122
0.35729
0.34452
0.35438
0.37241
0.40514
0.37366
0.34321
0.34289
0.28597
0.26645
0.30366
0.30839
0.31958
0.35977
0.37348
0.40357
0.40125
0.43647
0.42068
0.38278
0.36368
0.36409
0.37014
0.41920
0.39957
0.45765
0.44830
0.45607
0.41918
0.40197
0.42188
0.43024
0.43028
0.44103
0.44195
0.43345
0.44494
0.43522
0.39203
0.40206
0.38757
0.40323
0.39053
0.38537
0.39768
0.37997
0.38898
0.40137
0.41547
0.42730
0.43649
0.42706
0.42545
0.39660
0.35887
0.37580
0.39352
0.35206
0.37436
0.38758
0.38064
0.33350
0.33997
0.34536
0.36377
0.34856
0.31200
0.29111
0.28096
0.30805
0.29778
0.30565
0.31269
0.34981
0.35932
0.39290
0.40684
0.43340
0.41493
0.45903
0.45356
0.45779
0.45936
0.48312
0.44929
0.44331
0.44553
0.45545
0.45264
0.48601
0.49048
0.48456
0.48797
0.50118
0.48186
0.47484
0.47497
0.49778
0.51008
0.49051
0.49825
0.49211
0.50021
0.52315
0.52616
0.54291
0.52760
0.55560
0.56229
0.56979
0.58476
0.57705
0.53513
0.52315
0.52541
0.52863
0.51786
0.54809
0.54005
0.53940
0.52843
0.46407
0.41183
0.41164
0.39571
0.42407
0.41299
0.38732
0.38835
0.40220
0.40510
0.39849
0.38107
0.39914
0.39781
0.38925
0.37068
0.39551
0.39044
0.38685
0.39786
0.39256
0.36305
0.34656
0.36057
0.35382
0.33230
0.29918
0.30347
0.27842
0.27142
0.28658
0.26460
0.26840
0.26974
0.26316
0.27960
0.24417
0.24316
0.24221
0.21582
0.19013
0.19731
0.21269
0.20362
0.23454
0.29353
0.22181
0.22031
0.20913
0.20714
0.20808
0.20483
0.22729
0.21246
0.19459
0.23996
0.23634
0.21402
0.20917
0.21810
0.19570
0.22148
0.23538
0.23226
0.21506
0.20238
0.19658
0.18453
0.18033
0.15587
0.17176
0.18792
0.17151
0.18274
0.18247
0.18366
0.21373
0.21814
0.22938
0.29222
0.28638
0.29072
0.28267
0.25546
0.26677
0.29541
0.24669
0.27881
0.27820
0.28862
0.27618
0.28366
0.27224
0.24082
0.22482
0.20304
0.21407
0.18307
0.17614
0.17635
0.16368
0.12361
0.14522
0.13895
0.12078
0.13195
0.12879
0.12855
0.14890
0.11518
0.08945
0.07259
0.04825
0.09987
0.07240
0.04413
0.05335
0.05082
0.05384
0.04934
0.08382
0.06636
0.06479
0.06779
0.04133
0.06270
0.08731
0.07637
0.07211
0.08477
0.07333
0.04447
0.04727
0.03708
0.05473
0.03661
0.05167
0.10256
0.09910
0.10076
0.11149
0.13027
0.14309
0.15622
0.08067
0.04638
0.03707
0.08418
0.07914
0.08412
0.08431
0.08546
0.07387
0.05609
0.06653
0.05043
0.05009
0.04674
0.05535
0.03345
0.05148
0.04144
0.01955
0.01810
0.01933
0.01725
0.06835
0.08459
0.09447
0.05042
0.02097
0.02055
0.02841
0.04161
0.03366
0.05118
0.06829
0.05482
0.05460
0.05658
0.05001
0.05079
0.15988
0.18146
0.18966
0.19982
0.15396
0.16776
0.13625
0.16398
0.16424
0.14465
0.14423
0.15154
0.10250
0.09636
0.10939
0.10752
0.09051
0.09695
0.10145
0.11785
0.13007
0.13878
0.11825
0.08800
0.08619
0.10351
0.09625
0.11828
0.10665
0.11051
0.10356
0.09700
0.08783
0.05497
0.06253
0.04703
0.04417
0.00357
0.01596
0.04179
0.01948
0.02174
0.05389
0.05920
0.04647
0.04675
0.07039
0.08868
0.10009
0.06326
0.02597
0.03944
0.07828
0.06048
0.08455
0.09077
0.13550
0.14122
0.14461
0.11768
0.12362
0.11714
0.11319
0.11443
0.11367
0.11283
0.07487
0.08026
0.08451
0.04723
0.05177
0.06019
0.06227
0.08259
0.08808
0.09119
0.07889
0.09579
0.07991
0.10077
0.10956
0.10163
0.06083
0.04292
0.02914
0.04899
0.05484
0.06515
0.06062
0.09706
0.09209
0.07461
0.09548
0.14020
0.13266
0.13486
0.14357
0.13637
0.14451
0.17454
0.19813
0.18352
0.16120
0.17277
0.22177
0.22703
0.21348
0.21511
0.20341
0.23413
0.23360
0.23242
0.24900
0.26295
0.25879
0.25041
0.25563
0.27753
0.26638
0.23678
0.26547
0.29303
0.28183
0.30889
0.28603
0.30060
0.27628
0.27061
0.26037
0.28150
0.28126
0.28588
0.27596
0.29644
0.24680
0.22917
0.21202
0.19366
0.20728
0.21948
0.20559
0.16149
0.17872
0.17475
0.09209
0.10953
0.11723
0.10025
0.11248
0.13584
0.15828
0.14640
0.12531
0.13444
0.10392
0.07593
0.08259
0.07209
0.07996
0.10014
0.08999
0.09676
0.06959
0.08358
0.06417
0.06676
0.03302
0.05330
0.11527
0.10348
0.13937
0.16677
0.21613
0.22140
0.20212
0.20418
0.20633
0.20615
0.21571
0.21974
0.21115
0.20266
0.21185
0.22803
0.22775
0.24043
0.22176
0.23928
0.21342
0.22536
0.22929
0.26367
0.25696
0.22522
0.24457
0.28074
0.22837
0.22435
0.25518
0.22642
0.25014
0.25515
0.29755
0.29397
0.28500
0.29139
0.29347
0.28241
0.27078
0.29916
0.30504
0.32527
0.27247
0.30895
0.27241
0.29713
0.29773
0.31409
0.32310
0.34284
0.37376
0.39236
0.39623
0.41576
0.39167
0.39233
0.42763
0.37857
0.35292
0.35144
0.33351
0.36527
0.35126
0.37838
0.37737
0.40792
0.37047
0.34228
0.33850
0.34600
0.35082
0.28028
0.29907
0.24919
0.26488
0.26553
0.26891
0.31590
0.29743
0.32872
0.33194
0.35647
0.35887
0.35806
0.33844
0.34607
0.35216
0.36230
0.37416
0.36534
0.38594
0.36926
0.38090
0.37096
0.37687
0.36222
0.35555
0.33931
0.33546
0.28554
0.27622
0.27704
0.24713
0.24198
0.23688
0.24112
0.23192
0.24801
0.26011
0.25898
0.24786
0.24727
0.28013
0.29213
0.28995
0.26951
0.26439
0.24223
0.25530
0.24496
0.24056
0.29127
0.29596
0.28077
0.28736
0.27598
0.33316
0.35633
0.33941
0.33024
0.32123
0.29174
0.28515
0.29513
0.34020
0.33385
0.32778
0.31519
0.33959
0.35779
0.36526
0.35523
0.32762
0.31108
0.33771
0.33216
0.30402
0.30951
0.31490
0.27881
0.25770
0.26867
0.25359
0.30627
0.33579
0.29889
0.30720
0.27813
0.31572
0.27166
0.25446
0.26637
0.24514
0.25228
0.26809
0.25405
0.26930
0.26033
0.23054
0.24945
0.23949
0.24400
0.21984
0.21235
0.24847
0.22336
0.20368
0.20643
0.19811
0.17372
0.15581
0.11127
0.13348
0.05884
0.06890
0.03446
0.05520
0.04449
0.06496
0.01653
0.05810
0.04342
0.02564
0.02295
0.02683
0.01807
0.03801
0.03386
0.07378
0.07408
0.07931
0.05623
0.08024
0.05197
0.05558
0.06003
0.03655
0.04061
0.04527
0.03716
0.03360
0.04771
0.04999
0.02339
0.01195
0.02107
0.04951
0.02998
0.05109
0.04484
0.06067
0.08536
0.12367
0.14243
0.13665
0.12723
0.13836
0.10063
0.08346
0.08445
0.08403
0.05479
0.01870
0.05920
0.03280
0.04405
0.07498
0.05850
0.07832
0.08156
0.05637
0.06878
0.06339
0.07589
0.12420
0.11915
0.11831
0.16809
0.15829
0.15746
0.14304
0.16480
0.16383
0.14932
0.14065
0.14961
0.14542
0.15046
0.15546
0.12968
0.13587
0.14767
0.13445
0.13837
0.15756
0.13029
0.13786
0.15164
0.10216
0.10117
0.12016
0.10616
0.09142
0.11197
0.11177
0.10792
0.09504
0.11162
0.15021
0.14934
0.13053
0.14180
0.13436
0.11761
0.10797
0.12974
0.07875
0.07944
0.11566
0.10632
0.10862
0.09819
0.08967
0.09231
0.11869
0.14159
0.16796
0.16450
0.18857
0.18636
0.18600
0.17990
0.17983
0.16369
0.16389
0.16778
0.14210
0.16217
0.20043
0.20784
0.23275
0.22280
0.27804
0.25922
0.24486
0.23505
0.24289
0.23585
0.23087
0.21542
0.16941
0.14465
0.12220
0.10010
0.10271
0.10718
0.06816
0.08593
0.06669
0.04431
0.06018
0.03442
0.03390
0.05656
0.05696
0.07493
0.03656
0.01196
0.01338
0.01206
0.03125
0.01640
0.03662
0.01535
0.03336
0.05180
0.06625
0.06634
0.05198
0.06545
0.11509
0.14372
0.15505
0.17071
0.14889
0.15009
0.15040
0.13974
0.15199
0.16977
0.19119
0.16793
0.15027
0.14438
0.12651
0.14158
0.16408
0.18532
0.20371
0.24441
0.22160
0.23732
0.21591
0.18049
0.21837
0.24038
0.23713
0.24709
0.25362
0.29221
0.29237
0.29385
0.30315
0.29268
0.30388
0.28996
0.27950
0.27856
0.27331
0.28981
0.30036
0.35099
0.32134
0.32508
0.32654
0.28891
0.31457
0.30269
0.36749
0.33031
0.31108
0.33186
0.31839
0.30890
0.28034
0.30039
0.26205
0.30952
0.30663
0.31187
0.33833
0.30328
0.28754
0.29407
0.34320
0.33785
0.31889
0.33057
0.32618
0.26383
0.27712
0.27845
0.23279
0.20578
0.19906
0.18388
0.17765
0.15155
0.18114
0.15017
0.12544
0.13257
0.15138
0.16271
0.12875
0.16865
0.18254
0.16499
0.08778
0.03543
0.02739
0.05477
0.03508
0.06522
0.06960
0.01912
0.03536
0.05181
0.04986
0.06733
0.08537
0.09374
0.11634
0.11480
0.14387
0.12127
0.11800
0.10874
0.09616
0.09526
0.12743
0.15986
0.14401
0.16266
0.12405
0.10163
0.07157
0.08410
0.12805
0.12855
0.14416
0.12402
0.10097
0.11027
0.09816
0.07399
0.09953
0.10192
0.08892
0.10415
0.09945
0.14270
0.16146
0.15602
0.15005
0.13394
0.14580
0.12496
0.12753
0.10960
0.10266
0.11015
0.11457
0.12323
0.11064
0.09218
0.08034
0.10416
0.10138
0.11405
0.12125
0.11914
0.15340
0.15438
0.17256
0.15163
0.16244
0.19672
0.19015
0.16960
0.16040
0.15835
0.15379
0.13895
0.14844
0.15553
0.10600
0.11813
0.12249
0.11696
0.12453
0.15852
0.15961
0.14640
0.15408
0.15203
0.14544
0.13561
0.14511
0.14637
0.17550
0.16399
0.14345
0.16384
0.16002
0.07525
0.06442
0.06764
0.06214
0.04700
0.04030
0.04721
0.05191
0.03046
0.04169
0.05961
0.07153
0.05737
0.06107
0.06850
0.09008
0.06641
0.06373
0.06051
0.05136
0.03072
0.11096
0.12350
0.12423
0.09830
0.11140
0.15555
0.16985
0.16687
0.19123
0.18692
0.15976
0.17523
0.19786
0.26625
0.27890
0.28728
0.28413
0.27759
0.31000
0.31576
0.33585
0.35189
0.31762
0.32903
0.34632
0.33577
0.32005
0.30859
0.26765
0.26261
0.27979
0.29479
0.26662
0.26651
0.26100
0.26406
0.26703
0.24101
0.22647
0.24088
0.23704
0.25517
0.26416
0.24629
0.22134
0.21082
0.21077
0.21128
0.21303
0.23715
0.20145
0.20821
0.19667
0.18379
0.15450
0.13428
0.13461
0.17246
0.19218
0.23172
0.25185
0.27901
0.26764
0.26250
0.26565
0.24289
0.25100
0.25101
0.22755
0.23875
0.22298
0.21401
0.24760
0.28200
0.31054
0.33440
0.32256
0.32315
0.32346
0.33655
0.30488
0.29920
0.31226
0.30924
0.31004
0.29511
0.26203
0.25517
0.26725
0.30137
0.29080
0.31912
0.37295
0.34733
0.31435
0.32780
0.35382
0.29836
0.31205
0.30167
0.34926
0.32377
0.30781
0.29062
0.25228
0.25492
0.24078
0.28983
0.29764
0.27258
0.25836
0.31861
0.29805
0.26521
0.27742
0.24808
0.22637
0.24335
0.24197
0.20045
0.19038
0.21890
0.24980
0.22279
0.21812
0.22803
0.26234
0.24847
0.24501
0.28934
0.30143
0.26379
0.25475
0.26283
0.26084
0.24573
0.24407
0.25968
0.24562
0.26523
0.28264
0.28226
0.28976
0.26243
0.22572
0.24112
0.24368
0.22885
0.18659
0.18798
0.18967
0.18156
0.22319
0.22892
0.23383
0.19961
0.21348
0.21654
0.19731
0.19913
0.19779
0.18251
0.17247
0.15808
0.13899
0.13285
0.12372
0.10503
0.09970
0.14113
0.13350
0.10949
0.13189
0.16065
0.15736
0.17760
0.20690
0.17525
0.15558
0.17247
0.16333
0.16157
0.17388
0.17988
0.23337
0.27817
0.28350
0.27143
0.24678
0.24732
0.27147
0.29662
0.28419
0.28022
0.25668
0.25391
0.25736
0.26536
0.29381
0.27280
0.25333
0.18103
0.20812
0.21378
0.18585
0.16615
0.20451
0.21445
0.20000
0.20908
0.20766
0.17705
0.15065
0.17171
0.16610
0.15123
0.15156
0.10812
0.08999
0.09261
0.10212
0.09635
0.08628
0.03469
0.02462
0.03973
0.04685
0.07746
0.07352
0.08901
0.08373
0.08832
0.09061
0.09726
0.10598
0.09335
0.09505
0.08298
0.07921
0.05608
0.02121
0.03226
0.02555
0.00359
0.02513
0.09189
0.09374
0.06947
0.09471
0.11815
0.10487
0.09532
0.04618
0.03718
0.04425
0.04334
0.02533
0.06771
0.06393
0.07360
0.08572
0.08220
0.07576
0.07701
0.06524
0.05713
0.04729
0.06258
0.04627
0.05866
0.03739
0.01080
0.01852
0.02287
0.01604
0.00241
0.02907
0.02600
0.02706
0.04178
0.03820
0.03033
0.02592
0.03948
0.07851
0.05912
0.05068
0.08170
0.08326
0.12412
0.13734
0.11689
0.11624
0.10319
0.13329
0.10429
0.06710
0.07663
0.07376
0.08519
0.05583
0.07467
0.12024
0.11592
0.10938
0.08603
0.06706
0.07741
0.03539
0.05209
0.02450
0.08398
0.09928
0.09785
0.12160
0.13132
0.12048
0.13112
0.17219
0.14548
0.15764
0.13698
0.15933
0.18469
0.17753
0.16631
0.16649
0.16815
0.16861
0.18023
0.18222
0.16350
0.15045
0.16815
0.15749
0.14271
0.14952
0.12025
0.09579
0.10233
0.06204
0.06338
0.07082
0.09574
0.09766
0.08413
0.07714
0.07590
0.08833
0.13597
0.11628
0.13536
0.17327
0.19249
0.25929
0.25908
0.21761
0.24730
0.22632
0.24834
0.22316
0.20788
0.19988
0.19543
0.19221
0.18823
0.19926
0.20312
0.17217
0.16878
0.15773
0.13690
0.12885
0.08422
0.08036
0.10984
0.09403
0.06747
0.06753
0.08915
0.11205
0.09095
0.06361
0.04343
0.06340
0.05839
0.05076
0.10026
0.08995
0.06373
0.05889
0.08487
0.10819
0.09690
0.13461
0.14518
0.10389
0.06286
0.06742
0.07425
0.06545
0.09880
0.09534
0.10983
0.10165
0.09368
0.12070
0.13086
0.11307
0.10891
0.09304
0.08272
0.07631
0.08808
0.07587
0.06532
0.08463
0.06176
0.04307
0.06610
0.05655
0.01372
0.04521
0.02568
0.00497
0.03135
0.01581
0.02207
0.03601
0.04595
0.05272
0.12942
0.13392
0.12559
0.13891
0.14837
0.12976
0.14173
0.12174
0.13566
0.12368
0.11628
0.14637
0.16581
0.14602
0.13228
0.14729
0.16079
0.11835
0.10707
0.12652
0.10586
0.09069
0.06169
0.04286
0.09696
0.11574
0.13134
0.16163
0.13962
0.13096
0.13749
0.13253
0.15723
0.13817
0.12675
0.12675
0.13901
0.15464
0.16623
0.13585
0.12712
0.11722
0.10402
0.11783
0.14671
0.13822
0.12652
0.09284
0.10774
0.08197
0.08151
0.07112
0.09248
0.07626
0.10339
0.11081
0.12168
0.13831
0.15844
0.15450
0.17220
0.15523
0.11796
0.10896
0.13890
0.12971
0.12053
0.10360
0.11222
0.12636
0.08730
0.08411
0.09757
0.05486
0.03463
0.03531
0.05367
0.04005
0.06735
0.05315
0.06344
0.05483
0.07442
0.08197
0.10421
0.08769
0.12935
0.13728
0.14889
0.16068
0.19020
0.19707
0.18923
0.17807
0.17235
0.15448
0.20128
0.25522
0.24945
0.21558
0.19250
0.17713
0.19173
0.19014
0.18635
0.20203
0.16720
0.15838
0.13031
0.12978
0.15708
0.14622
0.14502
0.09237
0.08749
0.08088
0.08600
0.11274
0.08812
0.08581
0.11277
0.11395
0.10808
0.12770
0.18806
0.16133
0.16974
0.17636
0.22777
0.24968
0.24618
0.26014
0.26624
0.25978
0.29621
0.32258
0.31652
0.31153
0.31269
0.30654
0.38727
0.34406
0.32523
0.34126
0.42335
0.40300
0.37575
0.40144
0.41627
0.45462
0.41188
0.36719
0.37097
0.37191
0.36728
0.33786
0.31060
0.31603
0.32847
0.31576
0.33335
0.33708
0.34628
0.35690
0.39109
0.38915
0.35922
0.33221
0.35530
0.34325
0.33450
0.33270
0.34394
0.32260
0.30475
0.29869
0.30502
0.31380
0.30300
0.30070
0.28135
0.24209
0.25540
0.25084
0.23983
0.22622
0.22369
0.21553
0.20076
0.18230
0.11253
0.09899
0.08043
0.06206
0.04877
0.03598
0.05923
0.10124
0.12354
0.09782
0.11850
0.10730
0.10797
0.13376
0.17841
0.20202
0.18799
0.16767
0.15771
0.16956
0.22010
0.17619
0.19090
0.20219
0.16991
0.17155
0.17734
0.16895
0.18497
0.21732
0.22609
0.22700
0.28645
0.27087
0.29136
0.29995
0.31040
0.29609
0.30825
0.28214
0.29154
0.24987
0.23645
0.19572
0.21497
0.24898
0.27447
0.27946
0.26749
0.30234
0.31872
0.33559
0.33502
0.35073
0.36916
0.37907
0.37792
0.39341
0.42854
0.43929
0.45053
0.44229
0.45248
0.43026
0.44784
0.42499
0.41413
0.39412
0.33597
0.32966
0.32056
0.30148
0.29641
0.27092
0.25361
0.19062
0.21298
0.20519
0.22843
0.23755
0.23738
0.21997
0.22363
0.23679
0.25619
0.23331
0.21951
0.20672
0.17976
0.18607
0.20227
0.21162
0.20799
0.20484
0.19941
0.19688
0.19296
0.20186
0.17823
0.18196
0.14837
0.10745
0.11093
0.11947
0.09437
0.12465
0.09896
0.07572
0.05856
0.06054
0.06573
0.09948
0.09911
0.15685
0.15488
0.13602
0.13777
0.15011
0.15966
0.16197
0.14873
0.13267
0.13876
0.19491
0.16136
0.14791
0.15552
0.15610
0.14739
0.19858
0.17002
0.14371
0.15403
0.17930
0.16217
0.11950
0.11411
0.15695
0.15744
0.16567
0.13988
0.13867
0.11140
0.08197
0.09843
0.08258
0.12017
0.12352
0.18355
0.18437
0.19636
0.18360
0.17341
0.16727
0.14622
0.11066
0.13606
0.13669
0.15745
0.21174
0.20987
0.21172
0.23823
0.23262
0.21258
0.21363
0.22717
0.22608
0.22758
0.24141
0.23659
0.20297
0.23029
0.24964
0.24901
0.22948
0.21491
0.19710
0.16726
0.17282
0.19027
0.21402
0.20149
0.19055
0.17345
0.16328
0.16179
0.16586
0.15452
0.17169
0.16367
0.13495
0.12358
0.11232
0.12386
0.12700
0.11145
0.07004
0.08014
0.07824
0.09534
0.09641
0.08204
0.04540
0.05143
0.08146
0.06637
0.05254
0.03427
0.03806
0.04999
0.00783
0.01225
0.01815
0.01475
0.03254
0.02598
0.05967
0.05868
0.07153
0.09655
0.10487
0.10180
0.09923
0.10197
0.05778
0.05444
0.04308
0.09425
0.06120
0.07769
0.10409
0.11892
0.08606
0.07523
0.12133
0.11063
0.13499
0.13156
0.14774
0.17229
0.20133
0.21453
0.21474
0.17736
0.17315
0.14746
0.15374
0.15097
0.13360
0.13751
0.13915
0.14030
0.06371
0.04910
0.01209
0.00469
0.01404
0.02827
0.02931
0.01633
0.02556
0.02249
0.04972
0.05494
0.05877
0.12419
0.11508
0.12725
0.10386
0.11738
0.13729
0.11498
0.10134
0.09525
0.11312
0.12450
0.13112
0.11764
0.14384
0.14944
0.15358
0.14238
0.14642
0.15785
0.13377
0.14282
0.13995
0.15454
0.15345
0.14950
0.15730
0.14576
0.15824
0.13627
0.06054
0.07209
0.08220
0.04448
0.06491
0.12260
0.07917
0.07445
0.03999
0.04410
0.09508
0.09350
0.10090
0.08670
0.08684
0.07225
0.10434
0.10537
0.07090
0.04597
0.04213
0.08118
0.04887
0.05925
0.07245
0.08777
0.08373
0.06801
0.06137
0.06630
0.08532
0.06792
0.09551
0.08889
0.10125
0.11142
0.11871
0.13452
0.12635
0.11116
0.10522
0.12544
0.10778
0.15015
0.15625
0.16702
0.17626
0.18485
0.20084
0.20552
0.21820
0.22418
0.22232
0.19840
0.21802
0.21364
0.23416
0.21942
0.26869
0.29145
0.27847
0.27524
0.28802
0.29073
0.28458
0.23025
0.27599
0.28908
0.33214
0.31625
0.28585
0.29896
0.34376
0.32323
0.32729
0.31434
0.31970
0.33466
0.39542
0.43931
0.41798
0.37962
0.34803
0.33457
0.36595
0.42795
0.42062
0.41556
0.38171
0.37984
0.39849
0.40849
0.42374
0.42426
0.45505
0.39912
0.40803
0.36559
0.31951
0.30353
0.32399
0.31594
0.31035
0.30573
0.29482
0.28615
0.33267
0.31753
0.26767
0.30777
0.30696
0.30444
0.29260
0.31289
0.28949
0.30014
0.29202
0.27421
0.23338
0.26084
0.24909
0.24633
0.28603
0.21789
0.22117
0.25285
0.22894
0.25948
0.23883
0.23899
0.24538
0.25855
0.26365
0.24967
0.25072
0.22765
0.20996
0.19835
0.24219
0.24870
0.24523
0.22898
0.22344
0.25804
0.22298
0.21465
0.16943
0.16700
0.18020
0.16475
0.17593
0.17696
0.17398
0.15864
0.18486
0.21887
0.22007
0.20062
0.16959
0.14268
0.13720
0.15325
0.16368
0.16166
0.19073
0.21156
0.22408
0.24552
0.25601
0.24857
0.26623
0.29359
0.30542
0.31506
0.34574
0.37252
0.35899
0.35510
0.37961
0.38857
0.41818
0.42837
0.42409
0.41746
0.42563
0.42596
0.40182
0.40525
0.39369
0.39164
0.41650
0.41087
0.42824
0.41203
0.41274
0.41699
0.44205
0.45070
0.44207
0.43413
0.40681
0.40682
0.41842
0.38948
0.36110
0.32723
0.33367
0.35090
0.35089
0.35459
0.38904
0.37037
0.38866
0.38435
0.37746
0.42577
0.44924
0.44339
0.44084
0.42979
0.42729
0.39380
0.39351
0.40475
0.38801
0.35126
0.33830
0.37177
0.35094
0.35039
0.35598
0.39761
0.38876
0.35160
0.32238
0.32900
0.34495
0.34586
0.34182
0.34506
0.33754
0.34226
0.36003
0.34725
0.32873
0.33625
0.33218
0.34364
0.39552
0.39609
0.40105
0.37970
0.39118
0.41110
0.40794
0.40162
0.39184
0.38755
0.36189
0.34227
0.35064
0.36163
0.41043
0.40040
0.39025
0.37095
0.33650
0.32588
0.31465
0.33346
0.36218
0.38858
0.36772
0.39988
0.43261
0.46536
0.47115
0.49430
0.43897
0.40359
0.39343
0.35402
0.30332
0.31918
0.30613
0.30336
0.30456
0.27153
0.28305
0.29457
0.29215
0.22958
0.20772
0.20164
0.16547
0.10222
0.08068
0.07621
0.10856
0.11020
0.12213
0.10421
0.10658
0.09779
0.06273
0.06574
0.04132
0.03910
0.07297
0.04202
0.03972
0.03282
0.03412
0.00390
0.02392
0.03071
0.02416
0.04241
0.06305
0.08431
0.06487
0.05213
0.04021
0.07544
0.07742
0.09446
0.09447
0.08100
0.11975
0.08181
0.08779
0.06133
0.05394
0.09941
0.09956
0.10510
0.07371
0.07420
0.04804
0.03372
0.04379
0.04804
0.05617
0.07960
0.09312
0.13118
0.09451
0.07846
0.04502
0.04934
0.06099
0.09469
0.06905
0.06959
0.05527
0.07907
0.05065
0.03509
0.04686
0.06119
0.01356
0.00000
0.00013
0.02436
0.00054
0.01754
0.00000
0.04753
0.03517
0.04696
0.03276
0.02757
0.01587
0.02281
0.03304
0.02375
0.00000
0.04103
0.02395
0.00682
0.00929
0.01422
0.02982
0.01928
0.03736
0.02303
0.04349
0.04436
0.02572
0.04702
0.03654
0.04637
0.03993
0.05815
0.05705
0.09812
0.12464
0.17923
0.14287
0.14342
0.15072
0.16435
0.15415
0.16950
0.20458
0.17149
0.20079
0.24514
0.25958
0.29945
0.31429
0.30569
0.31201
0.27994
0.26701
0.25250
0.29087
0.30084
0.36246
0.34308
0.36107
0.38609
0.37473
0.33705
0.33965
0.32112
0.30486
0.32637
0.32026
0.29160
0.30875
0.32017
0.31591
0.32266
0.32703
0.30273
0.31288
0.32430
0.31839
0.28637
0.25578
0.23512
0.21262
0.22958
0.21432
0.21841
0.18311
0.17173
0.14916
0.14430
0.14734
0.08962
0.11535
0.12471
0.11455
0.13316
0.11432
0.12310
0.09685
0.08738
0.07560
0.09301
0.10278
0.11566
0.12478
0.12806
0.11284
0.12159
0.11230
0.11191
0.11327
0.13836
0.13367
0.15349
0.18599
0.18132
0.20994
0.20500
0.19916
0.16419
0.15963
0.20700
0.17890
0.19949
0.19116
0.17242
0.19591
0.18383
0.16571
0.16586
0.16352
0.12362
0.10237
0.10361
0.09899
0.07194
0.05070
0.05208
0.10978
0.08868
0.08925
0.08714
0.08480
0.09924
0.08915
0.10786
0.09661
0.06914
0.10661
0.08055
0.12712
0.15877
0.14306
0.08627
0.05109
0.08074
0.09154
0.08516
0.04626
0.03475
0.06433
0.08936
0.09160
0.09028
0.04572
0.01415
0.03596
0.00060
0.03413
0.03441
0.01758
0.00792
0.01364
0.02279
0.02054
0.02697
0.04536
0.05041
0.03948
0.00867
0.03207
0.02367
0.01052
0.04350
0.03130
0.02528
0.04612
0.01909
0.02088
0.04462
0.06433
0.06220
0.07583
0.08580
0.07616
0.03888
0.01464
0.03500
0.01490
0.03793
0.04968
0.06044
0.06272
0.05408
0.06176
0.04831
0.04118
0.06244
0.02640
0.02739
0.04791
0.02331
0.02576
0.04029
0.03357
0.04459
0.05627
0.03584
0.03349
0.02131
0.02013
0.00771
0.03810
0.04671
0.07412
0.05810
0.05516
0.04491
0.03322
0.03477
0.00015
0.01877
0.03877
0.05474
0.06415
0.05741
0.07493
0.04928
0.07264
0.08122
0.09256
0.08197
0.07203
0.07029
0.06582
0.08076
0.03721
0.03763
0.02990
0.06577
0.08658
0.11641
0.11752
0.12421
0.09909
0.13571
0.16809
0.13330
0.12805
0.08769
0.05263
0.08047
0.09329
0.07402
0.06845
0.09423
0.06876
0.08128
0.06660
0.07533
0.03480
0.06869
0.04352
0.08390
0.06848
0.09651
0.09848
0.07879
0.04958
0.04652
0.02264
0.04279
0.05904
0.05037
0.05436
0.08272
0.04992
0.06394
0.07848
0.04570
0.04088
0.04470
0.06864
0.02950
0.01331
0.00000
0.00000
0.02601
0.02609
0.00000
0.02390
0.02993
0.01605
0.02280
0.02855
0.01328
0.01876
0.01925
0.01864
0.02129
0.00821
0.02051
0.03050
0.04456
0.01689
0.02089
0.00357
0.03419
0.04363
0.03535
0.01290
0.01244
0.02219
0.03066
0.00845
0.01193
0.00449
0.03189
0.03677
0.03381
0.02458
0.05809
0.07430
0.07898
0.07423
0.08156
0.08047
0.06448
0.02690
0.04613
0.04564
0.06122
0.05203
0.06245
0.04778
0.01870
0.00684
0.02880
0.02669
0.02067
0.01105
0.02844
0.02421
0.01910
0.04092
0.01227
0.07600
0.08103
0.11152
0.05791
0.06195
0.04604
0.03980
0.02734
0.03352
0.02819
0.04536
0.03090
0.01214
0.05849
0.07728
0.09513
0.05613
0.06981
0.09434
0.08123
0.06435
0.06849
0.07470
0.09760
0.10574
0.11295
0.07384
0.08655
0.07748
0.10675
0.11068
0.12989
0.11908
0.08474
0.08577
0.08536
0.07598
0.06193
0.04668
0.05857
0.02864
0.03580
0.06062
0.05032
0.05891
0.05331
0.05219
0.03560
0.06500
0.06500
0.06997
0.10115
0.11417
0.10888
0.09479
0.08723
0.08077
0.10713
0.09471
0.09725
0.10131
0.09682
0.05993
0.06408
0.04808
0.06099
0.09624
0.06943
0.06327
0.03179
0.05038
0.02483
0.05487
0.01443
0.00000
0.02252
0.03907
0.05280
0.01907
0.00856
0.03095
0.02103
0.05105
0.06589
0.06159
0.03374
0.05369
0.05591
0.06738
0.05455
0.07416
0.06989
0.05976
0.06428
0.02649
0.02861
0.00081
0.00754
0.01749
0.01810
0.03859
0.03189
0.02946
0.04231
0.07020
0.05630
0.09409
0.08835
0.09700
0.12539
0.16854
0.18862
0.19976
0.19260
0.17124
0.21399
0.22206
0.22026
0.26183
0.26444
0.25828
0.27290
0.25214
0.26573
0.28071
0.27102
0.25966
0.27253
0.24388
0.23480
0.27918
0.27740
0.23691
0.20956
0.21708
0.20680
0.20974
0.21238
0.23477
0.17831
0.15698
0.16599
0.18381
0.17651
0.16293
0.12493
0.14844
0.16218
0.17499
0.17680
0.13703
0.13008
0.10930
0.10451
0.12858
0.10056
0.12298
0.10908
0.08677
0.08857
0.13378
0.10878
0.09292
0.11001
0.12077
0.15692
0.18062
0.22429
0.23316
0.23282
0.20252
0.21786
0.21900
0.20005
0.22182
0.21168
0.21112
0.23209
0.21698
0.22167
0.24208
0.16216
0.12275
0.12929
0.11376
0.11749
0.11863
0.08234
0.07546
0.04875
0.06434
0.07856
0.05784
0.09365
0.08606
0.07730
0.09100
0.11820
0.14091
0.13814
0.15328
0.14958
0.10953
0.09222
0.08530
0.09678
0.10918
0.11159
0.13022
0.10376
0.10010
0.09687
0.10135
0.09751
0.09730
0.12487
0.13137
0.14215
0.08141
0.07249
0.05369
0.09276
0.09968
0.11675
0.12383
0.10556
0.09917
0.09135
0.08117
0.06874
0.03571
0.02160
0.04973
0.07843
0.08431
0.07391
0.10095
0.10188
0.09706
0.09469
0.06875
0.06065
0.05953
0.06838
0.04526
0.08740
0.08422
0.10366
0.07883
0.01108
0.01747
0.00424
0.01021
0.03436
0.01956
0.03045
0.04746
0.07632
0.10457
0.11078
0.10638
0.09697
0.09552
0.11895
0.17575
0.16540
0.16371
0.16616
0.13760
0.11805
0.08905
0.05571
0.06886
0.06563
0.10020
0.09384
0.10105
0.08689
0.07830
0.08115
0.04660
0.02010
0.00442
0.03004
0.05719
0.03872
0.02116
0.03324
0.02533
0.02690
0.02925
0.02248
0.05444
0.05762
0.08071
0.07046
0.11433
0.13569
0.15031
0.11586
0.11768
0.10270
0.07609
0.04338
0.06249
0.07226
0.11404
0.10115
0.10323
0.11647
0.11208
0.12926
0.12357
0.09497
0.07388
0.03089
0.00000
0.01781
0.05207
0.07916
0.05494
0.07455
0.09078
0.09910
0.10567
0.10712
0.08656
0.10025
0.09982
0.08405
0.07394
0.02995
0.03701
0.02647
0.00228
0.03857
0.03156
0.04324
0.08838
0.08917
0.13196
0.10968
0.12577
0.13496
0.12561
0.15442
0.16003
0.11383
0.13550
0.10953
0.10721
0.08758
0.08758
0.10475
0.13153
0.16496
0.17356
0.12744
0.11964
0.12888
0.10495
0.09425
0.05984
0.07994
0.09394
0.10316
0.08612
0.06522
0.03420
0.04291
0.04828
0.04060
0.04144
0.06367
0.05141
0.03731
0.07201
0.04123
0.07038
0.09620
0.07295
0.08718
0.06693
0.08582
0.07706
0.06718
0.05980
0.07263
0.06121
0.07877
0.05879
0.07289
0.07560
0.02197
0.03321
0.05880
0.05479
0.06397
0.04885
0.01650
0.04965
0.06921
0.06240
0.07264
0.08126
0.09669
0.11489
0.11702
0.12859
0.15495
0.17458
0.18628
0.17839
0.19018
0.16714
0.16659
0.17868
0.16958
0.21036
0.19590
0.20691
0.18868
0.19495
0.20569
0.21388
0.20491
0.17566
0.15992
0.17505
0.16822
0.16081
0.13866
0.15146
0.18685
0.21295
0.19820
0.14893
0.13450
0.11870
0.13719
0.14772
0.15427
0.17568
0.17423
0.18931
0.19278
0.19064
0.14637
0.13692
0.13177
0.15226
0.14581
0.15334
0.14251
0.15634
0.17641
0.18963
0.19551
0.18964
0.18904
0.16817
0.15022
0.14534
0.11197
0.11654
0.13807
0.17869
0.19193
0.23333
0.24872
0.27134
0.29625
0.29457
0.31150
0.32189
0.32488
0.34588
0.33785
0.37117
0.39837
0.40226
0.40697
0.42988
0.43130
0.48335
0.49144
0.50238
0.53113
0.56054
0.56202
0.58089
0.53157
0.51356
0.53176
0.54658
0.54899
0.54147
0.55115
0.56746
0.58419
0.61487
0.63891
0.59622
0.57194
0.59125
0.58501
0.56219
0.56619
0.57156
0.53290
0.53575
0.52872
0.52759
0.50303
0.49528
0.46398
0.48316
0.48560
0.48339
0.46312
0.46518
0.44252
0.45358
0.45944
0.45057
0.49576
0.50575
0.50957
0.51199
0.53268
0.51687
0.50795
0.50366
0.49608
0.50928
0.45194
0.42653
0.42627
0.40470
0.39063
0.35727
0.36816
0.37099
0.35998
0.37182
0.35998
0.37555
0.37286
0.41291
0.43557
0.44603
0.42745
0.42271
0.42181
0.44869
0.45920
0.47497
0.48720
0.48481
0.47501
0.46747
0.48589
0.47374
0.44668
0.44659
0.46857
0.49913
0.51422
0.51389
0.49172
0.41450
0.41541
0.38765
0.38365
0.36475
0.34537
0.35268
0.37672
0.34088
0.32600
0.32245
0.30431
0.28464
0.29272
0.28326
0.29829
0.29353
0.26890
0.24139
0.24607
0.24490
0.24140
0.24737
0.23213
0.24503
0.22221
0.24182
0.23997
0.27166
0.26795
0.25183
0.24649
0.23864
0.23456
0.23371
0.25452
0.24613
0.28188
0.28967
0.32205
0.32414
0.32127
0.34350
0.33446
0.33329
0.29426
0.28472
0.25039
0.26707
0.25567
0.26081
0.28743
0.29402
0.30485
0.30411
0.29653
0.28899
0.27615
0.24030
0.25782
0.23515
0.25751
0.24290
0.19183
0.20393
0.22569
0.22108
0.20837
0.22032
0.22148
0.23173
0.25837
0.23470
0.23521
0.23292
0.24578
0.26103
0.28519
0.29498
0.30906
0.35705
0.33733
0.34537
0.33543
0.32025
0.31839
0.30781
0.30758
0.33338
0.33894
0.32155
0.28778
0.28406
0.29162
0.29664
0.30462
0.25150
0.22302
0.21111
0.20853
0.18819
0.18057
0.17480
0.13907
0.11842
0.15027
0.16272
0.17134
0.16356
0.20325
0.18129
0.18843
0.19179
0.18663
0.19639
0.19934
0.16852
0.13736
0.15532
0.15924
0.15533
0.16892
0.17928
0.17587
0.19723
0.17624
0.16463
0.14199
0.15375
0.17385
0.18505
0.19779
0.17071
0.13416
0.10670
0.10363
0.09509
0.09430
0.08908
0.05608
0.06390
0.07013
0.09373
0.12093
0.11044
0.12024
0.14183
0.13259
0.12195
0.15024
0.15663
0.16695
0.16663
0.17354
0.16208
0.12316
0.12976
0.12406
0.12536
0.12742
0.11419
0.08619
0.09640
0.11497
0.13620
0.14567
0.15646
0.19308
0.17044
0.17068
0.18613
0.20758
0.17335
0.17058
0.17023
0.15021
0.13613
0.15111
0.13800
0.13113
0.11942
0.12131
0.08423
0.05874
0.03197
0.01927
0.07022
0.06212
0.03683
0.05084
0.04955
0.06466
0.02326
0.02904
0.04145
0.02949
0.06677
0.06904
0.10436
0.10007
0.08200
0.07580
0.08125
0.07696
0.07954
0.08018
0.05721
0.03780
0.04166
0.05443
0.06044
0.09362
0.08755
0.08807
0.07750
0.07744
0.07734
0.08454
0.07369
0.05684
0.07637
0.09253
0.07627
0.07805
0.07624
0.07624
0.10909
0.07591
0.05077
0.03812
0.01828
0.00338
0.03674
0.07026
0.07960
0.10456
0.14076
0.14071
0.11756
0.11918
0.11364
0.09431
0.05958
0.06261
0.06512
0.08167
0.10792
0.11809
0.09515
0.03676
0.05458
0.03544
0.01609
0.07395
0.09442
0.09298
0.10590
0.09272
0.08955
0.08602
0.05600
0.06291
0.08744
0.07337
0.09972
0.12815
0.10456
0.11425
0.06893
0.07558
0.05444
0.07109
0.08038
0.03378
0.06361
0.07007
0.04670
0.05434
0.08897
0.10832
0.09568
0.09158
0.05553
0.06978
0.07340
0.08403
0.11449
0.13912
0.14676
0.13092
0.13516
0.11061
0.11776
0.11861
0.08665
0.09660
0.10605
0.09010
0.07505
0.08444
0.09180
0.07562
0.08826
0.09654
0.06353
0.05021
0.05510
0.04241
0.06466
0.05622
0.06979
0.11154
0.09670
0.10259
0.10934
0.11085
0.12545
0.10423
0.07403
0.08326
0.08505
0.08962
0.07010
0.06748
0.09564
0.10729
0.10323
0.13878
0.13989
0.08533
0.08509
0.10460
0.12357
0.09200
0.10267
0.08715
0.10297
0.12587
0.11988
0.09849
0.08361
0.09363
0.11823
0.09458
0.09016
0.10629
0.14482
0.15861
0.22413
0.15368
0.17915
0.20727
0.24195
0.22866
0.22713
0.22528
0.20273
0.22226
0.21103
0.19605
0.19359
0.19668
0.18742
0.19068
0.18335
0.18495
0.17910
0.16246
0.16391
0.17710
0.14536
0.12209
0.11555
0.08544
0.09584
0.09798
0.06915
0.03276
0.02402
0.04226
0.04377
0.02327
0.05304
0.06237
0.04900
0.04843
0.07258
0.04138
0.01009
0.04729
0.04168
0.05455
0.06903
0.08158
0.04179
0.03779
0.04777
0.02286
0.00000
0.02693
0.02243
0.03037
0.02507
0.03445
0.04141
0.04575
0.05695
0.05024
0.02501
0.04294
0.04072
0.04738
0.01215
0.00107
0.02115
0.07467
0.09342
0.09411
0.14910
0.16064
0.16828
0.15528
0.19188
0.17991
0.23054
0.28112
0.27877
0.25941
0.23539
0.23374
0.22179
0.23084
0.22781
0.23751
0.30584
0.28789
0.30554
0.33598
0.31514
0.33509
0.34900
0.34928
0.32918
0.34183
0.33281
0.33494
0.38066
0.41852
0.41582
0.37993
0.38508
0.40100
0.39505
0.38804
0.38155
0.37989
0.41951
0.38756
0.38481
0.36461
0.37304
0.33869
0.34561
0.38813
0.38473
0.41064
0.42195
0.39616
0.38827
0.38812
0.36657
0.36379
0.35220
0.30667
0.30782
0.28969
0.28737
0.32253
0.31970
0.31963
0.34266
0.36582
0.35395
0.36422
0.38083
0.44391
0.45267
0.43926
0.41181
0.42099
0.41761
0.39745
0.41284
0.39036
0.35328
0.32444
0.33737
0.34702
0.35570
0.36881
0.39322
0.39831
0.42335
0.41791
0.42206
0.42914
0.42044
0.42162
0.41564
0.38253
0.40133
0.37577
0.43417
0.48648
0.41312
0.41949
0.41904
0.41989
0.44423
0.41029
0.39186
0.41635
0.40544
0.40846
0.41934
0.36375
0.35952
0.39052
0.39777
0.37712
0.36309
0.36869
0.35328
0.33452
0.34552
0.33131
0.29103
0.26878
0.26125
0.29616
0.30445
0.28504
0.27439
0.29183
0.29203
0.27643
0.29368
0.28212
0.22744
0.22780
0.16939
0.15034
0.13826
0.15323
0.15584
0.22963
0.24484
0.26657
0.27320
0.28115
0.32362
0.32586
0.33434
0.32927
0.35347
0.34867
0.33571
0.33367
0.34766
0.36066
0.36555
0.37846
0.37167
0.38961
0.38685
0.41443
0.43373
0.45813
0.44831
0.43338
0.42433
0.41971
0.42774
0.44258
0.42539
0.37664
0.38589
0.36190
0.37901
0.39070
0.38296
0.33773
0.32963
0.32437
0.34350
0.33907
0.35798
0.37336
0.37338
0.39504
0.39430
0.40428
0.42060
0.40507
0.43085
0.45944
0.45933
0.45582
0.48312
0.50694
0.50093
0.49732
0.50990
0.51347
0.52431
0.52804
0.52154
0.48575
0.47582
0.47994
0.44126
0.44236
0.49511
0.42227
0.42877
0.41368
0.38324
0.35456
0.35488
0.32536
0.32448
0.30015
0.26523
0.26987
0.24091
0.23434
0.23534
0.22152
0.19950
0.19071
0.17727
0.12753
0.15271
0.20235
0.21154
0.20729
0.21543
0.20768
0.21989
0.24899
0.27961
0.27913
0.28867
0.29687
0.29705
0.30081
0.30854
0.31392
0.31899
0.31475
0.30420
0.23546
0.23093
0.27092
0.25037
0.28840
0.28110
0.29110
0.29060
0.28745
0.28269
0.29116
0.27029
0.26476
0.27832
0.27291
0.28710
0.29383
0.30934
0.30615
0.31357
0.29823
0.29124
0.27969
0.25423
0.24845
0.20904
0.19644
0.18666
0.19483
0.20052
0.20761
0.20096
0.20287
0.21585
0.18543
0.18844
0.18086
0.18091
0.19041
0.21492
0.22060
0.24377
0.25388
0.26119
0.22635
0.22238
0.20187
0.18442
0.21422
0.25938
0.24568
0.22606
0.19050
0.15144
0.16381
0.15431
0.16377
0.13913
0.13674
0.16052
0.12558
0.10926
0.11516
0.12492
0.08742
0.06027
0.06853
0.04557
0.03540
0.06019
0.08197
0.10057
0.10664
0.10525
0.09179
0.09964
0.10811
0.16451
0.16427
0.12873
0.11604
0.13363
0.17361
0.14882
0.14854
0.14382
0.13977
0.13078
0.09992
0.09992
0.11232
0.11615
0.11607
0.13356
0.15479
0.15940
0.15179
0.14215
0.15977
0.19022
0.19183
0.21074
0.19749
0.22995
0.19828
0.19745
0.20193
0.17674
0.15698
0.15166
0.15733
0.10071
0.09819
0.09144
0.07503
0.09353
0.08190
0.06365
0.01826
0.00002
0.02371
0.04684
0.07838
0.08268
0.11268
0.08348
0.04698
0.07302
0.07469
0.03949
0.01777
0.00210
0.03018
0.01727
0.01606
0.04023
0.04094
0.04516
0.05267
0.06565
0.07764
0.06168
0.08864
0.08905
0.04588
0.00878
0.01406
0.03055
0.07873
0.07823
0.07340
0.09020
0.09438
0.12296
0.07770
0.04246
0.04542
0.07782
0.09736
0.06787
0.11241
0.07757
0.10575
0.08535
0.08905
0.08256
0.08571
0.06327
0.07561
0.06294
0.07550
0.06264
0.08974
0.07532
0.06900
0.08681
0.08173
0.13618
0.12324
0.14070
0.13018
0.13949
0.14992
0.13671
0.11071
0.11138
0.13311
0.11367
0.09050
0.08450
0.07677
0.06810
0.05000
0.03894
0.03894
0.08079
0.07606
0.06804
0.07888
0.07860
0.05357
0.06234
0.06074
0.07596
0.08006
0.08118
0.04778
0.05159
0.05490
0.04269
0.03327
0.03402
0.00635
0.01075
0.00565
0.03736
0.09185
0.07894
0.08609
0.08274
0.09684
0.10813
0.09698
0.09140
0.10349
0.07552
0.08453
0.13647
0.15701
0.14977
0.12947
0.10479
0.13506
0.14291
0.12496
0.15422
0.12768
0.08419
0.03552
0.03875
0.04395
0.01443
0.02594
0.00093
0.00093
0.02500
0.06253
0.06839
0.11753
0.12975
0.07988
0.07520
0.06676
0.08915
0.10126
0.09059
0.10509
0.12427
0.12205
0.13150
0.11591
0.10707
0.10203
0.10624
0.11819
0.09268
0.10640
0.11934
0.07226
0.05729
0.03586
0.04388
0.02516
0.03159
0.00000
0.00839
0.00278
0.00238
0.00000
0.03274
0.02590
0.04787
0.03558
0.04333
0.05443
0.10477
0.08059
0.12948
0.12300
0.12390
0.11674
0.11693
0.04916
0.03929
0.03900
0.06433
0.03425
0.05931
0.06077
0.05739
0.04479
0.02543
0.02352
0.04181
0.04542
0.04399
0.06118
0.09471
0.07607
0.08579
0.06546
0.06017
0.09779
0.08204
0.10959
0.09362
0.09496
0.10228
0.12547
0.11695
0.11192
0.15919
0.16970
0.13230
0.13659
0.08268
0.08788
0.09431
0.12211
0.12305
0.13673
0.14007
0.14048
0.13269
0.14662
0.14212
0.18173
0.17948
0.20259
0.20629
0.15007
0.12197
0.13450
0.11191
0.09601
0.11466
0.11422
0.11295
0.12989
0.12627
0.09451
0.07920
0.04778
0.03178
0.02582
0.02656
0.01259
0.02833
0.02842
0.02608
0.01683
0.04571
0.05592
0.09349
0.08367
0.10776
0.13716
0.13576
0.14678
0.18489
0.18407
0.18186
0.14977
0.16555
0.19695
0.21058
0.22754
0.20794
0.19002
0.15429
0.14522
0.14711
0.15659
0.13166
0.14054
0.14408
0.14884
0.20401
0.19687
0.20600
0.18091
0.19011
0.19588
0.18694
0.17479
0.18922
0.21848
0.25581
0.25147
0.22985
0.21765
0.15906
0.16206
0.17503
0.15742
0.12564
0.10381
0.05742
0.08458
0.08471
0.09057
0.07141
0.10510
0.14513
0.19724
0.20411
0.17246
0.14789
0.15004
0.10540
0.10935
0.11534
0.14148
0.12967
0.09703
0.14148
0.14060
0.14489
0.15096
0.13891
0.11597
0.14600
0.16208
0.14982
0.15446
0.09762
0.09266
0.09314
0.07484
0.09736
0.10379
0.12429
0.09923
0.12219
0.11022
0.12861
0.12395
0.13286
0.15123
0.17466
0.14573
0.14751
0.13061
0.13183
0.12024
0.10712
0.10456
0.06922
0.08781
0.10147
0.10169
0.10345
0.11332
0.12588
0.12025
0.10525
0.08551
0.10199
0.12877
0.14691
0.13085
0.13109
0.11015
0.09008
0.09841
0.12368
0.09912
0.10983
0.12256
0.12079
0.14757
0.15205
0.11533
0.08543
0.06441
0.06779
0.10068
0.11524
0.08223
0.07770
0.10406
0.09975
0.08770
0.07905
0.07855
0.07187
0.06440
0.07977
0.07309
0.05956
0.08146
0.05430
0.06319
0.05453
0.07218
0.03841
0.06403
0.03498
0.03364
0.04309
0.02671
0.02290
0.00299
0.01641
0.01753
0.04794
0.02537
0.03802
0.03350
0.04729
0.08422
0.08328
0.08894
0.12149
0.13267
0.12066
0.10265
0.12369
0.16517
0.18682
0.20477
0.19548
0.19313
0.18754
0.19344
0.19369
0.20092
0.19567
0.18754
0.17949
0.17781
0.18729
0.17230
0.19270
0.16329
0.14026
0.11995
0.11969
0.12027
0.15357
0.14545
0.13880
0.13332
0.12883
0.14126
0.14762
0.19521
0.20085
0.18968
0.16967
0.15977
0.12636
0.15566
0.15940
0.14144
0.15391
0.15935
0.12347
0.14149
0.13018
0.15253
0.17175
0.18543
0.18999
0.15791
0.16282
0.17424
0.17707
0.17180
0.20377
0.26422
0.24163
0.25529
0.25496
0.23820
0.19975
0.20654
0.20563
0.20993
0.20744
0.19713
0.22113
0.22457
0.19614
0.19235
0.21773
0.22232
0.20783
0.19455
0.17003
0.19638
0.16097
0.16456
0.14888
0.15924
0.17336
0.17777
0.18041
0.17232
0.18447
0.17438
0.20668
0.20895
0.20778
0.20513
0.18443
0.18002
0.19229
0.21425
0.19755
0.18859
0.21038
0.22108
0.25443
0.28432
0.26726
0.25314
0.24183
0.23190
0.24896
0.25992
0.27321
0.27106
0.27026
0.28967
0.25585
0.32584
0.34032
0.33144
0.34573
0.38805
0.37835
0.38659
0.36992
0.36198
0.37926
0.35637
0.36559
0.35712
0.34084
0.32120
0.33586
0.33520
0.32161
0.30677
0.30087
0.29466
0.30453
0.33244
0.28988
0.26400
0.28857
0.22833
0.24911
0.24611
0.23440
0.22787
0.24140
0.24509
0.21926
0.25411
0.25241
0.25842
0.27563
0.28845
0.28415
0.25928
0.24807
0.26729
0.25691
0.23851
0.22955
0.23193
0.24487
0.23307
0.21930
0.21959
0.27624
0.28782
0.29317
0.29267
0.32114
0.32621
0.31551
0.33920
0.33647
0.30842
0.28779
0.26776
0.30096
0.30050
0.30789
0.29864
0.30568
0.27861
0.27117
0.27300
0.24828
0.25149
0.26774
0.27585
0.27805
0.28155
0.29276
0.31241
0.27980
0.29490
0.29760
0.31340
0.33716
0.36122
0.38962
0.39802
0.40336
0.39497
0.45466
0.45772
0.45263
0.47579
0.50559
0.52661
0.51566
0.51662
0.47166
0.45484
0.45244
0.46895
0.44464
0.45283
0.43119
0.45911
0.45593
0.46895
0.48886
0.48743
0.49211
0.46871
0.45095
0.50055
0.47730
0.46957
0.48549
0.45710
0.48381
0.48726
0.51870
0.52890
0.50852
0.45645
0.44255
0.41442
0.41315
0.41712
0.42658
0.39429
0.45403
0.41758
0.41390
0.44781
0.43248
0.44146
0.44941
0.44539
0.44722
0.45170
0.43565
0.44220
0.46307
0.50062
0.51822
0.54739
0.56582
0.58350
0.58290
0.53738
0.53316
0.54993
0.54816
0.55823
0.53224
0.53678
0.53694
0.47995
0.43967
0.46110
0.48130
0.48817
0.48260
0.56098
0.56529
0.56473
0.57322
0.58644
0.57085
0.56212
0.56002
0.59935
0.57710
0.51507
0.49032
0.48082
0.49398
0.47727
0.46830
0.43966
0.43277
0.44573
0.47599
