0.01985
0.01684
0.03908
0.06595
0.09139
0.09367
0.08690
0.06805
0.08875
0.12716
0.10272
0.10704
0.14106
0.14292
0.14485
0.17813
0.13828
0.12660
0.12011
0.11469
0.13553
0.12967
0.13227
0.11449
0.11813
0.06369
0.06087
0.08347
0.09085
0.07829
0.12710
0.11796
0.10267
0.12104
0.11194
0.10429
0.03820
0.07693
0.06270
0.03924
0.02397
0.06584
0.05560
0.06888
0.07499
0.07118
0.09220
0.08832
0.08298
0.08823
0.08791
0.07005
0.03824
0.02659
0.00766
0.00000
0.01680
0.01906
0.03322
0.01528
0.02236
0.04703
0.06367
0.03570
0.04477
0.04754
0.04821
0.01728
0.00662
0.01617
0.00729
0.00178
0.05782
0.01851
0.01042
0.03260
0.02431
0.06340
0.08326
0.04379
0.04702
0.06591
0.08387
0.05817
0.11907
0.12953
0.15505
0.17333
0.18150
0.16942
0.20965
0.21506
0.19060
0.19252
0.17647
0.15848
0.12925
0.12617
0.09950
0.08532
0.12208
0.12671
0.13573
0.19736
0.20344
0.19656
0.15359
0.16711
0.17392
0.13710
0.14356
0.15102
0.10938
0.13132
0.10729
0.10883
0.06767
0.07563
0.06906
0.07431
0.07852
0.09258
0.08955
0.07080
0.06755
0.07241
0.09461
0.07393
0.07280
0.06423
0.04933
0.07459
0.03611
0.02391
0.05917
0.02890
0.05422
0.05382
0.06855
0.07586
0.03973
0.03962
0.02188
0.00077
0.05900
0.05200
0.04664
0.05530
0.09892
0.10850
0.10306
0.10309
0.08837
0.04704
0.00000
0.01536
0.02542
0.01909
0.02624
0.02563
0.01521
0.00826
0.01606
0.03584
0.03766
0.03801
0.02598
0.03523
0.04622
0.02545
0.05475
0.06380
0.07393
0.07739
0.04805
0.06267
0.01965
0.04611
0.03387
0.02954
0.04813
0.06111
0.06244
0.08253
0.07663
0.03634
0.03928
0.07176
0.09333
0.09641
0.10416
0.09355
0.10373
0.09917
0.09190
0.08085
0.04400
0.04272
0.06752
0.07333
0.08108
0.07905
0.04534
0.03398
0.02588
0.00644
0.02990
0.03067
0.04224
0.02852
0.03316
0.04650
0.00464
0.00793
0.01052
0.00000
0.00571
0.00414
0.00856
0.00656
0.02694
0.06495
0.06360
0.13459
0.12323
0.12642
0.09275
0.06037
0.02260
0.02140
0.03234
0.01190
0.02103
0.02934
0.03590
0.05632
0.07379
0.06079
0.07082
0.09366
0.10974
0.10451
0.09909
0.10584
0.09379
0.09583
0.11620
0.07292
0.07908
0.06289
0.05762
0.09732
0.10896
0.10288
0.10436
0.11302
0.13003
0.08896
0.06796
0.05992
0.03861
0.02710
0.07199
0.07824
0.09450
0.08236
0.06473
0.05568
0.05084
0.03806
0.04555
0.06475
0.06974
0.08612
0.10108
0.11095
0.11088
0.09207
0.09432
0.08040
0.07607
0.07805
0.06021
0.05287
0.03651
0.02964
0.02994
0.03469
0.02955
0.03472
0.02931
0.02142
0.00000
0.05332
0.06203
0.05205
0.02525
0.06087
0.04403
0.04672
0.06627
0.07852
0.06195
0.06042
0.04945
0.03342
0.00000
0.00310
0.02318
0.04994
0.06358
0.03010
0.05574
0.05851
0.05998
0.06423
0.06023
0.06321
0.09768
0.12431
0.13731
0.15606
0.12793
0.12215
0.13570
0.10395
0.08128
0.07902
0.08351
0.07405
0.04143
0.07770
0.07383
0.11788
0.10611
0.15629
0.11574
0.09640
0.10013
0.12675
0.15782
0.16345
0.12311
0.11689
0.06710
0.06943
0.08738
0.06807
0.05632
0.04041
0.04907
0.05899
0.04665
0.06530
0.05049
0.06075
0.09887
0.12479
0.13158
0.13978
0.13177
0.15651
0.11703
0.11077
0.13594
0.12646
0.14051
0.10599
0.07572
0.05272
0.03913
0.02319
0.01359
0.08642
0.12319
0.11908
0.11893
0.08680
0.08583
0.09516
0.10115
0.12479
0.10796
0.10963
0.09449
0.11865
0.10409
0.12044
0.12942
0.14365
0.11344
0.10290
0.10413
0.07310
0.13608
0.11885
0.15366
0.12979
0.09196
0.07236
0.08849
0.09015
0.08826
0.08425
0.09868
0.07914
0.04623
0.05033
0.03691
0.01627
0.02460
0.08208
0.07161
0.08674
0.10996
0.11960
0.10908
0.09638
0.10188
0.06861
0.08781
0.06304
0.08253
0.05318
0.02390
0.04593
0.04819
0.06330
0.06284
0.06557
0.05725
0.04471
0.03034
0.02748
0.00448
0.01914
0.03080
0.03410
0.04314
0.04864
0.03307
0.04819
0.05165
0.02788
0.05361
0.05225
0.04824
0.02826
0.03210
0.03874
0.04175
0.01361
0.02295
0.04235
0.02167
0.03501
0.06201
0.04345
0.02251
0.00724
0.02135
0.03693
0.03938
0.04962
0.01781
0.04557
0.00000
0.00732
0.02589
0.01622
0.04482
0.02133
0.00072
0.01218
0.02547
0.01725
0.07391
0.05749
0.07696
0.05745
0.02472
0.02027
0.00000
0.01794
0.04377
0.04900
0.05482
0.06122
0.05879
0.06787
0.06655
0.08469
0.07097
0.06155
0.07849
0.06983
0.07491
0.06728
0.06007
0.05831
0.03419
0.06817
0.03651
0.03535
0.05145
0.04873
0.03487
0.07400
0.04782
0.03770
0.02753
0.02421
0.01826
0.02397
0.03101
0.01307
0.00652
0.02313
0.02274
0.01644
0.00817
0.00228
0.02843
0.03422
0.02426
0.02983
0.03441
0.03676
0.02204
0.03878
0.03273
0.05888
0.02301
0.03034
0.04943
0.04318
0.07829
0.04339
0.05263
0.03217
0.06704
0.05669
0.03538
0.05168
0.07290
0.07504
0.08637
0.08392
0.07356
0.04913
0.02060
0.02753
0.03456
0.02309
0.00839
0.02022
0.01641
0.00123
0.00466
0.00000
0.01816
0.00048
0.03468
0.04804
0.07417
0.07937
0.04798
0.09083
0.11178
0.11182
0.12716
0.05066
0.02625
0.02748
0.00140
0.01564
0.00885
0.00938
0.02825
0.05041
0.06479
0.07071
0.07793
0.06939
0.08530
0.12318
0.07606
0.07466
0.06853
0.07649
0.05180
0.00728
0.01622
0.01497
0.02470
0.01076
0.00843
0.00001
0.04065
0.02924
0.03302
0.03080
0.03312
0.06715
0.07981
0.09154
0.09272
0.08414
0.09221
0.11579
0.10207
0.08781
0.10407
0.12650
0.12662
0.15459
0.13310
0.12475
0.12476
0.11582
0.08967
0.08159
0.07297
0.07266
0.11594
0.05941
0.06800
0.07230
0.05558
0.02934
0.03197
0.05753
0.08151
0.07239
0.09254
0.05449
0.10404
0.09780
0.08156
0.06637
0.04975
0.06840
0.08673
0.08702
0.10010
0.12105
0.14428
0.13936
0.15889
0.17820
0.18395
0.11807
0.09933
0.03320
0.03962
0.05580
0.03143
0.02520
0.00001
0.01479
0.02277
0.01208
0.02149
0.00271
0.00984
0.03313
0.02552
0.00469
0.00336
0.00603
0.02198
0.01489
0.01654
0.01061
0.00000
0.01228
0.02089
0.04502
0.01984
0.03378
0.06789
0.07384
0.07932
0.08642
0.09784
0.08972
0.08860
0.05743
0.07901
0.10451
0.10782
0.11852
0.14483
0.12212
0.09595
0.10512
0.10518
0.11042
0.11943
0.10993
0.13874
0.12498
0.11422
0.10374
0.08587
0.10306
0.11152
0.07247
0.02221
0.04824
0.05125
0.05173
0.04440
0.04507
0.04133
0.04631
0.03789
0.05198
0.03463
0.02029
0.06026
0.06984
0.03869
0.06881
0.08437
0.08728
0.08273
0.06007
0.05072
0.06174
0.05455
0.08875
0.05779
0.05924
0.06996
0.05331
0.04570
0.04376
0.06734
0.05023
0.09481
0.09117
0.09223
0.09358
0.07734
0.03594
0.05089
0.04899
0.04772
0.05483
0.04368
0.05858
0.03710
0.02750
0.01984
0.01832
0.03352
0.02711
0.01217
0.01196
0.00664
0.01743
0.01784
0.02164
0.00599
0.03074
0.01021
0.02098
0.02805
0.04418
0.02817
0.01717
0.07153
0.07587
0.04956
0.06664
0.07879
0.07481
0.09298
0.12054
0.12767
0.10280
0.12008
0.11652
0.10060
0.11032
0.07583
0.06210
0.05674
0.03342
0.02557
0.02919
0.02264
0.01507
0.05390
0.05996
0.05276
0.05853
0.04903
0.05499
0.02056
0.01368
0.02543
0.02274
0.05318
0.03107
0.01562
0.05110
0.10140
0.10080
0.11146
0.09019
0.04356
0.06056
0.05062
0.05773
0.05904
0.06617
0.07295
0.07892
0.08134
0.08570
0.10972
0.11683
0.09681
0.09128
0.09107
0.05037
0.06785
0.06202
0.09595
0.06835
0.05500
0.07360
0.06392
0.07830
0.01899
0.02317
0.00609
0.01656
0.01084
0.02554
0.04148
0.05616
0.07060
0.08567
0.07063
0.06444
0.09101
0.12471
0.12716
0.11000
0.09100
0.07905
0.04725
0.07527
0.09109
0.09666
0.09762
0.11440
0.13330
0.13317
0.14119
0.15065
0.16572
0.16038
0.17398
0.16056
0.12631
0.12912
0.14685
0.14571
0.13432
0.13773
0.11186
0.11785
0.12235
0.12662
0.12501
0.14230
0.15375
0.13728
0.08806
0.06372
0.04388
0.03477
0.01607
0.00592
0.02842
0.02720
0.02921
0.03706
0.05760
0.05644
0.03303
0.02849
0.03810
0.08149
0.06746
0.06957
0.07249
0.07200
0.04746
0.04479
0.06336
0.05044
0.06245
0.07088
0.04525
0.05755
0.03890
0.05069
0.08653
0.03630
0.04989
0.05869
0.06009
0.04552
0.06520
0.03045
0.00000
0.00000
0.02700
0.05023
0.07061
0.04305
0.02508
0.03210
0.03672
0.04059
0.02185
0.04455
0.04040
0.05128
0.10039
0.11294
0.09230
0.11084
0.09197
0.07459
0.09256
0.06545
0.03486
0.04463
0.05472
0.08622
0.07506
0.07893
0.04157
0.04894
0.01755
0.03376
0.03570
0.05081
0.02378
0.03785
0.03061
0.05477
0.02812
0.01878
0.02066
0.03975
0.02062
0.00000
0.00000
0.01833
0.00593
0.01767
0.03771
0.04301
0.02764
0.03287
0.02509
0.04305
0.03347
0.03889
0.04151
0.06780
0.03952
0.03963
0.00468
0.00607
0.00000
0.01987
0.03625
0.02556
0.02245
0.01405
0.02193
0.05502
0.04328
0.00000
0.03278
0.01827
0.02662
0.00000
0.00087
0.00000
0.00885
0.03946
0.04547
0.07229
0.07058
0.09968
0.12489
0.11474
0.10083
0.10119
0.10539
0.07067
0.08694
0.09399
0.09734
0.08475
0.09051
0.08567
0.10278
0.08963
0.06897
0.04277
0.04913
0.03815
0.06721
0.08558
0.07466
0.08428
0.08362
0.03411
0.06692
0.09631
0.10200
0.09895
0.09207
0.12919
0.13650
0.13052
0.14759
0.15719
0.16623
0.16329
0.15209
0.14786
0.07294
0.07263
0.11173
0.11911
0.10037
0.07225
0.09890
0.14121
0.10970
0.10441
0.08614
0.06383
0.06273
0.09855
0.08767
0.09678
0.07714
0.08154
0.07894
0.08335
0.02717
0.02011
0.03139
0.04859
0.05767
0.06829
0.06867
0.07189
0.08525
0.09724
0.08351
0.10739
0.11571
0.13508
0.10973
0.12351
0.11951
0.09997
0.08558
0.09064
0.05808
0.03700
0.02183
0.00716
0.02959
0.00494
0.02487
0.04932
0.04289
0.01013
0.03285
0.03093
0.06008
0.07933
0.09237
0.08287
0.09773
0.04723
0.05675
0.05203
0.05636
0.05916
0.07155
0.03287
0.01508
0.00188
0.01216
0.02148
0.03745
0.00133
0.00000
0.03266
0.07301
0.09530
0.08122
0.06895
0.06538
0.06085
0.05210
0.04638
0.04718
0.04524
0.02734
0.03245
0.06242
0.06628
0.04578
0.03347
0.04118
0.04118
0.04553
0.05347
0.00415
0.02273
0.01091
0.00941
0.01895
0.02158
0.03295
0.03831
0.05157
0.05294
0.02472
0.06778
0.02405
0.00006
0.02216
0.02174
0.04198
0.04017
0.05301
0.05054
0.04346
0.03593
0.01122
0.02866
0.05334
0.04009
0.00008
0.02774
0.01950
0.01113
0.01357
0.01596
0.01076
0.03822
0.02019
0.01903
0.05779
0.06870
0.04273
0.01986
0.00933
0.01408
0.00281
0.00128
0.00004
0.00000
0.02319
0.06640
0.06442
0.05561
0.04753
0.04802
0.07329
0.06156
0.04717
0.04677
0.09779
0.07975
0.03118
0.03114
0.01652
0.00874
0.00748
0.04172
0.07706
0.05676
0.02205
0.02021
0.02345
0.04667
0.03509
0.03914
0.03754
0.06591
0.06031
0.08542
0.05062
0.02332
0.02525
0.01604
0.01896
0.00988
0.00574
0.01146
0.03955
0.04118
0.03666
0.05010
0.03965
0.03540
0.02007
0.04362
0.02167
0.00764
0.00173
0.03089
0.03063
0.04774
0.06485
0.04753
0.08276
0.11904
0.14203
0.17345
0.17910
0.18601
0.18719
0.14931
0.15133
0.16298
0.15003
0.11405
0.09453
0.05881
0.05004
0.03267
0.03499
0.07220
0.07166
0.06121
0.05189
0.06193
0.06465
0.06013
0.11669
0.15569
0.15569
0.15875
0.18687
0.17489
0.17444
0.12926
0.15829
0.14843
0.17383
0.14837
0.13125
0.13181
0.15728
0.11267
0.12881
0.12767
0.05582
0.03365
0.05180
0.00977
0.02471
0.03277
0.05554
0.02492
0.03435
0.08375
0.10370
0.12010
0.10869
0.10869
0.09545
0.08447
0.05555
0.03839
0.03882
0.00835
0.01385
0.01920
0.02573
0.03517
0.02449
0.01277
0.03736
0.03710
0.05150
0.03741
0.04291
0.02681
0.01339
0.03568
0.01969
0.01778
0.03887
0.03414
0.01087
0.03066
0.04413
0.05616
0.06779
0.06522
0.06380
0.07735
0.08925
0.10398
0.10903
0.07585
0.07799
0.08093
0.07079
0.06375
0.06080
0.07399
0.08044
0.08469
0.05354
0.03848
0.01363
0.02530
0.01093
0.01734
0.00600
0.00870
0.03171
0.07718
0.06083
0.07285
0.06712
0.04293
0.02426
0.01927
0.04919
0.05332
0.02008
0.00802
0.02580
0.04699
0.10344
0.12000
0.10493
0.08881
0.09210
0.10789
0.12770
0.13532
0.14299
0.14180
0.16308
0.16176
0.16034
0.15313
0.17270
0.17996
0.14248
0.12504
0.12034
0.11095
0.12150
0.11091
0.10762
0.09020
0.09364
0.08614
0.08031
0.09193
0.05103
0.03987
0.04983
0.05641
0.06685
0.06139
0.05499
0.08902
0.05583
0.06250
0.07679
0.01701
0.01370
0.01660
0.01450
0.02705
0.04027
0.04982
0.06313
0.07324
0.07863
0.06247
0.05062
0.05115
0.02803
0.02595
0.01139
0.02090
0.05941
0.12649
0.12021
0.12364
0.13720
0.11487
0.10353
0.08147
0.03625
0.01603
0.01179
0.02896
0.03222
0.00000
0.02147
0.02471
0.03805
0.04134
0.02543
0.04448
0.03947
0.05205
0.04009
0.03267
0.02276
0.03492
0.05926
0.06364
0.01120
0.00622
0.02118
0.02661
0.06182
0.04924
0.03042
0.06994
0.08407
0.08532
0.07065
0.06264
0.07861
0.09257
0.10346
0.08624
0.09752
0.11974
0.12099
0.12509
0.13882
0.13731
0.16408
0.18307
0.12693
0.14351
0.12359
0.11125
0.10377
0.11874
0.10946
0.12024
0.15191
0.11839
0.12106
0.14795
0.13878
0.09108
0.08930
0.09231
0.09336
0.08299
0.08436
0.07252
0.07611
0.07754
0.07712
0.06348
0.09625
0.10456
0.11277
0.12150
0.10020
0.10161
0.12813
0.10419
0.06959
0.05069
0.06813
0.06679
0.04708
0.04730
0.04919
0.05572
0.05639
0.06973
0.07011
0.05006
0.06192
0.10393
0.12774
0.15049
0.15995
0.12505
0.12006
0.10019
0.11636
0.10662
0.09355
0.12078
0.12089
0.11852
0.12261
0.11271
0.09449
0.08503
0.09285
0.10504
0.07605
0.07524
0.07524
0.02880
0.02582
0.02275
0.02167
0.01846
0.00000
0.01090
0.03030
0.02762
0.01876
0.01149
0.00664
0.01977
0.01952
0.01788
0.01019
0.01951
0.01475
0.00000
0.00604
0.00336
0.00732
0.04884
0.10980
0.13387
0.10657
0.14213
0.14628
0.14795
0.12932
0.13432
0.10468
0.12169
0.15745
0.13108
0.14095
0.12762
0.14785
0.14686
0.18626
0.11228
0.07657
0.10261
0.04574
0.07754
0.11830
0.12758
0.12962
0.09577
0.06959
0.06961
0.09316
0.14935
0.13595
0.12732
0.12942
0.10220
0.09987
0.09563
0.08454
0.06505
0.05943
0.05980
0.04577
0.04020
0.04751
0.04262
0.06690
0.06259
0.00368
0.01112
0.03726
0.04219
0.05492
0.05436
0.06976
0.08247
0.04482
0.04683
0.03794
0.06740
0.02315
0.01039
0.00982
0.01994
0.01462
0.04091
0.03171
0.03403
0.04171
0.04301
0.02195
0.02050
0.01186
0.06230
0.06999
0.08243
0.10837
0.08789
0.06363
0.08417
0.04320
0.04039
0.04040
0.04723
0.06044
0.05790
0.05438
0.04385
0.03701
0.07379
0.05709
0.05266
0.06711
0.07307
0.02204
0.01177
0.00831
0.01029
0.03163
0.03825
0.06023
0.01522
0.00723
0.01730
0.02399
0.05608
0.05618
0.04066
0.03311
0.04949
0.05375
0.05514
0.01984
0.00000
0.00001
0.01263
0.01542
0.01094
0.03520
0.04171
0.02974
0.00000
0.05465
0.05830
0.04549
0.04921
0.03667
0.05306
0.11947
0.10453
0.09866
0.10400
0.12127
0.14065
0.11289
0.08504
0.03503
0.04284
0.04006
0.05962
0.06604
0.08300
0.04966
0.04376
0.03714
0.07184
0.08793
0.07881
0.09593
0.07026
0.06327
0.05156
0.03524
0.03423
0.00951
0.01709
0.07575
0.08408
0.07253
0.06000
0.05126
0.06539
0.05355
0.04096
0.04028
0.03176
0.03548
0.05065
0.02301
0.05632
0.09058
0.07889
0.08946
0.09966
0.10579
0.10249
0.10915
0.09693
0.06491
0.07863
0.07529
0.06970
0.07064
0.06701
0.06023
0.05142
0.04769
0.04236
0.04160
0.00792
0.06329
0.05639
0.04810
0.04568
0.05823
0.06798
0.07498
0.05365
0.05439
0.02095
0.01264
0.01986
0.01411
0.01465
0.02183
0.02096
0.04340
0.04650
0.02931
0.04682
0.05406
0.05884
0.06665
0.02834
0.05511
0.04604
0.04781
0.04224
0.04818
0.06165
0.09550
0.09201
0.07407
0.07301
0.09745
0.13468
0.08494
0.07612
0.08651
0.07936
0.06536
0.07841
0.06679
0.08399
0.10823
0.12843
0.14451
0.11292
0.15385
0.11757
0.09092
0.05892
0.06473
0.05784
0.04250
0.05170
0.05882
0.03543
0.02514
0.02483
0.02745
0.00643
0.02909
0.03054
0.02638
0.02342
0.02336
0.01904
0.00426
0.03843
0.02767
0.01531
0.01331
0.02004
0.00077
0.00342
0.00974
0.03645
0.04995
0.02497
0.00593
0.00503
0.00846
0.07128
0.04026
0.01672
0.01824
0.01036
0.03051
0.00621
0.01540
0.06569
0.06332
0.06683
0.05605
0.03503
0.01780
0.01363
0.00690
0.03285
0.08116
0.08176
0.06637
0.07008
0.05422
0.08810
0.05626
0.04147
0.03010
0.02640
0.02052
0.02252
0.02489
0.02357
0.04186
0.04335
0.06965
0.06838
0.08696
0.13876
0.15811
0.15291
0.15356
0.14992
0.13735
0.14308
0.14018
0.16310
0.15869
0.16944
0.18155
0.20545
0.16710
0.19669
0.17505
0.16066
0.18109
0.15967
0.13059
0.10443
0.09538
0.01470
0.00000
0.00000
0.00017
0.02348
0.06009
0.04923
0.07810
0.06577
0.02490
0.03720
0.03308
0.03872
0.02456
0.03664
0.02697
0.04189
0.06121
0.08452
0.06126
0.05460
0.05330
0.05054
0.06183
0.07508
0.06662
0.09062
0.04533
0.05573
0.05635
0.08371
0.09764
0.12267
0.12233
0.09312
0.07648
0.06961
0.06417
0.05297
0.07330
0.03171
0.04162
0.03400
0.06430
0.05623
0.04869
0.03794
0.03621
0.04422
0.03737
0.04821
0.02807
0.01849
0.03247
0.02006
0.04457
0.05760
0.05479
0.08153
0.08046
0.12132
0.09679
0.10966
0.05792
0.07184
0.05890
0.05583
0.03044
0.00418
0.00576
0.02162
0.01404
0.04315
0.04449
0.02322
0.04230
0.05863
0.04479
0.03268
0.02643
0.07026
0.06492
0.06323
0.05907
0.04072
0.05952
0.06654
0.00108
0.01149
0.01813
0.00967
0.00330
0.00000
0.02332
0.03498
0.04769
0.04113
0.02283
0.02292
0.00000
0.00801
0.03192
0.02814
0.01239
0.00346
0.00789
0.03268
0.04444
0.03445
0.03270
0.02143
0.08252
0.08564
0.04711
0.07310
0.10517
0.11671
0.12979
0.13104
0.11644
0.10655
0.11858
0.13402
0.10887
0.10210
0.07758
0.11072
0.12293
0.11404
0.11901
0.13442
0.13722
0.11431
0.11463
0.13236
0.11438
0.14140
0.16473
0.16361
0.12322
0.13374
0.10809
0.11040
0.10661
0.09219
0.07924
0.08367
0.07219
0.08533
0.10901
0.09129
0.08403
0.07774
0.07378
0.07554
0.06415
0.07828
0.10205
0.07817
0.02594
0.01073
0.03717
0.03164
0.01909
0.02567
0.03033
0.02609
0.06672
0.05038
0.04919
0.06379
0.06324
0.05605
0.07436
0.07027
0.11591
0.12810
0.10540
0.11377
0.13270
0.13722
0.14546
0.10788
0.10117
0.09866
0.07209
0.08641
0.07058
0.03983
0.02595
0.01250
0.00950
0.01708
0.04249
0.05498
0.06518
0.09251
0.10775
0.09956
0.08215
0.06293
0.06390
0.07559
0.03688
0.01715
0.00744
0.02845
0.07554
0.10170
0.11977
0.13262
0.16816
0.19038
0.18338
0.16843
0.15761
0.09350
0.09336
0.08544
0.10120
0.08860
0.06079
0.05361
0.03694
0.07339
0.06551
0.03231
0.00398
0.03368
0.04464
0.04838
0.03473
0.00254
0.02064
0.03148
0.04767
0.07769
0.08794
0.12018
0.11512
0.08274
0.10635
0.09049
0.10833
0.09488
0.04087
0.05120
0.06267
0.06549
0.05318
0.10101
0.09101
0.09083
0.04033
0.04101
0.04168
0.01727
0.01445
0.01107
0.05087
0.01913
0.05168
0.06578
0.04025
0.04524
0.04088
0.06042
0.08433
0.08815
0.09710
0.10461
0.06556
0.09952
0.09775
0.08302
0.11713
0.12478
0.09912
0.13578
0.14073
0.13652
0.12899
0.10283
0.06552
0.08695
0.08000
0.09362
0.11766
0.10905
0.10205
0.11310
0.12229
0.11955
0.08401
0.04211
0.03644
0.03757
0.02572
0.01918
0.01056
0.04157
0.06694
0.11105
0.11912
0.10372
0.07167
0.06543
0.03025
0.04286
0.02513
0.02085
0.01377
0.03117
0.03004
0.03112
0.01827
0.02690
0.02217
0.01222
0.02187
0.05044
0.05536
0.04351
0.08330
0.07564
0.11937
0.11130
0.08607
0.09002
0.09460
0.09410
0.08276
0.08867
0.10663
0.08087
0.07916
0.05157
0.04420
0.04181
0.02236
0.04021
0.08058
0.12220
0.10296
0.10527
0.10893
0.12115
0.09129
0.09888
0.11414
0.10331
0.08566
0.06431
0.07662
0.06545
0.04658
0.04700
0.05267
0.08716
0.04379
0.05524
0.05307
0.06198
0.04972
0.03753
0.04261
0.05055
0.06559
0.06659
0.05052
0.03176
0.01726
0.01629
0.00004
0.02411
0.02806
0.07552
0.07246
0.07104
0.06174
0.06476
0.05158
0.03506
0.02140
0.00969
0.03581
0.04699
0.08266
0.07663
0.07771
0.04673
0.02801
0.03434
0.02758
0.00797
0.03150
0.03978
0.01672
0.02819
0.03659
0.08353
0.07877
0.07342
0.02427
0.03035
0.02369
0.02540
0.00000
0.01541
0.05417
0.04722
0.10111
0.12364
0.15338
0.16393
0.15179
0.16466
0.19146
0.10507
0.08455
0.08432
0.08503
0.09028
0.08264
0.10018
0.09947
0.12119
0.11834
0.10193
0.07176
0.09029
0.13844
0.09116
0.08464
0.09323
0.08994
0.02827
0.04901
0.05432
0.06614
0.04303
0.08487
0.05411
0.05349
0.09567
0.09863
0.11224
0.08906
0.07452
0.08576
0.08522
0.08107
0.08678
0.10159
0.10342
0.08399
0.08657
0.06055
0.03669
0.00742
0.01401
0.02928
0.02511
0.02585
0.01725
0.04830
0.04585
0.05695
0.08167
0.05924
0.07078
0.06010
0.04178
0.02370
0.02605
0.03456
0.01465
0.02067
0.07749
0.06905
0.04885
0.01619
0.01383
0.00755
0.04384
0.04777
0.03094
0.02230
0.00010
0.00455
0.03970
0.03188
0.05664
0.05731
0.05462
0.07843
0.06956
0.07399
0.05282
0.03116
0.02873
0.05259
0.03265
0.04833
0.05860
0.02606
0.01012
0.03478
0.04004
0.04011
0.01108
0.03179
0.03910
0.05550
0.06636
0.07422
0.06501
0.06997
0.06264
0.07885
0.05448
0.06802
0.08771
0.05580
0.07464
0.04398
0.03807
0.06041
0.07232
0.07924
0.07994
0.07923
0.08383
0.08839
0.07017
0.13170
0.07951
0.09432
0.11602
0.13053
0.14347
0.15797
0.18037
0.18712
0.16900
0.13204
0.14561
0.19794
0.20151
0.16323
0.16924
0.18324
0.17701
0.18627
0.14665
0.15689
0.16425
0.15786
0.17447
0.15089
0.16089
0.15075
0.16703
0.13752
0.10187
0.10739
0.10220
0.10229
0.10614
0.13406
0.13358
0.09623
0.06995
0.06880
0.05013
0.02460
0.06107
0.06975
0.06362
0.05312
0.08318
0.09353
0.14943
0.19098
0.14163
0.15249
0.15702
0.14833
0.19486
0.15768
0.13784
0.15432
0.12602
0.08780
0.08219
0.07276
0.06105
0.03680
0.06245
0.05336
0.01829
0.00020
0.02723
0.02621
0.00598
0.05334
0.07138
0.06131
0.05349
0.03627
0.01776
0.00003
0.00000
0.00269
0.00059
0.03454
0.03473
0.01867
0.04073
0.04806
0.04882
0.06743
0.10031
0.13366
0.16236
0.14633
0.13452
0.10980
0.09388
0.09731
0.11413
0.09012
0.08929
0.05957
0.06200
0.06744
0.03676
0.03896
0.02103
0.03055
0.00510
0.04467
0.03540
0.07748
0.07748
0.06169
0.04020
0.07327
0.04175
0.03484
0.06616
0.05702
0.05305
0.05279
0.03370
0.02568
0.00964
0.00000
0.03099
0.00078
0.00000
0.01696
0.02717
0.03294
0.03653
0.03657
0.02463
0.04264
0.03840
0.04791
0.03465
0.01778
0.01326
0.04606
0.05958
0.08478
0.07924
0.02760
0.03764
0.02048
0.03069
0.08176
0.09184
0.07717
0.07510
0.09813
0.08114
0.09246
0.09933
0.09503
0.07102
0.04085
0.05565
0.03068
0.05352
0.06551
0.08839
0.05231
0.07353
0.08270
0.07880
0.04333
0.07329
0.11322
0.11875
0.09956
0.07407
0.09540
0.08013
0.08545
0.07465
0.06260
0.02591
0.01627
0.01528
0.01490
0.03186
0.02233
0.04867
0.08290
0.08889
0.07623
0.07254
0.11064
0.14633
0.14289
0.14178
0.14056
0.12723
0.13767
0.15690
0.11994
0.12226
0.12956
0.12034
0.12279
0.17938
0.18413
0.24126
0.24893
0.22841
0.21346
0.21594
0.18859
0.18125
0.22212
0.22996
0.22153
0.22907
0.23848
0.24993
0.18082
0.18291
0.15915
0.16416
0.14259
0.13340
0.13332
0.11523
0.12830
0.11004
0.10189
0.07632
0.09651
0.08718
0.06628
0.04791
0.02550
0.01588
0.00000
0.01409
0.04959
0.08233
0.05683
0.06316
0.04473
0.04817
0.07484
0.09401
0.07919
0.08843
0.12493
0.09120
0.08770
0.08775
0.10833
0.12383
0.11132
0.11766
0.09618
0.08424
0.10085
0.10752
0.09744
0.08208
0.04897
0.01267
0.01566
0.04282
0.03934
0.09257
0.07632
0.08474
0.07667
0.05680
0.09327
0.13156
0.12041
0.14333
0.14946
0.13303
0.13119
0.12686
0.06783
0.07005
0.07800
0.04442
0.06561
0.07005
0.08970
0.13838
0.12967
0.12548
0.11172
0.08412
0.06385
0.03606
0.03325
0.06409
0.10457
0.10890
0.09010
0.07802
0.06519
0.02975
0.08652
0.08635
0.05784
0.01622
0.02392
0.02849
0.08489
0.06934
0.04264
0.00786
0.00000
0.02489
0.01792
0.00528
0.00593
0.05314
0.05764
0.05553
0.03149
0.04202
0.02601
0.03316
0.04730
0.04190
0.04175
0.02601
0.02892
0.01594
0.01635
0.03437
0.00882
0.05774
0.06364
0.03136
0.05511
0.02934
0.00625
0.06222
0.08783
0.09333
0.02922
0.04131
0.03535
0.05101
0.03826
0.03394
0.02577
0.03909
0.05712
0.04006
0.05908
0.05000
0.05385
0.04527
0.02734
0.03394
0.03152
0.04813
0.05423
0.05641
0.04629
0.05072
0.10395
0.11401
0.09346
0.07040
0.07214
0.05037
0.03465
0.04925
0.02944
0.05071
0.06722
0.05510
0.04597
0.04125
0.02487
0.06397
0.03794
0.02698
0.01283
0.00000
0.02266
0.03832
0.05594
0.11520
0.11617
0.08968
0.09632
0.10928
0.11118
0.10792
0.09700
0.06314
0.03012
0.02670
0.04467
0.04278
0.02294
0.02666
0.05135
0.04351
0.00908
0.00928
0.03604
0.03161
0.07793
0.08041
0.09309
0.09719
0.11788
0.10152
0.09824
0.09036
0.11188
0.09435
0.07835
0.09679
0.10128
0.10838
0.08818
0.02715
0.06548
0.04715
0.03780
0.03057
0.07054
0.07576
0.09005
0.06448
0.06060
0.06242
0.03993
0.04906
0.02897
0.03436
0.01629
0.04493
0.02784
0.01901
0.06065
0.06532
0.04999
0.02440
0.04302
0.04794
0.00446
0.01824
0.00963
0.03589
0.05291
0.05609
0.08592
0.07787
0.08665
0.11144
0.12788
0.08944
0.07801
0.06831
0.04241
0.01677
0.00949
0.02206
0.03004
0.01425
0.04490
0.08881
0.08400
0.07103
0.07632
0.07492
0.05500
0.04885
0.04396
0.05213
0.05280
0.07105
0.09851
0.09394
0.04725
0.04505
0.05905
0.04949
0.04392
0.10093
0.09680
0.08616
0.13812
0.13262
0.15676
0.11315
0.15445
0.11052
0.11301
0.10545
0.08765
0.06023
0.00164
0.01903
0.03930
0.03574
0.01994
0.00488
0.01579
0.02624
0.03027
0.00619
0.01809
0.02076
0.02090
0.04015
0.05117
0.06865
0.05631
0.02740
0.00000
0.04361
0.05900
0.03131
0.02483
0.01134
0.01761
0.02075
0.02504
0.00000
0.00204
0.01790
0.02360
0.00805
0.01976
0.04644
0.04494
0.06918
0.04151
0.07343
0.10796
0.12103
0.14835
0.12131
0.13994
0.09811
0.05017
0.02765
0.02622
0.03049
0.01946
0.07946
0.07054
0.08155
0.10094
0.09315
0.04790
0.05697
0.05881
0.03740
0.02824
0.02796
0.04724
0.02983
0.06292
0.03257
0.01472
0.00717
0.01224
0.00762
0.02622
0.04277
0.02336
0.04223
0.05064
0.06800
0.08523
0.08033
0.08805
0.06446
0.05431
0.08171
0.06453
0.06923
0.05149
0.04354
0.07443
0.06726
0.02547
0.06240
0.06512
0.05991
0.08335
0.08932
0.11095
0.12012
0.08349
0.08637
0.08334
0.07089
0.08665
0.06904
0.09034
0.08751
0.11318
0.10748
0.13971
0.11407
0.13134
0.10354
0.13903
0.12377
0.13808
0.14110
0.11274
0.11976
0.10764
0.08545
0.07735
0.05894
0.06338
0.10962
0.13086
0.12851
0.12872
0.14529
0.17015
0.14567
0.13188
0.12200
0.13896
0.14278
0.18306
0.21255
0.21430
0.16852
0.17760
0.15863
0.16802
0.17981
0.18382
0.17773
0.18221
0.13893
0.14287
0.15352
0.17215
0.17241
0.19249
0.18503
0.19738
0.18173
0.16337
0.12541
0.11275
0.04904
0.05807
0.05278
0.04851
0.03335
0.05122
0.06246
0.03784
0.02538
0.00000
0.00000
0.04317
0.02786
0.02119
0.03571
0.05029
0.05160
0.05815
0.07625
0.04523
0.06079
0.05909
0.07726
0.11699
0.07898
0.04270
0.05217
0.05769
0.04103
0.02792
0.01878
0.03903
0.06276
0.08685
0.09960
0.09286
0.10913
0.11939
0.13910
0.07251
0.06005
0.04128
0.04151
0.04823
0.03315
0.05709
0.01895
0.03611
0.02155
0.02505
0.03335
0.05824
0.07490
0.05768
0.05553
0.03738
0.04828
0.09845
0.10069
0.11520
0.11588
0.07656
0.08796
0.09355
0.06021
0.08678
0.09123
0.12428
0.12988
0.09032
0.08492
0.10046
0.08768
0.10615
0.13513
0.13776
0.17365
0.13204
0.13240
0.10973
0.09288
0.05300
0.07862
0.06090
0.07275
0.05642
0.04926
0.04969
0.07025
0.06816
0.08410
0.07337
0.10193
0.09243
0.08018
0.07403
0.05103
0.05415
0.07125
0.05937
0.06199
0.08044
0.08317
0.08005
0.08364
0.07202
0.03431
0.05666
0.06949
0.10777
0.09058
0.06003
0.04792
0.03109
0.05105
0.04756
0.07185
0.05811
0.10223
0.08744
0.08541
0.10626
0.05987
0.07577
0.06736
0.11176
0.09399
0.08653
0.08475
0.09375
0.08184
0.09573
0.08834
0.10842
0.07661
0.09971
0.09527
0.09005
0.08683
0.10567
0.15050
0.15959
0.14514
0.15931
0.19949
0.19805
0.16682
0.13928
0.13023
0.13469
0.14237
0.11318
0.08820
0.08127
0.08998
0.08583
0.04680
0.07740
0.07109
0.07302
0.04380
0.06246
0.11113
0.13146
0.16890
0.16779
0.17698
0.15814
0.17000
0.10715
0.09747
0.08618
0.05547
0.05343
0.04153
0.05580
0.04899
0.04139
0.06607
0.09912
0.11145
0.11707
0.07451
0.07781
0.06653
0.05649
0.04380
0.03526
0.00000
0.02413
0.05473
0.08547
0.07307
0.08724
0.10643
0.10528
0.09709
0.08630
0.09285
0.07811
0.07946
0.07167
0.09026
0.08626
0.06663
0.05089
0.04928
0.05842
0.04231
0.03743
0.03801
0.03128
0.03519
0.04177
0.00826
0.04870
0.04651
0.05774
0.07367
0.11245
0.08510
0.11566
0.11454
0.11133
0.11193
0.11836
0.10902
0.07823
0.09036
0.09286
0.07461
0.08350
0.05939
0.03523
0.05279
0.04069
0.01819
0.02841
0.04622
0.02438
0.04386
0.03458
0.02976
0.01056
0.01620
0.04254
0.01704
0.00000
0.02053
0.05272
0.02909
0.01589
0.02432
0.02977
0.01487
0.02377
0.02272
0.01743
0.02433
0.03316
0.01972
0.05949
0.06473
0.09277
0.10538
0.08444
0.02125
0.02834
0.00003
0.01087
0.00000
0.01161
0.01190
0.02179
0.03200
0.04022
0.04003
0.03949
0.01956
0.02978
0.03424
0.03876
0.06290
0.06281
0.06677
0.05611
0.09130
0.06636
0.09637
0.10368
0.05597
0.07456
0.07409
0.05829
0.00931
0.02013
0.03154
0.04504
0.04363
0.05383
0.04808
0.04396
0.04039
0.04835
0.02395
0.02326
0.03265
0.05456
0.05455
0.04611
0.03447
0.01367
0.05287
0.07052
0.07214
0.07811
0.06308
0.07822
0.08178
0.03911
0.02160
0.02160
0.06288
0.08716
0.09433
0.13140
0.10700
0.12664
0.06651
0.06341
0.05822
0.04694
0.04019
0.04039
0.06602
0.05107
0.02593
0.03261
0.08425
0.13060
0.13548
0.11224
0.08263
0.11088
0.07593
0.09701
0.08298
0.07289
0.10500
0.10125
0.10156
0.13461
0.14306
0.10774
0.11186
0.12680
0.06601
0.06793
0.08070
0.08446
0.06303
0.05439
0.04611
0.01651
0.04500
0.06620
0.05816
0.03689
0.00493
0.01925
0.02364
0.04348
0.04504
0.04500
0.03775
0.02667
0.02186
0.01541
0.01510
0.04286
0.03117
0.04009
0.04800
0.03675
0.02851
0.04318
0.04654
0.04647
0.07822
0.06283
0.04769
0.05909
0.09018
0.07414
0.09153
0.10570
0.08595
0.09141
0.08897
0.04471
0.05129
0.04504
0.02890
0.02728
0.03599
0.05977
0.07378
0.06945
0.07270
0.02556
0.03657
0.02934
0.03968
0.04679
0.05944
0.03719
0.01986
0.02145
0.02325
0.05656
0.08211
0.09763
0.11507
0.11429
0.09899
0.10454
0.09761
0.08433
0.07354
0.10053
0.04133
0.03370
0.00772
0.00065
0.02332
0.02304
0.08081
0.12826
0.12553
0.07549
0.06117
0.05603
0.03623
0.03005
0.03951
0.06737
0.06488
0.05118
0.03329
0.04786
0.05981
0.06309
0.05030
0.06055
0.05964
0.04095
0.06463
0.07037
0.08613
0.07651
0.05639
0.06424
0.08469
0.07326
0.06550
0.06528
0.06236
0.00010
0.00959
0.01459
0.00178
0.00278
0.01861
0.00695
0.07422
0.07637
0.05949
0.05502
0.04845
0.03590
0.03346
0.02361
0.03739
0.04447
0.04056
0.03673
0.05735
0.05554
0.09533
0.11115
0.11491
0.14300
0.05535
0.03438
0.03405
0.02562
0.02559
0.05041
0.04710
0.05209
0.03901
0.03494
0.03642
0.03287
0.03739
0.03211
0.03211
0.04054
0.03358
0.05246
0.05991
0.07743
0.05799
0.02662
0.03161
0.05307
0.04547
0.06169
0.12100
0.11946
0.09660
0.11138
0.10109
0.09650
0.05039
0.06220
0.08906
0.12410
0.13979
0.08952
0.09473
0.08917
0.07335
0.07490
0.07961
0.08279
0.09647
0.07761
0.08796
0.08739
0.08198
0.10626
0.12161
0.11676
0.05170
0.07632
0.07381
0.06858
0.06550
0.05326
0.03090
0.04388
0.05668
0.05470
0.04262
0.04590
0.06559
0.06470
0.06647
0.05183
0.08315
0.06139
0.06173
0.05092
0.05405
0.08218
0.08803
0.19511
0.16072
0.18408
0.20451
0.21983
0.21012
0.21541
0.22118
0.22827
0.22501
0.23187
0.22804
0.24726
0.24298
0.24753
0.24687
0.25425
0.23458
0.20397
0.20312
0.22623
0.14930
0.13422
0.13187
0.13002
0.11293
0.11837
0.12806
0.13073
0.12420
0.09423
0.12011
0.10222
0.07906
0.05776
0.03191
0.01483
0.04773
0.02638
0.02193
0.02192
0.00000
0.00108
0.03658
0.03430
0.05973
0.05395
0.03335
0.01606
0.02353
0.02654
0.03102
0.02531
0.03509
0.05301
0.06583
0.05051
0.03533
0.03823
0.06420
0.07324
0.06548
0.06415
0.07479
0.08620
0.08416
0.04324
0.06385
0.07888
0.06274
0.08468
0.05700
0.06491
0.07098
0.05790
0.04148
0.03715
0.00395
0.05273
0.04711
0.03235
0.03257
0.02762
0.02616
0.01321
0.01773
0.01518
0.03170
0.03914
0.02524
0.02988
0.04766
0.09636
0.08751
0.04545
0.04319
0.02129
0.05223
0.04306
0.01792
0.04448
0.04725
0.03802
0.03348
0.06582
0.06077
0.08174
0.06626
0.06352
0.09807
0.13555
0.10791
0.10448
0.08021
0.07510
0.09855
0.08080
0.07836
0.09819
0.07077
0.07773
0.09568
0.09625
0.08960
0.08901
0.07010
0.07594
0.07508
0.06576
0.05305
0.02090
0.01541
0.03628
0.02475
0.03674
0.02984
0.04536
0.07741
0.07332
0.09317
0.09128
0.10571
0.09780
0.10411
0.10402
0.10865
0.16216
0.17188
0.15206
0.17901
0.20658
0.20445
0.20869
0.15841
0.15420
0.13608
0.13909
0.14767
0.14460
0.15190
0.13937
0.16213
0.19956
0.17916
0.20212
0.19333
0.19037
0.15748
0.17075
0.17474
0.18329
0.16384
0.15876
0.12657
0.13955
0.13806
0.14841
0.14809
0.12979
0.12205
0.10206
0.11246
0.12747
0.13840
0.11763
0.10825
0.08691
0.10957
0.10141
0.10358
0.06048
0.05352
0.07792
0.06500
0.04251
0.09700
0.10743
0.12227
0.12788
0.14223
0.12707
0.12993
0.10972
0.12599
0.15677
0.14445
0.12800
0.12573
0.13446
0.12817
0.08343
0.05315
0.06096
0.08806
0.05902
0.04295
0.08877
0.10729
0.08861
0.06465
0.05597
0.02112
0.01693
0.00640
0.05207
0.02168
0.01544
0.03800
0.06042
0.06604
0.03204
0.05130
0.10439
0.11936
0.10661
0.11586
0.06145
0.03415
0.03282
0.02382
0.00708
0.01572
0.03792
0.05572
0.03704
0.05388
0.04869
0.09043
0.06646
0.04503
0.06605
0.05462
0.04071
0.05916
0.02882
0.01111
0.02642
0.00086
0.03190
0.04623
0.02619
0.00000
0.02383
0.03749
0.03356
0.01730
0.02080
0.01045
0.00226
0.01104
0.02003
0.04297
0.04553
0.06302
0.04775
0.03689
0.04903
0.07062
0.08823
0.06606
0.08711
0.05080
0.05156
0.07409
0.07583
0.08115
0.05833
0.01409
0.04722
0.07797
0.05916
0.06212
0.07959
0.10319
0.08443
0.05625
0.07601
0.05112
0.03016
0.02506
0.03779
0.06795
0.11212
0.06966
0.06853
0.04989
0.01899
0.02492
0.00000
0.00531
0.01795
0.01985
0.02756
0.02424
0.06271
0.05008
0.04340
0.05224
0.05186
0.03197
0.02063
0.01549
0.02203
0.01152
0.00000
0.00000
0.02627
0.00000
0.02168
0.01904
0.02245
0.02705
0.05784
0.06502
0.03509
0.02772
0.02165
0.02090
0.02242
0.05836
0.03475
0.03504
0.05027
0.02763
0.06585
0.00000
0.04938
0.05019
0.04907
0.05516
0.05875
0.06262
0.06417
0.06751
0.08589
0.09633
0.06759
0.03279
0.03318
0.02143
0.04445
0.03061
0.06840
0.05821
0.04348
0.06440
0.05875
0.07505
0.07809
0.02927
0.02800
0.02578
0.05421
0.08045
0.08376
0.06321
0.08368
0.07594
0.08885
0.06843
0.09196
0.09395
0.06903
0.05779
0.07632
0.04288
0.05404
0.07123
0.05541
0.04467
0.04539
0.04363
0.03460
0.02686
0.01854
0.00848
0.00007
0.01720
0.03359
0.00853
0.03644
0.03267
0.02566
0.01255
0.02134
0.03744
0.03744
0.04700
0.05821
0.04599
0.06366
0.06746
0.08986
0.11470
0.10360
0.09452
0.07720
0.08411
0.10044
0.09179
0.09936
0.09028
0.05993
0.08077
0.07910
0.04963
0.05364
0.05268
0.04374
0.04531
0.05209
0.07615
0.06872
0.09292
0.11139
0.12504
0.09706
0.07574
0.07261
0.08855
0.08224
0.09344
0.08203
0.06518
0.08872
0.06163
0.08010
0.06120
0.05875
0.01963
0.00745
0.02720
0.03167
0.00962
0.03523
0.02753
0.01660
0.02534
0.03404
0.05458
0.05193
0.08471
0.07390
0.07901
0.07243
0.07815
0.12211
0.10120
0.06576
0.04820
0.03157
0.03202
0.06518
0.02430
0.02413
0.03292
0.05825
0.08620
0.09556
0.07505
0.08297
0.07350
0.08188
0.10865
0.09738
0.08668
0.05425
0.05357
0.03186
0.06654
0.04583
0.00977
0.03449
0.03835
0.05023
0.07027
0.11560
0.09316
0.12755
0.14072
0.13235
0.12848
0.09703
0.06377
0.07756
0.10221
0.10001
0.09043
0.13279
0.10894
0.08269
0.08357
0.06886
0.05746
0.06650
0.07241
0.08510
0.09455
0.06325
0.03310
0.02047
0.00081
0.02899
0.05590
0.07547
0.03808
0.06864
0.05106
0.01246
0.04449
0.03861
0.04007
0.04583
0.01583
0.03266
0.06355
0.07250
0.03510
0.03096
0.01227
0.03549
0.02906
0.01684
0.01771
0.01065
0.05361
0.05186
0.06700
0.07017
0.11240
0.11093
0.09725
0.07649
0.09156
0.07194
0.05421
0.02803
0.02989
0.08896
0.06781
0.06005
0.04237
0.07370
0.09825
0.11633
0.14832
0.19053
0.18817
0.13920
0.13430
0.14494
0.12101
0.11066
0.12914
0.16076
0.17266
0.15958
0.15534
0.15689
0.16286
0.14209
0.16723
0.16671
0.16105
0.15836
0.17993
0.22431
0.22563
0.24379
0.21343
0.18577
0.18764
0.12002
0.10175
0.13072
0.09360
0.07276
0.08527
0.04905
0.02811
0.04223
0.03051
0.01691
0.01357
0.02175
0.02996
0.01056
0.01178
0.00002
0.02732
0.05082
0.08453
0.07186
0.04579
0.03194
0.04566
0.04755
0.03512
0.01408
0.01956
0.00000
0.01222
0.01530
0.02722
0.04566
0.02443
0.03031
0.01862
0.03809
0.03012
0.05316
0.05547
0.03862
0.03556
0.05891
0.06915
0.01528
0.00506
0.03362
0.03300
0.00000
0.01241
0.02397
0.03478
0.02790
0.01562
0.02631
0.04377
0.04397
0.02399
0.00828
0.00051
0.03313
0.04837
0.04026
0.05234
0.02911
0.05740
0.04061
0.04964
0.06519
0.02287
0.01355
0.02960
0.04264
0.03725
0.04873
0.04521
0.04778
0.05319
0.06035
0.05630
0.07412
0.08713
0.06034
0.05912
0.06255
0.04451
0.05517
0.05280
0.06603
0.04549
0.05083
0.04539
0.03870
0.04954
0.05376
0.07021
0.04926
0.08967
0.07844
0.10381
0.09450
0.11067
0.08842
0.06321
0.04911
0.03904
0.03901
0.04924
0.03169
0.02448
0.01909
0.01174
0.02254
0.00000
0.03050
0.06195
0.03582
0.05088
0.02991
0.03146
0.02953
0.03724
0.02936
0.00000
0.03015
0.03532
0.05113
0.03724
0.02822
0.03288
0.05455
0.05356
0.03442
0.01152
0.00573
0.00000
0.01205
0.02439
0.05500
0.04949
0.03186
0.02530
0.02990
0.06106
0.06356
0.04689
0.03874
0.01771
0.01336
0.00352
0.00023
0.02874
0.02598
0.01642
0.01930
0.03035
0.04110
0.07519
0.07880
0.02796
0.02207
0.00247
0.03348
0.06138
0.05641
0.06691
0.09079
0.08431
0.05599
0.07263
0.08235
0.05052
0.02746
0.02743
0.07913
0.01071
0.00000
0.00685
0.01143
0.00805
0.01731
0.04036
0.05784
0.09008
0.06484
0.03259
0.03236
0.02616
0.01744
0.00712
0.01473
0.00988
0.03188
0.02899
0.05026
0.05413
0.05262
0.04641
0.01595
0.03573
0.05474
0.05351
0.08147
0.07567
0.06600
0.09665
0.13337
0.11585
0.09103
0.09198
0.09294
0.09108
0.09899
0.10555
0.12822
0.08630
0.05339
0.07166
0.08367
0.07076
0.06911
0.06131
0.05252
0.03301
0.04093
0.01029
0.03311
0.04419
0.05390
0.11659
0.12326
0.11482
0.11138
0.12739
0.13163
0.16737
0.16417
0.13629
0.11620
0.14534
0.13499
0.14980
0.14882
0.13188
0.12582
0.10543
0.12151
0.12100
0.10323
0.08876
0.08205
0.05080
0.08394
0.06778
0.07711
0.05049
0.07846
0.09229
0.12762
0.09162
0.04473
0.05368
0.12937
0.12599
0.12459
0.12136
0.10967
0.07023
0.05718
0.07805
0.07572
0.11150
0.11193
0.08195
0.09392
0.09094
0.08139
0.07359
0.08263
0.08268
0.10432
0.14125
0.15829
0.16161
0.16855
0.15192
0.15043
0.10424
0.06717
0.06626
0.07126
0.04622
0.03830
0.06577
0.04640
0.04000
0.03214
0.05462
0.03786
0.04419
0.07082
0.06277
0.07007
0.05976
0.07296
0.07915
0.12372
0.13836
0.10222
0.04826
0.05249
0.06487
0.06129
0.04687
0.03004
0.03842
0.05812
0.02768
0.03295
0.02265
0.02274
0.03839
0.01676
0.02315
0.03008
0.01282
0.00329
0.00855
0.03233
0.02456
0.04975
0.06388
0.07235
0.09794
0.09482
0.10697
0.13897
0.09020
0.14925
0.15780
0.15550
0.16039
0.14130
0.11768
0.14612
0.14590
0.15786
0.17210
0.18729
0.19580
0.18820
0.13791
0.14220
0.17014
0.16017
0.14699
0.11639
0.09911
0.12872
0.09613
0.09056
0.11414
0.10952
0.06543
0.06709
0.07760
0.10215
0.09021
0.12633
0.13236
0.14759
0.10938
0.08802
0.06630
0.02518
0.06832
0.07222
0.07874
0.03015
0.03449
0.07291
0.05589
0.05584
0.00292
0.01812
0.02924
0.02291
0.02202
0.05288
0.05458
0.07325
0.08256
0.06106
0.08471
0.05848
0.00801
0.02372
0.00000
0.00382
0.01204
0.03427
0.05944
0.06512
0.07146
0.08551
0.06962
0.04135
0.03442
0.02356
0.01979
0.06384
0.07063
0.07299
0.08468
0.06219
0.07292
0.03040
0.01565
0.00080
0.02395
0.02693
0.04111
0.00000
0.00000
0.01855
0.02848
0.04373
0.06302
0.05258
0.05475
0.02930
0.00388
0.01436
0.01250
0.04325
0.08458
0.06230
0.01666
0.00000
0.00609
0.02044
0.00027
0.00363
0.01842
0.05760
0.06342
0.02248
0.00916
0.04946
0.05682
0.06852
0.04358
0.03057
0.03298
0.06858
0.04300
0.03574
0.04462
0.03367
0.03848
0.07239
0.08015
0.06505
0.08431
0.06323
0.08686
0.06727
0.08675
0.08407
0.09693
0.06718
0.03487
0.01818
0.01353
0.00000
0.00000
0.00286
0.00034
0.02385
0.03149
0.03837
0.02880
0.00000
0.00000
0.01549
0.01534
0.03077
0.05460
0.06533
0.05323
0.06361
0.05877
0.03178
0.03852
0.01994
0.04483
0.01757
0.02968
0.04084
0.04941
0.03728
0.08639
0.09901
0.10905
0.12091
0.12000
0.11246
0.08120
0.08884
0.08232
0.08832
0.09410
0.07336
0.07616
0.08136
0.09095
0.10090
0.09795
0.05728
0.07874
0.04333
0.04697
0.03405
0.01772
0.02867
0.03403
0.00350
0.01165
0.03973
0.03827
0.07519
0.05074
0.07017
0.08369
0.09073
0.11479
0.09511
0.01649
0.03466
0.02956
0.01396
0.00989
0.00839
0.01484
0.00000
0.04559
0.04779
0.03949
0.04529
0.02404
0.06507
0.03699
0.06302
0.05595
0.08108
0.07027
0.05083
0.03336
0.05030
0.02752
0.01713
0.04396
0.05283
0.04096
0.00179
0.01845
0.02180
0.02780
0.01018
0.02615
0.01544
0.05141
0.06094
0.08331
0.10057
0.11929
0.10606
0.12424
0.10223
0.12381
0.13952
0.08826
0.07580
0.08418
0.12078
0.12079
0.12989
0.12210
0.09860
0.09401
0.08254
0.07548
0.09047
0.08086
0.09758
0.11090
0.05664
0.09901
0.06845
0.04098
0.04521
0.07284
0.07668
0.05996
0.01784
0.02653
0.02064
0.02125
0.03729
0.04306
0.05183
0.04398
0.06782
0.06369
0.09007
0.10131
0.08079
0.05439
0.04907
0.05630
0.02612
0.05542
0.02468
0.05225
0.01205
0.00690
0.01841
0.01334
0.02538
0.00660
0.00325
0.00741
0.00654
0.00721
0.00424
0.00320
0.00888
0.07526
0.10087
0.07474
0.01441
0.07050
0.04683
0.01816
0.09322
0.10961
0.11359
0.11950
0.11506
0.12785
0.13663
0.11511
0.11040
0.09884
0.10657
0.12767
0.09145
0.07218
0.08851
0.08311
0.06370
0.05013
0.04883
0.07180
0.03436
0.00484
0.01882
0.02966
0.00415
0.00228
0.00814
0.05346
0.04423
0.04947
0.01691
0.00000
0.01529
0.01362
0.03633
0.01881
0.03279
0.02568
0.02826
0.02569
0.00000
0.00000
0.00106
0.01441
0.02650
0.04564
0.06302
0.09173
0.09552
0.06407
0.05555
0.04921
0.07757
0.06555
0.03858
0.02115
0.00403
0.01207
0.02684
0.03944
0.04951
0.06064
0.02095
0.04318
0.03285
0.02577
0.04944
0.04575
0.03712
0.04126
0.02351
0.00000
0.01929
0.01877
0.01520
0.00243
0.03019
0.00842
0.04441
0.04551
0.05006
0.02128
0.03595
0.04473
0.05395
0.04082
0.02501
0.00684
0.02882
0.03250
0.04000
0.05331
0.04583
0.04162
0.03156
0.04629
0.01341
0.03186
0.05756
0.04255
0.04016
0.05937
0.06173
0.09442
0.11026
0.10980
0.11024
0.12474
0.12951
0.13680
0.18468
0.20660
0.21713
0.21682
0.21280
0.19146
0.23293
0.21229
0.18971
0.19200
0.19533
0.19616
0.20422
0.17622
0.16370
0.16345
0.11908
0.12681
0.14436
0.13424
0.14737
0.13820
0.11187
0.12189
0.09755
0.09468
0.10866
0.12123
0.11317
0.09473
0.10390
0.10993
0.06809
0.03319
0.06956
0.04543
0.02085
0.01486
0.02825
0.02825
0.04163
0.04710
0.04022
0.04397
0.05377
0.00653
0.02408
0.03752
0.05397
0.05661
0.07199
0.07152
0.07715
0.10437
0.09183
0.09395
0.09742
0.10660
0.14977
0.14504
0.14783
0.14853
0.14262
0.16198
0.14296
0.10384
0.14521
0.13178
0.13956
0.12407
0.10295
0.10691
0.08619
0.06195
0.05646
0.02979
0.03150
0.01233
0.02033
0.00510
0.00755
0.01999
0.02507
0.03957
0.05023
0.06321
0.04403
0.04936
0.06151
0.07088
0.08559
0.08259
0.07351
0.05794
0.05996
0.09447
0.12240
0.10753
0.10033
0.08750
0.08942
0.09684
0.06624
0.07533
0.07849
0.08999
0.08163
0.09248
0.06508
0.05626
0.07560
0.09620
0.07523
0.06361
0.10538
0.12049
0.15608
0.18046
0.17090
0.13828
0.13962
0.09117
0.11967
0.13411
0.13296
0.11224
0.12106
0.10631
0.10883
0.06413
0.06600
0.04285
0.03273
0.04405
0.05253
0.05510
0.05353
0.04192
0.04193
0.01988
0.00526
0.02558
0.04312
0.04876
0.04316
0.06102
0.07857
0.10209
0.07562
0.04999
0.04898
0.06787
0.07497
0.07399
0.06692
0.05822
0.08670
0.09675
0.06997
0.04158
0.03624
0.03307
0.02527
0.02359
0.00939
0.01932
0.01647
0.02029
0.01668
0.01218
0.02163
0.01551
0.02647
0.02547
0.03775
0.04754
0.02901
0.08593
0.09446
0.13352
0.14374
0.14849
0.14583
0.13263
0.14434
0.14823
0.15934
0.14173
0.15066
0.15390
0.13511
0.17152
0.20446
0.25370
0.20979
0.22720
0.20217
0.21292
0.20617
0.21406
0.20943
0.18558
0.21216
0.23616
0.17138
0.15950
0.11601
0.11607
0.12287
0.11234
0.07392
0.08174
0.09067
0.08074
0.02591
0.03893
0.02503
0.01905
0.04874
0.04901
0.05131
0.05357
0.06994
0.07093
0.07359
0.07713
0.07778
0.03415
0.01425
0.03130
0.05369
0.09161
0.10440
0.10200
0.09135
0.04142
0.05109
0.02019
0.04038
0.04993
0.05352
0.06909
0.08523
0.05284
0.03673
0.06838
0.11298
0.09986
0.11065
0.10216
0.10149
0.10728
0.12449
0.11356
0.08968
0.08816
0.08220
0.07508
0.03232
0.02604
0.13262
0.11317
0.14901
0.09301
0.08002
0.05626
0.06736
0.07132
0.08526
0.08002
0.03803
0.04278
0.07140
0.06266
0.04701
0.05003
0.05473
0.04853
0.05515
0.10132
0.11509
0.08425
0.07407
0.03777
0.05194
0.06488
0.06683
0.06832
0.06880
0.07894
0.07440
0.07592
0.08095
0.04669
0.07410
0.05412
0.05423
0.04584
0.06994
0.07477
0.08027
0.07490
0.07139
0.05570
0.02557
0.02817
0.03304
0.07134
0.06940
0.05459
0.03761
0.03237
0.01079
0.01091
0.00963
0.03378
0.04509
0.06261
0.03204
0.04519
0.04228
0.04858
0.02633
0.02655
0.01666
0.00649
0.01803
0.04442
0.03135
0.05002
0.05157
0.08110
0.09327
0.09375
0.07518
0.06780
0.06638
0.06193
0.04989
0.03968
0.04665
0.03327
0.04671
0.05220
0.06992
0.08491
0.09515
0.08517
0.08058
0.09483
0.06960
0.05612
0.04383
0.09573
0.08433
0.06502
0.06184
0.06351
0.05749
0.04741
0.04577
0.06303
0.04075
0.04970
0.04843
0.01581
0.00000
0.01234
0.03733
0.04958
0.05601
0.04399
0.04613
0.04656
0.05604
0.08861
0.07050
0.05535
0.05565
0.06397
0.03506
0.03718
0.00931
0.00000
0.01299
0.00766
0.00873
0.00000
0.00784
0.01089
0.03718
0.05997
0.02645
0.06815
0.04679
0.04361
0.02533
0.02510
0.04299
0.05505
0.05416
0.06598
0.04189
0.01279
0.05140
0.05802
0.06395
0.06648
0.10974
0.07935
0.08713
0.09175
0.08851
0.09884
0.08470
0.07458
0.05155
0.03596
0.03560
0.03670
0.04926
0.05226
0.03372
0.05503
0.03762
0.04722
0.04528
0.08286
0.08547
0.09281
0.09766
0.08080
0.10253
0.09728
0.11909
0.16731
0.15906
0.16653
0.14993
0.14124
0.13798
0.09319
0.09382
0.11718
0.12286
0.11473
0.11133
0.09576
0.04381
0.05897
0.09954
0.08289
0.05592
0.07712
0.09792
0.09208
0.08451
0.08693
0.06831
0.05853
0.07824
0.10737
0.09433
0.10121
0.08411
0.07917
0.06464
0.06200
0.02376
0.00262
0.01014
0.02816
0.02410
0.03618
0.03560
0.02197
0.03308
0.07944
0.09844
0.11444
0.09654
0.10558
0.07516
0.06838
0.07167
0.06624
0.05854
0.04775
0.04484
0.04694
0.06177
0.05462
0.06496
0.08572
0.06625
0.04998
0.02324
0.04459
0.03982
0.02519
0.00709
0.00952
0.02126
0.02332
0.00242
0.01055
0.03896
0.07674
0.04356
0.06834
0.06457
0.03834
0.01035
0.01617
0.01164
0.01964
0.02037
0.03004
0.02591
0.03130
0.00960
0.03656
0.04524
0.02057
0.06812
0.05426
0.05631
0.04024
0.04477
0.04748
0.09072
0.08874
0.09382
0.07591
0.07546
0.07689
0.09688
0.06760
0.07191
0.08251
0.04027
0.03057
0.03610
0.02353
0.03998
0.02879
0.05946
0.02835
0.03741
0.06231
0.07386
0.07508
0.06185
0.05306
0.02332
0.05928
0.06100
0.06161
0.05170
0.01906
0.03325
0.06120
0.02359
0.01383
0.02649
0.02600
0.03623
0.04507
0.03781
0.03538
0.04010
0.02809
0.04662
0.02889
0.03419
0.03931
0.02733
0.06047
0.07067
0.08679
0.10590
0.09223
0.07316
0.04584
0.05501
0.02631
0.01935
0.02920
0.06297
0.03717
0.07876
0.07856
0.10961
0.10114
0.06531
0.05559
0.05071
0.03709
0.04137
0.06706
0.01959
0.01992
0.02152
0.03288
0.00754
0.01990
0.01762
0.04231
0.00133
0.04011
0.01824
0.01246
0.00000
0.01862
0.05480
0.08265
0.06450
0.04365
0.06466
0.08446
0.08747
0.14100
0.10454
0.10426
0.07746
0.09655
0.09390
0.09371
0.08581
0.09640
0.07563
0.07575
0.07389
0.07786
0.07594
0.05607
0.04797
0.07821
0.05937
0.04375
0.03500
0.06474
0.06653
0.06312
0.06364
0.06540
0.05278
0.02045
0.04264
0.05757
0.01849
0.00978
0.00177
0.01939
0.03132
0.02105
0.00219
0.00000
0.01884
0.02582
0.02920
0.04192
0.05642
0.03768
0.02954
0.04109
0.04316
0.02908
0.04989
0.05051
0.13378
0.11114
0.12899
0.12203
0.12325
0.12716
0.12224
0.06597
0.04758
0.06683
0.08073
0.06746
0.05107
0.05517
0.03816
0.00301
0.01227
0.01903
0.00732
0.00691
0.04806
0.04267
0.03410
0.04234
0.08319
0.11373
0.12170
0.12663
0.10491
0.09819
0.12227
0.13353
0.16090
0.12776
0.13389
0.13144
0.19061
0.19145
0.20510
0.19695
0.15217
0.13543
0.12819
0.11294
0.11087
0.11701
0.10714
0.07309
0.05870
0.07333
0.08040
0.07086
0.08314
0.03703
0.03468
0.06980
0.09104
0.07714
0.07753
0.09117
0.09689
0.09072
0.06511
0.08406
0.08874
0.08107
0.07988
0.08702
0.10069
0.04765
0.02865
0.10922
0.09473
0.11260
0.10907
0.08960
0.08038
0.07757
0.07878
0.11935
0.13069
0.10102
0.08378
0.07797
0.05142
0.00516
0.00660
0.00653
0.02195
0.06099
0.04053
0.07211
0.07738
0.07173
0.06037
0.07436
0.09763
0.06231
0.07626
0.06186
0.08074
0.08257
0.06336
0.07597
0.04624
0.02717
0.01927
0.04599
0.06229
0.05247
0.02554
0.04154
0.06228
0.04576
0.09614
0.12681
0.12583
0.09680
0.11387
0.12283
0.09539
0.03508
0.02348
0.02948
0.03626
0.03721
0.01305
0.02356
0.05453
0.04291
0.00390
0.02548
0.04104
0.09494
0.09017
0.10548
0.13504
0.13784
0.12895
0.14109
0.11336
0.12506
0.06983
0.07119
0.03906
0.03714
0.02589
0.01104
0.05894
0.00915
0.03595
0.03116
0.02981
0.02778
0.03371
0.04403
0.02855
0.06437
0.05925
0.04510
0.03013
0.04116
0.03671
0.05003
0.04029
0.01459
0.03591
0.03311
0.04725
0.04534
0.03370
0.04147
0.02372
0.04045
0.04088
0.04325
0.04239
0.00000
0.02082
0.04102
0.03049
0.02641
0.03395
0.05348
0.05464
0.02178
0.01113
0.02174
0.01459
0.03495
0.03586
0.01733
0.06004
0.06191
0.09847
0.04886
0.03231
0.03703
0.04272
0.02627
0.05112
0.05806
0.05883
0.06443
0.08009
0.05503
0.06019
0.06274
0.04415
0.01527
0.04207
0.01845
0.05112
0.03690
0.00376
0.02516
0.01358
0.00843
0.07489
0.12762
0.12762
0.10341
0.12188
0.14228
0.12101
0.11875
0.10812
0.10140
0.06774
0.10264
0.12565
0.09113
0.09876
0.04520
0.05935
0.04831
0.01591
0.02210
0.00000
0.01352
0.01591
0.03329
0.04038
0.02231
0.01596
0.03692
0.02290
0.02139
0.04070
0.03989
0.04262
0.03133
0.04728
0.09030
0.10897
0.14270
0.15651
0.16548
0.16719
0.15899
0.09528
0.10357
0.08018
0.03602
0.07272
0.06718
0.06821
0.04907
0.05444
0.04275
0.09581
0.06382
0.07017
0.03425
0.02504
0.04901
0.00560
0.07804
0.02449
0.02570
0.00092
0.04393
0.03734
0.04159
0.03323
0.04113
0.01045
0.01783
0.05098
0.05239
0.04565
0.03164
0.00838
0.00557
0.01768
0.01605
0.04983
0.06198
0.06521
0.07614
0.05716
0.05017
0.02992
0.06748
0.08735
0.11383
0.14079
0.13223
0.09624
0.08716
0.07146
0.10059
0.09947
0.05176
0.02242
0.01692
0.00139
0.00113
0.01191
0.02266
0.04173
0.03852
0.05130
0.05259
0.07510
0.09369
0.07309
0.08650
0.09347
0.09249
0.08813
0.11403
0.13303
0.11413
0.11069
0.10826
0.17663
0.18722
0.15606
0.12524
0.12852
0.10983
0.11430
0.13562
0.14657
0.11852
0.12868
0.09442
0.06108
0.06998
0.05025
0.07017
0.07267
0.05463
0.02470
0.05527
0.02396
0.06187
0.05571
0.06141
0.05210
0.05086
0.03438
0.03276
0.01580
0.02729
0.01807
0.04371
0.04115
0.05145
0.08348
0.07675
0.05589
0.07907
0.08300
0.09076
0.09462
0.04937
0.08131
0.10635
0.09709
0.08931
0.10316
0.06393
0.07187
0.06758
0.04997
0.04179
0.04731
0.04286
0.03387
0.03142
0.04815
0.01832
0.03585
0.00752
0.00017
0.00818
0.02994
0.01368
0.02474
0.06130
0.07388
0.04840
0.05868
0.05303
0.03678
0.02705
0.06320
0.02719
0.04010
0.00000
0.01898
0.04944
0.02007
0.01123
0.01811
0.05832
0.07967
0.06533
0.02246
0.05723
0.07280
0.07184
0.06530
0.09973
0.07502
0.03403
0.03271
0.02296
0.00194
0.01410
0.04079
0.08289
0.06348
0.02298
0.02731
0.01634
0.01082
0.01315
0.00034
0.01015
0.03622
0.02342
0.01131
0.02715
0.01963
0.03079
0.01313
0.04994
0.06443
0.06785
0.05623
0.03478
0.01293
0.03201
0.03464
0.03663
0.03495
0.08740
0.11012
0.09878
0.09543
0.13029
0.07093
0.06003
0.04262
0.04593
0.04571
0.02457
0.00000
0.00693
0.05576
0.06866
0.06361
0.05845
0.06199
0.08394
0.11564
0.11902
0.13840
0.13104
0.10457
0.11140
0.15047
0.11502
0.12924
0.14046
0.10351
0.10366
0.08886
0.09355
0.10715
0.09121
0.06631
0.06022
0.06210
0.06645
0.05704
0.06396
0.08559
0.10175
0.10422
0.07676
0.10485
0.09308
0.08086
0.05177
0.02531
0.00715
0.02751
0.04575
0.00000
0.00648
0.01042
0.01395
0.03809
0.03136
0.03596
0.04471
0.02800
0.01563
0.04580
0.00781
0.01385
0.02451
0.02563
0.01827
0.05315
0.06279
0.07539
0.08004
0.10156
0.09102
0.10684
0.07537
0.06506
0.03972
0.04415
0.09155
0.12958
0.13890
0.15316
0.11971
0.12421
0.09769
0.05794
0.07751
0.07690
0.08597
0.07587
0.02855
0.00742
0.01144
0.04177
0.04248
0.04417
0.00927
0.01570
0.02086
0.02409
0.04657
0.05388
0.04942
0.06785
0.03848
0.08469
0.05809
0.05470
0.07496
0.07253
0.11746
0.08563
0.07780
0.09497
0.07926
0.07196
0.08076
0.07976
0.03873
0.03249
0.01347
0.00647
0.02238
0.00700
0.00714
0.03217
0.02686
0.03765
0.04402
0.05331
0.05247
0.06285
0.07990
0.06983
0.08328
0.07726
0.08020
0.09395
0.06188
0.08676
0.08502
0.07560
0.07592
0.08901
0.10490
0.12292
0.07722
0.08726
0.09072
0.09049
0.08679
0.07330
0.08200
0.07828
0.10573
0.09189
0.07361
0.02645
0.02380
0.05972
0.08578
0.08298
0.10306
0.08237
0.08469
0.09393
0.12805
0.11994
0.13499
0.13394
0.11912
0.13542
0.09873
0.04898
0.04098
0.01041
0.02732
0.04361
0.06591
0.03250
0.05851
0.02767
0.03029
0.01357
0.05137
0.04415
0.04845
0.05841
0.06136
0.08467
0.07061
0.08087
0.06541
0.04317
0.02246
0.03430
0.03490
0.01839
0.03158
0.03398
0.04734
0.06616
0.06684
0.10345
0.11434
0.12229
0.08521
0.08962
0.11003
0.10865
0.09904
0.08318
0.09797
0.10458
0.11062
0.08208
0.09282
0.08071
0.08715
0.08693
0.06314
0.05250
0.04410
0.03473
0.04324
0.02971
0.03430
0.01136
0.00400
0.00138
0.00000
0.02304
0.01068
0.00843
0.01435
0.05340
0.05317
0.02947
0.03782
0.01193
0.03808
0.04132
0.06548
0.05156
0.07100
0.05667
0.06643
0.06362
0.07038
0.04051
0.06810
0.06713
0.06267
0.08005
0.07893
0.06922
0.05801
0.03641
0.03315
0.05318
0.02671
0.03497
0.03874
0.00166
0.01057
0.05197
0.06803
0.08339
0.08023
0.07868
0.03398
0.05005
0.03277
0.01176
0.04044
0.04409
0.08329
0.07554
0.09032
0.08787
0.07171
0.07872
0.06174
0.09334
0.08853
0.09328
0.10139
0.12985
0.10493
0.04870
0.09711
0.08200
0.07973
0.10459
0.09965
0.11773
0.09256
0.09866
0.09321
0.08707
0.07594
0.04783
0.05505
0.04804
0.05330
0.04262
0.03006
0.01373
0.00834
0.02078
0.00936
0.00094
0.00226
0.01699
0.01319
0.03164
0.01296
0.00759
0.02592
0.00452
0.02654
0.00668
0.03285
0.01332
0.04834
0.03977
0.03126
0.04060
0.00073
0.02209
0.06094
0.05761
0.06151
0.07455
0.08508
0.08243
0.09111
0.08104
0.07970
0.05897
0.06105
0.05820
0.03584
0.01644
0.02964
0.01365
0.00000
0.00437
0.00826
0.02660
0.03338
0.04118
0.04959
0.05570
0.02615
0.02955
0.00275
0.02736
0.05185
0.07708
0.06543
0.08748
0.08653
0.07880
0.05506
0.01953
0.01094
0.05130
0.03380
0.01626
0.02486
0.01734
0.01251
0.00751
0.02180
0.02072
0.01233
0.00215
0.01276
0.02829
0.02628
0.04399
0.02291
0.03309
0.03410
0.04762
0.03542
0.03875
0.03751
0.03880
0.02100
0.01954
0.02975
0.02794
0.04343
0.01396
0.04210
0.03573
0.00958
0.00000
0.02555
0.04860
0.02720
0.03535
0.03378
0.02066
0.01783
0.05261
0.03064
0.05956
0.06911
0.10463
0.05227
0.00863
0.01145
0.03150
0.00491
0.00886
0.01438
0.01448
0.01872
0.02568
0.01122
0.02938
0.05875
0.02692
0.02423
0.04635
0.00746
0.00705
0.03113
0.04940
0.05904
0.05744
0.03853
0.00348
0.00534
0.01987
0.01557
0.04723
0.05412
0.04243
0.03065
0.00864
0.02325
0.06479
0.08219
0.07093
0.07516
0.05871
0.06556
0.04645
0.05180
0.03906
0.02161
0.03182
0.01766
0.03327
0.06824
0.05459
0.06300
0.05303
0.04449
0.05187
0.02149
0.01279
0.07987
0.05985
0.02668
0.05448
0.06097
0.08831
0.10650
0.08326
0.06788
0.05605
0.02575
0.04638
0.03521
0.03173
0.02566
0.01112
0.00307
0.02087
0.00690
0.06659
0.05934
0.03666
0.02946
0.03980
0.03799
0.04515
0.05968
0.03622
0.04308
0.03142
0.02493
0.05532
0.05619
0.07325
0.08175
0.08928
0.10277
0.10834
0.09054
0.08682
0.09421
0.07839
0.08747
0.10290
0.07633
0.01820
0.00916
0.03368
0.06063
0.02901
0.02763
0.04609
0.02483
0.01005
0.03032
0.04072
0.02829
0.00530
0.05417
0.04293
0.05986
0.06331
0.09773
0.07555
0.08414
0.10027
0.09652
0.11647
0.10704
0.10212
0.12595
0.13819
0.11170
0.10089
0.12998
0.09956
0.10124
0.08607
0.07422
0.02710
0.02968
0.04452
0.08100
0.05214
0.06167
0.05567
0.03734
0.05111
0.08248
0.06652
0.10560
0.09330
0.09883
0.07044
0.03944
0.07505
0.06029
0.02841
0.02761
0.03527
0.03980
0.03777
0.05110
0.05291
0.04859
0.06492
0.04463
0.02015
0.03072
0.04741
0.03212
0.01050
0.01593
0.02088
0.02476
0.04013
0.05298
0.02522
0.03889
0.06760
0.08055
0.07317
0.06884
0.03901
0.05745
0.05573
0.06215
0.07201
0.09149
0.12534
0.13013
0.16086
0.15752
0.15798
0.13536
0.10936
0.08023
0.06285
0.05872
0.04322
0.03350
0.03322
0.03868
0.04848
0.10335
0.10310
0.06617
0.08620
0.07993
0.06148
0.04837
0.05347
0.04349
0.06600
0.07667
0.10797
0.10731
0.11979
0.13605
0.12368
0.11812
0.09513
0.09628
0.10827
0.12057
0.11961
0.12772
0.11073
0.11956
0.13365
0.12998
0.11704
0.10092
0.08850
0.06606
0.06949
0.07044
0.06459
0.09354
0.09405
0.11214
0.11541
0.06730
0.05581
0.07082
0.05109
0.05073
0.03435
0.01418
0.03316
0.01303
0.04968
0.04028
0.07159
0.07158
0.06042
0.01586
0.02916
0.02975
0.00115
0.01926
0.02333
0.01009
0.01124
0.00926
0.00000
0.04099
0.04059
0.02885
0.02650
0.04138
0.06018
0.06860
0.07588
0.03954
0.02841
0.01258
0.03400
0.05916
0.04142
0.04690
0.03265
0.06566
0.04945
0.04398
0.04046
0.04170
0.01742
0.02766
0.01027
0.02529
0.03395
0.06230
0.05833
0.06258
0.03894
0.00787
0.02672
0.01247
0.01358
0.02024
0.03314
0.04224
0.04117
0.05313
0.00934
0.01395
0.02086
0.01788
0.03570
0.02095
0.03975
0.03574
0.04012
0.02618
0.02412
0.03808
0.06591
0.04504
0.05090
0.01175
0.02165
0.04801
0.05639
0.05620
0.04412
0.04073
0.07156
0.07193
0.09695
0.05920
0.06652
0.10528
0.11187
0.10212
0.12537
0.13383
0.14202
0.15327
0.11266
0.14003
0.14624
0.13524
0.15509
0.13196
0.08076
0.07594
0.07355
0.07227
0.08267
0.08541
0.10690
0.09487
0.12455
0.11499
0.09927
0.10777
0.12042
0.09019
0.12720
0.14886
0.16682
0.12736
0.09926
0.10886
0.12537
0.13791
0.16485
0.16374
0.16698
0.14113
0.15683
0.15757
0.11879
0.10764
0.07588
0.09916
0.10113
0.12358
0.13783
0.09183
0.10186
0.06408
0.10496
0.09444
0.09447
0.08050
0.10353
0.11323
0.11296
0.12262
0.10275
0.09056
0.10194
0.09409
0.09153
0.10877
0.12315
0.09505
0.12232
0.14250
0.16183
0.12950
0.12950
0.14186
0.14021
0.12392
0.11036
0.09175
0.06343
0.05384
0.02498
0.04475
0.07818
0.06831
0.07732
0.11169
0.09431
0.09581
0.01877
0.02262
0.02931
0.05961
0.04061
0.03906
0.02509
0.02979
0.03276
0.02403
0.04626
0.00805
0.03249
0.03172
0.05291
0.05540
0.06318
0.07642
0.03337
0.02493
0.04041
0.02774
0.06187
0.03255
0.04103
0.03184
0.03171
0.03996
0.02898
0.04335
0.02934
0.00000
0.02734
0.00547
0.03209
0.03392
0.01873
0.00568
0.03030
0.01800
0.06390
0.01358
0.03420
0.06532
0.05507
0.07354
0.07553
0.05858
0.07402
0.04031
0.04846
0.04623
0.03987
0.03864
0.03311
0.06877
0.02349
0.01169
0.00000
0.00787
0.01852
0.02661
0.04813
0.08489
0.09178
0.10992
0.11254
0.09043
0.09868
0.12239
0.12236
0.11980
0.13612
0.12741
0.12343
0.12295
0.09715
0.11551
0.09182
0.16123
0.17306
0.15332
0.14223
0.10981
0.11814
0.12272
0.12851
0.12790
0.10678
0.12721
0.14352
0.13833
0.15660
0.13961
0.12279
0.14023
0.15110
0.13091
0.14903
0.17652
0.19826
0.20492
0.18237
0.18062
0.13129
0.11698
0.09250
0.08545
0.06446
0.02891
0.03976
0.04804
0.06281
0.04616
0.03540
0.07236
0.06188
0.05571
0.02261
0.04454
0.07184
0.03890
0.04771
0.04456
0.03882
0.05310
0.07234
0.07267
0.08660
0.06163
0.03278
0.06226
0.07645
0.07789
0.06720
0.05963
0.07355
0.07193
0.05076
0.06685
0.03150
0.04855
0.04289
0.04638
0.04742
0.06327
0.05348
0.04435
0.01490
0.01098
0.03976
0.05064
0.06713
0.03535
0.01919
0.04685
0.07234
0.08558
0.07010
0.11061
0.11118
0.13363
0.17086
0.15661
0.15395
0.16960
0.17852
0.16217
0.19654
0.13677
0.15450
0.13522
0.13238
0.11481
0.11784
0.12014
0.10883
0.08810
0.06954
0.06801
0.05267
0.06181
0.03666
0.01388
0.02358
0.03594
0.02753
0.03678
0.05527
0.04794
0.05437
0.04230
0.03152
0.03660
0.00015
0.02676
0.00451
0.01580
0.04111
0.01050
0.03089
0.02343
0.01532
0.00020
0.00263
0.02469
0.02896
0.03132
0.01275
0.04689
0.06432
0.12420
0.09647
0.05303
0.05977
0.05645
0.05918
0.08067
0.08886
0.10520
0.12057
0.19289
0.19770
0.16759
0.18524
0.14896
0.16648
0.17587
0.17206
0.15575
0.17561
0.18139
0.18551
0.19197
0.21190
0.21616
0.17682
0.19507
0.19436
0.17627
0.14976
0.16288
0.17025
0.15806
0.16123
0.14975
0.13143
0.11142
0.10964
0.06661
0.02562
0.03356
0.05359
0.04390
0.03795
0.01048
0.01652
0.00000
0.08633
0.08055
0.08221
0.06549
0.06456
0.04220
0.05863
0.04227
0.04878
0.04851
0.02315
0.01881
0.01546
0.05978
0.03920
0.03846
0.05767
0.07182
0.06298
0.06663
0.05395
0.01945
0.03288
0.02613
0.05113
0.01890
0.09134
0.13444
0.12812
0.16451
0.15714
0.16791
0.17832
0.16581
0.12965
0.15683
0.13876
0.11337
0.07504
0.06685
0.03509
0.06118
0.05737
0.06978
0.10455
0.11257
0.06831
0.06094
0.04953
0.07563
0.06835
0.04446
0.03976
0.01907
0.02800
0.07954
0.05540
0.04957
0.05724
0.05480
0.05786
0.05522
0.08118
0.11038
0.13936
0.16315
0.15742
0.16423
0.13504
0.12045
0.12932
0.13421
0.13010
0.13713
0.16089
0.17369
0.15220
0.11174
0.10739
0.12041
0.13284
0.13462
0.09361
0.07622
0.11020
0.08405
0.11503
0.07902
0.05467
0.05088
0.05884
0.02630
0.00818
0.00759
0.00704
0.00788
0.05086
0.06506
0.03944
0.02699
0.04565
0.04739
0.04031
0.05627
0.05328
0.03699
0.04435
0.04430
0.03187
0.02559
0.07149
0.07680
0.06885
0.05435
0.02919
0.04515
0.02855
0.02655
0.03514
0.03546
0.03609
0.04403
0.00398
0.00849
0.00000
0.01042
0.01903
0.01908
0.02435
0.03346
0.04111
0.06477
0.08527
0.11579
0.10409
0.10584
0.12819
0.09709
0.13436
0.11202
0.08229
0.04666
0.02702
0.01033
0.01125
0.03239
0.01933
0.01253
0.03231
0.01362
0.02655
0.03332
0.00779
0.04293
0.04928
0.08371
0.07156
0.07292
0.04778
0.03362
0.00755
0.00118
0.01173
0.00008
0.00000
0.01210
0.03588
0.05555
0.07078
0.06944
0.10724
0.12346
0.11113
0.11446
0.10373
0.10303
0.10387
0.11787
0.07550
0.08874
0.09146
0.09854
0.10048
0.10336
0.14114
0.10944
0.09602
0.08638
0.07906
0.07006
0.08554
0.07460
0.09157
0.07248
0.07191
0.04580
0.03853
0.01163
0.04936
0.06998
0.07069
0.08465
0.05181
0.05053
0.06069
0.06516
0.05539
0.06330
0.08134
0.07147
0.09319
0.05052
0.01929
0.03832
0.03918
0.00571
0.01908
0.03253
0.03484
0.02782
0.06869
0.08172
0.07192
0.04302
0.02790
0.01689
0.01516
0.00728
0.01481
0.05483
0.04755
0.01686
0.01816
0.01396
0.04136
0.02804
0.04238
0.03540
0.02795
0.07920
0.10712
0.06934
0.08712
0.05734
0.07557
0.07727
0.03278
0.00850
0.02922
0.01895
0.02661
0.03044
0.03064
0.05977
0.04925
0.04178
0.03469
0.05072
0.01459
0.02509
0.02581
0.02660
0.03245
0.01347
0.00003
0.02276
0.00400
0.01563
0.01694
0.01100
0.01357
0.00555
0.01875
0.02872
0.02549
0.02753
0.01562
0.01510
0.01445
0.03024
0.02153
0.04041
0.04318
0.03699
0.00475
0.05038
0.07324
0.05206
0.03725
0.03742
0.05448
0.01311
0.02064
0.01045
0.00545
0.03121
0.04459
0.05107
0.05602
0.04530
0.02118
0.00367
0.00254
0.00000
0.03634
0.02807
0.03891
0.04804
0.05793
0.07030
0.06025
0.06553
0.07191
0.04032
0.03166
0.01848
0.04248
0.06238
0.07695
0.06831
0.09033
0.08373
0.03186
0.07405
0.07799
0.10218
0.09233
0.06642
0.08657
0.10212
0.06338
0.10002
0.10802
0.12349
0.10579
0.09556
0.08529
0.07098
0.07203
0.05323
0.04479
0.01437
0.01734
0.02282
0.01948
0.02025
0.02932
0.03490
0.05285
0.06137
0.10361
0.07166
0.04918
0.06142
0.10690
0.13889
0.11028
0.10827
0.12256
0.12342
0.07719
0.08051
0.09688
0.11399
0.10127
0.09662
0.08979
0.06580
0.08398
0.07515
0.06129
0.07688
0.10217
0.09562
0.08178
0.08797
0.10021
0.06365
0.05948
0.03817
0.04467
0.06115
0.04522
0.03543
0.00771
0.02849
0.03638
0.03343
0.10368
0.05749
0.00306
0.02312
0.03924
0.02500
0.03151
0.05184
0.04518
0.05755
0.07152
0.09219
0.08676
0.07620
0.05974
0.06941
0.05770
0.02728
0.01898
0.02291
0.02894
0.00396
0.02650
0.04985
0.01515
0.00884
0.00409
0.05387
0.04768
0.04480
0.04625
0.04889
0.05286
0.06914
0.04241
0.04446
0.05444
0.05156
0.05416
0.04049
0.07879
0.02922
0.05842
0.09704
0.08632
0.07417
0.08602
0.05867
0.06444
0.02966
0.03377
0.01325
0.01291
0.01834
0.00000
0.00000
0.04259
0.04221
0.02547
0.03996
0.05232
0.03086
0.02051
0.02780
0.00865
0.02246
0.04291
0.02724
0.01648
0.00953
0.05302
0.04729
0.06329
0.05758
0.06216
0.05605
0.04714
0.02991
0.03006
0.00677
0.02091
0.04040
0.04086
0.05306
0.05971
0.06149
0.06646
0.05476
0.07201
0.09586
0.12588
0.11550
0.12928
0.10441
0.11072
0.12932
0.11663
0.11384
0.09021
0.08889
0.05300
0.03946
0.05663
0.04538
0.05877
0.06560
0.06043
0.01563
0.01712
0.02493
0.03468
0.01655
0.01123
0.01280
0.00010
0.00000
0.03831
0.03758
0.02003
0.01520
0.02406
0.00392
0.00923
0.01512
0.00000
0.00876
0.00663
0.00003
0.01372
0.01692
0.00225
0.02786
0.00922
0.01371
0.07885
0.08189
0.06973
0.06855
0.08166
0.08235
0.11474
0.10399
0.09524
0.09814
0.09046
0.08606
0.06257
0.07878
0.05306
0.03026
0.02335
0.02713
0.05710
0.04022
0.01987
0.04185
0.03311
0.03059
0.08132
0.11127
0.12459
0.12713
0.13545
0.14273
0.14306
0.15235
0.18412
0.21037
0.15343
0.15046
0.16061
0.11706
0.15421
0.15619
0.13725
0.16073
0.13928
0.09232
0.08574
0.07685
0.08256
0.09076
0.07211
0.09698
0.10657
0.10642
0.08152
0.07796
0.09729
0.15766
0.15111
0.13940
0.17803
0.16374
0.17932
0.16591
0.16898
0.17179
0.18614
0.19235
0.21416
0.21990
0.20039
0.19841
0.20675
0.23746
0.24203
0.24519
0.21073
0.20079
0.21762
0.21079
0.18529
0.18852
0.20383
0.16787
0.16998
0.16090
0.09170
0.05634
0.07455
0.09065
0.07463
0.04149
0.02559
0.00018
0.00766
0.00000
0.02002
0.02788
0.02973
0.01422
0.03699
0.03199
0.01272
0.02707
0.06484
0.05515
0.10992
0.12042
0.12127
0.09901
0.08187
0.04895
0.01194
0.00411
0.01596
0.02329
0.02993
0.03934
0.01504
0.04368
0.03399
0.03516
0.03281
0.02802
0.02044
0.02431
0.01990
0.03080
0.06930
0.08801
0.09427
0.08620
0.15070
0.12949
0.10674
0.12153
0.11056
0.12049
0.13592
0.14419
0.16286
0.19024
0.19841
0.18023
0.18630
0.17652
0.20302
0.23590
0.20776
0.16314
0.16304
0.19271
0.18398
0.21745
0.22940
0.21355
0.18831
0.19743
0.19573
0.19918
0.13251
0.10057
0.11877
0.13120
0.11154
0.08804
0.09297
0.10216
0.13747
0.17600
0.16651
0.18062
0.16246
0.15155
0.18389
0.16550
0.12572
0.13688
0.13725
0.15689
0.16777
0.14380
0.13946
0.09943
0.04509
0.04939
0.05175
0.04981
0.03421
0.01935
0.00900
0.02196
0.00934
0.01084
0.03223
0.02873
0.00000
0.00002
0.04220
0.02528
0.02731
0.03554
0.04532
0.04499
0.06359
0.06603
0.05319
0.02610
0.04234
0.05366
0.10317
0.11143
0.13061
0.12778
0.14487
0.12274
0.10944
0.10985
0.09954
0.07780
0.09688
0.09003
0.05110
0.04129
0.05161
0.05145
0.03381
0.00320
0.01866
0.04667
0.07256
0.03886
0.01358
0.00104
0.01633
0.01853
0.00000
0.02492
0.02463
0.03953
0.05700
0.04778
0.04454
0.02089
0.00502
0.04320
0.06678
0.05602
0.07390
0.05743
0.01926
0.03841
0.05075
0.04073
0.06006
0.09052
0.06605
0.07855
0.05525
0.09047
0.08195
0.08730
0.05153
0.04944
0.06019
0.08906
0.07237
0.08431
0.03296
0.03922
0.02958
0.04147
0.04447
0.04876
0.04447
0.04120
0.07292
0.06749
0.06514
0.07143
0.07182
0.03996
0.04400
0.03286
0.02108
0.02562
0.01405
0.03564
0.03271
0.00781
0.01569
0.01405
0.01146
0.04642
0.05809
0.00836
0.03458
0.06565
0.08912
0.04323
0.02458
0.01394
0.01955
0.05136
0.04054
0.00158
0.01505
0.02476
0.03231
0.03619
0.00932
0.02654
0.01516
0.03609
0.03695
0.03197
0.03964
0.05295
0.04341
0.05615
0.02743
0.00617
0.00734
0.00009
0.02216
0.00215
0.00651
0.01114
0.01168
0.02161
0.03322
0.03295
0.01146
0.00000
0.00000
0.01819
0.02700
0.05300
0.03838
0.02829
0.00000
0.01440
0.02413
0.01759
0.01383
0.02391
0.04859
0.06154
0.07459
0.05626
0.05204
0.03205
0.03901
0.03340
0.02280
0.03356
0.02625
0.05779
0.08701
0.10971
0.07182
0.07103
0.06375
0.02598
0.04352
0.04858
0.02669
0.03100
0.03642
0.03650
0.02961
0.03224
0.03175
0.04697
0.01971
0.00727
0.01344
0.05022
0.04263
0.03061
0.06443
0.07302
0.05278
0.07337
0.09585
0.09639
0.10597
0.10195
0.04114
0.03863
0.06483
0.06633
0.07684
0.11788
0.13051
0.13566
0.05861
0.06752
0.05843
0.04856
0.08422
0.09274
0.07419
0.06004
0.03331
0.04536
0.04258
0.04158
0.06113
0.06003
0.07818
0.10171
0.10085
0.11307
0.14172
0.15591
0.17602
0.16016
0.17642
0.16446
0.17809
0.18915
0.20622
0.17917
0.17525
0.17496
0.17114
0.12360
0.13349
0.08140
0.09082
0.03091
0.01777
0.04448
0.08093
0.08271
0.08778
0.10424
0.08695
0.09950
0.09883
0.07546
0.10041
0.10284
0.10993
0.12714
0.10476
0.05321
0.05972
0.05013
0.08267
0.09252
0.09263
0.08933
0.08893
0.07250
0.05795
0.04782
0.02024
0.00205
0.06269
0.05110
0.05512
0.06628
0.02706
0.04349
0.03709
0.04895
0.02827
0.03289
0.03259
0.07516
0.05503
0.07932
0.07940
0.07396
0.05155
0.07573
0.04180
0.04178
0.05845
0.07213
0.09463
0.08093
0.10454
0.12401
0.13440
0.13427
0.11691
0.12473
0.14816
0.11908
0.14888
0.15817
0.12541
0.12387
0.07262
0.05761
0.05058
0.06402
0.04087
0.06116
0.05368
0.06809
0.03516
0.05898
0.03725
0.04850
0.03275
0.05611
0.05140
0.02814
0.01639
0.00000
0.00618
0.01933
0.02112
0.03085
0.02658
0.00000
0.00524
0.04374
0.03797
0.03139
0.02969
0.01113
0.03829
0.04840
0.03769
0.04120
0.05124
0.02845
0.03066
0.02353
0.01878
0.00654
0.03127
0.02400
0.02750
0.03212
0.05260
0.04211
0.02256
0.04720
0.05037
0.03988
0.02426
0.01593
0.03179
0.00000
0.00412
0.00002
0.00000
0.03429
0.03059
0.00299
0.00150
0.02688
0.00000
0.00000
0.00443
0.00934
0.02475
0.00960
0.04279
0.04275
0.03107
0.05298
0.06347
0.06450
0.04553
0.03538
0.05367
0.05352
0.03842
0.04049
0.00511
0.00155
0.03892
0.04876
0.03247
0.06437
0.06329
0.04840
0.04775
0.04869
0.02972
0.00499
0.02568
0.03116
0.04668
0.03787
0.05782
0.08100
0.06634
0.08513
0.09438
0.09464
0.10820
0.09967
0.14104
0.12819
0.13862
0.13256
0.11938
0.11945
0.14721
0.11430
0.18110
0.14990
0.11564
0.09046
0.09560
0.14893
0.13861
0.14494
0.14871
0.17324
0.15073
0.15410
0.14538
0.17732
0.16964
0.17473
0.16124
0.14126
0.13220
0.16771
0.14786
0.12331
0.14603
0.14801
0.13813
0.14377
0.18548
0.18553
0.17893
0.14250
0.13978
0.11129
0.13832
0.10279
0.11893
0.11844
0.07499
0.07620
0.05815
0.06413
0.10617
0.09499
0.07845
0.07196
0.04222
0.05624
0.07357
0.08809
0.06548
0.03820
0.03462
0.01860
0.03589
0.01309
0.02151
0.04129
0.02823
0.04967
0.04953
0.04748
0.04011
0.04726
0.06234
0.09288
0.05009
0.04317
0.02349
0.05030
0.08892
0.14526
0.17863
0.17236
0.17242
0.16532
0.14808
0.16885
0.19376
0.19464
0.19627
0.17154
0.15700
0.15700
0.15439
0.14940
0.16130
0.15568
0.15724
0.12963
0.10663
0.06826
0.08670
0.09567
0.07627
0.07504
0.05340
0.02769
0.03802
0.03688
0.04146
0.06447
0.03942
0.04556
0.05428
0.05601
0.05414
0.09943
0.07454
0.04628
0.05245
0.02101
0.03932
0.08241
0.09522
0.11096
0.12041
0.09779
0.09236
0.11212
0.11425
0.11931
0.11931
0.09818
0.10690
0.09987
0.11313
0.10862
0.09591
0.10385
0.11679
0.05973
0.08089
0.09675
0.11595
0.10981
0.13465
0.10788
0.10537
0.10740
0.13491
0.12760
0.11852
0.09517
0.08827
0.09593
0.08356
0.09448
0.06981
0.08117
0.08290
0.05809
0.09611
0.09096
0.10514
0.10186
0.08312
0.06853
0.06931
0.05581
0.05759
0.06088
0.05690
0.06262
0.05034
0.12663
0.09954
0.11777
0.11365
0.10850
0.08573
0.05657
0.03702
0.01795
0.00000
0.00015
0.01648
0.01426
0.01433
0.00952
0.00000
0.00000
0.03361
0.05715
0.04981
0.03997
0.08745
0.08506
0.11325
0.09446
0.11433
0.09035
0.08937
0.08777
0.06897
0.02897
0.05871
0.04169
0.03553
0.03029
0.02741
0.02301
0.04164
0.02076
0.05956
0.06177
0.05588
0.10881
0.09906
0.10158
0.06857
0.05656
0.02285
0.01126
0.01226
0.00780
0.01007
0.05878
0.04789
0.04653
0.04207
0.03715
0.04894
0.03993
0.02461
0.02461
0.03085
0.03255
0.04549
0.05589
0.03787
0.04940
0.08513
0.10774
0.13896
0.15900
0.13229
0.14063
0.10090
0.10840
0.10668
0.09349
0.09381
0.10935
0.08431
0.02325
0.01966
0.05593
0.07371
0.08530
0.07955
0.08446
0.09008
0.08767
0.09380
0.03220
0.06018
0.07822
0.07178
0.09603
0.09694
0.09501
0.13060
0.14533
0.15693
0.15228
0.12531
0.12269
0.09495
0.09708
0.11952
0.12142
0.14709
0.15726
0.11484
0.09474
0.09308
0.13451
0.09378
0.09913
0.07945
0.05876
0.03266
0.03915
0.02705
0.03372
0.05136
0.10082
0.06480
0.07544
0.07564
0.08071
0.09128
0.07439
0.04633
0.02840
0.03856
0.02066
0.02264
0.02417
0.06158
0.06922
0.08602
0.08148
0.10546
0.07585
0.02848
0.00000
0.00566
0.01943
0.00000
0.03759
0.05230
0.07238
0.06277
0.04410
0.01730
0.05457
0.06378
0.06520
0.05493
0.05233
0.08637
0.07351
0.02309
0.01673
0.03575
0.03210
0.00936
0.04000
0.05383
0.05045
0.07282
0.05903
0.07923
0.11052
0.10034
0.08780
0.02953
0.04256
0.07791
0.07089
0.05223
0.03689
0.05846
0.06049
0.03264
0.03143
0.01991
0.02909
0.03571
0.00011
0.02609
0.01239
0.01137
0.00027
0.01640
0.01862
0.00730
0.03106
0.02946
0.00471
0.04277
0.05221
0.06070
0.06547
0.05294
0.00020
0.01326
0.02622
0.06200
0.09131
0.12566
0.12408
0.08607
0.06557
0.06824
0.09362
0.08052
0.07236
0.09832
0.10824
0.09209
0.05820
0.04126
0.03652
0.03399
0.02529
0.02420
0.04806
0.05402
0.01214
0.00504
0.00000
0.02569
0.04901
0.00921
0.03253
0.00000
0.01119
0.00944
0.00371
0.03389
0.06175
0.08999
0.13089
0.09667
0.10492
0.12028
0.11569
0.09562
0.07515
0.06456
0.04384
0.03287
0.02331
0.03017
0.01482
0.00638
0.01991
0.03168
0.01847
0.02365
0.04357
0.04773
0.04877
0.05038
0.05734
0.06675
0.08223
0.06206
0.07624
0.08589
0.09443
0.08785
0.09230
0.10111
0.10200
0.12877
0.10924
0.08832
0.07073
0.06765
0.07651
0.06787
0.08700
0.08320
0.12182
0.13487
0.12961
0.13127
0.09858
0.12273
0.11841
0.11662
0.10605
0.07775
0.12616
0.13354
0.15881
0.16350
0.18487
0.15830
0.13502
0.13353
0.16260
0.17609
0.19032
0.17731
0.15468
0.15707
0.16788
0.14274
0.13111
0.13223
0.15491
0.18237
0.22553
0.15950
0.16896
0.16411
0.14357
0.15540
0.12621
0.13920
0.12343
0.12728
0.09314
0.07685
0.13156
0.09613
0.06053
0.11127
0.07134
0.04146
0.02912
0.01842
0.01005
0.06016
0.07184
0.08748
0.09426
0.05289
0.02925
0.04559
0.02300
0.02425
0.01985
0.04322
0.03385
0.00000
0.02227
0.06548
0.05961
0.05933
0.04861
0.02780
0.04539
0.02170
0.01800
0.01766
0.05055
0.04401
0.04380
0.05643
0.06061
0.08579
0.08581
0.06863
0.05944
0.05685
0.05200
0.05128
0.05538
0.03072
0.01480
0.02580
0.03240
0.03773
0.06180
0.11213
0.10818
0.06003
0.08396
0.04746
0.04450
0.04817
0.09614
0.10208
0.09607
0.10989
0.11129
0.11974
0.14004
0.17950
0.20730
0.18397
0.19269
0.18513
0.15164
0.14970
0.15895
0.17074
0.18776
0.19062
0.16850
0.15950
0.15517
0.18364
0.16708
0.19162
0.19319
0.18798
0.16425
0.13017
0.14273
0.11122
0.08747
0.03851
0.02524
0.02486
0.03769
0.02742
0.00030
0.02618
0.01835
0.02246
0.03608
0.05912
0.06179
0.05266
0.08023
0.07779
0.04272
0.02368
0.04976
0.02664
0.01849
0.02351
0.00853
0.02194
0.00874
0.00756
0.03197
0.01972
0.01929
0.03610
0.04498
0.02914
0.09403
0.10833
0.08942
0.10852
0.07748
0.07566
0.08923
0.07152
0.06223
0.06781
0.04851
0.05369
0.07541
0.05564
0.05532
0.02721
0.02992
0.01074
0.02901
0.04148
0.04247
0.06003
0.03795
0.02933
0.06320
0.07020
0.01869
0.02574
0.02830
0.04939
0.06388
0.04984
0.06311
0.04861
0.03497
0.06789
0.05514
0.05789
0.07068
0.08136
0.03178
0.01627
0.01039
0.00852
0.01728
0.01511
0.01355
0.01858
0.00000
0.01625
0.01119
0.03571
0.04893
0.05055
0.05450
0.04161
0.03852
0.04877
0.02456
0.02478
0.02246
0.05461
0.03796
0.01992
0.00496
0.00000
0.03449
0.04403
0.05386
0.01343
0.00687
0.02018
0.01827
0.01274
0.02024
0.05772
0.05735
0.07070
0.06700
0.05477
0.04044
0.03890
0.03660
0.04727
0.05495
0.03616
0.03310
0.02263
0.03490
0.05407
0.04981
0.07033
0.07033
0.07295
0.05993
0.07465
0.06628
0.06176
0.07694
0.03851
0.00678
0.01257
0.00101
0.00772
0.04463
0.06198
0.06590
0.08568
0.07764
0.08087
0.10760
0.08880
0.08058
0.05732
0.05946
0.05604
0.07819
0.06587
0.07276
0.09075
0.10120
0.08061
0.04064
0.02230
0.01552
0.00597
0.00909
0.00500
0.00423
0.02269
0.02378
0.01050
0.02776
0.00507
0.00388
0.02333
0.03458
0.03152
0.03518
0.06703
0.05753
0.05114
0.03466
0.08632
0.10863
0.07001
0.05463
0.03460
0.02963
0.01515
0.02037
0.03028
0.05135
0.03773
0.03773
0.04602
0.04581
0.05327
0.08875
0.08414
0.08781
0.11864
0.08412
0.05850
0.08284
0.08858
0.06759
0.03890
0.02304
0.01948
0.02499
0.02440
0.01870
0.02065
0.08968
0.07010
0.03310
0.05021
0.05774
0.06186
0.03930
0.03931
0.01517
0.02879
0.07059
0.05878
0.10945
0.12010
0.11168
0.07098
0.05944
0.07982
0.07424
0.08109
0.03388
0.03296
0.03329
0.08788
0.11516
0.13219
0.11138
0.11729
0.11200
0.12371
0.10847
0.11452
0.11746
0.08789
0.07212
0.07029
0.04076
0.04034
0.02547
0.05237
0.06517
0.07144
0.08448
0.03630
0.03901
0.03579
0.04166
0.03721
0.07797
0.07999
0.08338
0.09302
0.07691
0.06724
0.07244
0.07768
0.03781
0.05496
0.06207
0.07625
0.07361
0.09589
0.08834
0.08591
0.07221
0.06136
0.10774
0.09611
0.11397
0.11870
0.12979
0.12119
0.12046
0.09703
0.06419
0.04794
0.06579
0.07065
0.05510
0.03010
0.04956
0.03505
0.04164
0.04598
0.04921
0.01760
0.01817
0.01511
0.03701
0.06621
0.07043
0.04477
0.06146
0.03875
0.04953
0.03606
0.03473
0.04528
0.05287
0.09196
0.04187
0.06459
0.06996
0.04585
0.07446
0.08483
0.08592
0.08093
0.06493
0.08457
0.06327
0.07286
0.08389
0.07849
0.06754
0.02632
0.03456
0.01875
0.04479
0.07471
0.08290
0.05221
0.07514
0.09488
0.06381
0.04803
0.03988
0.03222
0.05357
0.04177
0.02150
0.01368
0.04452
0.09596
0.08303
0.11771
0.08213
0.07399
0.07371
0.06411
0.02962
0.07547
0.07433
0.06510
0.06289
0.04719
0.03393
0.03300
0.02109
0.02823
0.02420
0.02589
0.04314
0.03621
0.03681
0.04726
0.02121
0.02952
0.02653
0.02199
0.04626
0.03208
0.06215
0.06292
0.03056
0.04018
0.01279
0.02818
0.04134
0.04486
0.04908
0.02871
0.04588
0.03204
0.04193
0.04326
0.04036
0.03396
0.04650
0.06049
0.02470
0.02039
0.05117
0.06458
0.01338
0.03130
0.00226
0.00046
0.00054
0.07554
0.11110
0.10617
0.10094
0.10994
0.11663
0.06277
0.06643
0.09614
0.09977
0.11403
0.10408
0.07936
0.07361
0.07167
0.09438
0.09757
0.06469
0.04479
0.05658
0.04754
0.01896
0.05516
0.02839
0.03121
0.00000
0.00096
0.01925
0.03114
0.04963
0.03765
0.05385
0.05170
0.03409
0.00647
0.00172
0.01163
0.00578
0.02187
0.08035
0.07807
0.03091
0.01591
0.05203
0.06711
0.08446
0.05198
0.04716
0.03695
0.02832
0.03064
0.01238
0.02053
0.01463
0.03473
0.02215
0.03351
0.07368
0.05745
0.06427
0.06388
0.05817
0.05604
0.03477
0.06203
0.07558
0.07261
0.05801
0.05171
0.03222
0.00549
0.02114
0.04332
0.03226
0.01727
0.01379
0.00325
0.01082
0.00656
0.00000
0.00000
0.03850
0.02615
0.03616
0.03398
0.03012
0.05058
0.08796
0.08703
0.08134
0.05992
0.07715
0.05271
0.04254
0.05027
0.03892
0.05024
0.02879
0.02470
0.01901
0.02059
0.04969
0.00899
0.03432
0.04691
0.06202
0.05676
0.01450
0.03094
0.01986
0.00851
0.04069
0.02555
0.03700
0.01548
0.03081
0.00979
0.00934
0.01335
0.00216
0.01369
0.03550
0.00611
0.02998
0.03188
0.03705
0.02027
0.01944
0.04559
0.02648
0.01347
0.02939
0.00625
0.01922
0.02060
0.05297
0.07117
0.08401
0.09954
0.07923
0.03672
0.01491
0.02629
0.03899
0.03618
0.01881
0.01507
0.00835
0.02671
0.02866
0.00030
0.01868
0.05682
0.04929
0.03309
0.04710
0.07070
0.08209
0.06435
0.02946
0.05732
0.09271
0.09978
0.07258
0.03309
0.04594
0.06332
0.04206
0.00000
0.02564
0.04440
0.01324
0.02929
0.02032
0.04453
0.05908
0.03399
0.02809
0.04286
0.05773
0.04000
0.02845
0.04220
0.03981
0.03835
0.03669
0.01419
0.05207
0.03467
0.03486
0.03183
0.03520
0.03648
0.01790
0.04594
0.04124
0.03893
0.02313
0.00279
0.04133
0.05740
0.07600
0.05007
0.05241
0.05422
0.05103
0.04705
0.05378
0.08150
0.05055
0.05075
0.03733
0.03617
0.09896
0.12615
0.12172
0.11520
0.13502
0.14481
0.17393
0.15834
0.14546
0.16763
0.15766
0.15135
0.12953
0.12797
0.13791
0.14525
0.14878
0.15472
0.14076
0.13424
0.09889
0.08604
0.08008
0.11600
0.13621
0.15357
0.13195
0.12069
0.12851
0.10342
0.09938
0.08043
0.06629
0.05360
0.07384
0.08174
0.15980
0.16629
0.15642
0.14646
0.13821
0.14993
0.14667
0.17763
0.18178
0.17107
0.15750
0.17446
0.18921
0.17506
0.18843
0.20022
0.18976
0.18335
0.18085
0.15784
0.16479
0.14756
0.12363
0.08905
0.08388
0.01144
0.01802
0.01273
0.00995
0.03771
0.04545
0.06598
0.05317
0.04485
0.08355
0.09894
0.11234
0.11437
0.07076
0.06724
0.06952
0.07448
0.07169
0.03431
0.06902
0.06366
0.10809
0.10229
0.09498
0.12268
0.16383
0.11090
0.12799
0.12132
0.12889
0.10841
0.10082
0.12150
0.09561
0.10054
0.05782
0.03513
0.06553
0.06672
0.07023
0.06813
0.08036
0.06468
0.04574
0.06236
0.03793
0.04011
0.02775
0.05187
0.07632
0.11456
0.10265
0.12333
0.08381
0.05945
0.05258
0.05833
0.05118
0.03557
0.04754
0.02934
0.02349
0.05801
0.05013
0.06170
0.08395
0.08517
0.07215
0.09215
0.09733
0.08476
0.08738
0.12894
0.09171
0.07347
0.06042
0.04772
0.06547
0.05289
0.05742
0.02736
0.02525
0.04443
0.04609
0.03594
0.07314
0.07854
0.04795
0.06625
0.08251
0.08530
0.02376
0.03393
0.02574
0.05740
0.03673
0.04066
0.06986
0.08068
0.12559
0.12429
0.11498
0.06460
0.02794
0.04607
0.03887
0.06868
0.06590
0.06056
0.05724
0.09484
0.08892
0.10977
0.10102
0.09704
0.10076
0.08111
0.03715
0.02848
0.00369
0.03530
0.05771
0.06223
0.06668
0.06737
0.05253
0.04588
0.04278
0.05499
0.03233
0.01085
0.01324
0.04453
0.05191
0.07661
0.07164
0.05972
0.07439
0.03058
0.03758
0.02657
0.02658
0.01620
0.04533
0.04537
0.04754
0.03240
0.03178
0.03528
0.01106
0.02368
0.01248
0.02043
0.00845
0.02186
0.00426
0.00492
0.03465
0.02660
0.05659
0.04875
0.07569
0.05800
0.06009
0.04192
0.01978
0.02297
0.01809
0.03291
0.02566
0.04949
0.05886
0.07687
0.09069
0.06174
0.06625
0.09059
0.04646
0.03218
0.03563
0.03111
0.04550
0.02714
0.00586
0.04401
0.01641
0.01698
0.02630
0.04083
0.02498
0.03137
0.02591
0.01497
0.01838
0.00672
0.03591
0.03888
0.02723
0.01881
0.00014
0.01806
0.01635
0.02097
0.03352
0.04249
0.02812
0.03197
0.02730
0.05278
0.02891
0.01875
0.02104
0.02458
0.02318
0.05057
0.04123
0.03549
0.04330
0.06351
0.04309
0.03083
0.05499
0.05560
0.07792
0.05976
0.05905
0.06897
0.09091
0.09077
0.09508
0.05803
0.05761
0.07718
0.05547
0.04084
0.04230
0.07707
0.07109
0.05234
0.06681
0.04338
0.04949
0.02519
0.05151
0.04410
0.05489
0.05076
0.06575
0.07362
0.07136
0.07236
0.05602
0.02558
0.03955
0.06527
0.03763
0.05440
0.10604
0.11117
0.10741
0.09164
0.09613
0.13493
0.12519
0.14428
0.11176
0.11730
0.11230
0.11245
0.08724
0.10033
0.04130
0.04573
0.01149
0.01913
0.00532
0.00000
0.02891
0.02338
0.05280
0.03527
0.04934
0.07634
0.06907
0.02779
0.00704
0.05114
0.06220
0.04384
0.00235
0.00000
0.00740
0.02504
0.04164
0.04679
0.07339
0.06729
0.12049
0.10868
0.12422
0.13493
0.12040
0.08810
0.07822
0.07393
0.07406
0.08409
0.04347
0.08508
0.08279
0.08935
0.07815
0.07059
0.02197
0.04063
0.05015
0.04788
0.04684
0.06338
0.06136
0.09184
0.09494
0.06139
0.07143
0.06636
0.10982
0.15494
0.16711
0.13634
0.14307
0.16766
0.16449
0.15063
0.15251
0.14221
0.12275
0.14435
0.14847
0.14188
0.14832
0.14151
0.10816
0.03043
0.06447
0.05309
0.08005
0.07563
0.05624
0.01986
0.02891
0.04889
0.08177
0.08686
0.13776
0.11853
0.08944
0.09652
0.11028
0.05665
0.07026
0.07832
0.11566
0.08847
0.09085
0.07470
0.09604
0.07067
0.05830
0.04539
0.07498
0.06980
0.06921
0.09732
0.09568
0.10448
0.10235
0.07310
0.04856
0.03772
0.04089
0.04080
0.05206
0.04373
0.04005
0.07244
0.08036
0.09836
0.09513
0.08843
0.08041
0.06387
0.06864
0.07378
0.05774
0.03624
0.04394
0.03572
0.02032
0.01861
0.01323
0.02512
0.01377
0.01313
0.03985
0.05286
0.05489
0.07220
0.09515
0.13100
0.10653
0.08612
0.10421
0.09883
0.08466
0.09421
0.10290
0.09155
0.10714
0.05516
0.05215
0.10561
0.10065
0.10546
0.10423
0.09083
0.08442
0.06748
0.05749
0.08284
0.09006
0.08632
0.09194
