0.00000
0.03582
0.04887
0.07442
0.07278
0.06104
0.04106
0.04186
0.03147
0.05969
0.06845
0.07341
0.08665
0.08244
0.11270
0.13084
0.13334
0.15016
0.14454
0.13880
0.15946
0.14326
0.12533
0.16530
0.16503
0.15113
0.13780
0.13863
0.13465
0.10421
0.11299
0.14048
0.17123
0.14553
0.14238
0.14972
0.10445
0.11749
0.13101
0.11738
0.08449
0.06126
0.06120
0.03168
0.05385
0.04313
0.03580
0.03161
0.03858
0.04160
0.04085
0.01589
0.00905
0.00000
0.00000
0.01414
0.04426
0.05533
0.04165
0.04777
0.04275
0.04008
0.05072
0.05632
0.04444
0.04329
0.06694
0.09931
0.09370
0.09010
0.03808
0.03190
0.05126
0.08754
0.07056
0.04584
0.04621
0.03963
0.03711
0.05692
0.02797
0.00114
0.01569
0.02553
0.01218
0.00315
0.01187
0.01123
0.03984
0.04525
0.04620
0.02772
0.02811
0.07700
0.10037
0.10949
0.08036
0.06805
0.06141
0.05712
0.06872
0.04762
0.01215
0.02103
0.02954
0.00000
0.00000
0.01207
0.01502
0.06340
0.01935
0.05259
0.08368
0.03772
0.06440
0.06204
0.06673
0.07710
0.03917
0.07074
0.08085
0.08620
0.08544
0.09045
0.05469
0.07300
0.07074
0.08408
0.08895
0.07909
0.08237
0.10853
0.08359
0.10797
0.09540
0.10785
0.10560
0.11463
0.10185
0.15570
0.16292
0.14061
0.09827
0.06625
0.06696
0.06962
0.07154
0.08113
0.06216
0.08083
0.08567
0.07662
0.15156
0.15380
0.11307
0.07748
0.05362
0.06931
0.04713
0.05800
0.07958
0.07330
0.07596
0.07002
0.05208
0.04462
0.05387
0.08289
0.06142
0.06029
0.07765
0.09393
0.09795
0.13482
0.12947
0.12780
0.14859
0.07690
0.06568
0.07256
0.08884
0.05499
0.06698
0.03914
0.02261
0.02592
0.03018
0.02112
0.04485
0.04489
0.08704
0.11228
0.07784
0.03551
0.03246
0.03788
0.03189
0.03170
0.01579
0.02364
0.01616
0.02372
0.01731
0.00000
0.00196
0.01709
0.03616
0.03904
0.01203
0.04991
0.00578
0.02018
0.03446
0.04116
0.03381
0.02770
0.00464
0.01730
0.03020
0.07359
0.06263
0.03044
0.02430
0.05540
0.05911
0.04409
0.00764
0.02890
0.03533
0.05333
0.02927
0.05299
0.07048
0.02618
0.03596
0.02095
0.05824
0.04061
0.05214
0.01340
0.01354
0.00000
0.01272
0.00980
0.02578
0.05446
0.02939
0.02137
0.03160
0.03879
0.05913
0.07771
0.09717
0.09962
0.07986
0.06722
0.08603
0.06211
0.06521
0.04754
0.04361
0.02847
0.05828
0.06445
0.05934
0.04664
0.05281
0.04393
0.05200
0.05812
0.06178
0.09804
0.09878
0.11580
0.12948
0.10294
0.10069
0.09143
0.06493
0.05398
0.04987
0.04995
0.04448
0.02343
0.02446
0.01117
0.04436
0.06604
0.08864
0.09750
0.08074
0.03587
0.01109
0.02719
0.03037
0.05508
0.04148
0.05196
0.06565
0.04993
0.08721
0.08599
0.07902
0.07494
0.10197
0.11735
0.08992
0.04938
0.06200
0.09393
0.09144
0.09073
0.08959
0.08733
0.09248
0.07755
0.04197
0.03687
0.03185
0.04043
0.02964
0.00941
0.00923
0.04326
0.04619
0.05569
0.02392
0.04235
0.07906
0.08399
0.09729
0.10538
0.09164
0.10558
0.11659
0.08438
0.07368
0.08438
0.08799
0.07521
0.06985
0.06648
0.06863
0.08960
0.08365
0.10295
0.09596
0.10101
0.11098
0.11154
0.10603
0.05815
0.06563
0.08430
0.08082
0.07356
0.06630
0.08813
0.10908
0.09344
0.10187
0.10119
0.08779
0.09025
0.11663
0.11538
0.08593
0.06973
0.08255
0.07396
0.09998
0.08948
0.07447
0.08590
0.06098
0.04944
0.07388
0.05567
0.01880
0.01696
0.01310
0.00903
0.00929
0.00000
0.00256
0.02324
0.01627
0.01978
0.00755
0.00000
0.02449
0.04904
0.08961
0.06352
0.06743
0.06225
0.07952
0.06454
0.04809
0.06774
0.07748
0.09798
0.08896
0.05007
0.09330
0.08733
0.08681
0.05701
0.04986
0.05005
0.04231
0.05188
0.05230
0.05442
0.07127
0.07985
0.07865
0.10861
0.12335
0.12468
0.15256
0.13496
0.12772
0.10765
0.12077
0.11296
0.13770
0.11801
0.10556
0.10735
0.12424
0.12801
0.11228
0.13708
0.11520
0.12407
0.10434
0.11058
0.12232
0.11561
0.09885
0.06913
0.07969
0.06968
0.06853
0.08508
0.09453
0.10320
0.03526
0.05761
0.04232
0.05346
0.07173
0.07078
0.05876
0.03374
0.05394
0.04824
0.04943
0.09808
0.13356
0.10947
0.13904
0.08090
0.07749
0.06926
0.06503
0.07975
0.12394
0.07870
0.06288
0.05496
0.04588
0.07679
0.07790
0.07523
0.04675
0.03288
0.05118
0.01766
0.03771
0.06036
0.05578
0.05262
0.05858
0.08063
0.08035
0.07374
0.07959
0.07053
0.08758
0.07511
0.05616
0.04214
0.08367
0.06597
0.04348
0.02320
0.04818
0.10503
0.09444
0.08837
0.09444
0.09208
0.07854
0.10053
0.11784
0.11688
0.12508
0.14540
0.12548
0.12744
0.13308
0.11803
0.13078
0.13540
0.12618
0.10654
0.09815
0.09219
0.09636
0.08463
0.03583
0.06026
0.07180
0.09609
0.03195
0.00027
0.01316
0.03767
0.03881
0.02429
0.03280
0.04398
0.08451
0.06888
0.04702
0.06582
0.05330
0.04300
0.03326
0.04770
0.04119
0.03617
0.04627
0.04797
0.08632
0.06213
0.10608
0.11071
0.15282
0.18462
0.16031
0.10449
0.09023
0.07571
0.08135
0.08600
0.13848
0.14088
0.12121
0.11451
0.11451
0.12251
0.16204
0.15482
0.15565
0.13455
0.14753
0.11789
0.10375
0.09975
0.08419
0.07575
0.06758
0.08353
0.06016
0.05862
0.06122
0.06226
0.06902
0.08487
0.03157
0.02423
0.02187
0.03236
0.02786
0.00348
0.00101
0.00650
0.00588
0.00000
0.00000
0.00000
0.00775
0.01766
0.02694
0.01085
0.01152
0.02095
0.04642
0.02861
0.05426
0.07732
0.04941
0.06435
0.06381
0.04380
0.02781
0.01901
0.02874
0.03498
0.04876
0.02171
0.01697
0.01887
0.04100
0.05259
0.06423
0.04382
0.05745
0.06045
0.10090
0.11824
0.11525
0.07785
0.03786
0.05014
0.05559
0.02824
0.03425
0.05829
0.08038
0.09384
0.09514
0.11608
0.08875
0.06610
0.04536
0.03944
0.03630
0.01981
0.02001
0.00316
0.00188
0.01925
0.02115
0.00742
0.00279
0.02162
0.03135
0.04282
0.05154
0.03872
0.03847
0.02436
0.05154
0.08875
0.08459
0.07332
0.07766
0.09526
0.09298
0.11489
0.11996
0.11526
0.12475
0.07388
0.05390
0.08177
0.05766
0.07695
0.05965
0.04040
0.05130
0.05223
0.04948
0.06622
0.05535
0.11044
0.07046
0.03083
0.03380
0.02896
0.05147
0.02605
0.01324
0.03187
0.01049
0.04421
0.09090
0.13954
0.11043
0.09571
0.09923
0.09405
0.09560
0.09345
0.04412
0.04698
0.08642
0.07119
0.08411
0.06100
0.08224
0.08000
0.05130
0.05682
0.05682
0.06098
0.05668
0.06302
0.09139
0.08589
0.07036
0.07785
0.08446
0.06049
0.02030
0.04305
0.07485
0.08682
0.09446
0.05539
0.09758
0.09311
0.07870
0.07833
0.08717
0.07300
0.03475
0.04045
0.02796
0.06290
0.04702
0.03480
0.04194
0.02741
0.01646
0.05439
0.04305
0.06625
0.04683
0.04025
0.05458
0.05694
0.05840
0.05644
0.07174
0.06025
0.05747
0.04964
0.05072
0.06838
0.05532
0.06823
0.06101
0.05595
0.05410
0.04777
0.01235
0.02387
0.06448
0.12111
0.13042
0.13040
0.12236
0.08857
0.09580
0.10412
0.12958
0.09541
0.00945
0.01074
0.00002
0.02764
0.03254
0.02521
0.04675
0.03429
0.04126
0.04177
0.04666
0.01300
0.05814
0.05325
0.02309
0.01564
0.01279
0.01706
0.01919
0.02268
0.02616
0.01449
0.04267
0.04491
0.00081
0.01482
0.02152
0.04229
0.00649
0.02590
0.02762
0.05209
0.07424
0.03550
0.02503
0.03978
0.04167
0.05850
0.05949
0.07547
0.06682
0.11247
0.14280
0.08319
0.08948
0.11094
0.12871
0.09334
0.05178
0.08453
0.08299
0.09716
0.09636
0.08517
0.07574
0.05634
0.06063
0.07834
0.09593
0.09233
0.08973
0.08911
0.09702
0.08840
0.09266
0.07862
0.08797
0.06899
0.06125
0.05585
0.07670
0.05691
0.01565
0.04263
0.03479
0.03813
0.03036
0.04213
0.01421
0.02649
0.01570
0.03113
0.00595
0.01159
0.07418
0.06324
0.07539
0.07564
0.09423
0.12750
0.14743
0.13835
0.13019
0.10336
0.12771
0.14267
0.13131
0.14318
0.14335
0.15675
0.20311
0.19075
0.20290
0.17231
0.15323
0.14051
0.08951
0.02762
0.01681
0.02565
0.04988
0.06008
0.07322
0.10495
0.08032
0.08891
0.08055
0.07658
0.06826
0.06506
0.05530
0.05434
0.03671
0.02680
0.03480
0.03918
0.03714
0.06088
0.07374
0.06758
0.04826
0.05102
0.07607
0.06250
0.07671
0.09249
0.07506
0.03839
0.01904
0.02575
0.04617
0.02091
0.00036
0.00502
0.07986
0.08695
0.09194
0.07172
0.07877
0.09559
0.13039
0.12354
0.11271
0.11603
0.11584
0.15045
0.11947
0.10759
0.12643
0.13147
0.13544
0.12354
0.11283
0.15506
0.18017
0.13738
0.10762
0.11078
0.09354
0.10390
0.13212
0.13212
0.08512
0.05601
0.02382
0.02965
0.02723
0.03811
0.01720
0.00941
0.05086
0.03024
0.09243
0.10209
0.09020
0.12970
0.12038
0.07817
0.08073
0.10756
0.09768
0.08366
0.09262
0.10303
0.11836
0.10589
0.14884
0.15193
0.13084
0.15541
0.14908
0.17848
0.17853
0.16172
0.14171
0.15219
0.10101
0.10072
0.10533
0.10368
0.09719
0.04853
0.06102
0.06266
0.03975
0.05796
0.04204
0.01116
0.00886
0.03301
0.01238
0.02056
0.01463
0.02244
0.00199
0.02392
0.04476
0.05218
0.06503
0.05455
0.05202
0.05216
0.07785
0.06956
0.11411
0.09589
0.11176
0.12293
0.10691
0.11245
0.14879
0.15645
0.17658
0.20215
0.18675
0.11996
0.13761
0.14636
0.14791
0.13982
0.10520
0.10497
0.13272
0.14676
0.14991
0.16361
0.16027
0.17677
0.16778
0.18036
0.15825
0.15598
0.14355
0.13140
0.13385
0.14566
0.12804
0.12155
0.08309
0.09296
0.08313
0.07425
0.04533
0.07204
0.08584
0.07857
0.05851
0.05782
0.01465
0.01178
0.03342
0.01711
0.01574
0.06328
0.05301
0.04943
0.06730
0.07582
0.09787
0.10464
0.10631
0.05237
0.07443
0.07085
0.04525
0.03450
0.00824
0.03083
0.03805
0.01296
0.01771
0.01459
0.02765
0.00874
0.00000
0.02562
0.00253
0.00526
0.01182
0.04102
0.07717
0.07705
0.05378
0.07988
0.10929
0.08338
0.07961
0.08530
0.11674
0.12397
0.06807
0.08257
0.09160
0.08252
0.09138
0.09844
0.03100
0.00537
0.05549
0.08243
0.08122
0.08122
0.05755
0.05929
0.06520
0.06843
0.06975
0.06062
0.05775
0.05958
0.05099
0.06932
0.07504
0.11565
0.10706
0.11250
0.12086
0.13979
0.13983
0.14406
0.08697
0.07019
0.05489
0.04652
0.06365
0.06811
0.08747
0.09660
0.10121
0.10393
0.09098
0.09534
0.05820
0.07251
0.04471
0.00623
0.00622
0.03244
0.00010
0.01376
0.04109
0.02627
0.00223
0.00908
0.01404
0.03075
0.04761
0.06406
0.03927
0.02135
0.04765
0.04614
0.03662
0.04698
0.03528
0.02636
0.02730
0.01458
0.06323
0.05179
0.04146
0.03100
0.02776
0.04715
0.04300
0.02972
0.02845
0.03629
0.02624
0.04314
0.02566
0.04542
0.03629
0.07022
0.03292
0.01126
0.00000
0.01443
0.03366
0.06001
0.04654
0.07361
0.09148
0.10920
0.07550
0.08393
0.06960
0.07024
0.03757
0.05200
0.02323
0.02533
0.00283
0.01517
0.02216
0.01832
0.02523
0.04542
0.01558
0.02224
0.05926
0.04412
0.04157
0.02556
0.04223
0.10019
0.09508
0.10283
0.10133
0.11677
0.10766
0.05845
0.06988
0.06762
0.05956
0.05172
0.04946
0.04561
0.07142
0.05797
0.06291
0.02342
0.01699
0.03088
0.03964
0.00000
0.03429
0.04899
0.05841
0.05189
0.06009
0.07081
0.07207
0.04252
0.04735
0.06936
0.04412
0.06098
0.06650
0.12610
0.10861
0.07184
0.09665
0.09383
0.10600
0.06364
0.03983
0.04576
0.05574
0.04309
0.02608
0.02890
0.03617
0.01088
0.00000
0.00948
0.01187
0.03510
0.03524
0.04351
0.03698
0.02637
0.05135
0.04969
0.05072
0.06160
0.10712
0.13329
0.12802
0.15973
0.13393
0.13126
0.12504
0.12988
0.11626
0.13350
0.12539
0.13538
0.10728
0.10058
0.09272
0.06989
0.05938
0.07525
0.05473
0.06931
0.07766
0.07766
0.05690
0.06327
0.06932
0.09843
0.11993
0.09325
0.06931
0.08852
0.10108
0.08618
0.09748
0.09145
0.08969
0.07903
0.08867
0.12218
0.12253
0.17083
0.16995
0.16820
0.13875
0.13946
0.08017
0.07532
0.07289
0.08613
0.08320
0.06283
0.01970
0.01624
0.02699
0.01391
0.01464
0.00711
0.01815
0.05272
0.03837
0.02289
0.02753
0.01847
0.00000
0.03909
0.03866
0.03046
0.01097
0.00254
0.00000
0.02138
0.00000
0.05091
0.02685
0.03358
0.02043
0.02891
0.06379
0.04398
0.04184
0.02470
0.03844
0.09317
0.09383
0.11538
0.07952
0.07332
0.09214
0.09870
0.08767
0.04863
0.03945
0.05163
0.06225
0.06328
0.10137
0.08720
0.08579
0.10864
0.09925
0.08121
0.05818
0.06207
0.03035
0.02907
0.02780
0.00347
0.00357
0.01452
0.06817
0.06408
0.03736
0.04993
0.03773
0.04906
0.03925
0.00976
0.02948
0.04743
0.01640
0.01583
0.00463
0.00085
0.01845
0.04180
0.05173
0.07350
0.03990
0.08625
0.10550
0.09667
0.08511
0.08994
0.14540
0.15684
0.15078
0.16079
0.15819
0.13945
0.13927
0.14226
0.10555
0.13650
0.12492
0.11805
0.14172
0.12406
0.12795
0.10829
0.09737
0.06536
0.07684
0.08970
0.08918
0.08852
0.12044
0.14694
0.15803
0.16165
0.17616
0.20105
0.21046
0.22444
0.22504
0.18631
0.19405
0.22458
0.21166
0.14740
0.14616
0.12926
0.09176
0.06753
0.07783
0.10012
0.09700
0.08139
0.06301
0.05204
0.03618
0.03781
0.03880
0.03814
0.02688
0.00221
0.02009
0.00291
0.01437
0.01297
0.04520
0.05465
0.05192
0.04849
0.07934
0.07718
0.06265
0.05762
0.04325
0.04749
0.07088
0.06782
0.06409
0.03781
0.05134
0.05482
0.03406
0.01648
0.03334
0.08163
0.07267
0.05526
0.05602
0.05049
0.05364
0.04931
0.03771
0.05410
0.07460
0.10965
0.14405
0.11648
0.12577
0.11147
0.09771
0.05436
0.04255
0.03112
0.04726
0.00865
0.00047
0.02838
0.04891
0.06525
0.07014
0.06621
0.06603
0.07110
0.09826
0.08257
0.08193
0.05952
0.07355
0.07511
0.06577
0.04399
0.07151
0.03957
0.03275
0.01405
0.00836
0.01673
0.00561
0.03303
0.05398
0.05137
0.03654
0.03244
0.03647
0.04056
0.02606
0.03186
0.03481
0.06981
0.09341
0.07320
0.05310
0.06466
0.05218
0.05646
0.06793
0.05021
0.07412
0.09127
0.08430
0.06924
0.06537
0.03071
0.06833
0.05485
0.08319
0.07606
0.07127
0.05712
0.06674
0.08044
0.07124
0.08893
0.09498
0.10314
0.10893
0.10859
0.12061
0.11933
0.12441
0.09933
0.07255
0.07795
0.06368
0.04305
0.03452
0.02221
0.03854
0.04816
0.05393
0.08620
0.09151
0.08961
0.07661
0.03302
0.04297
0.02468
0.08604
0.06396
0.07974
0.06598
0.05619
0.06208
0.09569
0.13281
0.13266
0.13804
0.12780
0.09892
0.10911
0.09814
0.08410
0.07430
0.09197
0.07237
0.08575
0.10544
0.10359
0.07901
0.06357
0.05542
0.03621
0.02868
0.02242
0.00852
0.03519
0.03695
0.02595
0.03460
0.03465
0.01649
0.01203
0.00560
0.04975
0.08722
0.06887
0.06671
0.06617
0.03977
0.03438
0.04325
0.04788
0.04516
0.02533
0.01641
0.02793
0.03668
0.08484
0.07580
0.05089
0.01833
0.01581
0.01439
0.01312
0.07913
0.07852
0.05360
0.06644
0.05226
0.04759
0.02141
0.03126
0.04554
0.00000
0.01830
0.03772
0.02143
0.03073
0.06882
0.05003
0.07039
0.06124
0.01202
0.00341
0.00721
0.00513
0.00861
0.00775
0.07603
0.09369
0.11710
0.12757
0.14000
0.10678
0.13364
0.11425
0.07848
0.09777
0.08207
0.08567
0.09489
0.07791
0.06884
0.03970
0.02519
0.02904
0.04939
0.09181
0.10245
0.08057
0.09677
0.08498
0.14437
0.10965
0.11253
0.08874
0.08637
0.07707
0.06530
0.04466
0.05378
0.06586
0.04231
0.02219
0.03878
0.04083
0.08603
0.05887
0.03802
0.06292
0.09023
0.07744
0.07606
0.09950
0.09705
0.07352
0.07330
0.08685
0.09274
0.07879
0.03189
0.05011
0.02345
0.00274
0.01744
0.05372
0.07581
0.08571
0.08829
0.08485
0.10231
0.12738
0.12695
0.07763
0.08038
0.04593
0.04228
0.02386
0.05935
0.05126
0.05625
0.03724
0.06235
0.06514
0.10149
0.12232
0.12381
0.10112
0.16412
0.12856
0.13625
0.09191
0.08847
0.07577
0.09026
0.08992
0.10447
0.13738
0.13755
0.11214
0.08432
0.05530
0.06689
0.11078
0.11632
0.12971
0.12482
0.09652
0.13263
0.12747
0.16440
0.17064
0.15982
0.13210
0.10073
0.07215
0.07849
0.07204
0.07246
0.06245
0.06469
0.06469
0.04454
0.07264
0.09655
0.10443
0.06641
0.09353
0.07574
0.05276
0.04625
0.03716
0.05183
0.05301
0.04213
0.04096
0.05380
0.08341
0.06341
0.07084
0.09679
0.08074
0.07360
0.05178
0.05151
0.06287
0.05529
0.09135
0.06234
0.02134
0.02263
0.01377
0.05532
0.07125
0.08864
0.08289
0.11001
0.08561
0.09416
0.12531
0.08762
0.08591
0.13774
0.11723
0.09253
0.06117
0.06408
0.07130
0.04131
0.05541
0.04896
0.08727
0.10996
0.10028
0.07442
0.07297
0.05612
0.08444
0.10541
0.10015
0.11115
0.09788
0.09228
0.07723
0.06574
0.09578
0.09342
0.11133
0.09886
0.06425
0.06121
0.03780
0.02196
0.02946
0.02179
0.04030
0.02876
0.03077
0.02057
0.05387
0.00252
0.05336
0.06857
0.09725
0.07744
0.06293
0.01984
0.01363
0.05857
0.05784
0.07986
0.08283
0.06614
0.06905
0.07240
0.09866
0.11221
0.10053
0.06238
0.06776
0.08394
0.08849
0.11240
0.07961
0.06962
0.05966
0.07912
0.13534
0.11017
0.09693
0.12933
0.12200
0.13164
0.12619
0.09810
0.11274
0.10553
0.13145
0.14670
0.13657
0.15595
0.16956
0.15486
0.12584
0.14404
0.10359
0.08819
0.03279
0.04217
0.04420
0.05626
0.06867
0.12050
0.11689
0.07246
0.05455
0.09333
0.09297
0.08526
0.08876
0.09880
0.10447
0.09218
0.05350
0.06909
0.08056
0.08998
0.12274
0.11357
0.12162
0.09217
0.07385
0.07839
0.08889
0.08601
0.09253
0.08356
0.08654
0.08104
0.06795
0.05417
0.05789
0.05571
0.07401
0.05148
0.08676
0.08550
0.08790
0.07792
0.05686
0.08224
0.08633
0.06773
0.08160
0.05972
0.07829
0.07148
0.11349
0.09678
0.09977
0.07787
0.13832
0.14974
0.16083
0.15716
0.11909
0.11499
0.08349
0.10602
0.11119
0.10654
0.11971
0.10937
0.10116
0.08879
0.08019
0.09910
0.10538
0.13494
0.11745
0.10795
0.05330
0.06948
0.05825
0.03750
0.03108
0.00569
0.05536
0.05487
0.01447
0.05442
0.03142
0.10652
0.06509
0.04016
0.00081
0.00777
0.01742
0.01538
0.00273
0.04741
0.01291
0.02003
0.02729
0.02924
0.05032
0.05311
0.09013
0.08027
0.08341
0.04126
0.07053
0.07604
0.06095
0.04186
0.04569
0.02472
0.04952
0.02019
0.05470
0.04322
0.05176
0.06084
0.03104
0.04576
0.05950
0.05630
0.02999
0.06532
0.11236
0.08215
0.10594
0.10103
0.09180
0.09601
0.10403
0.12904
0.11839
0.09794
0.05985
0.04104
0.04240
0.03715
0.02287
0.01909
0.02765
0.03048
0.01713
0.01258
0.00550
0.00657
0.02419
0.00082
0.00071
0.00229
0.01011
0.02193
0.04839
0.07718
0.08234
0.04285
0.08659
0.06244
0.04903
0.04967
0.03643
0.02674
0.03201
0.03182
0.05252
0.04917
0.05088
0.02094
0.00470
0.00000
0.02839
0.04556
0.09972
0.09803
0.10101
0.11692
0.10355
0.04285
0.04694
0.04640
0.02808
0.01510
0.04022
0.03322
0.01958
0.02559
0.00940
0.06720
0.03125
0.02024
0.02196
0.05962
0.07482
0.02603
0.02459
0.02900
0.02978
0.03976
0.02283
0.05364
0.03857
0.03660
0.02786
0.02870
0.01878
0.00020
0.04470
0.04460
0.04457
0.05261
0.06162
0.07263
0.09197
0.08801
0.07740
0.08715
0.07444
0.06692
0.08220
0.09258
0.10354
0.15948
0.16679
0.17521
0.15961
0.17802
0.17337
0.13874
0.12512
0.15970
0.17282
0.17454
0.17134
0.16253
0.16326
0.10854
0.10740
0.11381
0.09490
0.09018
0.08230
0.07427
0.07822
0.10201
0.10944
0.05925
0.04302
0.03225
0.01752
0.02675
0.01341
0.06299
0.08401
0.06089
0.03880
0.00000
0.01171
0.02742
0.04454
0.04103
0.02056
0.03799
0.04605
0.05983
0.06975
0.05267
0.03872
0.02714
0.03128
0.02197
0.01611
0.02255
0.03971
0.04739
0.05319
0.01003
0.03402
0.06274
0.01756
0.02046
0.01632
0.02151
0.00000
0.02126
0.04692
0.05134
0.05791
0.04976
0.07106
0.09697
0.08330
0.08306
0.09316
0.08136
0.12136
0.11608
0.10378
0.09818
0.08339
0.04924
0.04298
0.04301
0.02600
0.04676
0.03614
0.02967
0.03294
0.03003
0.03182
0.06434
0.08945
0.05769
0.06369
0.06016
0.05781
0.04209
0.04797
0.03462
0.07690
0.06658
0.08361
0.06421
0.06640
0.09117
0.11265
0.08799
0.05401
0.04243
0.06113
0.06702
0.05145
0.02932
0.04465
0.03401
0.03700
0.02314
0.03531
0.05077
0.01835
0.04560
0.06250
0.02746
0.03498
0.03515
0.04819
0.04472
0.08428
0.08408
0.06844
0.08347
0.03414
0.05094
0.08644
0.04773
0.05751
0.04793
0.05150
0.04948
0.06082
0.06259
0.06616
0.05059
0.09430
0.09571
0.10580
0.10079
0.10917
0.13057
0.11757
0.10660
0.08941
0.07638
0.10753
0.08332
0.03404
0.03421
0.01003
0.03938
0.04507
0.08154
0.09915
0.10395
0.10861
0.09809
0.11219
0.12231
0.07774
0.07483
0.04131
0.04187
0.03692
0.01345
0.00960
0.02213
0.03559
0.03685
0.03623
0.02875
0.01573
0.00689
0.02375
0.00000
0.01619
0.03037
0.02227
0.03112
0.00080
0.00835
0.01552
0.04424
0.04107
0.02745
0.02724
0.02524
0.02888
0.03535
0.02305
0.01411
0.00927
0.02075
0.04096
0.02249
0.02147
0.07025
0.10734
0.11493
0.09928
0.10224
0.09671
0.03920
0.00231
0.00271
0.01557
0.02581
0.03770
0.06224
0.12930
0.15384
0.14590
0.15640
0.14590
0.07735
0.08775
0.06715
0.07123
0.09390
0.09258
0.11215
0.13763
0.10799
0.07788
0.08068
0.08153
0.08783
0.08075
0.09720
0.09535
0.06876
0.06876
0.07025
0.08972
0.10347
0.13228
0.10853
0.11811
0.11944
0.12139
0.10704
0.09164
0.06643
0.09717
0.07992
0.12000
0.16628
0.15614
0.15352
0.10974
0.09962
0.08745
0.09042
0.07907
0.06708
0.07157
0.05764
0.04800
0.06221
0.06760
0.11788
0.14708
0.14148
0.14537
0.14506
0.12828
0.08303
0.04721
0.05066
0.06154
0.06170
0.04154
0.05366
0.04994
0.06552
0.08656
0.10597
0.09935
0.11629
0.11950
0.17336
0.19724
0.17023
0.16707
0.14515
0.10454
0.10208
0.06830
0.04001
0.03350
0.03505
0.05989
0.08477
0.06434
0.05443
0.06562
0.05325
0.01243
0.01201
0.00873
0.00114
0.02307
0.02089
0.01775
0.03372
0.04857
0.03876
0.00886
0.00356
0.01231
0.02387
0.01126
0.04731
0.01903
0.07443
0.09034
0.08120
0.08572
0.10218
0.07730
0.08723
0.11246
0.13778
0.13513
0.14256
0.16266
0.15958
0.15012
0.18445
0.17951
0.16179
0.17287
0.16812
0.14772
0.14772
0.13992
0.12316
0.12349
0.08974
0.07505
0.09373
0.05975
0.04879
0.03986
0.06749
0.02184
0.02422
0.02916
0.03910
0.01541
0.06195
0.03302
0.04199
0.04604
0.04113
0.06477
0.05135
0.00804
0.00146
0.00710
0.04595
0.06726
0.05864
0.06283
0.05800
0.06679
0.05909
0.06775
0.08962
0.08008
0.08618
0.08098
0.08726
0.10711
0.06884
0.05790
0.08285
0.05831
0.05987
0.05679
0.05341
0.05213
0.06298
0.06653
0.06934
0.08957
0.08401
0.04899
0.06442
0.06511
0.06512
0.02986
0.01458
0.04026
0.05983
0.04136
0.05120
0.06246
0.05980
0.04715
0.03712
0.04742
0.05850
0.07357
0.04924
0.07151
0.07173
0.05691
0.04082
0.08096
0.05974
0.05479
0.03525
0.02936
0.04546
0.07267
0.06577
0.04218
0.05493
0.09307
0.06915
0.04773
0.02150
0.07150
0.05082
0.03207
0.01514
0.04092
0.00000
0.01064
0.01574
0.03319
0.03440
0.03476
0.05044
0.05413
0.06158
0.05896
0.05728
0.04068
0.04586
0.07412
0.08168
0.07945
0.07482
0.09277
0.09476
0.09482
0.07189
0.07924
0.05461
0.05531
0.06302
0.05969
0.02175
0.01637
0.02322
0.03956
0.00181
0.04983
0.03300
0.05039
0.05076
0.01809
0.02167
0.02448
0.00593
0.02797
0.03557
0.02903
0.03038
0.04718
0.04162
0.01945
0.02674
0.01333
0.01587
0.02754
0.02870
0.03479
0.03853
0.06083
0.04618
0.05469
0.05616
0.04537
0.04903
0.04890
0.06166
0.06861
0.07199
0.07686
0.02481
0.05328
0.04112
0.06689
0.08039
0.07887
0.04595
0.04491
0.02268
0.05193
0.04459
0.08218
0.11860
0.12760
0.16069
0.16166
0.12922
0.12056
0.15766
0.13374
0.14448
0.12430
0.09145
0.08036
0.06604
0.06303
0.05920
0.04639
0.03984
0.06426
0.07724
0.09126
0.12220
0.18486
0.18646
0.18946
0.17324
0.18694
0.20019
0.23443
0.23395
0.19422
0.20447
0.14720
0.19263
0.18846
0.14958
0.14540
0.15119
0.13518
0.13334
0.16355
0.16176
0.14330
0.15996
0.14324
0.14337
0.14243
0.10522
0.09871
0.13395
0.09722
0.06044
0.03496
0.06810
0.10680
0.08852
0.08630
0.08523
0.07673
0.07165
0.06258
0.05459
0.03706
0.04657
0.03902
0.07777
0.07657
0.07278
0.01978
0.01536
0.03033
0.00618
0.00000
0.00948
0.01726
0.00000
0.01526
0.01191
0.00000
0.03098
0.04888
0.04601
0.08067
0.08265
0.05261
0.06159
0.03816
0.05218
0.03775
0.02567
0.02382
0.07737
0.07835
0.04200
0.03136
0.06530
0.07123
0.05263
0.03658
0.06086
0.03706
0.02715
0.04836
0.07218
0.08023
0.10816
0.09656
0.06380
0.05427
0.06488
0.07031
0.07289
0.12103
0.14973
0.15035
0.11856
0.14503
0.13538
0.14858
0.14842
0.15015
0.14923
0.14795
0.12211
0.12663
0.10276
0.07507
0.04662
0.04311
0.05142
0.06052
0.07903
0.05473
0.06352
0.06466
0.01921
0.04117
0.03624
0.02778
0.04253
0.04935
0.01591
0.00736
0.03539
0.01939
0.03929
0.05876
0.05958
0.08642
0.06514
0.08728
0.12168
0.10748
0.12635
0.14395
0.18317
0.15582
0.16504
0.15458
0.12586
0.13475
0.15818
0.16294
0.16999
0.15715
0.18203
0.15286
0.17138
0.17161
0.11248
0.10537
0.08482
0.09642
0.05649
0.05308
0.00370
0.02261
0.01083
0.00304
0.02780
0.03937
0.05488
0.07774
0.07160
0.07253
0.08864
0.09121
0.07250
0.06066
0.00635
0.03062
0.05199
0.05076
0.09937
0.08850
0.06820
0.08477
0.10215
0.12152
0.10476
0.12557
0.16866
0.13372
0.13800
0.12847
0.14052
0.13961
0.12073
0.10449
0.13165
0.13118
0.08349
0.11794
0.13427
0.06603
0.07576
0.06059
0.05018
0.07000
0.05885
0.07049
0.08061
0.08025
0.05912
0.09872
0.10141
0.09844
0.07115
0.04129
0.03548
0.02446
0.02424
0.01273
0.03720
0.07258
0.06742
0.06180
0.05598
0.01275
0.02488
0.02692
0.02557
0.06853
0.07303
0.07941
0.09140
0.05907
0.03908
0.03941
0.05064
0.08193
0.08716
0.03525
0.05018
0.08861
0.06012
0.08736
0.09211
0.12753
0.09267
0.09322
0.09097
0.08236
0.08987
0.08858
0.09115
0.14259
0.11760
0.10064
0.15009
0.13020
0.11756
0.12529
0.14546
0.10821
0.11783
0.12730
0.08570
0.09897
0.08725
0.08132
0.12941
0.12434
0.10910
0.12873
0.11585
0.12250
0.10934
0.12881
0.13647
0.11912
0.11121
0.06661
0.07984
0.14061
0.13282
0.14358
0.15325
0.18220
0.21373
0.17107
0.17284
0.15388
0.13490
0.11500
0.07054
0.11943
0.12056
0.09639
0.08871
0.09374
0.10159
0.07279
0.10748
0.11310
0.10204
0.10044
0.07515
0.08032
0.06558
0.06593
0.05456
0.06795
0.07356
0.08732
0.05818
0.05286
0.04976
0.02396
0.02167
0.03782
0.02875
0.05673
0.02839
0.02279
0.02408
0.05063
0.05661
0.06267
0.06729
0.08483
0.04880
0.02617
0.07474
0.06925
0.06847
0.07015
0.07673
0.05707
0.03536
0.04694
0.02126
0.02577
0.00533
0.03443
0.05706
0.06383
0.07349
0.10497
0.10111
0.08694
0.05159
0.08721
0.10405
0.10741
0.11858
0.11723
0.07361
0.03458
0.05696
0.03934
0.02469
0.02047
0.05199
0.06876
0.07535
0.07983
0.05725
0.08388
0.07935
0.05744
0.05571
0.04676
0.07215
0.06888
0.08092
0.09281
0.07363
0.06108
0.09117
0.08782
0.06672
0.09444
0.11803
0.13457
0.15649
0.13920
0.13729
0.12037
0.07838
0.08234
0.07511
0.11206
0.12948
0.12013
0.12744
0.10961
0.08441
0.06897
0.04494
0.03594
0.00356
0.03687
0.03237
0.01540
0.00000
0.00366
0.00000
0.00082
0.02862
0.01897
0.02210
0.04342
0.04110
0.05126
0.04229
0.02108
0.01150
0.02495
0.04117
0.02647
0.01873
0.03041
0.03480
0.04429
0.07317
0.05325
0.05119
0.04005
0.01957
0.00620
0.01436
0.00260
0.00735
0.01175
0.05704
0.03700
0.03193
0.03988
0.03300
0.04732
0.02657
0.04074
0.04384
0.03263
0.00771
0.02586
0.03059
0.06612
0.05202
0.04576
0.00000
0.01553
0.01110
0.01221
0.03078
0.03359
0.01508
0.01975
0.00000
0.00232
0.02117
0.03448
0.01652
0.01783
0.00478
0.00005
0.03034
0.01883
0.05152
0.07068
0.06949
0.09208
0.09007
0.05835
0.05293
0.03644
0.02759
0.02484
0.03042
0.01663
0.02037
0.02483
0.02770
0.02260
0.07470
0.06321
0.05266
0.03226
0.03615
0.02246
0.02248
0.04860
0.07489
0.07175
0.08251
0.07767
0.06137
0.03411
0.02804
0.00869
0.00006
0.02886
0.03554
0.03884
0.00704
0.00000
0.00550
0.02115
0.02917
0.02367
0.00000
0.00057
0.01176
0.03247
0.10921
0.09361
0.06690
0.06334
0.08948
0.10267
0.09298
0.10151
0.10465
0.09735
0.12079
0.06899
0.07198
0.05804
0.05321
0.03805
0.06263
0.05433
0.06725
0.04551
0.03817
0.03596
0.03027
0.03799
0.03686
0.07129
0.04553
0.03984
0.03907
0.06390
0.04090
0.02707
0.05488
0.06433
0.05616
0.04926
0.04226
0.05359
0.03946
0.01366
0.02072
0.05058
0.06866
0.11557
0.15665
0.14675
0.13684
0.14290
0.14074
0.12586
0.12336
0.09824
0.08913
0.08869
0.11792
0.08190
0.08262
0.07265
0.05649
0.06275
0.04830
0.05546
0.06454
0.08998
0.11158
0.08912
0.03619
0.07311
0.07132
0.06730
0.08423
0.06924
0.13382
0.13340
0.12693
0.12592
0.14333
0.14530
0.14698
0.09898
0.11219
0.13593
0.14704
0.12633
0.09683
0.11283
0.10935
0.07200
0.05870
0.06338
0.05340
0.04619
0.01537
0.01096
0.03116
0.04235
0.02734
0.00796
0.01698
0.01187
0.05644
0.02393
0.02414
0.02812
0.02617
0.01278
0.01813
0.00000
0.02089
0.04462
0.04994
0.05165
0.03462
0.05915
0.03462
0.02472
0.02574
0.00000
0.00020
0.00000
0.04623
0.04992
0.02624
0.04913
0.07558
0.02873
0.02167
0.01910
0.02931
0.02840
0.03876
0.02267
0.02458
0.01636
0.04207
0.03294
0.00643
0.00000
0.02036
0.00000
0.00139
0.00000
0.00495
0.03546
0.04024
0.06150
0.06409
0.04723
0.01517
0.03987
0.00021
0.02514
0.03716
0.03089
0.02330
0.03445
0.03134
0.04547
0.03659
0.04811
0.04944
0.02615
0.01228
0.00314
0.02808
0.00354
0.01305
0.02225
0.04368
0.03216
0.04445
0.01004
0.02537
0.02675
0.06063
0.06269
0.05772
0.07884
0.07069
0.07337
0.06512
0.07455
0.07397
0.08276
0.08232
0.07736
0.06485
0.05358
0.00050
0.02748
0.02453
0.00123
0.00000
0.01409
0.02144
0.05411
0.08848
0.07230
0.06690
0.04626
0.05731
0.06434
0.06056
0.06521
0.06021
0.07214
0.07531
0.06053
0.05268
0.06292
0.05695
0.13735
0.15123
0.14643
0.14703
0.13059
0.13286
0.14276
0.13577
0.13274
0.13969
0.12901
0.09987
0.08519
0.10495
0.11270
0.12595
0.10910
0.13549
0.14568
0.14728
0.13585
0.13340
0.13765
0.15364
0.13876
0.13327
0.09890
0.12420
0.11817
0.14262
0.10683
0.10769
0.11974
0.11533
0.08278
0.09484
0.10027
0.09145
0.06796
0.06208
0.04698
0.05364
0.03981
0.08113
0.07791
0.06587
0.10262
0.04705
0.05778
0.02809
0.03603
0.06298
0.08417
0.06800
0.07373
0.06175
0.04510
0.05751
0.05800
0.07727
0.06414
0.06883
0.06242
0.09496
0.10333
0.08977
0.09749
0.04909
0.05411
0.03788
0.06063
0.07391
0.05749
0.06286
0.05930
0.07671
0.05905
0.03232
0.04845
0.08240
0.07616
0.05420
0.09483
0.16325
0.17358
0.16316
0.17656
0.16993
0.19637
0.17693
0.19680
0.18618
0.17012
0.18130
0.17656
0.18576
0.18082
0.18940
0.18286
0.16992
0.17365
0.13381
0.11804
0.11861
0.11743
0.13607
0.11319
0.12169
0.11853
0.12787
0.11723
0.13090
0.13699
0.11272
0.10737
0.10162
0.09973
0.10714
0.08656
0.11242
0.15289
0.17214
0.16569
0.15245
0.13447
0.11172
0.11605
0.11108
0.08435
0.08513
0.05317
0.05460
0.06761
0.06041
0.05649
0.05729
0.03525
0.03483
0.01232
0.00000
0.00000
0.02066
0.00719
0.01588
0.03148
0.00548
0.00367
0.02041
0.02398
0.01074
0.01328
0.02993
0.09307
0.09274
0.09354
0.08029
0.11161
0.08236
0.07990
0.03079
0.02575
0.03161
0.00453
0.01468
0.02163
0.02338
0.02799
0.03634
0.01615
0.00804
0.01316
0.01755
0.03438
0.07448
0.04941
0.09499
0.12608
0.08941
0.06355
0.06961
0.08376
0.07252
0.09213
0.07120
0.09890
0.04772
0.04698
0.00149
0.00757
0.00299
0.01886
0.02808
0.03481
0.03381
0.00000
0.00000
0.04717
0.11121
0.12275
0.11183
0.07013
0.09667
0.09752
0.09761
0.10924
0.09790
0.09749
0.10877
0.13113
0.11335
0.13427
0.16968
0.14471
0.09738
0.09607
0.10377
0.09382
0.07699
0.07935
0.08918
0.07216
0.07050
0.07024
0.10179
0.05759
0.05939
0.03141
0.04714
0.03004
0.07717
0.08069
0.09219
0.10179
0.08510
0.10445
0.10953
0.07368
0.03725
0.04598
0.05669
0.08105
0.11427
0.11211
0.13431
0.12362
0.04748
0.04845
0.02687
0.03799
0.04386
0.05691
0.04581
0.03748
0.05036
0.05382
0.07054
0.09695
0.09804
0.13251
0.11165
0.11019
0.10142
0.09737
0.12653
0.09899
0.14722
0.16087
0.12413
0.14171
0.11770
0.12573
0.12141
0.12827
0.14159
0.14832
0.12321
0.11144
0.11706
0.11908
0.11577
0.10282
0.09384
0.12132
0.10368
0.06459
0.05002
0.06243
0.07210
0.09127
0.05744
0.06558
0.10833
0.11877
0.11542
0.18196
0.15732
0.13824
0.15348
0.18635
0.18117
0.16466
0.17247
0.15385
0.15982
0.13875
0.11498
0.10318
0.03595
0.04158
0.04989
0.05064
0.03710
0.02665
0.03646
0.00000
0.00045
0.00027
0.00000
0.00000
0.02063
0.00428
0.00755
0.04777
0.04088
0.04447
0.02653
0.03391
0.02825
0.02468
0.00029
0.02855
0.04677
0.02612
0.02612
0.04256
0.03023
0.03671
0.05720
0.07480
0.10053
0.07421
0.09177
0.09269
0.09699
0.06213
0.05156
0.05381
0.08525
0.11260
0.07569
0.06601
0.04705
0.03830
0.03083
0.03806
0.04497
0.06270
0.01463
0.05569
0.06580
0.07217
0.07116
0.06709
0.09563
0.08290
0.06625
0.06539
0.05567
0.03959
0.01235
0.03841
0.02329
0.07678
0.07875
0.05093
0.01136
0.01438
0.02934
0.02765
0.02350
0.01822
0.02914
0.01281
0.02035
0.03637
0.04239
0.03494
0.03184
0.03744
0.04904
0.06672
0.01764
0.03503
0.01775
0.01999
0.02447
0.00727
0.00292
0.00547
0.01351
0.01380
0.00000
0.00524
0.02148
0.00267
0.03577
0.02077
0.03458
0.07570
0.05868
0.03990
0.00481
0.02153
0.01793
0.00817
0.01261
0.03811
0.01417
0.04030
0.05419
0.02252
0.03872
0.04640
0.02347
0.04143
0.05002
0.03355
0.02355
0.03521
0.03583
0.07734
0.07846
0.02624
0.03103
0.04721
0.02880
0.02353
0.05831
0.04647
0.04536
0.03277
0.03210
0.03437
0.04083
0.02146
0.00873
0.02813
0.05611
0.04212
0.04041
0.07160
0.05946
0.04266
0.02689
0.03685
0.01773
0.01756
0.00000
0.00000
0.00000
0.01742
0.02590
0.04010
0.08948
0.10343
0.08977
0.08493
0.09412
0.09914
0.12447
0.10977
0.09798
0.05939
0.06715
0.09782
0.08173
0.07797
0.05596
0.07251
0.10922
0.12543
0.12793
0.15699
0.16536
0.15000
0.15682
0.13782
0.11841
0.10157
0.09879
0.10811
0.09520
0.06328
0.06045
0.07982
0.11004
0.06491
0.06072
0.06732
0.07162
0.07869
0.10513
0.10507
0.09136
0.10862
0.10613
0.07778
0.06169
0.08681
0.11007
0.09993
0.13107
0.15828
0.14314
0.16137
0.16002
0.17960
0.19675
0.17691
0.17379
0.11974
0.13985
0.14641
0.19872
0.22339
0.18570
0.20368
0.20216
0.21689
0.13563
0.14751
0.11838
0.10695
0.06016
0.05715
0.10016
0.10982
0.07480
0.08635
0.09248
0.08830
0.09099
0.08009
0.09474
0.05707
0.07457
0.01472
0.00000
0.00105
0.00912
0.02213
0.03220
0.05817
0.09029
0.09954
0.10740
0.15430
0.11965
0.11239
0.09415
0.10479
0.07826
0.04477
0.07572
0.09331
0.08145
0.06499
0.08064
0.06850
0.06729
0.04586
0.04541
0.08511
0.08274
0.09357
0.04957
0.03430
0.04706
0.03210
0.05123
0.09148
0.08545
0.06528
0.08910
0.08202
0.07841
0.07881
0.07990
0.09938
0.09137
0.05981
0.05779
0.04812
0.05129
0.02602
0.03772
0.05822
0.03260
0.07567
0.07837
0.06635
0.03373
0.02194
0.05141
0.02191
0.02994
0.03097
0.02675
0.04917
0.05404
0.06748
0.07302
0.05959
0.07607
0.06215
0.06961
0.06688
0.06797
0.06252
0.05833
0.09264
0.09246
0.05570
0.05823
0.04595
0.04933
0.04403
0.01475
0.01487
0.03784
0.02159
0.01132
0.01224
0.04621
0.07029
0.08832
0.11956
0.11781
0.11570
0.13966
0.16453
0.19018
0.13999
0.16791
0.15093
0.08258
0.08241
0.08994
0.11909
0.10839
0.07189
0.04590
0.07061
0.02719
0.03799
0.04660
0.04682
0.03629
0.06346
0.09749
0.08683
0.08337
0.07841
0.06728
0.06064
0.03372
0.03372
0.04048
0.02428
0.02492
0.02171
0.00000
0.02090
0.03347
0.05542
0.05078
0.05788
0.06603
0.06335
0.06358
0.05464
0.03642
0.04210
0.03972
0.05195
0.00326
0.01296
0.00483
0.02310
0.02226
0.03547
0.04667
0.05228
0.05125
0.07310
0.09438
0.07440
0.05944
0.07130
0.07335
0.08973
0.08915
0.09967
0.11866
0.11609
0.11553
0.11148
0.10272
0.10125
0.10237
0.09044
0.09873
0.11257
0.10690
0.06086
0.05496
0.03053
0.01115
0.03345
0.02933
0.00560
0.00000
0.03273
0.03401
0.03314
0.04180
0.05140
0.05359
0.07751
0.10600
0.12398
0.12043
0.16372
0.15773
0.12363
0.12189
0.09353
0.11979
0.14363
0.19482
0.20245
0.14957
0.14759
0.13362
0.12090
0.09989
0.10858
0.10334
0.07642
0.09498
0.06385
0.08080
0.05183
0.03673
0.05908
0.04676
0.05140
0.04648
0.04189
0.03728
0.04812
0.06641
0.06741
0.07091
0.04291
0.02041
0.04248
0.07481
0.09443
0.07515
0.07294
0.07984
0.08263
0.06462
0.08165
0.08348
0.08710
0.08467
0.08661
0.11158
0.10599
0.13639
0.14020
0.16667
0.15414
0.13334
0.10379
0.09945
0.08350
0.08233
0.05946
0.00037
0.00762
0.01636
0.01476
0.03722
0.02488
0.02959
0.03444
0.01065
0.04827
0.04383
0.03205
0.02699
0.07191
0.04049
0.04647
0.01502
0.02086
0.04067
0.03565
0.04149
0.03135
0.06229
0.07750
0.05787
0.04829
0.03885
0.04344
0.04354
0.04363
0.04907
0.03150
0.03778
0.04449
0.03330
0.01590
0.00000
0.00019
0.02360
0.02017
0.00000
0.00000
0.02133
0.02280
0.03718
0.03261
0.03684
0.05011
0.04961
0.03592
0.05743
0.04716
0.06268
0.06421
0.05604
0.06360
0.04628
0.05094
0.08628
0.07346
0.06821
0.10608
0.09460
0.09710
0.10395
0.08061
0.07083
0.05690
0.07701
0.07653
0.07117
0.02286
0.04071
0.00000
0.01314
0.03380
0.04070
0.04294
0.05678
0.05650
0.04984
0.02817
0.01930
0.02972
0.04883
0.03824
0.07712
0.07409
0.06895
0.03511
0.05363
0.06578
0.07504
0.06915
0.05814
0.06654
0.10118
0.11042
0.08606
0.08614
0.08872
0.07825
0.09243
0.09227
0.09669
0.09482
0.04450
0.01059
0.01226
0.03591
0.05899
0.06048
0.11018
0.05473
0.07042
0.05647
0.04110
0.03466
0.00301
0.00699
0.03435
0.02469
0.00513
0.02551
0.03910
0.03656
0.03016
0.04173
0.00000
0.00001
0.01878
0.00913
0.08063
0.08424
0.09115
0.06471
0.03910
0.02859
0.00000
0.02830
0.04867
0.05495
0.05932
0.10514
0.09130
0.07982
0.07182
0.05059
0.06272
0.04969
0.04400
0.04208
0.05381
0.07055
0.06617
0.04845
0.02826
0.03869
0.05645
0.05076
0.07829
0.08566
0.08577
0.10100
0.10086
0.13295
0.15153
0.15717
0.15452
0.16688
0.16538
0.16736
0.15998
0.13519
0.11652
0.11841
0.12816
0.13270
0.11681
0.10396
0.10733
0.08415
0.06433
0.07353
0.08665
0.09816
0.10067
0.10992
0.07488
0.08554
0.09497
0.10426
0.11681
0.12074
0.10518
0.09067
0.07956
0.04854
0.05509
0.07577
0.05778
0.05483
0.03005
0.03525
0.05254
0.02485
0.03847
0.04544
0.03709
0.02353
0.03154
0.05007
0.06588
0.07076
0.08295
0.05918
0.01741
0.02156
0.04017
0.06489
0.05158
0.04057
0.03978
0.03300
0.03798
0.06007
0.07153
0.09499
0.05008
0.03378
0.01803
0.01480
0.00000
0.03824
0.02988
0.04281
0.02152
0.02544
0.02928
0.05640
0.05653
0.05598
0.04345
0.03960
0.04887
0.02576
0.01315
0.03518
0.09229
0.11988
0.11274
0.15269
0.14111
0.15456
0.14173
0.11648
0.10511
0.09349
0.08112
0.10213
0.09212
0.09349
0.10753
0.10144
0.07395
0.09227
0.08730
0.05146
0.04537
0.06955
0.09177
0.07641
0.06740
0.07535
0.04927
0.03611
0.03352
0.03108
0.01115
0.01314
0.03089
0.01820
0.00113
0.01084
0.02137
0.08719
0.08088
0.06959
0.10221
0.07334
0.06148
0.07752
0.07002
0.05164
0.03072
0.04509
0.04669
0.04852
0.02022
0.03222
0.00257
0.00000
0.01130
0.00539
0.04385
0.03882
0.06232
0.08865
0.10101
0.11801
0.10721
0.11356
0.09906
0.08651
0.12085
0.11041
0.09587
0.08457
0.08536
0.10040
0.11520
0.13286
0.09723
0.11350
0.09538
0.07591
0.05627
0.06436
0.07542
0.08608
0.07658
0.08247
0.08973
0.09523
0.09508
0.09614
0.10925
0.09293
0.12447
0.12946
0.11335
0.08102
0.12043
0.10656
0.11969
0.08020
0.06532
0.06043
0.03620
0.03333
0.02545
0.04233
0.05221
0.04937
0.03522
0.03946
0.03667
0.02125
0.02508
0.01782
0.02716
0.04715
0.06823
0.08432
0.08219
0.09418
0.09020
0.10819
0.11970
0.08301
0.10548
0.11163
0.08282
0.04712
0.05029
0.05425
0.06824
0.10521
0.12774
0.12047
0.14488
0.16320
0.14799
0.13399
0.10440
0.07860
0.09451
0.13005
0.13612
0.12579
0.12457
0.07080
0.09865
0.05880
0.03053
0.03362
0.01793
0.00465
0.04881
0.03004
0.02146
0.00000
0.01516
0.04586
0.07573
0.08003
0.07561
0.10516
0.09069
0.09497
0.06546
0.06504
0.08869
0.07344
0.02717
0.05749
0.08754
0.06541
0.04629
0.03904
0.04443
0.06850
0.05549
0.05540
0.03905
0.01908
0.02129
0.00742
0.00696
0.01417
0.05289
0.07032
0.07325
0.06226
0.04734
0.04679
0.05205
0.04506
0.06183
0.04773
0.04719
0.08878
0.11661
0.09738
0.08093
0.07180
0.10495
0.09946
0.08211
0.12334
0.13876
0.14491
0.17439
0.19064
0.18259
0.14499
0.21601
0.22244
0.24366
0.23528
0.23557
0.23610
0.24237
0.21718
0.21503
0.22867
0.20224
0.16814
0.13937
0.16637
0.14525
0.15918
0.15166
0.16854
0.15577
0.13683
0.13218
0.10521
0.09543
0.11005
0.10370
0.10954
0.12837
0.15550
0.13199
0.15994
0.16472
0.15638
0.12722
0.12989
0.08799
0.04334
0.01033
0.00267
0.01588
0.01899
0.03851
0.03925
0.03695
0.04589
0.02771
0.02930
0.00215
0.02424
0.02717
0.02771
0.02319
0.03418
0.03310
0.03445
0.05012
0.04628
0.04596
0.06303
0.05442
0.03232
0.03631
0.01852
0.02535
0.04974
0.04954
0.06221
0.05711
0.05018
0.00606
0.00140
0.02044
0.04869
0.07258
0.08527
0.08976
0.08693
0.10798
0.11299
0.11592
0.12217
0.09121
0.05625
0.04702
0.02805
0.01641
0.01845
0.01923
0.00741
0.00008
0.01531
0.00000
0.02243
0.05002
0.01488
0.03545
0.01932
0.00461
0.03944
0.04882
0.05276
0.06705
0.06239
0.07716
0.06135
0.10826
0.11756
0.08689
0.08324
0.08453
0.10460
0.05016
0.06962
0.07817
0.04857
0.05296
0.01863
0.02335
0.03232
0.08218
0.05819
0.03926
0.03896
0.04477
0.07489
0.07442
0.06197
0.02903
0.03445
0.01906
0.00290
0.00000
0.02098
0.01396
0.01424
0.03149
0.02979
0.02516
0.05391
0.07661
0.08777
0.08210
0.08617
0.11184
0.12469
0.11824
0.11591
0.09200
0.05728
0.08175
0.03542
0.02546
0.03182
0.02927
0.01938
0.02133
0.03518
0.00679
0.04622
0.04755
0.05386
0.03432
0.03200
0.05875
0.05221
0.01973
0.01924
0.01151
0.00964
0.02461
0.04389
0.02112
0.06233
0.03518
0.04155
0.02844
0.04788
0.01129
0.02165
0.04219
0.05439
0.05247
0.05711
0.09040
0.10609
0.12973
0.12781
0.12529
0.09273
0.08752
0.04696
0.03271
0.04022
0.03899
0.03671
0.07041
0.02639
0.04514
0.06174
0.03060
0.02876
0.01504
0.04078
0.02906
0.02169
0.02206
0.02197
0.04733
0.05846
0.04254
0.05131
0.02175
0.02128
0.01533
0.00000
0.05537
0.06952
0.06492
0.05531
0.04259
0.02765
0.00791
0.04983
0.06058
0.13196
0.07615
0.07106
0.11520
0.12040
0.11075
0.06773
0.07736
0.06518
0.00963
0.03536
0.03726
0.00000
0.02426
0.02015
0.02943
0.02687
0.10261
0.10114
0.09364
0.08345
0.07841
0.04456
0.04038
0.03580
0.01534
0.02434
0.03419
0.03589
0.01734
0.05173
0.06582
0.08526
0.06692
0.06463
0.04535
0.06625
0.07075
0.07351
0.09258
0.06874
0.06584
0.04257
0.03192
0.00889
0.01338
0.02025
0.00601
0.00735
0.01843
0.03283
0.05850
0.01496
0.03438
0.02845
0.05285
0.04914
0.02519
0.03712
0.01121
0.04854
0.08073
0.13042
0.16704
0.15768
0.13916
0.14993
0.12234
0.10889
0.15088
0.17493
0.16888
0.15696
0.12836
0.12622
0.10624
0.04984
0.07028
0.07698
0.07875
0.08047
0.06173
0.08187
0.08785
0.11997
0.11017
0.10778
0.12802
0.10437
0.10308
0.09533
0.11832
0.12405
0.13436
0.10539
0.11009
0.11495
0.07170
0.06360
0.04609
0.04319
0.04791
0.05234
0.06048
0.03289
0.02669
0.04552
0.07266
0.07105
0.09408
0.07908
0.09710
0.05959
0.07702
0.07765
0.05379
0.10589
0.08938
0.04412
0.03408
0.00872
0.03176
0.02453
0.01222
0.02624
0.02599
0.04204
0.02212
0.03483
0.00000
0.00383
0.02085
0.04994
0.04099
0.06369
0.05639
0.08841
0.07766
0.07842
0.07369
0.08444
0.10326
0.09292
0.11636
0.12172
0.12931
0.15676
0.09038
0.08101
0.07707
0.09616
0.12009
0.08738
0.07440
0.07439
0.10238
0.09141
0.05466
0.03796
0.03753
0.01593
0.01389
0.03728
0.01104
0.05155
0.03774
0.05353
0.02656
0.02263
0.04419
0.06934
0.08199
0.05755
0.04165
0.04101
0.03624
0.03104
0.01552
0.02229
0.00539
0.01112
0.02542
0.03879
0.05286
0.06081
0.05871
0.08561
0.08494
0.06579
0.05305
0.06666
0.06732
0.05835
0.04036
0.01709
0.00150
0.03068
0.05694
0.04675
0.02274
0.02730
0.04055
0.06682
0.06736
0.05269
0.05820
0.04728
0.04845
0.03594
0.04468
0.00000
0.01357
0.01046
0.01949
0.06333
0.08343
0.09322
0.07885
0.05164
0.05117
0.05615
0.03682
0.04227
0.04743
0.08249
0.10487
0.13974
0.13444
0.11309
0.08864
0.05751
0.05046
0.03315
0.03547
0.02029
0.04901
0.00634
0.01269
0.01620
0.01267
0.02479
0.00864
0.02377
0.03850
0.06674
0.07299
0.08969
0.10462
0.06606
0.03516
0.00818
0.00306
0.02842
0.05116
0.02096
0.01414
0.01723
0.06661
0.05972
0.01748
0.01811
0.04502
0.04787
0.02287
0.03646
0.06403
0.06313
0.08966
0.06898
0.07057
0.03561
0.04655
0.04151
0.05220
0.05907
0.06617
0.07928
0.07186
0.04699
0.03802
0.04532
0.01853
0.04881
0.04546
0.00457
0.01016
0.02500
0.06381
0.01647
0.05135
0.12194
0.11476
0.14125
0.14029
0.12864
0.08862
0.12155
0.15347
0.13206
0.12647
0.13150
0.14911
0.10771
0.09676
0.11183
0.11029
0.12149
0.15476
0.15374
0.14146
0.15248
0.12555
0.11305
0.11306
0.08884
0.10237
0.10843
0.10665
0.08665
0.09035
0.04539
0.03647
0.04227
0.03873
0.05173
0.05765
0.05861
0.07017
0.11356
0.13727
0.12865
0.11459
0.09987
0.11394
0.11734
0.13131
0.13132
0.16499
0.15845
0.12564
0.10624
0.09721
0.05564
0.05212
0.04426
0.03141
0.03462
0.02747
0.02936
0.04006
0.01961
0.04702
0.02670
0.05505
0.03939
0.01740
0.02676
0.04217
0.03826
0.04927
0.05667
0.06312
0.04944
0.02534
0.08132
0.06766
0.06419
0.07732
0.08404
0.08319
0.06561
0.05305
0.05296
0.04166
0.03182
0.03806
0.04032
0.03040
0.04463
0.01923
0.00000
0.00021
0.00181
0.03328
0.00107
0.01119
0.00508
0.02867
0.02893
0.04239
0.02695
0.03454
0.02016
0.01166
0.00338
0.00011
0.00227
0.00572
0.01203
0.03814
0.05631
0.02727
0.02268
0.02547
0.00524
0.01318
0.02001
0.01705
0.02146
0.02200
0.03227
0.02627
0.03603
0.03880
0.06720
0.07825
0.10062
0.08486
0.14057
0.14163
0.15044
0.16043
0.14927
0.17454
0.18492
0.13012
0.07754
0.06685
0.06159
0.09162
0.09582
0.06310
0.06639
0.07786
0.07188
0.07172
0.06998
0.05852
0.04752
0.04012
0.05699
0.06890
0.05375
0.05162
0.05977
0.06144
0.04566
0.04337
0.04797
0.04730
0.03214
0.02344
0.02204
0.01362
0.01167
0.02051
0.07973
0.08017
0.07375
0.09576
0.10749
0.12440
0.18390
0.18605
0.18306
0.20405
0.15113
0.15129
0.15067
0.14799
0.15574
0.10474
0.13129
0.11208
0.13757
0.11757
0.10534
0.08895
0.07733
0.08732
0.11631
0.15066
0.13932
0.11393
0.12914
0.11807
0.11450
0.12388
0.15698
0.14942
0.14934
0.13958
0.14695
0.14834
0.13741
0.12595
0.14906
0.16755
0.16613
0.12821
0.09375
0.09873
0.13858
0.14529
0.14990
0.12558
0.11585
0.09980
0.09283
0.07696
0.06497
0.07544
0.05795
0.06513
0.04869
0.02622
0.02577
0.04950
0.02821
0.01949
0.02111
0.02379
0.02282
0.01113
0.01356
0.04681
0.03600
0.04534
0.02326
0.02860
0.00000
0.02155
0.04304
0.03707
0.01802
0.01109
0.01943
0.01656
0.00000
0.05140
0.03719
0.04061
0.03352
0.02280
0.04021
0.03402
0.02873
0.02997
0.04627
0.05235
0.06144
0.03316
0.03794
0.03235
0.05462
0.04677
0.03752
0.05084
0.07765
0.09406
0.08603
0.07947
0.08175
0.07414
0.07238
0.09924
0.06917
0.09717
0.09579
0.08125
0.07129
0.08857
0.05711
0.05314
0.06100
0.10383
0.10424
0.09531
0.12463
0.13049
0.11873
0.14771
0.11822
0.09399
0.11110
0.07174
0.08886
0.11665
0.14141
0.16199
0.20323
0.22267
0.22476
0.17863
0.16031
0.16329
0.17237
0.18571
0.13219
0.11050
0.10130
0.07792
0.09877
0.06414
0.03387
0.02848
0.01470
0.02792
0.02003
0.03517
0.04775
0.07023
0.07494
0.03290
0.06580
0.05958
0.04757
0.05761
0.06614
0.05101
0.03473
0.03120
0.05348
0.06578
0.08518
0.05886
0.07253
0.06572
0.06002
0.04217
0.03948
0.00561
0.02619
0.01798
0.01107
0.00000
0.01069
0.03135
0.04620
0.02046
0.03778
0.06961
0.04506
0.04525
0.05508
0.03321
0.01372
0.01794
0.02015
0.04109
0.04479
0.03751
0.03751
0.01514
0.03507
0.00165
0.01111
0.02366
0.02114
0.05655
0.05504
0.05922
0.07425
0.07320
0.08743
0.07280
0.02298
0.03600
0.01728
0.02255
0.00000
0.03714
0.07776
0.07730
0.09170
0.09698
0.12743
0.12772
0.13609
0.06398
0.05431
0.05677
0.07007
0.11340
0.07228
0.13309
0.14517
0.16573
0.17483
0.15979
0.14669
0.12612
0.11549
0.12905
0.13134
0.11578
0.12588
0.06220
0.08289
0.09792
0.10692
0.09776
0.08537
0.11313
0.10034
0.06067
0.07614
0.07959
0.10600
0.08907
0.10093
0.13228
0.16971
0.14644
0.12362
0.08857
0.08920
0.08313
0.04740
0.03808
0.05147
0.03805
0.04943
0.04078
0.05737
0.08130
0.07224
0.08436
0.05935
0.08557
0.09243
0.11453
0.08514
0.09049
0.07974
0.11995
0.10443
0.10375
0.08071
0.05027
0.05489
0.06640
0.03053
0.05663
0.03688
0.02085
0.02506
0.04932
0.07907
0.09512
0.08771
0.09720
0.09997
0.11956
0.08293
0.08739
0.11694
0.10981
0.10865
0.10480
0.09278
0.05021
0.05909
0.05161
0.08541
0.07383
0.06059
0.05598
0.06651
0.05201
0.04359
0.01921
0.01816
0.04159
0.02396
0.00323
0.01009
0.00303
0.00000
0.00222
0.02955
0.02340
0.04107
0.03883
0.03983
0.06347
0.06049
0.05594
0.06453
0.09753
0.11052
0.11372
0.08510
0.06537
0.05973
0.07268
0.09099
0.08942
0.07733
0.05184
0.10597
0.07095
0.07552
0.07261
0.06773
0.05704
0.04716
0.03370
0.02082
0.04065
0.03681
0.05866
0.04603
0.05139
0.07115
0.10308
0.13669
0.15592
0.14868
0.16722
0.16836
0.16221
0.15519
0.16611
0.12699
0.14421
0.12777
0.13849
0.15880
0.18479
0.18346
0.17800
0.23688
0.21090
0.18109
0.15432
0.16931
0.14257
0.10118
0.10151
0.12935
0.13192
0.07229
0.08087
0.07366
0.05377
0.04951
0.10052
0.11746
0.09755
0.10047
0.12273
0.11867
0.09702
0.14869
0.15712
0.19255
0.19545
0.21500
0.20837
0.17229
0.14782
0.15953
0.15402
0.18439
0.16869
0.14980
0.13209
0.14010
0.12637
0.14757
0.15436
0.11034
0.10577
0.09018
0.06644
0.06607
0.08127
0.08810
0.09140
0.09675
0.08054
0.07466
0.06452
0.07431
0.05723
0.07006
0.05058
0.04555
0.04175
0.04104
0.04221
0.03164
0.03441
0.04369
0.04052
0.01516
0.01765
0.04736
0.06643
0.07177
0.07777
0.05914
0.06133
0.07425
0.05808
0.08292
0.08226
0.08780
0.11243
0.07674
0.01943
0.04638
0.07826
0.04757
0.07438
0.07833
0.10861
0.10837
0.14465
0.15797
0.15900
0.12459
0.10198
0.05243
0.00766
0.01593
0.01542
0.01455
0.03816
0.03597
0.02567
0.03441
0.03877
0.01807
0.05679
0.03886
0.03803
0.07088
0.04589
0.06449
0.05275
0.06730
0.02348
0.01830
0.03022
0.01251
0.03654
0.03876
0.05056
0.05392
0.01637
0.01104
0.04912
0.02725
0.03462
0.03462
0.05453
0.06028
0.10648
0.10491
0.07764
0.05767
0.06835
0.07076
0.08774
0.04852
0.05463
0.04528
0.05669
0.05580
0.04251
0.08011
0.08660
0.09522
0.10647
0.07154
0.07588
0.07422
0.08226
0.10367
0.13183
0.11511
0.07689
0.08578
0.05409
0.04595
0.02772
0.04108
0.03235
0.02717
0.02848
0.02466
0.05600
0.02070
0.02209
0.00778
0.03447
0.02035
0.04114
0.02748
0.01599
0.04440
0.05795
0.07079
0.06467
0.06974
0.06088
0.06951
0.06458
0.08282
0.07598
0.03741
0.03012
0.04113
0.02318
0.03539
0.02649
0.00000
0.01719
0.02237
0.03386
0.05063
0.04794
0.03616
0.03741
0.07329
0.08181
0.04909
0.03378
0.02161
0.04249
0.04216
0.05254
0.06771
0.06532
0.05459
0.05067
0.02290
0.01641
0.02203
0.06749
0.03646
0.02185
0.05502
0.07133
0.08976
0.04427
0.01613
0.02972
0.03364
0.02356
0.05072
0.06880
0.05695
0.05685
0.04109
0.04372
0.12063
0.11911
0.11406
0.10243
0.08369
0.08526
0.11183
0.06910
0.06976
0.07167
0.06429
0.09558
0.05339
0.05216
0.04791
0.02552
0.05629
0.06895
0.07167
0.06099
0.05066
0.04295
0.03789
0.03813
0.05507
0.11262
0.12407
0.15185
0.14615
0.13882
0.12074
0.10503
0.08352
0.04304
0.05005
0.06522
0.05288
0.08427
0.08426
0.09265
0.06509
0.01834
0.03440
0.04108
0.01784
0.00882
0.00846
0.02210
0.00764
0.04140
0.08486
0.03861
0.02351
0.05637
0.06192
0.03905
0.03598
0.01497
0.01097
0.06065
0.04946
0.04372
0.05618
0.05446
0.08244
0.08939
0.06827
0.06099
0.04903
0.05827
0.05033
0.05370
0.08929
0.03105
0.06025
0.09868
0.04499
0.05774
0.05231
0.07403
0.01243
0.03461
0.00000
0.01630
0.05702
0.06312
0.04546
0.00000
0.00272
0.01218
0.00989
0.02100
0.02093
0.01902
0.02633
0.01400
0.05472
0.03899
0.02178
0.00000
0.01934
0.01453
0.00160
0.02763
0.03466
0.02601
0.02022
0.00928
0.00000
0.01467
0.00499
0.07756
0.08286
0.08587
0.12722
0.11490
0.11678
0.12123
0.10148
0.08259
0.05412
0.08800
0.09678
0.06350
0.03686
0.05716
0.04558
0.05667
0.09326
0.10874
0.08535
0.06092
0.03832
0.00021
0.03487
0.04013
0.02948
0.03796
0.02902
0.03475
0.04122
0.03276
0.03194
0.06083
0.04936
0.06050
0.06767
0.08855
0.07702
0.06090
0.02085
0.01993
0.00000
0.01075
0.01046
0.03010
0.02406
0.05624
0.04019
0.01138
0.02379
0.03398
0.02725
0.02862
0.01864
0.02508
0.02251
0.02699
0.03116
0.04174
0.04796
0.05846
0.07492
0.14642
0.14340
0.13823
0.14855
0.15754
0.15665
0.13087
0.11286
0.12561
0.10475
0.11931
0.09788
0.08911
0.11404
0.07079
0.05416
0.08574
0.06877
0.08285
0.09635
0.12345
0.06299
0.01083
0.02469
0.04910
0.04749
0.03714
0.06864
0.03084
0.00082
0.01585
0.03115
0.04760
0.03991
0.02804
0.02443
0.03746
0.03661
0.03293
0.01870
0.02395
0.07943
0.08068
0.08097
0.07723
0.07718
0.06743
0.04668
0.03210
0.04290
0.01688
0.05164
0.06602
0.06997
0.07484
0.01646
0.02975
0.04171
0.06695
0.08373
0.07112
0.03473
0.04009
0.03450
0.03394
0.04296
0.06979
0.05168
0.04825
0.05956
0.09684
0.05643
0.03644
0.05748
0.06957
0.09089
0.09498
0.10214
0.08406
0.08045
0.04666
0.01034
0.01920
0.01292
0.00000
0.03733
0.06831
0.05543
0.10019
0.10872
0.12144
0.12036
0.12352
0.17130
0.13151
0.11565
0.14086
0.13535
0.14631
0.14629
0.15170
0.15322
0.13747
0.11192
0.14562
0.13940
0.12160
0.12735
0.13983
0.11214
0.10388
0.09053
0.05181
0.09264
0.09591
0.10392
0.10487
0.07164
0.00252
0.04124
0.01011
0.03098
0.02738
0.05085
0.00864
0.00002
0.01128
0.01158
0.05276
0.05610
0.04832
0.07018
0.07825
0.09658
0.10378
0.07162
0.04490
0.04032
0.04880
0.10592
0.07775
0.09579
0.10044
0.08669
0.04044
0.03383
0.03746
0.06660
0.06829
0.04669
0.02984
0.01929
0.01782
0.03397
0.05800
0.07760
0.04017
0.03825
0.06362
0.05078
0.00648
0.02755
0.03606
0.06052
0.05256
0.08493
0.05937
0.06789
0.06275
0.02450
0.04930
0.04265
0.06596
0.06097
0.06201
0.06975
0.03243
0.04762
0.02457
0.01250
0.04255
0.05274
0.04846
0.04519
0.06900
0.04979
0.05816
0.05149
0.08285
0.06529
0.06073
0.07360
0.10628
0.13699
0.10728
0.11639
0.13575
0.09789
0.06545
0.05520
0.05637
0.03414
0.02103
0.06539
0.08466
0.08330
0.07997
0.07837
0.09729
0.10015
0.06651
0.05483
0.05656
0.06154
0.04008
0.02129
0.03947
0.03749
0.01669
0.03300
0.00794
0.06100
0.04445
0.04790
0.03612
0.02640
0.06264
0.07026
0.06007
0.09670
0.05013
0.04681
0.00000
0.01220
0.03526
0.00208
0.03571
0.02039
0.00799
0.03537
0.03701
0.05487
0.06194
0.05734
0.05131
0.06078
0.05846
0.02426
0.09845
0.02018
0.00462
0.04283
0.04075
0.04645
0.03527
0.03949
0.03830
0.06148
0.05439
0.03170
0.03195
0.02902
0.04171
0.03673
0.04035
0.04392
0.04567
0.05648
0.03826
0.00089
0.03363
0.04089
0.06723
0.06097
0.09141
0.11773
0.09255
0.09575
0.09062
0.07017
0.01645
0.00015
0.01921
0.06535
0.02259
0.06395
0.06075
0.05960
0.04810
0.07575
0.04086
0.06640
0.05317
0.00000
0.03051
0.03185
0.05984
0.08164
0.06792
0.06473
0.07508
0.04864
0.05443
0.05171
0.02952
0.01590
0.01418
0.01515
0.01472
0.00856
0.00310
0.03851
0.06921
0.05623
0.03293
0.04347
0.01508
0.01017
0.00568
0.00327
0.02305
0.02545
0.03197
0.02833
0.01629
0.03178
0.00443
0.03524
0.02256
0.01934
0.04757
0.08183
0.10251
0.09908
0.06839
0.08357
0.07135
0.07596
0.08906
0.10773
0.10108
0.08463
0.07600
0.10153
0.10609
0.10967
0.08993
0.09265
0.04716
0.06658
0.05382
0.04421
0.06249
0.08460
0.08998
0.09393
0.09871
0.06805
0.00224
0.01339
0.01633
0.02954
0.02441
0.04583
0.05742
0.03037
0.01637
0.00449
0.00000
0.01127
0.03577
0.03428
0.04205
0.01516
0.02589
0.04508
0.01791
0.02471
0.00434
0.02199
0.02265
0.01150
0.02636
0.03756
0.04756
0.04266
0.03646
0.02220
0.02264
0.00818
0.02633
0.02276
0.03515
0.05260
0.05944
0.06816
0.04791
0.03452
0.03837
0.03125
0.07253
0.07223
0.07660
0.04093
0.07523
0.08295
0.06944
0.08061
0.06760
0.02926
0.03259
0.05767
0.04190
0.04575
0.05832
0.09611
0.08485
0.07824
0.06049
0.00981
0.04833
0.04598
0.04600
0.04952
0.05066
0.02159
0.00000
0.00005
0.00685
0.03205
0.10838
0.09551
0.07969
0.05796
0.07474
0.09379
0.11648
0.12690
0.11999
0.11507
0.09104
0.08788
0.10960
0.10530
0.09840
0.07867
0.07404
0.08305
0.03391
0.02881
0.02156
0.05008
0.06571
0.01384
0.00410
0.01745
0.01219
0.02399
0.00000
0.00007
0.02012
0.02728
0.05623
0.04335
0.01015
0.00928
0.01247
0.03723
0.05031
0.05795
0.06952
0.06167
0.05549
0.06063
0.08831
0.08196
0.07135
0.07204
0.05881
0.05899
0.03680
0.02786
0.03613
0.02586
0.02593
0.03541
0.03528
0.03191
0.05005
0.05914
0.07635
0.07835
0.11377
0.05611
0.03459
0.03902
0.03158
0.03868
0.04994
0.07625
0.07978
0.04383
0.07960
0.05376
0.04275
0.03250
0.05597
0.04268
0.04131
0.05082
0.05522
0.04868
0.07586
0.09777
0.13698
0.13709
0.12283
0.11537
0.09033
0.10531
0.10015
0.10943
0.08583
0.09081
0.13386
0.11876
0.13257
0.10030
0.09091
0.05547
0.07421
0.05015
0.08342
0.11094
0.09632
0.07662
0.10416
0.10833
0.05434
0.03858
0.01209
0.01764
0.02898
0.05840
0.05856
0.06989
0.06820
0.07606
0.11208
0.05942
0.10616
0.10850
0.10918
0.08672
0.07316
0.08124
0.04361
0.06593
0.07711
0.08111
0.02510
0.00988
0.02673
0.02784
0.03936
0.03299
0.06525
0.05927
0.06626
0.04371
0.04261
0.06620
0.05398
0.03755
0.05478
0.05114
0.05080
0.07435
0.07908
0.06091
0.08511
0.08539
0.07991
0.08015
0.06875
0.07718
0.07475
0.08474
0.07954
0.07221
0.07872
0.08483
0.09431
0.10846
0.04994
0.05899
0.06413
0.07116
0.07999
0.05364
0.06801
0.05309
0.05308
0.05793
0.07421
0.06682
0.06758
0.05600
0.04665
0.07031
0.08334
0.09677
0.11706
0.11252
0.13182
0.13003
0.14064
0.11232
0.04722
0.02129
0.03475
0.02187
0.03828
0.03042
0.08194
0.06944
0.07205
0.09538
0.08937
0.11239
0.10069
0.07351
0.03598
0.00011
0.01299
0.04134
0.00915
0.00000
0.03507
0.01334
0.02485
0.02029
0.00832
0.03518
0.04948
0.08509
0.07590
0.06135
0.04101
0.04754
0.04485
0.01867
0.05205
0.04157
0.01610
0.02023
0.02390
0.00034
0.01492
0.02391
0.02400
0.03057
0.03871
0.02454
0.02338
0.01686
0.05069
0.02030
0.01162
0.02679
0.05195
0.03393
0.05152
0.06889
0.05580
0.08801
0.07943
0.10800
0.05583
0.06583
0.08270
0.11110
0.08223
0.09471
0.08606
0.11606
0.11111
0.06376
0.03756
0.02992
0.03258
0.04502
0.06864
0.06256
0.05115
0.07493
0.07152
0.08118
0.09992
0.04046
0.05955
0.08043
0.08494
0.08271
0.06284
0.06544
0.02083
0.00069
0.00617
0.00841
0.00525
0.02232
0.05202
0.05216
0.03939
0.03328
0.01585
0.01067
0.01533
0.01417
0.03588
0.01055
0.02668
0.00000
0.00847
0.01167
0.00000
0.06154
0.07093
0.04546
0.03751
0.01504
0.01653
0.02417
0.02778
0.01646
0.03756
0.09641
0.09477
0.09383
0.09520
0.10409
0.09411
0.08801
0.04542
0.02297
0.04073
0.04481
0.03937
0.03880
0.02903
0.02551
0.05454
0.05481
0.06105
0.05065
0.04170
0.04968
0.03240
0.03971
0.03668
0.03738
0.02898
0.00042
0.03193
0.03958
0.03289
0.07146
0.08697
0.09061
0.10124
0.06903
0.06083
0.05484
0.06343
0.08585
0.04325
0.07364
0.05079
0.06647
0.08569
0.09160
0.09030
0.09185
0.05794
0.06719
0.07307
0.02095
0.04631
0.05274
0.04504
0.03961
0.04920
0.06202
0.09446
0.11650
0.12277
0.12689
0.13639
0.15441
0.15393
0.16011
0.15913
0.13455
0.12872
0.08803
0.08945
0.13110
0.15985
0.13921
0.14425
0.15288
0.12765
0.10230
0.12095
0.11719
0.09068
0.05940
0.06890
0.10476
0.09945
0.07871
0.08482
0.08847
0.04789
0.04739
0.04945
0.03139
0.04397
0.07930
0.06876
0.05752
0.04352
0.04389
0.01337
0.05330
0.06568
0.05669
0.06572
0.08864
0.07822
0.04785
0.06523
0.08177
0.12307
0.11180
0.14426
0.16050
0.13672
0.12623
0.12244
0.12557
0.14508
0.11085
0.10493
0.13942
0.14883
0.13399
0.13319
0.11026
0.10344
0.12655
0.14407
0.12022
0.13307
0.11401
0.09364
0.08099
0.08846
0.12195
0.14267
0.13419
0.11102
0.10134
0.12292
0.12407
0.09272
0.10519
0.05197
0.02640
0.01759
0.08086
0.08845
0.04839
0.04450
0.05608
0.05917
0.06473
0.08316
0.07757
0.06926
0.06983
0.07137
0.06899
0.07150
0.05377
0.05508
0.05775
0.07224
0.08102
0.04428
0.00632
0.01429
0.00853
0.00000
0.01569
0.04135
0.00000
0.02700
0.05097
0.04271
0.06938
0.09204
0.06090
0.04020
0.02056
0.04014
0.04164
0.04314
0.03538
0.04205
0.04498
0.06693
0.06525
0.04988
0.04382
0.05782
0.09533
0.07334
0.07074
0.07381
0.05462
0.02957
0.02489
0.00000
0.00005
0.02398
0.01472
0.00750
0.00175
0.03378
0.08299
0.06417
0.09648
0.11002
0.10604
0.09179
0.09981
0.14601
0.11818
0.10131
0.09453
0.10857
0.10160
0.08950
0.10851
0.11670
0.12061
0.13847
0.10871
0.11329
0.09321
0.06405
0.06390
0.03689
0.03598
0.03724
0.06653
0.03491
0.04804
0.07467
0.07993
0.07332
0.10403
0.09234
0.07408
0.02982
0.03286
0.02578
0.07082
0.04694
0.00971
0.03303
0.03018
0.03448
0.00646
0.02115
0.01790
0.04365
0.04465
0.02050
0.01265
0.02226
0.00000
0.00000
0.01614
0.05165
0.03887
0.02684
0.03566
0.02758
0.03019
0.00476
0.00000
0.01523
0.00148
0.00489
0.01448
0.01264
0.01004
0.02970
0.02188
0.02652
0.01405
0.02853
0.01756
0.01349
0.00947
0.05778
0.07325
0.08285
0.09151
0.07257
0.04987
0.04012
0.04931
0.05927
0.06536
0.04971
0.07627
0.06036
0.08981
0.07651
0.03278
0.04226
0.01691
0.00775
0.00643
0.02561
0.02000
0.02062
0.05966
0.05966
0.04724
0.04702
0.02788
0.00937
0.03038
0.02216
0.04957
0.01271
0.01790
0.00963
0.01013
0.04644
0.04168
0.03714
0.05264
0.03121
0.00714
0.01573
0.04972
0.04105
0.06137
0.04464
0.03827
0.03935
0.04444
0.04275
0.05807
0.06400
0.02790
0.04149
0.00871
0.00623
0.00000
0.00000
0.00693
0.01415
0.00032
0.01670
0.01499
0.01268
0.00000
0.00031
0.03432
0.06083
0.05366
0.02960
0.03225
0.02568
0.01648
0.04839
0.04271
0.02204
0.01741
0.02193
0.02582
0.02201
0.03173
0.03579
0.00931
0.02761
0.03359
0.02454
0.02878
0.02872
0.00023
0.00703
0.07433
0.07187
0.07075
0.02611
0.02196
0.02013
0.03291
0.05537
0.06525
0.05383
0.03474
0.04093
0.05440
0.04729
0.02960
0.03566
0.03937
0.03501
0.01273
0.00000
0.00404
0.00000
0.00235
0.01972
0.00000
0.00005
0.03023
0.04058
0.02837
0.03863
0.06278
0.10696
0.06608
0.03893
0.01251
0.03959
0.05303
0.06002
0.06012
0.07710
0.07291
0.08761
0.04656
0.00587
0.05840
0.04761
0.05064
0.08095
0.05927
0.06511
0.06171
0.05263
0.03732
0.04262
0.09312
0.11422
0.13031
0.13004
0.15716
0.16433
0.15056
0.14367
0.14367
0.16516
0.15410
0.13516
0.12600
0.10763
0.06628
0.06456
0.05521
0.05156
0.05730
0.02501
0.04789
0.04911
0.05167
0.09506
0.11324
0.10922
0.11365
0.09460
0.11473
0.15005
0.18815
0.19291
0.19272
0.20765
0.16736
0.15988
0.14558
0.12037
0.11630
0.11114
0.10703
0.10680
0.09906
0.08617
0.10124
0.07164
0.10102
0.09690
0.09432
0.06085
0.04364
0.03287
0.03821
0.05126
0.04424
0.04382
0.03218
0.01145
0.00122
0.00262
0.01104
0.01253
0.02117
0.03816
0.02502
0.02320
0.03702
0.02556
0.03130
0.03476
0.02300
0.02090
0.00000
0.02098
0.01054
0.04287
0.05659
0.04832
0.04668
0.07590
0.08796
0.10795
0.10085
0.09556
0.08006
0.10351
0.07720
0.08598
0.07510
0.08496
0.08189
0.08826
0.07053
0.08806
0.09230
0.08765
0.05298
0.00180
0.00000
0.03492
0.01899
0.03624
0.04407
0.01834
0.00991
0.00000
0.00919
0.00000
0.00338
0.00000
0.00021
0.00154
0.00379
0.00580
0.02171
0.05513
0.05223
0.05717
0.08280
0.08082
0.07321
0.05973
0.07448
0.06453
0.05306
0.04739
0.07225
0.12516
0.14636
0.09288
0.08032
0.02926
0.03164
0.04899
0.07649
0.08751
0.09868
0.11817
0.10027
0.06621
0.03414
0.02526
0.02266
0.02229
0.00000
0.04443
0.06969
0.08447
0.07621
0.07951
0.09603
0.09966
0.10435
0.13110
0.07734
0.11495
0.09188
0.10335
0.09586
0.08105
0.10884
0.12695
0.12234
0.10640
0.05326
0.02574
0.02922
0.03951
0.03951
0.05043
0.06095
0.03010
0.01075
0.01310
0.01408
0.02030
0.01781
0.01942
0.04372
0.08141
0.12640
0.08461
0.06737
0.06572
0.05355
0.06101
0.06244
0.04241
0.01714
0.00000
0.00683
0.01501
0.01843
0.00018
0.00992
0.03266
0.07893
0.08450
0.11288
0.12925
0.14461
0.15902
0.15233
0.12024
0.10280
0.10036
0.11296
0.14846
0.15264
0.15906
0.16119
0.19214
0.19511
0.21164
0.22863
0.22035
0.17846
0.15916
0.15274
0.14789
0.15940
0.16077
0.16206
0.15040
0.13021
0.14320
0.13220
0.13210
0.15205
0.14523
0.17295
0.14434
0.10485
0.09266
0.09363
0.11322
0.15409
0.16679
0.19153
0.18771
0.17225
0.21612
0.16749
0.14820
0.11312
0.14427
0.11310
0.10551
0.08076
0.05738
0.05738
0.02907
0.02632
0.02595
0.05647
0.06784
0.06943
0.09464
0.11655
0.15141
0.14356
0.07232
0.05828
0.06515
0.07009
0.06256
0.06931
0.06382
0.07202
0.08089
0.07953
0.07557
0.07314
0.03521
0.05127
0.03329
0.04844
0.01380
0.04923
0.06438
0.07286
0.05574
0.06029
0.06029
0.06149
0.05595
0.04119
0.03600
0.06332
0.08083
0.06480
0.07461
0.04673
0.06490
0.06553
0.07638
0.08445
0.06729
0.04964
0.05720
0.06589
0.02844
0.03404
0.00106
0.04485
0.03343
0.02131
0.01911
0.01081
0.02557
0.02346
0.00973
0.00909
0.00909
0.04368
0.08990
0.07717
0.13340
0.11472
0.08977
0.08405
0.11141
0.10279
0.08929
0.12471
0.13181
0.13031
0.09702
0.11113
0.08170
0.04893
0.03486
0.04021
0.05582
0.02805
0.03298
0.04421
0.04541
0.01875
0.02202
0.02084
0.04553
0.03591
0.02794
0.02179
0.04201
0.03051
0.04135
0.04042
0.02976
0.02435
0.03317
0.03755
0.00939
0.05774
0.08219
0.07429
0.06115
0.03947
0.02059
0.00166
0.03093
0.00382
0.02270
0.03022
0.01380
0.02923
0.02083
0.01264
0.02867
0.02899
0.02262
0.02306
0.02661
0.00510
0.00132
0.00321
0.04232
0.01202
0.01396
0.01477
0.02639
0.03530
0.02968
0.04060
0.04391
0.03522
0.04343
0.05675
0.05912
0.05236
0.04577
0.02896
0.03652
0.02589
0.02754
0.02023
0.02684
0.03583
0.04436
0.07963
0.08955
0.07416
0.08351
0.04049
0.02719
0.03282
0.04278
0.04520
0.04792
0.03997
0.02183
0.02740
0.00835
0.02377
0.03465
0.05500
0.05091
0.03883
0.02744
0.03817
0.03929
0.03724
0.04116
0.03059
0.07969
0.06937
0.01566
0.03331
0.04462
0.05568
0.06157
0.03742
0.04706
0.06735
0.08197
0.08958
0.05144
0.04180
0.05104
0.06300
0.06198
0.05531
0.06252
0.04987
0.03217
0.04182
0.03585
0.05127
0.02157
0.01356
0.00606
0.02804
0.01238
0.00752
0.00559
0.06280
0.08083
0.09625
0.09510
0.11120
0.10684
0.09832
0.10568
0.09096
0.10684
0.08386
0.07325
0.11759
0.08730
0.09643
0.09359
0.10015
0.08884
0.07854
0.12758
0.13049
0.12547
0.13548
0.10171
0.06378
0.03949
0.03893
0.05829
0.07145
0.06311
0.07129
0.07680
0.08310
0.09785
0.08876
0.12108
0.11092
0.12231
0.11988
0.12034
0.10175
0.09636
0.11888
0.13132
0.10124
0.10245
0.09694
0.10943
0.10313
0.09174
0.09664
0.06873
0.08421
0.07766
0.09423
0.05344
0.06188
0.04807
0.05900
0.09315
0.12057
0.09807
0.09378
0.08843
0.07632
0.10669
0.11683
0.11939
0.11023
0.12233
0.09350
0.08099
0.11300
0.11522
0.10710
0.10815
0.16698
0.17760
0.17387
0.18485
0.18752
0.20457
0.17920
0.16870
0.13999
0.12403
0.09402
0.11030
0.08286
0.12329
0.10625
0.09195
0.10219
0.09970
0.07834
0.06656
0.05127
0.07710
0.06611
0.02906
0.06443
0.05978
0.07492
0.07697
0.05578
0.06246
0.08723
0.11022
0.14912
0.11889
0.11507
0.12162
0.07190
0.08280
0.05981
0.03434
0.03006
0.01719
0.03004
0.03833
0.05682
0.02553
0.01360
0.01360
0.02857
0.07914
0.11173
0.06006
0.00923
0.00518
0.00813
0.01509
0.02204
0.01823
0.03999
0.01652
0.03445
0.03766
0.04085
0.06048
0.04791
0.03425
0.04001
0.03020
0.05286
0.02575
0.00000
0.03320
0.02741
0.00000
0.04060
0.02349
0.02365
0.04713
0.07892
0.07768
0.07629
0.07784
0.07607
0.05618
0.04926
0.03992
0.02110
0.03747
0.03262
0.04575
0.04934
0.07487
0.08621
0.03718
0.00592
0.01237
0.04730
0.03165
0.04805
0.04118
0.03027
0.04225
0.04955
0.04091
0.03161
0.03417
0.03970
0.05540
0.08040
0.06145
0.06144
0.07024
0.06150
0.03424
0.06155
0.04389
0.03971
0.00000
0.00930
0.05214
0.05032
0.06174
0.04188
0.05263
0.05931
0.07624
0.09516
0.08343
0.08062
0.06573
0.07307
0.06914
0.07176
0.07173
0.08887
0.09801
0.09253
0.08482
0.06833
0.06706
0.06690
0.07824
0.09013
0.07426
0.08020
0.09029
0.10360
0.08778
0.09254
0.08425
0.08306
0.05545
0.05158
0.06170
0.03771
0.02956
0.02424
0.01706
0.02551
0.04819
0.06606
0.07161
0.06001
0.05997
0.06668
0.05730
0.04782
0.04604
0.00000
0.03021
0.02326
0.02914
0.01326
0.01222
0.01978
0.02444
0.00676
0.03089
0.04222
0.03915
0.03605
0.02897
0.03204
0.01297
0.01218
0.00516
0.03305
0.04795
0.06158
0.03654
0.05583
0.05723
0.01821
0.01680
0.03070
0.02946
0.03798
0.06527
0.02658
0.04965
0.05343
0.00000
0.01146
0.04225
0.03573
0.00000
0.01991
0.03213
0.05665
0.10827
0.11147
0.07535
0.07875
0.06635
0.07593
0.07460
0.04320
0.05425
0.02363
0.04533
0.05228
0.03270
0.07754
0.08555
0.14186
0.15462
0.15528
0.13487
0.12242
0.11919
0.12889
0.15105
0.13245
0.12096
0.09549
0.12371
0.13538
0.14483
0.13384
0.10366
0.12928
0.12951
0.12970
0.14772
0.13543
0.12480
0.09977
0.07741
0.08204
0.07285
0.07261
0.04448
0.02572
0.04557
0.06670
0.09937
0.13727
0.16865
0.18112
0.14390
0.13311
0.13196
0.10643
0.10993
0.09483
0.10704
0.10699
0.09094
0.07364
0.03974
0.02108
0.01074
0.00000
0.01175
0.00142
0.01867
0.03441
0.02651
0.03821
0.02124
0.03644
0.04456
0.05481
0.06156
0.08626
0.06586
0.04350
0.05361
0.04269
0.05619
0.05949
0.04694
0.05628
0.07972
0.05072
0.04259
0.05655
0.03914
0.05023
0.03563
0.00690
0.01840
0.02717
0.08274
0.07648
0.07011
0.11777
0.10820
0.10774
0.10358
0.10309
0.09558
0.11493
0.06652
0.06743
0.06194
0.07431
0.07480
0.09298
0.09547
0.07537
0.06582
0.07667
0.03777
0.02046
0.02171
0.02126
0.03458
0.03696
0.02115
0.03184
0.01834
0.03007
0.01989
0.01813
0.01770
0.00378
0.02008
0.01048
0.03167
0.04425
0.03173
0.04922
0.02370
0.01173
0.04342
0.04415
0.06189
0.08105
0.05009
0.05301
0.04877
0.03985
0.05337
0.06002
0.05920
0.06979
0.07736
0.06649
0.07897
0.07396
0.04651
0.05912
0.08388
0.09636
0.12838
0.13512
0.14157
0.11712
0.14271
0.13075
0.12712
0.09898
0.09507
0.09015
0.07280
0.07893
0.05662
0.01733
0.04350
0.05425
0.02900
0.03648
0.04720
0.03922
0.04978
0.05437
0.06328
0.09441
0.06700
0.06680
0.07863
0.09623
0.09683
0.07570
0.08585
0.09292
0.09860
0.09535
0.10939
0.11935
0.11966
0.09533
0.09913
0.08782
0.10971
0.12267
0.11821
0.12417
0.13466
0.14064
0.12766
0.13754
0.12778
0.10172
0.09943
0.11675
0.14554
0.13142
0.12239
0.11073
0.10573
0.08400
0.03651
0.01184
0.03466
0.04024
0.03717
0.03161
0.04158
0.01403
0.00798
0.03280
0.05017
0.04649
0.04341
0.07694
0.09721
0.08378
0.04715
0.04298
0.07862
0.07733
0.08358
0.07720
0.07587
0.07732
0.06227
0.06430
0.06198
0.06693
0.10077
0.09845
0.08705
0.11009
0.13228
0.13619
0.10487
0.08971
0.09936
0.10579
0.08596
0.06903
0.09207
0.07772
0.08599
0.08794
0.09421
0.11310
0.13485
0.07172
0.05587
0.05317
0.05615
0.03411
0.04224
0.05263
0.04754
0.03603
0.01979
0.02668
0.02614
0.00000
0.04347
0.07631
0.07853
0.06859
0.07839
0.09232
0.09728
0.09118
0.09060
0.07248
0.05039
0.07040
0.08582
0.05463
0.05153
0.04914
0.06081
0.00643
0.01910
0.05549
0.07414
0.04457
0.04064
0.01897
0.01467
0.00025
0.03616
0.03090
0.04474
0.05204
0.05551
0.06895
0.08649
0.08575
0.08236
0.12135
0.12099
0.10113
0.10623
0.09445
0.07263
0.11430
0.11860
0.10631
0.12188
0.12010
0.12332
0.11457
0.10495
0.16271
0.15372
0.14288
0.14275
0.14633
0.15041
0.16203
0.17154
0.17753
0.16424
0.17282
0.13165
0.12757
0.10797
0.08998
0.12803
0.10583
0.10704
0.08113
0.07091
0.06657
0.09661
0.09301
0.07948
0.02434
0.01412
0.00410
0.01140
0.00000
0.01873
0.01446
0.02149
0.01619
0.01693
0.02568
0.04196
0.00862
0.03806
0.06362
0.04298
0.03916
0.06023
0.05100
0.03491
0.10043
0.12356
0.10198
0.09967
0.10886
0.13519
0.13108
0.11438
0.05783
0.07196
0.07433
0.09084
0.06765
0.05836
0.07888
0.06568
0.08375
0.05536
0.08494
0.04851
0.09241
0.06082
0.08496
0.04517
0.07003
0.04514
0.00686
0.00000
0.02290
0.01556
0.01874
0.01946
0.04060
0.05023
0.04305
0.05649
0.06478
0.08128
0.08663
0.05106
0.04399
0.03195
0.03459
0.04428
0.03917
0.03476
0.03617
0.01847
0.00015
0.01104
0.05742
0.04256
0.05407
0.01095
0.00060
0.02047
0.04490
0.01323
0.02727
0.02926
0.01822
0.04519
0.03492
0.04852
0.05855
0.01901
0.05190
0.10628
0.10508
0.10570
0.08084
0.08167
0.10832
0.10140
0.09526
0.05826
0.06043
0.05563
0.04274
0.05151
0.01822
0.04307
0.07892
0.08255
0.08036
0.03349
0.07092
0.08995
0.08108
0.11557
0.14230
0.12904
0.13588
0.11707
0.13540
0.15713
0.12914
0.12872
0.13999
0.13112
0.11618
0.09451
0.09761
0.08215
0.09642
0.06847
0.08513
0.06873
0.06052
0.03583
0.03614
0.08836
0.09740
0.10318
0.09104
0.08020
0.09949
0.08748
0.06441
0.08038
0.04527
0.01911
0.00939
0.00296
0.00404
0.01026
0.01566
0.01880
0.04756
0.04639
0.03473
0.04959
0.05149
0.03070
0.05794
0.07726
0.08716
0.11587
0.08226
0.05088
0.06466
0.07457
0.10382
0.09122
0.07052
0.11262
0.06067
0.06949
0.07116
0.02449
0.04942
0.06513
0.06978
0.07397
0.06954
0.04299
0.06705
0.03396
0.05992
0.08044
0.12997
0.11886
0.11477
0.10913
0.11782
0.16052
0.14701
0.16309
0.14983
0.11498
0.09765
0.08923
0.09139
0.08182
0.08030
0.06638
0.05094
0.06532
0.06356
0.02974
0.04746
0.04114
0.02966
0.06190
0.04585
0.06226
0.06929
0.07479
0.14213
0.15665
0.11314
0.08010
0.08055
0.09201
0.08080
0.06997
0.07221
0.06540
0.05875
0.05839
0.07921
0.07676
0.09160
0.07102
0.05965
0.05660
0.03354
0.02378
0.04898
0.07188
0.07327
0.07583
0.07745
0.07802
0.07564
0.04870
0.05950
0.06962
0.12178
0.10117
0.11540
0.12691
0.14369
0.15134
0.14467
0.13663
0.17300
0.15132
0.17281
0.18640
0.20302
0.18678
0.18764
0.18994
0.19701
0.17328
0.15928
0.17678
0.18024
0.18969
0.18636
0.17857
0.16903
0.16871
0.17402
0.18083
0.20329
0.19678
0.19116
0.19244
0.21005
0.19484
0.18854
0.17879
0.09566
0.07757
0.08198
0.12409
0.14504
0.14884
0.16124
0.15871
0.14538
0.12956
0.11588
0.11285
0.08861
0.04383
0.04336
0.03522
0.06554
0.08533
0.05696
0.05538
0.05307
0.07592
0.09244
0.10874
0.12066
0.13068
0.13665
0.16526
0.14789
0.16012
0.15147
0.14329
0.11717
0.15142
0.15365
0.13531
0.11298
0.14311
0.19275
0.18710
0.18514
0.16688
0.15579
0.14422
0.11666
0.08337
0.13550
0.13585
0.14714
0.15631
0.09651
0.10315
0.10358
0.08895
0.08551
0.02272
0.03525
0.04311
0.02982
0.04480
0.05782
0.10075
0.05871
0.00212
0.02247
0.00516
0.04845
0.04930
0.04706
0.05753
0.03458
0.08992
0.04122
0.03962
0.03484
0.03564
0.06207
0.11124
0.11583
0.12446
0.12748
0.12838
0.10661
0.13980
0.11057
0.10122
0.13772
0.14522
0.12591
0.08221
0.08435
0.08822
0.07037
0.09779
0.05210
0.08442
0.09271
0.07808
0.02978
0.04450
0.06488
0.06541
0.08282
0.05250
0.02605
0.01602
0.02272
0.02760
0.01479
0.00005
0.02039
0.01770
0.03293
0.09134
0.14846
0.15945
0.15240
0.15671
0.15962
0.16113
0.10058
0.06695
0.02745
0.04113
0.07636
0.07405
0.08591
0.06943
0.08080
0.09387
0.13223
0.13785
0.13991
0.08937
0.12565
0.11376
0.07944
0.07865
0.07836
0.02703
0.05733
0.05280
0.04149
0.03531
0.01812
0.06525
0.07071
0.07611
0.04615
0.05135
0.09441
0.11486
0.11161
0.11010
0.13472
0.09005
0.07131
0.07087
0.06518
0.06296
0.04719
0.04824
0.04230
0.06272
0.03043
0.08301
0.07259
0.05239
0.05652
0.03688
0.04535
0.02218
0.02681
0.01586
0.02171
0.06266
0.05951
0.04860
0.06125
0.06371
0.06210
0.04634
0.05663
0.05852
0.03161
0.04650
0.08260
0.10368
0.11749
0.10649
0.09559
0.09557
0.10042
0.13213
0.13585
0.05962
0.09714
0.09376
0.05754
0.05744
0.06493
0.00555
0.00641
0.00000
0.03963
0.03893
0.04920
0.04924
0.01194
0.00216
0.01521
0.02651
0.04063
0.03713
0.04054
0.06925
0.07344
0.06912
0.05103
0.04426
0.05681
0.06256
0.08469
0.09456
0.09893
0.12055
0.13987
0.13915
0.12334
0.12472
0.12137
0.09826
0.05771
0.04307
0.08027
0.11281
0.06620
0.05015
0.05972
0.04384
0.05299
0.04649
0.00776
0.04036
0.03675
0.03500
0.00805
0.00593
0.01537
0.01489
0.06423
0.09051
0.06530
0.06842
0.05737
0.05465
0.07269
0.05664
0.04588
0.04166
0.04186
0.04282
0.02573
0.03106
0.02981
0.08921
0.09280
0.09802
0.13264
0.09767
0.09990
0.13192
0.10465
0.10892
0.06878
0.08027
0.08943
0.06914
0.06555
0.05393
0.05388
0.01603
0.03339
0.00831
0.01519
0.02733
0.01082
0.02850
0.04011
0.04135
0.05710
0.07953
0.07073
0.07700
0.05455
0.10971
0.11710
0.12038
0.12893
0.17739
0.20898
0.22418
0.17496
0.17564
0.19879
0.17056
0.17199
0.13882
0.11888
0.10072
0.10630
0.10405
0.08090
0.07254
0.10290
0.14747
0.16286
0.18860
0.15384
0.11580
0.07324
0.10417
0.10179
0.08915
0.05611
0.05768
0.07341
0.07206
0.08261
0.06013
0.07373
0.09571
0.05051
0.05171
0.10221
0.15414
0.14355
0.10191
0.10104
0.09650
0.10123
0.09549
0.07257
0.07950
0.07587
0.09521
0.04837
0.03660
0.03298
0.03311
0.03117
0.05254
0.06033
0.08408
0.10182
0.11365
0.09993
0.11329
0.09313
0.09145
0.05687
0.04602
0.03481
0.03768
0.05325
0.04682
0.06829
0.08790
0.09471
0.06058
0.04464
0.04340
0.04008
0.06436
0.05278
0.02583
0.01953
0.00000
0.01333
0.00915
0.04001
0.03594
0.01948
0.00947
0.00443
0.00937
0.01292
0.00036
0.00000
0.02661
0.03522
0.03106
0.04608
0.00432
0.00000
0.04760
0.04309
0.03234
0.00132
0.01048
0.00920
0.01023
0.02356
0.07305
0.13310
0.12066
0.10881
0.09923
0.08919
0.06690
0.05524
0.04809
0.06357
0.05771
0.03755
0.03621
0.02320
0.02371
0.02264
0.03823
0.07255
0.09804
0.11276
0.07059
0.06726
0.07625
0.08678
0.08876
0.10874
0.09820
0.07977
0.04795
0.04667
0.03997
0.03554
0.01869
0.03829
0.03197
0.05493
0.07331
0.06564
0.07343
0.04465
0.03740
0.06237
0.04241
0.03926
0.02191
0.00043
0.01812
0.02485
0.06912
0.05739
0.08950
0.10041
0.11211
0.09345
0.06356
0.07055
0.09308
0.12928
0.08972
0.09504
0.08408
0.07519
0.05126
0.05456
0.07445
0.11494
0.13084
0.10440
0.07602
0.11235
0.08314
0.11023
0.07339
0.05486
0.02518
0.04107
0.00363
0.02218
0.02387
0.03338
0.04480
0.03878
0.06036
0.04959
0.03783
0.02971
0.02585
0.04109
0.05603
0.05286
0.09768
0.08559
0.11695
0.10174
0.08734
0.07620
0.07006
0.05829
0.06280
0.09233
0.10111
0.09516
0.10781
0.11090
0.13864
0.09662
0.10394
0.10492
0.08908
0.11322
0.13297
0.11351
0.11220
0.08266
0.04074
0.06478
0.09586
0.09835
0.08202
0.08210
0.06795
0.06397
0.06693
0.08309
0.06183
0.04255
0.07004
0.06694
0.04609
0.01448
0.02984
0.03673
0.05980
0.03591
0.05586
0.02940
0.01408
0.01489
0.00000
0.04425
0.06497
0.02658
0.00775
0.00000
0.02232
0.02202
0.05193
0.05930
0.05614
0.03463
0.03145
0.02658
0.03133
0.04494
0.06285
0.10584
0.13267
0.14675
0.16357
0.19703
0.19889
0.19428
0.20101
0.19016
0.19448
0.22407
0.22035
0.15837
0.15142
0.16969
0.16310
0.16105
0.16582
0.14744
0.10346
0.09255
0.08791
0.14560
0.10774
0.11379
0.07443
0.06277
0.04226
0.02591
0.02619
0.03571
0.00000
0.01612
0.01215
0.03513
0.02284
0.00957
0.02301
0.03116
0.03212
0.02362
0.00511
0.00629
0.00000
0.01625
0.01755
0.01646
0.04094
0.01182
0.02656
0.01231
0.02889
0.07287
0.03585
0.06535
0.05328
0.07146
0.06948
0.08850
0.06620
0.06012
0.06815
0.10953
0.10228
0.10210
0.10374
0.10459
0.07619
0.11021
0.12042
0.11328
0.11817
0.13024
0.10614
0.10425
0.10397
0.10016
0.04717
0.03226
0.03376
0.02648
0.03272
0.04751
0.04600
0.04271
0.04757
0.06221
0.02160
0.02495
0.05295
0.04806
0.06925
0.11000
0.10772
0.11056
0.10669
0.11075
0.15593
0.15021
0.13300
0.16047
0.11207
0.04971
0.05623
0.07462
0.10959
0.08500
0.09083
0.08607
0.06351
0.05722
0.04468
0.10882
0.08769
0.07320
0.08352
0.06602
0.04144
0.01543
0.02777
0.03351
0.04170
0.02653
0.00457
0.01262
0.03558
0.04268
0.06553
0.04938
0.07251
0.07082
0.09566
0.06884
0.08383
0.08212
0.08924
0.10854
0.11722
0.09321
0.11227
0.13426
0.14559
0.17712
0.16894
0.10857
0.11438
0.14070
0.13397
0.15141
0.13421
0.11097
0.11500
0.11491
0.12903
0.09378
0.08828
0.08779
0.09083
0.05558
0.05293
0.05289
0.03570
0.02116
0.01733
0.04401
0.04425
0.05094
0.06289
0.06573
0.07819
0.05562
0.07490
0.08373
0.05501
0.06710
0.04274
0.03163
0.02816
0.05024
0.03088
0.03468
0.03605
0.03334
0.05405
0.05528
0.01872
0.05825
0.06828
0.11974
0.08609
0.07132
0.08248
0.07374
0.08167
0.08895
0.05304
0.03570
0.04170
0.03337
0.02793
0.04330
0.04859
0.04404
0.06397
0.08481
0.09505
0.09271
0.08444
0.08711
0.08310
0.10637
0.09942
0.07067
0.06127
0.05163
0.01364
0.03188
0.00000
0.01538
0.01461
0.02193
0.01606
0.03821
0.04845
0.03386
0.00000
0.00086
0.00062
0.00046
0.02261
0.01625
0.04609
0.07735
0.04380
0.00236
0.01756
0.02564
0.05334
0.01955
0.04898
0.03556
0.02627
0.00041
0.00000
0.00164
0.05669
0.04745
0.03809
0.02097
0.01618
0.01598
0.00003
0.04726
0.06269
0.05625
0.03429
0.01534
0.03552
0.02130
0.02308
0.02850
0.01297
0.03968
0.06860
0.05234
0.04019
0.03545
0.03523
0.02460
0.02697
0.04143
0.04683
0.03830
0.08030
0.07783
0.05502
0.01510
0.02125
0.01913
0.03176
0.01637
0.01305
0.02796
0.04754
0.08144
0.07308
0.06287
0.06824
0.09446
0.11040
0.11474
0.12394
0.14839
0.14723
0.13880
0.14028
0.11663
0.09789
0.10887
0.09939
0.07649
0.05829
0.06028
0.08107
0.10453
0.07353
0.07356
0.05187
0.03019
0.01566
0.05179
0.05251
0.06631
0.07990
0.07279
0.10052
0.09462
0.09326
0.07175
0.11809
0.16120
0.16287
0.18873
0.18958
0.21663
0.21540
0.20420
0.19901
0.20144
0.19004
0.17617
0.16575
0.16743
0.12517
0.11527
0.12334
0.13038
0.08661
0.08522
0.08330
0.07310
0.07256
0.07309
0.07080
0.06774
0.08719
0.07828
0.09755
0.09559
0.09564
0.12231
0.11266
0.11490
0.08208
0.10924
0.13182
0.13059
0.13540
0.13974
0.10180
0.09896
0.08823
0.07751
0.05660
0.08019
0.05828
0.04353
0.03227
0.05671
0.10114
0.07637
0.10176
0.10822
0.12306
0.12193
0.12697
0.13075
0.12441
0.10424
0.09755
0.09316
0.09484
0.06127
0.04321
0.03481
0.06342
0.05769
0.05843
0.05461
0.02925
0.08578
0.07501
0.08921
0.09319
0.09488
0.07013
0.03132
0.00023
0.00000
0.00079
0.00291
0.00000
0.03278
0.04217
0.04382
0.02584
0.03948
0.01257
0.03536
0.03608
0.05028
0.04578
0.06273
0.04302
0.07017
0.12882
0.07100
0.07279
0.07637
0.05530
0.09027
0.10079
0.10325
0.11086
0.09201
0.08101
0.04980
0.04284
0.04764
0.03475
0.03376
0.00106
0.00000
0.00000
0.03478
0.03816
0.03911
0.05816
0.06887
0.05022
0.04328
0.04911
0.06334
0.07472
0.07643
0.10468
0.08478
0.06410
0.06590
0.05761
0.04317
0.05623
0.05517
0.03184
0.05249
0.03376
0.01762
0.00285
0.01834
0.00629
0.00946
0.03314
0.00001
0.01191
0.01096
0.03564
0.03028
0.03726
0.06486
0.03715
0.01908
0.01672
0.01597
0.02382
0.02502
0.05849
0.09213
0.05329
0.04272
0.00137
0.01666
0.02401
0.08051
0.06666
0.05633
0.06449
0.05851
0.06888
0.07008
0.05865
0.07580
0.03982
0.04884
0.04395
0.06328
0.05296
0.08830
0.08045
0.11642
0.12515
0.09141
0.02806
0.00000
0.00000
0.00125
0.01054
0.02256
0.01933
0.06610
0.06408
0.07344
0.07751
0.12767
0.12767
0.13326
0.14778
0.09774
0.11423
0.10584
0.18036
0.17066
0.17858
0.10994
0.11507
0.12707
0.07894
0.07381
0.07102
0.06884
0.04663
0.09559
0.09844
0.10562
0.09609
0.10634
0.12231
0.12313
0.11250
0.12126
0.10751
0.12613
0.15972
0.16680
0.13715
0.14854
0.14556
0.17383
0.19912
0.19834
0.20261
0.21514
0.19030
0.21093
0.18628
0.21160
0.24741
0.23774
0.22380
0.20924
0.19283
0.23526
0.21893
0.21907
0.24224
0.21385
0.20841
0.19626
0.16083
0.10467
0.12010
0.09264
0.07561
0.13221
0.10725
0.11498
0.10425
0.11041
0.09840
0.14479
0.14328
0.13345
0.10201
0.07090
0.08090
0.08844
0.10375
0.08321
0.09653
0.08755
0.08730
0.07885
0.07388
0.03904
0.06886
0.01376
0.03972
0.03688
0.07554
0.07705
0.03970
0.02574
0.01176
0.00512
0.00000
0.02887
0.02926
0.03084
0.01942
0.06240
0.04559
0.04206
0.03607
0.04825
0.05372
0.06764
0.09477
0.08108
0.08104
0.07528
0.06821
0.06025
0.04595
0.09558
0.12421
0.11412
0.08834
0.10242
0.10397
0.11382
0.09348
0.10915
0.15414
0.15584
0.08753
0.04871
0.01874
0.05182
0.02974
0.03980
0.01420
0.00494
0.00921
0.02368
0.05653
0.07414
0.02309
0.01988
0.00010
0.01397
0.00666
0.01453
0.05320
0.01124
0.00990
0.02433
0.02164
0.01415
0.06011
0.00000
0.00000
0.00875
0.03069
0.01152
0.02766
0.02726
0.04464
0.07225
0.04246
0.02355
0.00297
0.02515
0.02806
0.01801
0.04469
0.02290
0.01364
0.05102
0.01887
0.02273
0.00958
0.03655
0.03522
0.04191
0.06040
0.06904
0.09499
0.08451
0.05381
0.04460
0.03669
0.03669
0.05039
0.07969
0.08580
0.08576
0.07448
0.06143
0.01331
0.05239
0.04335
0.02993
0.06238
0.08461
0.06088
0.05775
0.05550
0.05427
0.04069
0.03235
0.04494
0.05132
0.07078
0.07004
0.10827
0.07749
0.09334
0.09480
0.09787
0.08574
0.08434
0.09321
0.09872
0.11271
0.12708
0.10579
0.09588
0.06850
0.06842
0.00472
0.01721
0.03561
0.03557
0.06249
0.08767
0.09406
0.10634
0.09050
0.09553
0.06211
0.05068
0.07785
0.05308
0.04980
0.04952
0.02459
0.05646
0.02967
0.00000
0.00008
0.01737
0.00524
0.00019
0.03423
0.05410
0.06311
0.10024
0.08754
0.11171
0.09737
0.10058
0.08216
0.06591
0.15431
0.14626
0.14148
0.12926
0.13912
0.11467
0.09779
0.09257
0.09735
0.08854
0.04161
0.01695
0.03409
0.06805
0.06014
0.05806
0.05136
0.06260
0.06080
0.02786
0.01379
0.01573
0.03131
0.03399
0.00950
0.04657
0.01389
0.02312
0.03268
0.08913
0.11097
0.07827
0.11012
0.05570
0.05087
0.05289
0.02201
0.01604
0.06881
0.04969
0.05382
0.04476
0.06828
0.04385
0.04174
0.02264
0.02956
0.01612
0.06507
0.03618
0.02870
0.03313
0.02604
0.01013
0.04191
0.04273
0.06306
0.13130
0.14727
0.14406
0.16282
0.13541
0.16267
0.10257
0.09526
0.11773
0.17997
0.19565
0.16725
0.13456
0.10829
0.09488
0.06783
0.08285
0.09580
0.09751
0.11012
0.10546
0.07936
0.01867
0.05337
0.02250
0.02772
0.04066
0.01843
0.04011
0.02102
0.02546
0.01900
0.03397
0.03979
0.01453
