0.00858
0.00988
0.01565
0.03322
0.00744
0.00232
0.01273
0.01060
0.02101
0.04077
0.00000
0.02835
0.03215
0.04451
0.05447
0.04213
0.06897
0.01096
0.01534
0.00971
0.00003
0.02190
0.01622
0.04949
0.05091
0.02963
0.00946
0.03668
0.03623
0.02995
0.03735
0.05262
0.04623
0.02541
0.03136
0.04293
0.03023
0.04661
0.08816
0.07072
0.04860
0.05995
0.03938
0.01719
0.02924
0.03398
0.00493
0.02298
0.01711
0.01302
0.00722
0.01865
0.01815
0.04142
0.04420
0.06903
0.05756
0.09497
0.08193
0.06909
0.08182
0.07026
0.05204
0.06771
0.09406
0.04565
0.04907
0.08068
0.07326
0.06374
0.06368
0.05896
0.04121
0.05646
0.08042
0.04342
0.06520
0.07530
0.04778
0.06560
0.05735
0.07012
0.03566
0.02061
0.00000
0.00000
0.03269
0.00451
0.01994
0.05308
0.06840
0.04265
0.01736
0.02690
0.03590
0.04245
0.07967
0.08503
0.05187
0.05394
0.02266
0.04093
0.03056
0.06414
0.05087
0.05322
0.01622
0.01659
0.05677
0.05511
0.06515
0.05189
0.07807
0.02008
0.01125
0.00000
0.02135
0.08671
0.07516
0.08465
0.11917
0.12536
0.14013
0.13071
0.12241
0.12890
0.10148
0.08945
0.06622
0.03732
0.05682
0.06235
0.05407
0.04837
0.04494
0.06053
0.07815
0.10810
0.10029
0.11454
0.11345
0.11727
0.09216
0.10711
0.07854
0.04570
0.05178
0.03191
0.06626
0.06193
0.07675
0.07534
0.07507
0.07706
0.05083
0.07497
0.06947
0.04095
0.06777
0.09377
0.08602
0.06980
0.05307
0.06629
0.08512
0.08456
0.06811
0.09012
0.10373
0.13524
0.12947
0.10970
0.14653
0.12967
0.07714
0.09229
0.05703
0.06168
0.03410
0.07241
0.05807
0.08981
0.03356
0.03711
0.03854
0.03606
0.02983
0.01431
0.00825
0.01651
0.01552
0.01983
0.00000
0.01237
0.00000
0.01328
0.05893
0.06639
0.06111
0.07674
0.05956
0.06548
0.04734
0.04788
0.08100
0.08663
0.08052
0.09741
0.06669
0.07937
0.10171
0.09131
0.07545
0.09675
0.10528
0.09399
0.11577
0.08256
0.11050
0.09856
0.07196
0.08354
0.09381
0.08896
0.07170
0.06883
0.09326
0.11971
0.06471
0.05625
0.05626
0.04105
0.03265
0.03333
0.04683
0.02158
0.02304
0.01476
0.01397
0.00914
0.00766
0.00050
0.00000
0.02740
0.04282
0.07366
0.03021
0.02912
0.01102
0.00958
0.00037
0.03082
0.03284
0.05037
0.08329
0.07191
0.07073
0.06740
0.05723
0.07558
0.07632
0.09837
0.04408
0.07536
0.08194
0.08149
0.08144
0.04207
0.02832
0.04654
0.05800
0.06047
0.01926
0.00321
0.00000
0.01724
0.01724
0.03772
0.05197
0.03583
0.04219
0.06817
0.05693
0.07758
0.08396
0.08885
0.07653
0.06308
0.08798
0.08049
0.07519
0.07000
0.07399
0.10539
0.05984
0.06105
0.05185
0.05901
0.04179
0.01778
0.02506
0.03246
0.02133
0.02868
0.02848
0.05189
0.02632
0.07274
0.06644
0.03341
0.06991
0.05044
0.07212
0.06875
0.07292
0.08558
0.08269
0.06707
0.04886
0.07944
0.07463
0.06287
0.08132
0.06331
0.02437
0.06069
0.00000
0.04983
0.06280
0.10371
0.08921
0.08788
0.10441
0.09678
0.09331
0.03320
0.03189
0.03657
0.04451
0.02725
0.03792
0.02198
0.04775
0.05755
0.10377
0.12228
0.12478
0.11507
0.11467
0.15589
0.14283
0.14298
0.14283
0.14485
0.14324
0.15278
0.11263
0.06594
0.07633
0.10563
0.09533
0.05737
0.02852
0.03193
0.00802
0.02984
0.01661
0.03312
0.05341
0.04078
0.03372
0.01487
0.01415
0.03074
0.02453
0.02086
0.01190
0.01499
0.02151
0.00129
0.01287
0.04434
0.04057
0.03505
0.02522
0.02888
0.04484
0.02643
0.00659
0.00453
0.04480
0.09476
0.07824
0.07252
0.06173
0.04853
0.02777
0.02128
0.01357
0.03537
0.05977
0.08542
0.09176
0.05488
0.03451
0.06595
0.06612
0.10166
0.10166
0.11117
0.06986
0.06130
0.05685
0.04972
0.04972
0.04381
0.03864
0.05599
0.04287
0.07198
0.11781
0.09646
0.04462
0.01155
0.00026
0.01182
0.00181
0.02008
0.03351
0.02697
0.02908
0.01560
0.00635
0.00000
0.00000
0.00000
0.03661
0.01216
0.00219
0.02986
0.05488
0.01324
0.01884
0.01182
0.02273
0.00859
0.00586
0.00419
0.02132
0.02717
0.00000
0.00000
0.01152
0.01224
0.06655
0.06235
0.07447
0.08564
0.12107
0.10737
0.13358
0.10169
0.11146
0.10858
0.10675
0.09056
0.08307
0.06228
0.06384
0.07225
0.07254
0.05579
0.04070
0.05773
0.04843
0.04780
0.06800
0.07694
0.07701
0.08562
0.09119
0.06089
0.04893
0.05827
0.07641
0.06644
0.07996
0.07456
0.06596
0.08116
0.08152
0.09533
0.08041
0.08041
0.05011
0.03615
0.04944
0.04298
0.07129
0.02679
0.06835
0.04449
0.04155
0.00000
0.02418
0.04954
0.03641
0.01959
0.05261
0.04938
0.05800
0.04553
0.06705
0.05469
0.05936
0.05170
0.07527
0.06002
0.08339
0.07457
0.10636
0.08361
0.08313
0.07319
0.08697
0.09585
0.11240
0.08603
0.07057
0.09110
0.11020
0.06844
0.11012
0.12670
0.13036
0.16026
0.15223
0.14225
0.13615
0.16004
0.16746
0.13674
0.12289
0.10984
0.13677
0.14713
0.16996
0.16170
0.13498
0.13495
0.13543
0.15455
0.12633
0.09774
0.10923
0.09287
0.09068
0.10794
0.07763
0.06771
0.07830
0.05523
0.05463
0.04470
0.04975
0.04781
0.04164
0.03481
0.03322
0.07326
0.07901
0.07671
0.07223
0.06827
0.09141
0.05235
0.03896
0.03663
0.04267
0.05862
0.04208
0.03635
0.04316
0.05169
0.02201
0.04015
0.08025
0.06822
0.09907
0.06158
0.04927
0.03133
0.05834
0.04270
0.06657
0.03685
0.04542
0.03868
0.03057
0.05291
0.06112
0.02206
0.04117
0.03482
0.03822
0.04065
0.03072
0.02206
0.01568
0.03023
0.04356
0.05124
0.06224
0.05868
0.05710
0.08128
0.06266
0.13594
0.12315
0.12464
0.11326
0.11473
0.12233
0.11305
0.08494
0.09031
0.07948
0.09595
0.09043
0.08605
0.04352
0.05137
0.09240
0.10885
0.10777
0.10492
0.07870
0.08014
0.05822
0.07132
0.04350
0.05977
0.01518
0.07388
0.10749
0.12569
0.09933
0.10132
0.08320
0.08176
0.09402
0.08274
0.07058
0.06999
0.06200
0.05229
0.05614
0.02231
0.03351
0.03506
0.04302
0.03114
0.04527
0.02217
0.00331
0.00030
0.01449
0.00508
0.02779
0.05767
0.05767
0.06540
0.08285
0.10479
0.03716
0.05786
0.03842
0.02185
0.04595
0.04563
0.04932
0.03704
0.04208
0.05330
0.03234
0.01421
0.00338
0.01344
0.02084
0.02134
0.03462
0.02294
0.06087
0.03305
0.04262
0.06509
0.05971
0.06589
0.09634
0.07052
0.07683
0.06962
0.07039
0.08530
0.07105
0.08411
0.10859
0.08969
0.10677
0.08655
0.08091
0.06618
0.06981
0.07233
0.07019
0.10981
0.12429
0.13246
0.13729
0.11407
0.06836
0.06781
0.07905
0.08580
0.09929
0.07486
0.03847
0.02789
0.01817
0.02740
0.02750
0.03657
0.05067
0.06394
0.10999
0.10362
0.12444
0.11503
0.12365
0.10685
0.06690
0.07482
0.05963
0.05392
0.01912
0.02298
0.03233
0.00947
0.00000
0.03786
0.06238
0.07420
0.05378
0.03877
0.04150
0.07635
0.08050
0.08590
0.07316
0.09418
0.08934
0.08011
0.08319
0.11177
0.09118
0.12255
0.14719
0.15345
0.17275
0.18185
0.16653
0.15790
0.14806
0.12806
0.10942
0.09981
0.08644
0.08952
0.11704
0.11962
0.10727
0.11511
0.09720
0.09646
0.10467
0.07722
0.07840
0.12504
0.11879
0.11015
0.11441
0.11285
0.08161
0.08755
0.08794
0.09590
0.10212
0.11991
0.13427
0.12870
0.12617
0.11757
0.12459
0.11546
0.09268
0.10849
0.07134
0.06096
0.05889
0.09697
0.07191
0.08984
0.08849
0.08696
0.08539
0.08552
0.06069
0.06573
0.06940
0.08705
0.09263
0.09611
0.10209
0.14430
0.13211
0.16136
0.13004
0.13500
0.15144
0.13311
0.13169
0.12343
0.12570
0.14014
0.15379
0.18228
0.13380
0.13780
0.11861
0.08334
0.07663
0.07153
0.07071
0.05574
0.06221
0.06250
0.09150
0.08726
0.10312
0.09470
0.14382
0.14294
0.14256
0.11941
0.12460
0.09237
0.07709
0.06615
0.07081
0.05798
0.03226
0.05607
0.08385
0.07847
0.07409
0.07259
0.09145
0.09097
0.09559
0.10703
0.01482
0.04390
0.04292
0.07517
0.07411
0.05772
0.03737
0.01787
0.03336
0.06737
0.05436
0.04155
0.08383
0.03551
0.05249
0.04021
0.07577
0.10244
0.13998
0.13024
0.13415
0.11173
0.11937
0.12688
0.11344
0.14263
0.12960
0.11953
0.09135
0.06144
0.03877
0.03128
0.05504
0.05829
0.06361
0.05930
0.03642
0.05850
0.03657
0.04766
0.03285
0.06563
0.07222
0.09430
0.05749
0.07210
0.09788
0.10794
0.09367
0.07696
0.05859
0.04059
0.04692
0.01062
0.00918
0.00000
0.01684
0.02253
0.05096
0.02537
0.02241
0.03641
0.06376
0.05393
0.04323
0.04848
0.05257
0.04090
0.06757
0.08459
0.10136
0.10398
0.08712
0.12995
0.12151
0.14628
0.15459
0.13219
0.08578
0.08845
0.07180
0.08619
0.07270
0.08063
0.08971
0.07408
0.10101
0.09270
0.09683
0.10444
0.11297
0.06623
0.06507
0.07527
0.08590
0.05887
0.03191
0.02399
0.02095
0.00356
0.01050
0.02345
0.03415
0.02701
0.00282
0.02366
0.02640
0.04431
0.06063
0.05554
0.08910
0.11359
0.12765
0.12238
0.12866
0.06930
0.06111
0.02195
0.05341
0.08354
0.09134
0.08079
0.12500
0.11923
0.06395
0.03732
0.03348
0.04380
0.09005
0.09784
0.11005
0.09201
0.09331
0.07564
0.04765
0.04088
0.05027
0.01174
0.04009
0.04815
0.02442
0.02521
0.01565
0.03295
0.02771
0.04018
0.05352
0.05733
0.02688
0.02708
0.03478
0.03695
0.05293
0.07972
0.07374
0.03561
0.00959
0.02997
0.04020
0.06736
0.08641
0.09156
0.09937
0.10922
0.13120
0.13973
0.14070
0.17430
0.18161
0.20929
0.21394
0.23708
0.24557
0.22495
0.20247
0.19584
0.19677
0.22470
0.21580
0.20905
0.21179
0.18416
0.20706
0.21470
0.22178
0.20733
0.18426
0.18274
0.16783
0.14797
0.11357
0.12063
0.12559
0.12926
0.08215
0.06959
0.06894
0.07114
0.04927
0.05181
0.04117
0.03816
0.05903
0.05796
0.06272
0.05449
0.03676
0.04810
0.03751
0.02963
0.03071
0.04613
0.04713
0.08432
0.04660
0.05974
0.05752
0.04250
0.04731
0.02656
0.02622
0.02242
0.01718
0.01665
0.01959
0.04092
0.02430
0.05787
0.04368
0.07124
0.07113
0.07578
0.04415
0.05457
0.03462
0.05433
0.05907
0.06174
0.05963
0.01832
0.01530
0.05179
0.09194
0.09455
0.07186
0.06775
0.08361
0.07592
0.05793
0.07559
0.08741
0.08999
0.08204
0.10783
0.10054
0.10106
0.08039
0.05724
0.03776
0.05505
0.06591
0.05620
0.05136
0.04868
0.05702
0.04079
0.02373
0.03773
0.05381
0.09429
0.10793
0.09914
0.04875
0.03333
0.02665
0.02711
0.01935
0.02918
0.07028
0.05895
0.01629
0.01250
0.02299
0.04009
0.04620
0.04659
0.05201
0.11716
0.11508
0.12895
0.16468
0.16115
0.13568
0.05032
0.02458
0.04142
0.03777
0.04818
0.03890
0.07642
0.07788
0.06952
0.03891
0.03922
0.01980
0.04140
0.03983
0.03560
0.03560
0.02789
0.05654
0.05428
0.03582
0.03691
0.06443
0.06811
0.05617
0.05467
0.09267
0.10378
0.07988
0.08288
0.08525
0.05955
0.08864
0.07304
0.06354
0.03920
0.06637
0.05503
0.02829
0.05194
0.00868
0.05832
0.04856
0.05209
0.00591
0.01173
0.01635
0.02858
0.02937
0.05448
0.03386
0.10363
0.09489
0.09913
0.09034
0.10146
0.07085
0.07495
0.06629
0.04222
0.07825
0.07876
0.08704
0.07320
0.04873
0.03128
0.01721
0.00608
0.06595
0.06746
0.06666
0.09678
0.09272
0.10351
0.11403
0.13515
0.13034
0.11991
0.09540
0.10365
0.08678
0.04902
0.07641
0.07748
0.04373
0.04021
0.07296
0.07020
0.07509
0.06837
0.11833
0.13018
0.11259
0.09506
0.10954
0.09654
0.10575
0.07730
0.04744
0.01707
0.03106
0.00261
0.03241
0.02754
0.00289
0.00257
0.00052
0.01982
0.00916
0.01440
0.01255
0.04541
0.03885
0.03258
0.03258
0.04978
0.06391
0.03037
0.03653
0.04151
0.05446
0.05700
0.06636
0.03898
0.02388
0.02364
0.03210
0.06487
0.04477
0.04436
0.04173
0.00000
0.00509
0.01301
0.01808
0.02380
0.04484
0.03166
0.00000
0.00300
0.02819
0.00941
0.00377
0.02848
0.05011
0.05321
0.05563
0.07604
0.04316
0.03584
0.01801
0.01254
0.04855
0.00000
0.03891
0.02875
0.02853
0.03780
0.03939
0.05444
0.06695
0.06140
0.00373
0.00360
0.02218
0.00609
0.00000
0.01821
0.02139
0.04082
0.02275
0.02020
0.01544
0.04276
0.03985
0.06041
0.01821
0.00478
0.01010
0.02648
0.00079
0.00000
0.03073
0.03382
0.01307
0.00673
0.03426
0.03121
0.00338
0.03476
0.07362
0.07925
0.07916
0.10492
0.09763
0.05972
0.04720
0.08944
0.09186
0.08882
0.08646
0.10291
0.10018
0.09187
0.09680
0.10030
0.06961
0.11038
0.12563
0.14726
0.16493
0.16000
0.15426
0.13795
0.10455
0.10281
0.09131
0.10199
0.15694
0.13424
0.13381
0.14738
0.12911
0.12217
0.13052
0.12553
0.11690
0.08787
0.04727
0.01163
0.02948
0.02555
0.02742
0.00000
0.01322
0.01022
0.01896
0.01246
0.00848
0.03420
0.02709
0.00000
0.01701
0.04828
0.04732
0.07919
0.09982
0.09971
0.10101
0.10195
0.10407
0.08866
0.09959
0.10579
0.09263
0.09220
0.07381
0.04865
0.03657
0.06156
0.04819
0.04614
0.04390
0.05611
0.04658
0.06338
0.06509
0.11556
0.07167
0.07198
0.06855
0.06483
0.06666
0.05702
0.09117
0.03700
0.05572
0.04634
0.05768
0.07230
0.04333
0.02662
0.02390
0.00997
0.02241
0.04582
0.03238
0.01632
0.01766
0.02377
0.03203
0.04731
0.03776
0.02305
0.03732
0.03068
0.01834
0.01491
0.00000
0.00000
0.03687
0.00855
0.01240
0.04440
0.03128
0.03826
0.06474
0.10134
0.10919
0.06285
0.04698
0.05401
0.06301
0.04824
0.08387
0.05428
0.08305
0.09052
0.10718
0.10724
0.10878
0.06939
0.07777
0.06447
0.07787
0.08081
0.05290
0.04946
0.04772
0.05441
0.05444
0.02852
0.02596
0.01439
0.04633
0.04661
0.06799
0.09839
0.10839
0.11067
0.12238
0.10998
0.11485
0.11229
0.10323
0.07174
0.05339
0.04072
0.09127
0.08617
0.07092
0.06584
0.06083
0.06294
0.03243
0.02078
0.03628
0.06200
0.05892
0.06567
0.06812
0.06362
0.06367
0.03363
0.01931
0.00801
0.00825
0.00524
0.01850
0.02009
0.04465
0.04200
0.05452
0.03963
0.02010
0.04402
0.03305
0.03174
0.04161
0.04563
0.10054
0.10880
0.11312
0.10558
0.12487
0.12726
0.13334
0.09150
0.06975
0.06516
0.06087
0.08161
0.11537
0.09034
0.05353
0.08521
0.08173
0.03767
0.00705
0.01788
0.01497
0.00000
0.03419
0.01799
0.06083
0.08975
0.08925
0.06861
0.02712
0.01455
0.00108
0.04445
0.00972
0.01607
0.02800
0.04987
0.03787
0.04493
0.06633
0.08119
0.07271
0.06774
0.06650
0.09021
0.11891
0.12317
0.12805
0.16224
0.15234
0.14264
0.08046
0.08328
0.08777
0.06420
0.03090
0.03194
0.04477
0.06006
0.07090
0.07065
0.05783
0.07441
0.06764
0.04038
0.08025
0.05982
0.09619
0.10033
0.09329
0.08708
0.06080
0.09705
0.08481
0.09031
0.09872
0.10213
0.09419
0.05461
0.03980
0.01900
0.01350
0.03006
0.02250
0.00697
0.03254
0.01928
0.00010
0.00000
0.04852
0.04683
0.04382
0.04434
0.04364
0.05468
0.05089
0.07390
0.09735
0.09797
0.10976
0.13739
0.13539
0.13845
0.15695
0.15523
0.15492
0.11458
0.13614
0.14845
0.15178
0.14901
0.14813
0.12710
0.12525
0.09914
0.09206
0.11080
0.10911
0.08886
0.07786
0.05458
0.03780
0.02803
0.02751
0.07109
0.04549
0.04978
0.04860
0.02342
0.02277
0.01907
0.03006
0.02964
0.05683
0.07691
0.05575
0.04074
0.01499
0.01281
0.02220
0.02242
0.04634
0.03140
0.01000
0.02236
0.05571
0.05831
0.05840
0.03465
0.04556
0.03284
0.04989
0.03276
0.03828
0.04125
0.04421
0.03533
0.03456
0.04097
0.03962
0.04265
0.06555
0.10465
0.10735
0.10898
0.12074
0.08272
0.09563
0.10756
0.10865
0.08833
0.10446
0.08825
0.10106
0.10761
0.13117
0.11094
0.11894
0.12754
0.09246
0.08498
0.03750
0.03321
0.03339
0.05835
0.06293
0.08960
0.09395
0.10982
0.11076
0.09917
0.07984
0.07467
0.10691
0.12483
0.13435
0.09555
0.09993
0.09598
0.06984
0.03193
0.05593
0.03977
0.04535
0.05275
0.00000
0.00718
0.00000
0.00000
0.01696
0.02614
0.02941
0.04247
0.04581
0.05839
0.03283
0.03327
0.05758
0.06468
0.08520
0.07197
0.05350
0.09098
0.08818
0.08366
0.11628
0.11039
0.14197
0.13776
0.12422
0.13867
0.12232
0.13480
0.14404
0.13696
0.13292
0.13541
0.12601
0.08820
0.10093
0.09086
0.06718
0.08523
0.09275
0.09798
0.09858
0.09263
0.08626
0.09079
0.12288
0.11056
0.09867
0.09631
0.10575
0.10112
0.09776
0.10958
0.12877
0.10160
0.06600
0.07734
0.08891
0.09716
0.08405
0.07156
0.03948
0.02844
0.06855
0.05099
0.04928
0.05571
0.11226
0.12650
0.07489
0.08867
0.09257
0.06593
0.05022
0.04426
0.02535
0.01484
0.01151
0.02281
0.02274
0.00848
0.02164
0.04053
0.06874
0.06326
0.06193
0.03625
0.06291
0.09482
0.10704
0.11613
0.12527
0.13688
0.15373
0.15848
0.19146
0.16779
0.15597
0.10444
0.07566
0.05400
0.10137
0.10306
0.08186
0.05024
0.00220
0.00000
0.01296
0.01136
0.00985
0.00049
0.00069
0.02972
0.02246
0.05233
0.06249
0.06385
0.08720
0.08535
0.07823
0.08246
0.11839
0.11245
0.09414
0.04242
0.01132
0.03902
0.06696
0.10780
0.08691
0.08547
0.04433
0.05474
0.02425
0.03792
0.02721
0.03940
0.03156
0.01814
0.00748
0.00760
0.01837
0.00372
0.02116
0.03227
0.00565
0.01521
0.01075
0.01322
0.02327
0.01388
0.03430
0.07635
0.10499
0.11237
0.08462
0.10127
0.06836
0.06297
0.08657
0.10367
0.10001
0.07140
0.09348
0.11835
0.13999
0.12677
0.10276
0.07979
0.08177
0.05247
0.07003
0.06850
0.06990
0.08291
0.09277
0.09353
0.08919
0.08919
0.10503
0.10607
0.13462
0.16936
0.18901
0.13445
0.14237
0.10960
0.07320
0.06345
0.09372
0.10136
0.08378
0.11330
0.13230
0.16323
0.19729
0.18804
0.19083
0.17549
0.19549
0.19246
0.15019
0.13209
0.08078
0.09798
0.15827
0.19810
0.13338
0.12577
0.12394
0.10614
0.12560
0.13923
0.12732
0.14518
0.14557
0.14620
0.13134
0.12629
0.09715
0.10200
0.09973
0.08572
0.05867
0.05396
0.04644
0.05472
0.06345
0.05597
0.05586
0.06305
0.08791
0.08610
0.08599
0.10060
0.08789
0.09766
0.11290
0.10993
0.08842
0.08700
0.05719
0.05413
0.08896
0.07076
0.05011
0.01740
0.02427
0.01293
0.04535
0.03358
0.02266
0.02547
0.02248
0.01016
0.07316
0.08850
0.04775
0.05622
0.05622
0.04846
0.02716
0.04811
0.03044
0.03943
0.03428
0.00000
0.00436
0.02065
0.03610
0.04355
0.01200
0.02124
0.02703
0.02849
0.01850
0.05304
0.04892
0.04428
0.03329
0.03450
0.03549
0.03682
0.05959
0.06167
0.05154
0.03298
0.06520
0.01729
0.01319
0.00002
0.01063
0.00720
0.02510
0.04732
0.03775
0.06192
0.08655
0.10881
0.10835
0.08580
0.03137
0.05311
0.03083
0.03903
0.07334
0.04086
0.04770
0.07107
0.06528
0.06796
0.11550
0.12364
0.15048
0.11874
0.14099
0.14912
0.19701
0.19679
0.20435
0.15860
0.13581
0.13161
0.13978
0.15362
0.09864
0.08238
0.08253
0.06404
0.07610
0.06260
0.08254
0.02101
0.03974
0.02363
0.01740
0.03158
0.03660
0.01655
0.03812
0.03793
0.02036
0.05072
0.02182
0.02544
0.02599
0.03187
0.04247
0.02746
0.03128
0.07270
0.08096
0.08587
0.09270
0.10776
0.07271
0.06353
0.04741
0.05084
0.04983
0.07971
0.05216
0.05837
0.01920
0.01795
0.03236
0.03088
0.05278
0.05958
0.05527
0.07298
0.05367
0.04836
0.04779
0.02875
0.02427
0.04469
0.02612
0.00917
0.02868
0.03406
0.02454
0.02118
0.01460
0.02736
0.01981
0.01937
0.06156
0.08938
0.08670
0.11078
0.10782
0.10699
0.09747
0.11688
0.10810
0.10748
0.11072
0.06880
0.03711
0.00356
0.00958
0.00767
0.03581
0.05645
0.06121
0.00655
0.01983
0.01950
0.02152
0.01461
0.05072
0.07997
0.08339
0.04917
0.04076
0.04722
0.05442
0.05357
0.01799
0.07086
0.07289
0.07719
0.06185
0.08903
0.08075
0.09087
0.08187
0.07762
0.04877
0.03657
0.02011
0.02660
0.03419
0.06418
0.05711
0.05782
0.10197
0.09172
0.08423
0.07954
0.08695
0.13293
0.14053
0.11747
0.08528
0.07924
0.07725
0.06968
0.06158
0.06380
0.05828
0.02879
0.02879
0.02801
0.00024
0.01778
0.01822
0.00608
0.02597
0.05691
0.04838
0.06582
0.05470
0.06601
0.03901
0.07900
0.07956
0.08095
0.07538
0.11042
0.10062
0.09503
0.08942
0.07858
0.07575
0.11206
0.09922
0.07391
0.08397
0.11284
0.09998
0.16245
0.16098
0.13310
0.18068
0.18353
0.18317
0.15817
0.13443
0.07290
0.08745
0.09792
0.08379
0.05834
0.05607
0.04172
0.06238
0.11507
0.09534
0.13060
0.13498
0.12311
0.09707
0.06511
0.03915
0.01452
0.02944
0.04223
0.05984
0.05251
0.04611
0.02058
0.03555
0.04330
0.02898
0.02765
0.05014
0.06025
0.05568
0.06359
0.06087
0.06268
0.10562
0.12567
0.11551
0.07877
0.10952
0.13560
0.15243
0.15171
0.17213
0.17842
0.15298
0.12312
0.11762
0.03985
0.05554
0.01691
0.04088
0.02925
0.02691
0.03124
0.02174
0.01192
0.00087
0.04806
0.03721
0.02839
0.02943
0.04436
0.03322
0.02503
0.03743
0.03816
0.09239
0.11765
0.11007
0.13163
0.08627
0.09259
0.07907
0.12287
0.12556
0.11154
0.15167
0.15590
0.12639
0.11753
0.13408
0.13770
0.10002
0.08933
0.07137
0.10613
0.09053
0.06605
0.04485
0.04317
0.02335
0.03485
0.02556
0.02639
0.03283
0.03639
0.03568
0.01828
0.04505
0.01085
0.01152
0.00157
0.01319
0.00031
0.01898
0.04740
0.04511
0.03859
0.02638
0.01619
0.02923
0.03330
0.01178
0.05177
0.02107
0.02012
0.01105
0.04128
0.05285
0.09410
0.09186
0.10394
0.06028
0.04389
0.05668
0.04048
0.04150
0.03255
0.03331
0.05030
0.03180
0.03635
0.05640
0.03747
0.00014
0.00676
0.01251
0.00749
0.00000
0.01193
0.03569
0.07960
0.10050
0.11881
0.14560
0.15311
0.19664
0.18016
0.12105
0.10126
0.10411
0.05856
0.08654
0.08796
0.07875
0.05903
0.04911
0.03027
0.03834
0.04953
0.02437
0.02617
0.03123
0.03525
0.04743
0.03262
0.07055
0.08093
0.05620
0.06776
0.05668
0.07167
0.06620
0.05403
0.04698
0.06414
0.03746
0.02728
0.02712
0.05659
0.07473
0.06839
0.10603
0.08146
0.02326
0.05438
0.04239
0.00987
0.01827
0.02345
0.03257
0.01910
0.02039
0.01209
0.00480
0.00891
0.01411
0.01639
0.01741
0.03405
0.03490
0.01745
0.01905
0.03004
0.02268
0.00545
0.00205
0.03421
0.01187
0.03149
0.05597
0.06634
0.07875
0.07267
0.05431
0.04118
0.04540
0.05854
0.04030
0.04748
0.02655
0.03807
0.08464
0.04884
0.05402
0.05880
0.06846
0.05579
0.06376
0.06282
0.05141
0.01211
0.02839
0.02126
0.00715
0.04121
0.02468
0.03139
0.02021
0.01938
0.01924
0.00437
0.00230
0.02441
0.00055
0.04653
0.04684
0.03545
0.03955
0.03068
0.03849
0.06991
0.04221
0.06233
0.04209
0.03541
0.06148
0.07089
0.03562
0.03377
0.02324
0.00555
0.03389
0.04482
0.03613
0.02159
0.00964
0.03416
0.03176
0.03756
0.03116
0.03257
0.02722
0.00078
0.01545
0.00969
0.03592
0.03650
0.02471
0.03931
0.02921
0.00000
0.02316
0.01005
0.01247
0.02192
0.02696
0.03188
0.03029
0.06723
0.05057
0.04493
0.04955
0.04029
0.02423
0.00756
0.00000
0.02817
0.02669
0.03065
0.03638
0.02957
0.03693
0.03698
0.04610
0.05035
0.05212
0.04089
0.00333
0.03723
0.03480
0.04079
0.04343
0.05074
0.08888
0.08810
0.10234
0.06846
0.05740
0.03108
0.02463
0.02074
0.04328
0.04580
0.05572
0.06265
0.05190
0.03051
0.00648
0.02387
0.03841
0.03286
0.03462
0.01748
0.01570
0.00000
0.04714
0.05995
0.05114
0.04814
0.03219
0.02886
0.02815
0.02741
0.04438
0.08249
0.08358
0.05272
0.04948
0.03542
0.01145
0.02610
0.04536
0.03998
0.07922
0.13345
0.19572
0.18852
0.17111
0.15533
0.13285
0.16728
0.16062
0.16685
0.13569
0.08637
0.06179
0.02236
0.01430
0.02041
0.00508
0.00940
0.05126
0.03857
0.07664
0.04209
0.05153
0.04700
0.03756
0.02453
0.03909
0.02875
0.03262
0.04330
0.02261
0.04692
0.01208
0.00974
0.03233
0.01595
0.07330
0.04387
0.01385
0.00000
0.02360
0.00509
0.00000
0.02748
0.02551
0.01230
0.03117
0.03832
0.03756
0.02607
0.00874
0.01918
0.01396
0.00578
0.00016
0.01698
0.02891
0.02599
0.01839
0.03964
0.07514
0.06405
0.07183
0.06420
0.07830
0.10746
0.13506
0.11775
0.14170
0.12969
0.11353
0.13839
0.13353
0.12472
0.13668
0.13154
0.11787
0.10493
0.12147
0.12760
0.11628
0.09131
0.12295
0.09254
0.14849
0.13258
0.12324
0.11195
0.11681
0.12518
0.13825
0.12125
0.11047
0.08280
0.06561
0.06866
0.05891
0.06771
0.05805
0.05597
0.04936
0.04688
0.03902
0.03609
0.03815
0.06755
0.07912
0.10131
0.10988
0.11292
0.10849
0.06725
0.07897
0.10271
0.13329
0.12789
0.09008
0.10558
0.10926
0.08707
0.08474
0.07119
0.09156
0.09462
0.10825
0.13290
0.12770
0.13535
0.14390
0.06196
0.05065
0.05186
0.05992
0.05294
0.07197
0.05366
0.06842
0.05148
0.06773
0.02409
0.01495
0.02851
0.03893
0.02878
0.00099
0.00558
0.04192
0.04528
0.06083
0.04917
0.02569
0.04501
0.03339
0.00211
0.02327
0.03412
0.03592
0.02991
0.01780
0.05204
0.02849
0.02866
0.03550
0.06459
0.05764
0.03791
0.01081
0.04298
0.05316
0.04422
0.04700
0.03783
0.02372
0.01238
0.05721
0.06557
0.03973
0.06543
0.05601
0.06982
0.08130
0.09599
0.06808
0.05928
0.06335
0.05427
0.05115
0.04459
0.02709
0.00089
0.06320
0.08284
0.09326
0.07614
0.05760
0.08144
0.06191
0.03294
0.06044
0.03198
0.04719
0.02672
0.00661
0.02151
0.02990
0.06950
0.06376
0.05472
0.04657
0.05516
0.06671
0.03573
0.03311
0.02914
0.03894
0.03441
0.02305
0.00790
0.00667
0.00000
0.00103
0.02321
0.01972
0.00000
0.02354
0.02016
0.02363
0.01344
0.02951
0.00032
0.00000
0.01284
0.03003
0.01928
0.08555
0.07689
0.05980
0.09120
0.07016
0.05213
0.07514
0.07428
0.07340
0.04075
0.03707
0.04323
0.06307
0.07393
0.03616
0.04621
0.07559
0.06869
0.04792
0.07188
0.06686
0.06756
0.04763
0.04098
0.06397
0.06742
0.07460
0.04990
0.03791
0.02451
0.02909
0.05091
0.06190
0.07106
0.05776
0.02585
0.03881
0.01720
0.04922
0.07582
0.09359
0.08063
0.06428
0.03823
0.06966
0.12512
0.10055
0.08728
0.07877
0.09106
0.10275
0.07241
0.08444
0.10238
0.09633
0.03088
0.02880
0.05019
0.02709
0.06342
0.04147
0.05140
0.03819
0.06471
0.05848
0.05216
0.04928
0.00473
0.05536
0.04562
0.02592
0.04885
0.07825
0.05246
0.06349
0.07742
0.05114
0.03101
0.02921
0.04180
0.02080
0.00604
0.03748
0.05460
0.08823
0.08788
0.05573
0.04584
0.03884
0.00597
0.02262
0.01817
0.03303
0.05070
0.05196
0.06234
0.03585
0.01441
0.02392
0.06823
0.07071
0.10002
0.09674
0.08037
0.07511
0.09986
0.12598
0.11780
0.15505
0.16472
0.19202
0.22409
0.20504
0.20182
0.19656
0.19442
0.20212
0.18567
0.20380
0.20419
0.18723
0.14384
0.15273
0.12867
0.14502
0.13499
0.13340
0.11641
0.10375
0.09509
0.09140
0.08600
0.11185
0.09531
0.08777
0.08907
0.09470
0.09887
0.11354
0.08557
0.04327
0.06025
0.06880
0.07334
0.07687
0.04329
0.03921
0.04737
0.03034
0.01189
0.00391
0.02418
0.01556
0.02013
0.02339
0.03901
0.00725
0.01744
0.03176
0.03312
0.03466
0.01770
0.06796
0.06477
0.05393
0.06446
0.08011
0.06128
0.08127
0.04347
0.02985
0.03047
0.04189
0.02803
0.06433
0.05156
0.07695
0.06535
0.01729
0.04032
0.02936
0.06513
0.04840
0.05326
0.04013
0.07198
0.09090
0.08143
0.11518
0.12774
0.14809
0.14351
0.14643
0.13873
0.15631
0.12742
0.12838
0.10764
0.07584
0.02990
0.03527
0.03219
0.01303
0.03712
0.07582
0.05899
0.05116
0.03981
0.03097
0.01697
0.04525
0.01662
0.01033
0.00430
0.00951
0.01525
0.01764
0.02936
0.01794
0.06991
0.03708
0.04602
0.09718
0.08261
0.09734
0.11270
0.08118
0.09527
0.08217
0.07218
0.07092
0.04367
0.04164
0.04155
0.04173
0.03201
0.02610
0.07081
0.09563
0.10412
0.07587
0.01719
0.00222
0.02776
0.02912
0.03641
0.00323
0.01986
0.02543
0.03016
0.02960
0.01885
0.03512
0.02291
0.00000
0.00284
0.01496
0.03761
0.06094
0.06315
0.04718
0.03855
0.01771
0.02748
0.00693
0.01478
0.01514
0.00001
0.02539
0.01819
0.00144
0.03319
0.01846
0.03603
0.02265
0.01026
0.02958
0.01194
0.02892
0.03953
0.04035
0.03182
0.04452
0.05542
0.03635
0.04026
0.04191
0.04691
0.04489
0.01199
0.01041
0.04095
0.00800
0.00629
0.04205
0.04621
0.05123
0.01449
0.02875
0.04638
0.06424
0.04916
0.04108
0.04087
0.03597
0.07300
0.08732
0.05880
0.05136
0.02684
0.08272
0.07976
0.06302
0.01347
0.04388
0.07036
0.07434
0.09640
0.07847
0.09306
0.07431
0.08144
0.05379
0.09334
0.11339
0.14262
0.10125
0.10286
0.07427
0.07618
0.06848
0.05479
0.06718
0.02932
0.04612
0.04474
0.04705
0.04837
0.04411
0.07151
0.02980
0.02970
0.02789
0.01617
0.01543
0.01705
0.03281
0.02152
0.01735
0.02999
0.00750
0.01560
0.03220
0.02434
0.00767
0.02317
0.04110
0.05757
0.05552
0.04847
0.01688
0.05820
0.02305
0.01200
0.04187
0.02749
0.02672
0.02823
0.05074
0.06710
0.05992
0.05229
0.05874
0.09793
0.10933
0.13078
0.08133
0.06919
0.03993
0.03533
0.03845
0.05382
0.07250
0.08471
0.07396
0.05496
0.06594
0.06838
0.07440
0.02668
0.00235
0.00000
0.03542
0.03631
0.03678
0.03532
0.03682
0.00534
0.00003
0.02340
0.03541
0.04437
0.03044
0.04431
0.03658
0.03219
0.00064
0.00274
0.00118
0.00906
0.02180
0.03036
0.04087
0.05253
0.03145
0.03064
0.03442
0.05352
0.04538
0.09553
0.09922
0.09570
0.09880
0.07773
0.06672
0.06323
0.10644
0.11199
0.08865
0.05904
0.05409
0.06744
0.03716
0.01532
0.01123
0.03761
0.04608
0.07335
0.07099
0.08806
0.08181
0.07257
0.07897
0.05199
0.02978
0.04205
0.02311
0.02203
0.07186
0.05543
0.06299
0.05800
0.02181
0.03236
0.02937
0.02902
0.05577
0.05565
0.02918
0.04871
0.07122
0.07597
0.04627
0.03332
0.03702
0.04956
0.02847
0.03789
0.03011
0.01651
0.02159
0.03270
0.05268
0.04614
0.03972
0.11223
0.08565
0.07378
0.07074
0.06876
0.06793
0.06909
0.07033
0.07650
0.08935
0.10053
0.10396
0.11681
0.11651
0.13599
0.10601
0.10062
0.10545
0.07951
0.09248
0.06122
0.11126
0.08825
0.05489
0.06932
0.10228
0.09989
0.10949
0.10845
0.11750
0.11316
0.10036
0.07155
0.05377
0.05525
0.02045
0.04872
0.05153
0.08395
0.09157
0.12982
0.10836
0.10515
0.12888
0.12397
0.14225
0.14777
0.17702
0.17691
0.21366
0.20304
0.21087
0.21969
0.23129
0.17152
0.16890
0.16709
0.14574
0.12547
0.11319
0.11161
0.06825
0.10015
0.09277
0.10458
0.08070
0.07460
0.07369
0.07237
0.08525
0.06212
0.07063
0.05264
0.05667
0.06026
0.04986
0.04616
0.00862
0.00908
0.01549
0.01451
0.01917
0.00988
0.00575
0.01800
0.01940
0.03802
0.03292
0.06716
0.08733
0.08519
0.09702
0.09512
0.05489
0.03999
0.04962
0.07411
0.06366
0.07317
0.04864
0.04313
0.06271
0.06235
0.10736
0.09538
0.10570
0.05383
0.04281
0.07350
0.06987
0.05994
0.05465
0.04674
0.04439
0.07518
0.06386
0.07399
0.11007
0.11532
0.06478
0.09634
0.09549
0.09522
0.09081
0.09260
0.05648
0.05552
0.06174
0.02544
0.03084
0.00000
0.00899
0.01482
0.00552
0.01468
0.01093
0.01239
0.04198
0.05715
0.04053
0.02882
0.01724
0.00659
0.00893
0.01693
0.05378
0.03017
0.02754
0.02536
0.04997
0.06872
0.09238
0.10581
0.10794
0.12031
0.11468
0.11933
0.12473
0.14087
0.14066
0.11115
0.11113
0.13078
0.12104
0.09931
0.13981
0.13923
0.11868
0.12530
0.12298
0.11427
0.12257
0.12589
0.13679
0.13942
0.14358
0.13912
0.14290
0.14295
0.10649
0.09663
0.08430
0.09836
0.09724
0.11796
0.12235
0.12404
0.11721
0.10033
0.11962
0.09183
0.11811
0.12282
0.08610
0.06098
0.05096
0.07445
0.06710
0.06874
0.08129
0.08661
0.10829
0.08577
0.10013
0.11178
0.05904
0.07292
0.06482
0.07742
0.09371
0.09742
0.10453
0.08136
0.06529
0.05916
0.05690
0.05540
0.07899
0.05229
0.06167
0.05433
0.06384
0.06163
0.08607
0.11985
0.06150
0.04473
0.03740
0.04485
0.04837
0.05617
0.04863
0.02843
0.03871
0.04018
0.04273
0.03991
0.05366
0.05878
0.08025
0.07157
0.05485
0.06204
0.08525
0.07350
0.07824
0.07327
0.07580
0.05585
0.05642
0.03732
0.04779
0.05194
0.04139
0.02600
0.05783
0.11939
0.11255
0.15347
0.13173
0.08605
0.09180
0.11663
0.10340
0.07649
0.03773
0.01680
0.02856
0.03057
0.01528
0.03130
0.03216
0.02706
0.05282
0.03089
0.05459
0.02900
0.00000
0.02714
0.04605
0.07980
0.06742
0.08958
0.12087
0.12409
0.14120
0.11933
0.10980
0.07703
0.09762
0.07252
0.07161
0.05710
0.05368
0.10042
0.11777
0.14690
0.11584
0.10611
0.08446
0.05433
0.04291
0.05409
0.03774
0.05369
0.04050
0.02701
0.08315
0.07782
0.11881
0.11126
0.11718
0.12594
0.09328
0.08256
0.04373
0.01416
0.03862
0.05414
0.02984
0.03409
0.08748
0.09298
0.05122
0.07406
0.09065
0.07087
0.07400
0.07560
0.07560
0.08554
0.08648
0.08290
0.06008
0.04762
0.04609
0.09240
0.08684
0.07528
0.07226
0.08873
0.08035
0.10807
0.09352
0.08132
0.08331
0.08276
0.07668
0.04061
0.04764
0.06583
0.05314
0.06233
0.11264
0.11136
0.09943
0.10663
0.08188
0.07241
0.04566
0.04367
0.04398
0.02685
0.05774
0.05892
0.09356
0.08971
0.08505
0.09055
0.06881
0.04036
0.00000
0.02894
0.04112
0.03870
0.00991
0.04225
0.05379
0.07592
0.09173
0.06975
0.07239
0.10772
0.10887
0.13745
0.09613
0.03986
0.04358
0.05749
0.06949
0.08156
0.06883
0.07704
0.06842
0.06942
0.03990
0.06084
0.07358
0.07411
0.08227
0.09912
0.08831
0.09165
0.09007
0.09265
0.10145
0.09720
0.07308
0.03482
0.04843
0.08094
0.06486
0.04403
0.02933
0.05255
0.05196
0.03868
0.05338
0.03191
0.03310
0.03577
0.03367
0.00270
0.00802
0.01771
0.03063
0.03776
0.02880
0.05925
0.05846
0.06965
0.04610
0.05440
0.05752
0.02256
0.03370
0.04279
0.04807
0.06221
0.09274
0.07749
0.10878
0.08538
0.08835
0.10275
0.09825
0.10110
0.07860
0.10115
0.10669
0.09935
0.06869
0.06691
0.07214
0.10403
0.11257
0.10290
0.10682
0.09303
0.08349
0.10282
0.03465
0.01000
0.05020
0.04926
0.04932
0.07845
0.04586
0.04881
0.02990
0.00007
0.04910
0.09763
0.12565
0.12850
0.13822
0.13094
0.13653
0.14173
0.12303
0.12356
0.11169
0.11105
0.07049
0.05609
0.02226
0.03080
0.01834
0.01920
0.02943
0.02828
0.02940
0.02212
0.06248
0.05949
0.08424
0.07342
0.04329
0.03313
0.02108
0.05137
0.04382
0.04545
0.04480
0.05373
0.05852
0.05225
0.02594
0.03503
0.02190
0.01301
0.00790
0.00000
0.00055
0.01716
0.04514
0.05730
0.04111
0.02886
0.04826
0.04157
0.01687
0.02288
0.01239
0.00198
0.00756
0.00000
0.00000
0.04841
0.07717
0.05417
0.00000
0.00000
0.08817
0.08786
0.05682
0.12415
0.11277
0.09943
0.10896
0.08941
0.10087
0.07055
0.05555
0.06304
0.03840
0.04112
0.01447
0.01662
0.04877
0.02346
0.03152
0.02906
0.07184
0.06353
0.05026
0.04562
0.02053
0.07642
0.07862
0.08732
0.09912
0.09603
0.07861
0.09931
0.09746
0.10065
0.09086
0.08501
0.08405
0.11528
0.12552
0.15950
0.12190
0.09224
0.07426
0.06516
0.09334
0.07743
0.05963
0.07941
0.04769
0.03560
0.02315
0.03034
0.01960
0.03790
0.01123
0.00738
0.02687
0.02583
0.01963
0.05556
0.07621
0.05678
0.03486
0.07061
0.05135
0.04498
0.03819
0.04011
0.06392
0.06726
0.07760
0.06227
0.04569
0.02634
0.04922
0.06884
0.04262
0.02833
0.06008
0.07517
0.03534
0.03907
0.05211
0.05538
0.04810
0.06337
0.07488
0.07665
0.08140
0.05006
0.06300
0.01624
0.03119
0.01712
0.01552
0.03938
0.03303
0.04284
0.05480
0.05481
0.00788
0.02168
0.03404
0.06499
0.05521
0.03251
0.03979
0.03059
0.02759
0.04138
0.02061
0.04883
0.04040
0.06050
0.03535
0.04797
0.09560
0.05262
0.06247
0.06863
0.06300
0.04857
0.04960
0.03766
0.05021
0.04860
0.07728
0.10152
0.10442
0.07688
0.08990
0.11574
0.11684
0.08981
0.05532
0.05954
0.07869
0.13249
0.11050
0.08028
0.05413
0.08447
0.06019
0.06393
0.07111
0.10413
0.09163
0.09707
0.10935
0.12815
0.17359
0.16760
0.18078
0.15709
0.13619
0.14182
0.14093
0.12738
0.13338
0.13504
0.12329
0.11873
0.08785
0.06457
0.09201
0.06618
0.06017
0.06179
0.03176
0.01041
0.03823
0.02774
0.05386
0.06691
0.07503
0.05913
0.05688
0.03913
0.08233
0.09573
0.08610
0.09064
0.09777
0.10772
0.10326
0.09730
0.12501
0.12022
0.15768
0.13409
0.14338
0.12959
0.10357
0.08334
0.04765
0.03942
0.06159
0.04708
0.02002
0.00564
0.01827
0.00394
0.00000
0.02639
0.01659
0.01636
0.02800
0.00000
0.01042
0.02537
0.01838
0.03517
0.05411
0.04304
0.05001
0.03169
0.03810
0.00729
0.00400
0.01228
0.00306
0.01936
0.02405
0.05254
0.03536
0.02546
0.03143
0.06525
0.07240
0.03845
0.03513
0.04914
0.00917
0.01538
0.02603
0.03773
0.02305
0.00220
0.02802
0.01755
0.03141
0.01609
0.02452
0.01729
0.02955
0.05580
0.03939
0.03121
0.05322
0.05123
0.02014
0.02226
0.02508
0.02235
0.00863
0.03143
0.06616
0.06256
0.04794
0.07050
0.09474
0.09225
0.07771
0.08094
0.06545
0.04655
0.03866
0.02135
0.03294
0.03567
0.04090
0.06981
0.08724
0.08720
0.11104
0.15055
0.13640
0.13351
0.10019
0.09258
0.12151
0.05167
0.05100
0.02289
0.05005
0.08295
0.10938
0.10634
0.08004
0.07587
0.07827
0.06464
0.06849
0.06786
0.06786
0.08672
0.07834
0.02382
0.02327
0.01884
0.02158
0.05980
0.09177
0.09511
0.06725
0.02023
0.02509
0.00000
0.03149
0.01591
0.00843
0.05001
0.08690
0.06417
0.06031
0.04356
0.03370
0.04403
0.03138
0.04949
0.07892
0.08928
0.09131
0.09279
0.11884
0.11881
0.12059
0.07351
0.08398
0.09779
0.09269
0.06661
0.05285
0.04972
0.04992
0.06659
0.04647
0.04408
0.06177
0.05495
0.06643
0.07829
0.06150
0.07948
0.11987
0.15817
0.13964
0.14757
0.12351
0.12114
0.12606
0.14387
0.14203
0.09338
0.09065
0.12912
0.11859
0.12456
0.09576
0.09556
0.06462
0.03005
0.03248
0.01814
0.01508
0.01508
0.06536
0.06889
0.06754
0.06114
0.04224
0.03984
0.05267
0.03751
0.04977
0.06259
0.03873
0.02555
0.07096
0.10236
0.12359
0.09738
0.09890
0.08053
0.06650
0.06570
0.05282
0.07683
0.11378
0.11887
0.09140
0.07851
0.07605
0.10942
0.04520
0.03815
0.02612
0.00009
0.01982
0.02129
0.01619
0.02103
0.07132
0.02234
0.04930
0.08884
0.04681
0.05631
0.06306
0.09039
0.10723
0.10314
0.09304
0.09116
0.05916
0.04463
0.08072
0.10052
0.09347
0.07445
0.07503
0.07328
0.10779
0.08973
0.09381
0.06879
0.06257
0.03063
0.05378
0.06411
0.02225
0.00759
0.02023
0.01179
0.03234
0.01088
0.02434
0.03301
0.04266
0.06898
0.05563
0.05690
0.05194
0.05177
0.05783
0.04220
0.01029
0.02158
0.02307
0.01106
0.01169
0.02815
0.10040
0.10889
0.08089
0.04975
0.02320
0.00000
0.02443
0.01986
0.03219
0.02756
0.07963
0.02463
0.03147
0.00499
0.00520
0.00021
0.04301
0.01038
0.00000
0.04078
0.01071
0.00942
0.02412
0.06161
0.05940
0.05202
0.05437
0.05570
0.04847
0.02585
0.05090
0.04238
0.01652
0.02407
0.01611
0.05306
0.04432
0.04772
0.04349
0.04268
0.03642
0.04103
0.05133
0.05572
0.07458
0.09346
0.06579
0.08211
0.11666
0.10976
0.09721
0.14831
0.12821
0.11989
0.11294
0.10652
0.10885
0.11869
0.14494
0.14012
0.11945
0.09431
0.07602
0.12187
0.10933
0.07651
0.06630
0.07665
0.08360
0.08120
0.08909
0.08353
0.09614
0.11264
0.09774
0.07492
0.06963
0.08050
0.09435
0.06546
0.02852
0.01809
0.03468
0.02247
0.01919
0.00230
0.00000
0.00066
0.02633
0.03512
0.01850
0.00000
0.03743
0.05568
0.03880
0.03686
0.01329
0.02152
0.02174
0.00707
0.01997
0.01203
0.01283
0.00364
0.01669
0.01229
0.01310
0.01476
0.01029
0.04299
0.05462
0.06249
0.07835
0.09320
0.06080
0.09503
0.10989
0.08498
0.06302
0.07895
0.12446
0.13394
0.12628
0.13623
0.09763
0.03768
0.03319
0.03617
0.03058
0.01026
0.01289
0.01831
0.02504
0.03742
0.03472
0.03540
0.04656
0.03236
0.00000
0.02494
0.02591
0.06998
0.06682
0.08164
0.10309
0.09224
0.08457
0.05204
0.05301
0.07694
0.05600
0.03950
0.02531
0.02438
0.02072
0.01370
0.03815
0.04141
0.04124
0.03833
0.03215
0.04770
0.08799
0.09394
0.10554
0.08767
0.06401
0.04865
0.02677
0.02472
0.00834
0.02470
0.06499
0.05718
0.06745
0.02610
0.01024
0.01207
0.05866
0.09961
0.08664
0.08320
0.06521
0.08782
0.05873
0.05887
0.07542
0.10178
0.17144
0.14820
0.14602
0.17771
0.17455
0.14636
0.15323
0.14903
0.12692
0.13400
0.11230
0.11674
0.15786
0.18553
0.17569
0.19126
0.20687
0.19223
0.16304
0.16114
0.16964
0.17869
0.15307
0.15542
0.14831
0.21084
0.19178
0.13596
0.12673
0.10165
0.10911
0.13194
0.15010
0.08796
0.02694
0.05192
0.04080
0.07250
0.06658
0.07991
0.07456
0.10424
0.04336
0.03917
0.01501
0.00000
0.00000
0.01457
0.05776
0.03710
0.04476
0.02833
0.03802
0.03633
0.03238
0.02147
0.02776
0.03367
0.03734
0.04791
0.06936
0.06889
0.07610
0.07994
0.09338
0.11703
0.15343
0.12538
0.14912
0.12439
0.11464
0.07935
0.08123
0.08122
0.06650
0.08138
0.07738
0.07925
0.06212
0.06719
0.04857
0.04344
0.03962
0.01756
0.03954
0.03079
0.03370
0.03438
0.00000
0.01405
0.02032
0.01529
0.01693
0.03661
0.02112
0.03509
0.03249
0.06042
0.03165
0.03643
0.00000
0.01980
0.02810
0.02399
0.03172
0.03890
0.06875
0.05260
0.04394
0.02024
0.00743
0.02117
0.02043
0.02802
0.03659
0.03419
0.02563
0.04032
0.02742
0.00000
0.00962
0.00759
0.01551
0.04144
0.03378
0.03340
0.05088
0.04331
0.02080
0.03207
0.01587
0.01005
0.09813
0.07317
0.05892
0.04215
0.03396
0.00543
0.00653
0.01268
0.00501
0.04836
0.06676
0.05427
0.05677
0.06683
0.06011
0.00150
0.03648
0.01013
0.01009
0.00396
0.00000
0.02891
0.03459
0.03658
0.03252
0.00000
0.02768
0.04501
0.06381
0.10682
0.09844
0.07234
0.08347
0.05934
0.08292
0.03454
0.03285
0.02710
0.02953
0.04680
0.03001
0.02777
0.04489
0.04322
0.04480
0.03929
0.03213
0.05642
0.06979
0.06077
0.02760
0.05422
0.04950
0.04427
0.05719
0.05946
0.05854
0.05182
0.07020
0.02971
0.05461
0.03639
0.01204
0.00000
0.01623
0.01167
0.01523
0.02592
0.00000
0.00438
0.01846
0.03314
0.02409
0.02296
0.03554
0.01811
0.08623
0.07051
0.07295
0.09046
0.08312
0.07221
0.09650
0.14032
0.14039
0.08835
0.09072
0.09261
0.06442
0.05518
0.02397
0.00975
0.04845
0.07565
0.07694
0.06639
0.08832
0.08304
0.07362
0.08578
0.09399
0.07947
0.06354
0.02705
0.05048
0.06469
0.09840
0.06153
0.04363
0.03422
0.07451
0.07686
0.09829
0.13395
0.11728
0.11370
0.13703
0.12306
0.13803
0.12166
0.11558
0.12639
0.15664
0.15539
0.16295
0.14093
0.15943
0.11100
0.10363
0.12406
0.11761
0.10064
0.12526
0.11008
0.10380
0.11474
0.11725
0.08388
0.06723
0.06875
0.02640
0.04696
0.04673
0.03082
0.00000
0.02771
0.03776
0.05602
0.05952
0.05924
0.07933
0.05157
0.05033
0.03532
0.04128
0.12856
0.12838
0.12491
0.10593
0.11773
0.08785
0.06898
0.07239
0.06543
0.08197
0.09755
0.10202
0.10269
0.10395
0.12979
0.15758
0.17349
0.20536
0.19108
0.16702
0.16182
0.17162
0.14831
0.15580
0.14097
0.15131
0.15328
0.13630
0.13485
0.12351
0.10625
0.06805
0.09633
0.06237
0.06033
0.03579
0.04826
0.06235
0.06365
0.02267
0.04527
0.02333
0.03806
0.03784
0.06104
0.03412
0.03473
0.05473
0.07183
0.04613
0.03777
0.03161
0.01007
0.02267
0.02946
0.08975
0.10155
0.09570
0.09439
0.10116
0.09235
0.07074
0.04433
0.05052
0.04674
0.08581
0.08644
0.07277
0.07110
0.07193
0.07575
0.07305
0.06568
0.05480
0.06289
0.08966
0.05435
0.07596
0.12134
0.09594
0.09206
0.08145
0.07533
0.07533
0.02406
0.00817
0.04630
0.05396
0.02356
0.02154
0.01516
0.02811
0.01375
0.02030
0.01340
0.00000
0.00098
0.00023
0.01762
0.03138
0.05446
0.03189
0.02698
0.03632
0.04236
0.05952
0.08711
0.08776
0.08842
0.07960
0.11513
0.08470
0.09708
0.08037
0.05745
0.05741
0.06696
0.05126
0.03251
0.04911
0.05755
0.08759
0.03991
0.05046
0.01143
0.00862
0.07038
0.05979
0.05475
0.05655
0.06407
0.04673
0.02574
0.01900
0.08597
0.05543
0.03714
0.02693
0.03886
0.01236
0.03188
0.03688
0.02478
0.03443
0.00000
0.01086
0.08787
0.07878
0.10742
0.09935
0.08588
0.10386
0.09034
0.07141
0.03270
0.01876
0.05444
0.03434
0.01701
0.01550
0.01351
0.01549
0.03050
0.03478
0.03649
0.04115
0.04664
0.04245
0.03054
0.03538
0.07970
0.10300
0.09872
0.06574
0.06224
0.07678
0.07732
0.09193
0.10592
0.09049
0.05347
0.03744
0.06219
0.06816
0.07518
0.09990
0.11029
0.12889
0.11028
0.09773
0.09368
0.06112
0.03756
0.03340
0.03386
0.04300
0.02252
0.01854
0.01839
0.03037
0.03018
0.02782
0.05382
0.03317
0.01926
0.01216
0.03770
0.01599
0.06773
0.08450
0.07286
0.05512
0.02866
0.04292
0.01552
0.00691
0.02579
0.04278
0.10165
0.15280
0.09237
0.09833
0.08474
0.10101
0.04434
0.04179
0.06328
0.08549
0.05199
0.04865
0.01334
0.00000
0.01547
0.02548
0.04616
0.07216
0.07128
0.03542
0.02306
0.02398
0.01019
0.01014
0.03524
0.01786
0.01573
0.00643
0.09143
0.11351
0.09807
0.08841
0.06019
0.02872
0.03897
0.01145
0.02998
0.02304
0.04827
0.05152
0.06049
0.08415
0.08665
0.08877
0.10507
0.10960
0.08159
0.05876
0.03898
0.04713
0.03815
0.01182
0.00844
0.03575
0.02503
0.05032
0.08024
0.05499
0.06794
0.03310
0.04293
0.02576
0.02726
0.02589
0.02651
0.03589
0.08383
0.11555
0.07411
0.02439
0.01283
0.02513
0.03792
0.06718
0.06943
0.08151
0.07528
0.08461
0.08451
0.07969
0.09420
0.10957
0.08533
0.04984
0.05316
0.03367
0.01548
0.01451
0.02466
0.01237
0.04308
0.04537
0.04985
0.03830
0.04560
0.05774
0.01866
0.04011
0.03141
0.01105
0.03997
0.03498
0.06545
0.08251
0.08432
0.04986
0.03546
0.02366
0.03111
0.03401
0.03742
0.04637
0.06772
0.04683
0.00000
0.00572
0.05156
0.05047
0.05021
0.05951
0.06461
0.06847
0.04719
0.04351
0.06068
0.04573
0.04253
0.04851
0.02374
0.03042
0.05655
0.03304
0.02426
0.04803
0.05589
0.05283
0.06937
0.05798
0.06087
0.10182
0.11154
0.12852
0.12179
0.08373
0.08894
0.10551
0.11104
0.09872
0.10221
0.08495
0.11718
0.11498
0.09097
0.12524
0.10481
0.13884
0.11626
0.16314
0.12395
0.11306
0.09966
0.16046
0.15288
0.13915
0.13425
0.14200
0.13285
0.15028
0.13919
0.16822
0.15106
0.13018
0.11963
0.07112
0.08726
0.07473
0.07582
0.10732
0.08794
0.07277
0.04304
0.06119
0.06808
0.04715
0.05748
0.05534
0.04117
0.02104
0.04200
0.04551
0.04168
0.00734
0.03793
0.01662
0.04746
0.01737
0.01626
0.01073
0.00000
0.00690
0.00577
0.00099
0.00387
0.02614
0.01944
0.05247
0.03937
0.01690
0.04214
0.02938
0.02654
0.01670
0.01612
0.04459
0.05786
0.05470
0.06183
0.05471
0.09070
0.06375
0.03640
0.02622
0.01321
0.00377
0.01825
0.04635
0.03080
0.02670
0.05337
0.06955
0.07765
0.11182
0.11845
0.11331
0.10205
0.10836
0.11982
0.11939
0.09399
0.11828
0.11631
0.10502
0.08709
0.08331
0.10270
0.09120
0.09323
0.06575
0.00882
0.02872
0.04628
0.01376
0.02557
0.04591
0.02124
0.02618
0.03661
0.04469
0.05428
0.04859
0.05171
0.02819
0.03573
0.04312
0.03708
0.02418
0.00038
0.01150
0.00739
0.01534
0.01454
0.00962
0.02615
0.03086
0.02619
0.01414
0.03481
0.05633
0.04788
0.07645
0.07621
0.08081
0.06366
0.06179
0.08334
0.08966
0.07370
0.04807
0.04758
0.05521
0.06330
0.06456
0.05143
0.06837
0.04127
0.04522
0.02213
0.04194
0.02188
0.03700
0.04187
0.03891
0.03076
0.04491
0.01804
0.00006
0.00132
0.02009
0.02542
0.00914
0.00000
0.00000
0.01944
0.03385
0.03272
0.04515
0.05255
0.07950
0.07685
0.07357
0.10917
0.11288
0.12340
0.13631
0.10298
0.08630
0.08138
0.07030
0.07164
0.05684
0.06480
0.06353
0.07212
0.06432
0.05274
0.04662
0.05714
0.09470
0.10468
0.08041
0.06362
0.06795
0.05412
0.05557
0.11106
0.07034
0.07858
0.10393
0.10292
0.11967
0.07366
0.09093
0.06054
0.04952
0.06419
0.04957
0.04902
0.05441
0.03502
0.04960
0.04659
0.05174
0.06159
0.07331
0.04824
0.05606
0.00099
0.05141
0.00000
0.01333
0.06951
0.07696
0.07922
0.06079
0.08793
0.10621
0.13102
0.16425
0.13328
0.15780
0.15389
0.13176
0.12685
0.15354
0.11733
0.08969
0.05432
0.06102
0.10262
0.09876
0.07220
0.07362
0.04597
0.05687
0.06589
0.08981
0.06596
0.06773
0.05756
0.07996
0.09301
0.10471
0.09276
0.07951
0.04276
0.06561
0.05863
0.06695
0.06853
0.05879
0.04924
0.06041
0.08657
0.04122
0.05786
0.01719
0.01111
0.01997
0.04659
0.00965
0.01779
0.02711
0.03442
0.04378
0.03529
0.06326
0.03734
0.03218
0.01273
0.00536
0.03689
0.03155
0.00000
0.02217
0.00000
0.00138
0.01154
0.01409
0.00401
0.04869
0.03908
0.01530
0.01031
0.01856
0.04263
0.05008
0.07904
0.07465
0.06270
0.05091
0.04082
0.03737
0.02478
0.04831
0.06886
0.08328
0.09941
0.07816
0.09085
0.07497
0.11634
0.07135
0.08438
0.07527
0.08296
0.10184
0.10011
0.10832
0.11300
0.10211
0.10080
0.10395
0.09540
0.07520
0.05841
0.00953
0.01869
0.02356
0.00402
0.00894
0.02892
0.01975
0.04086
0.04224
0.04422
0.05718
0.00000
0.00291
0.01180
0.04535
0.04317
0.03407
0.01922
0.03334
0.01548
0.00706
0.00589
0.01823
0.00646
0.03847
0.04994
0.04894
0.05048
0.04742
0.01502
0.00541
0.04369
0.07078
0.07392
0.09170
0.08253
0.09096
0.12186
0.12585
0.14047
0.11161
0.10092
0.10112
0.09837
0.05296
0.03652
0.04414
0.04079
0.02959
0.02533
0.03302
0.02649
0.02231
0.01614
0.04070
0.06272
0.04133
0.03205
0.03428
0.04779
0.05089
0.03387
0.02267
0.01192
0.03265
0.01060
0.03767
0.00000
0.04485
0.03295
0.06739
0.06007
0.07190
0.05380
0.08810
0.10728
0.09173
0.07645
0.06387
0.05430
0.04030
0.04291
0.06377
0.04832
0.07760
0.10404
0.10425
0.04671
0.03327
0.05432
0.05810
0.05929
0.02920
0.04809
0.04279
0.03229
0.05732
0.06539
0.07699
0.03817
0.04470
0.06120
0.03971
0.02651
0.04302
0.04594
0.02884
0.04000
0.02865
0.02457
0.04317
0.03364
0.04117
0.05461
0.06154
0.07128
0.09239
0.08475
0.09656
0.07099
0.08500
0.05833
0.09009
0.07023
0.07630
0.08854
0.08680
0.10571
0.10339
0.12202
0.12168
0.13106
0.11931
0.13224
0.12976
0.10898
0.11167
0.06861
0.07307
0.06766
0.04772
0.01179
0.00630
0.02006
0.00219
0.03481
0.04833
0.02731
0.02968
0.01250
0.01892
0.04370
0.04508
0.09183
0.14794
0.12207
0.11228
0.05366
0.06954
0.08746
0.08513
0.04826
0.05368
0.05475
0.05128
0.05623
0.06656
0.06282
0.06234
0.08300
0.04499
0.03905
0.03465
0.01106
0.02352
0.00013
0.01696
0.01692
0.00000
0.00000
0.00000
0.01146
0.01267
0.02438
0.01741
0.03123
0.04554
0.05345
0.05891
0.03690
0.01299
0.00699
0.02225
0.01392
0.00514
0.00000
0.00000
0.01735
0.04977
0.03797
0.04080
0.05521
0.08380
0.13404
0.10596
0.07319
0.02955
0.04489
0.05086
0.02670
0.03433
0.05700
0.05540
0.05045
0.07279
0.12353
0.09116
0.08408
0.08011
0.07911
0.05203
0.08046
0.07484
0.07468
0.08881
0.08469
0.03795
0.03757
0.05381
0.03686
0.01988
0.02305
0.01390
0.01208
0.00495
0.00000
0.00661
0.01456
0.03703
0.04571
0.05802
0.02619
0.02807
0.02624
0.05726
0.03463
0.07531
0.09653
0.12418
0.11839
0.10231
0.05787
0.09751
0.09752
0.06864
0.06186
0.08166
0.08921
0.06727
0.08919
0.06021
0.03585
0.02553
0.02650
0.03938
0.02116
0.03771
0.07271
0.11859
0.12973
0.13151
0.14347
0.13425
0.13715
0.12453
0.10928
0.07205
0.07151
0.06430
0.04706
0.01513
0.00598
0.02756
0.00960
0.03981
0.06439
0.09318
0.09310
0.07536
0.03424
0.05381
0.05895
0.05807
0.08261
0.12384
0.12057
0.14954
0.15767
0.15204
0.15957
0.14217
0.13044
0.15915
0.16458
0.15927
0.16254
0.15436
0.14786
0.15721
0.07453
0.06771
0.07627
0.07397
0.07501
0.06316
0.04154
0.05771
0.06210
0.08247
0.07182
0.05125
0.03982
0.03241
0.01992
0.02737
0.06369
0.08930
0.08402
0.15546
0.12553
0.11412
0.11122
0.10178
0.10985
0.11166
0.12427
0.09422
0.01978
0.03160
0.06678
0.07305
0.09588
0.06366
0.05294
0.07917
0.09175
0.07976
0.07122
0.10084
0.09202
0.10876
0.11429
0.11728
0.10921
0.14050
0.13529
0.13105
0.12085
0.13166
0.13979
0.16746
0.16181
0.18924
0.17168
0.15147
0.15815
0.17031
0.15434
0.19966
0.15066
0.15512
0.17461
0.17676
0.19111
0.22412
0.20686
0.20201
0.17862
0.14601
0.13544
0.13809
0.14934
0.11519
0.10557
0.09403
0.12993
0.13114
0.11782
0.14437
0.09979
0.07021
0.11181
0.10936
0.11359
0.08933
0.08831
0.08771
0.10210
0.09462
0.07864
0.06919
0.05418
0.04458
0.01116
0.01037
0.01144
0.01816
0.01748
0.03985
0.03268
0.02989
0.01489
0.02817
0.04829
0.04810
0.07738
0.07603
0.10269
0.10234
0.09533
0.11479
0.09274
0.09616
0.13351
0.10488
0.12690
0.12627
0.10840
0.12019
0.08044
0.09788
0.09621
0.10836
0.07396
0.06141
0.05198
0.05612
0.00000
0.00000
0.00000
0.00974
0.00068
0.02552
0.05430
0.06449
0.04115
0.06908
0.05469
0.02993
0.05019
0.01603
0.02353
0.01707
0.00671
0.01337
0.03189
0.05113
0.05686
0.04899
0.06116
0.10373
0.09865
0.11284
0.11774
0.08218
0.06892
0.07601
0.04825
0.04687
0.04890
0.02186
0.06215
0.04669
0.07799
0.06786
0.03102
0.02686
0.02799
0.02379
0.02818
0.04023
0.07222
0.09428
0.11886
0.13082
0.16739
0.14187
0.10887
0.13775
0.09815
0.09028
0.09764
0.10562
0.10092
0.09579
0.09959
0.09421
0.11468
0.09730
0.09477
0.12032
0.11979
0.13149
0.10812
0.08667
0.09135
0.05868
0.03345
0.01412
0.02928
0.00000
0.02650
0.01510
0.01358
0.02785
0.02854
0.03368
0.02308
0.02521
0.03396
0.04751
0.03699
0.03269
0.00000
0.01729
0.02731
0.06010
0.07594
0.10166
0.10340
0.13674
0.17306
0.14116
0.13953
0.14407
0.13899
0.16646
0.15367
0.12215
0.11155
0.10146
0.06046
0.05475
0.01775
0.01946
0.01654
0.00008
0.02213
0.01307
0.00456
0.01559
0.02263
0.01165
0.03753
0.04008
0.01559
0.07490
0.07961
0.10936
0.06620
0.07669
0.11060
0.10083
0.08569
0.06981
0.05756
0.05444
0.10104
0.08302
0.07670
0.07157
0.06875
0.06648
0.08332
0.09051
0.10829
0.04077
0.04513
0.02016
0.00000
0.00681
0.00982
0.02937
0.02727
0.03771
0.03934
0.04090
0.04553
0.09024
0.08368
0.10457
0.10225
0.10894
0.10485
0.09535
0.06415
0.02964
0.03212
0.00000
0.03348
0.02510
0.04929
0.06138
0.11092
0.09983
0.13071
0.16788
0.17074
0.17848
0.13866
0.10567
0.12084
0.09903
0.10832
0.08692
0.07895
0.09891
0.11380
0.14880
0.14671
0.15782
0.17347
0.13466
0.13020
0.14794
0.11403
0.10099
0.13456
0.12735
0.13881
0.12474
0.09216
0.08636
0.11457
0.10067
0.08444
0.11270
0.10642
0.12929
0.14248
0.13500
0.13874
0.15591
0.14213
0.12691
0.13831
0.11667
0.11100
0.08771
0.05136
0.05313
0.01658
0.01187
0.01200
0.00054
0.01214
0.02230
0.03719
0.03429
0.03076
0.02622
0.02371
0.00508
0.00219
0.00442
0.01536
0.00000
0.01659
0.04938
0.07168
0.08308
0.08642
0.07701
0.08047
0.10424
0.07075
0.10041
0.11215
0.07960
0.06302
0.06170
0.05321
0.01904
0.09414
0.12922
0.10182
0.11252
0.10669
0.12865
0.09237
0.08665
0.04500
0.06847
0.06017
0.03522
0.06843
0.01327
0.00000
0.00679
0.02659
0.00898
0.02527
0.01921
0.00634
0.04035
0.07160
0.06381
0.06514
0.06312
0.05957
0.02421
0.00000
0.01407
0.01525
0.01069
0.01600
0.03467
0.05710
0.05987
0.06068
0.08969
0.09326
0.14301
0.13744
0.14202
0.13851
0.11983
0.06522
0.02075
0.03017
0.03291
0.03103
0.01794
0.02688
0.00902
0.00505
0.00490
0.02614
0.06427
0.06586
0.05938
0.04391
0.05302
0.04566
0.04368
0.06010
0.08888
0.10456
0.09993
0.12027
0.11351
0.10482
0.07056
0.09104
0.08596
0.10133
0.10426
0.11545
0.16551
0.14001
0.16586
0.14475
0.14261
0.17233
0.15854
0.15524
0.19457
0.17265
0.15777
0.15976
0.13543
0.14274
0.15158
0.14131
0.14598
0.11673
0.14177
0.15295
0.14169
0.15178
0.11333
0.08563
0.07116
0.04964
0.04964
0.04348
0.02436
0.03608
0.02946
0.03398
0.00601
0.00113
0.00560
0.00000
0.01449
0.02794
0.00000
0.03324
0.03826
0.03816
0.02026
0.04243
0.04598
0.04320
0.03962
0.02874
0.01721
0.00204
0.02865
0.04641
0.09028
0.05225
0.06382
0.05083
0.04204
0.03637
0.03177
0.03177
0.04472
0.00000
0.05795
0.05119
0.05634
0.03542
0.03154
0.03180
0.03180
0.04007
0.03601
0.03308
0.04772
0.02100
0.00636
0.01598
0.02947
0.03904
0.05371
0.04566
0.03339
0.03503
0.01687
0.04908
0.03361
0.05083
0.04559
0.05044
0.04903
0.05304
0.03523
0.05315
0.02000
0.06933
0.06539
0.09981
0.07761
0.09013
0.09156
0.09905
0.08551
0.12927
0.12241
0.14069
0.13711
0.16762
0.19641
0.20356
0.17706
0.21005
0.17378
0.13688
0.09559
0.04248
0.01188
0.01610
0.03037
0.01147
0.03559
0.03218
0.01575
0.03483
0.03255
0.03880
0.04222
0.04573
0.07830
0.02685
0.03412
0.02777
0.03438
0.01301
0.02050
0.03713
0.09182
0.11018
0.10945
0.11302
0.13850
0.14054
0.09149
0.13477
0.10188
0.12266
0.09750
0.08503
0.07610
0.09943
0.07020
0.08114
0.06008
0.05859
0.08371
0.06568
0.01506
0.00000
0.01042
0.03391
0.03078
0.00000
0.03625
0.02978
0.04147
0.03194
0.03282
0.02759
0.00596
0.02137
0.02654
0.07141
0.06771
0.06341
0.08844
0.10358
0.09483
0.09209
0.08376
0.05257
0.01529
0.05725
0.06146
0.07643
0.08384
0.10532
0.14247
0.10830
0.12173
0.09555
0.09811
0.11045
0.09254
0.08112
0.03929
0.05204
0.06325
0.06326
0.05682
0.08990
0.08520
0.06291
0.07004
0.08781
0.05733
0.09041
0.08156
0.11263
0.10226
0.07832
0.02249
0.05009
0.04644
0.03658
0.04325
0.05467
0.05028
0.07876
0.08777
0.10209
0.07668
0.06606
0.09261
0.09013
0.08343
0.09312
0.10386
0.11056
0.08645
0.06987
0.05128
0.08004
0.07551
0.07931
0.08229
0.05372
0.04348
0.02974
0.04864
0.05400
0.07196
0.07388
0.07477
0.07710
0.07782
0.10057
0.08151
0.05314
0.06596
0.04870
0.04285
0.07494
0.05393
0.06358
0.03483
0.09913
0.08222
0.08677
0.08819
0.13009
0.10788
0.11022
0.09399
0.06252
0.01866
0.01959
0.01285
0.03762
0.01779
0.00682
0.04330
0.01807
0.00088
0.03507
0.03887
0.07554
0.07249
0.07178
0.10484
0.10069
0.08241
0.12028
0.10788
0.11931
0.14240
0.13432
0.08337
0.14470
0.15236
0.14472
0.16625
0.14290
0.13702
0.16721
0.13228
0.12375
0.09995
0.08466
0.05658
0.08089
0.09378
0.07574
0.06947
0.08014
0.06124
0.01561
0.00025
0.04828
0.04644
0.05673
0.06523
0.10337
0.07519
0.07076
0.06270
0.05857
0.06844
0.05961
0.07125
0.06358
0.03661
0.02070
0.02945
0.02073
0.02238
0.03890
0.03482
0.02033
0.00000
0.01083
0.00786
0.01062
0.00684
0.00005
0.00645
0.02521
0.04588
0.04410
0.03106
0.08789
0.04092
0.01014
0.02237
0.04224
0.04063
0.11375
0.04611
0.06428
0.07838
0.09436
0.04779
0.03335
0.00896
0.03179
0.00300
0.01325
0.03618
0.05510
0.06710
0.03638
0.00235
0.01809
0.01330
0.01567
0.02261
0.03473
0.07119
0.04396
0.04645
0.03405
0.05675
0.03916
0.04571
0.03503
0.00682
0.00351
0.02600
0.04295
0.03619
0.01531
0.01064
0.00606
0.05928
0.02537
0.03246
0.04251
0.01751
0.02266
0.06108
0.07773
0.08557
0.09467
0.12652
0.12691
0.05773
0.05043
0.10578
0.10939
0.12032
0.12911
0.12129
0.11451
0.08441
0.08947
0.08164
0.10504
0.05592
0.02489
0.02368
0.02593
0.02715
0.02825
0.04383
0.05165
0.06185
0.05660
0.09561
0.10296
0.12431
0.12077
0.11176
0.10613
0.11202
0.07952
0.07739
0.08302
0.06932
0.05684
0.02495
0.02520
0.04287
0.03282
0.02223
0.01232
0.01691
0.02614
0.03226
0.03572
0.03426
0.05492
0.08990
0.08767
0.11499
0.09691
0.03141
0.03417
0.00125
0.01557
0.00635
0.03943
0.01633
0.01448
0.02599
0.02053
0.01013
0.01572
0.04123
0.03115
0.03463
0.04182
0.03909
0.00715
0.00340
0.02549
0.01751
0.05104
0.00966
0.04380
0.02091
0.02849
0.03855
0.02693
0.02864
0.05821
0.07649
0.05712
0.05438
0.04850
0.03640
0.00139
0.00000
0.01980
0.01980
0.04239
0.03613
0.00014
0.00252
0.01556
0.04059
0.03372
0.01891
0.06377
0.06503
0.07075
0.06976
0.09358
0.10594
0.05564
0.06837
0.04679
0.03957
0.01088
0.00301
0.03367
0.04924
0.05673
0.04101
0.05565
0.00558
0.00000
0.02389
0.04233
0.07985
0.01832
0.01938
0.00675
0.01788
0.02232
0.03875
0.01456
0.01826
0.02504
0.05829
0.05676
0.04044
0.02812
0.04081
0.03379
0.01515
0.03666
0.02348
0.07052
0.06649
0.00997
0.00240
0.01001
0.01566
0.01223
0.03991
0.03993
0.01846
0.05656
0.05537
0.06350
0.07611
0.07580
0.08578
0.08913
0.09274
0.06015
0.06277
0.09515
0.11829
0.11803
0.13963
0.12974
0.11818
0.14200
0.11238
0.10270
0.11066
0.10493
0.10236
0.16831
0.16600
0.16907
0.16907
0.17014
0.16727
0.17239
0.16593
0.16189
0.18402
0.17050
0.17007
0.13523
0.13454
0.15151
0.13878
0.10936
0.09393
0.06212
0.05821
0.04135
0.02306
0.05064
0.07706
0.02811
0.00322
0.02232
0.01304
0.01952
0.03809
0.03449
0.00222
0.00838
0.02280
0.06204
0.08363
0.10231
0.12863
0.12690
0.12041
0.06540
0.08728
0.07357
0.08209
0.05637
0.03383
0.05453
0.04398
0.01668
0.02820
0.03559
0.04022
0.02480
0.04849
0.05032
0.10105
0.11873
0.13398
0.12513
0.13128
0.13510
0.10552
0.13857
0.13337
0.13084
0.13737
0.13947
0.09694
0.09843
0.09868
0.07063
0.06022
0.07846
0.08260
0.08253
0.07283
0.07469
0.05568
0.05566
0.03496
0.03331
0.04283
0.02260
0.02384
0.03478
0.06127
0.04126
0.05219
0.05988
0.05104
0.05270
0.07063
0.05198
0.05954
0.09437
0.11282
0.10659
0.06431
0.02699
0.02423
0.02665
0.03736
0.02217
0.04240
0.04161
0.01208
0.01060
0.03256
0.01150
0.01464
0.01917
0.00155
0.00000
0.00000
0.00000
0.00658
0.02830
0.02376
0.02171
0.01786
0.04640
0.05786
0.04707
0.04450
0.06642
0.05182
0.04529
0.05691
0.03272
0.03172
0.04164
0.02411
0.02956
0.06486
0.06097
0.02542
0.02892
0.05432
0.07638
0.06095
0.05974
0.04704
0.06345
0.05099
0.05856
0.08271
0.07810
0.11372
0.09404
0.04720
0.05113
0.05076
0.08469
0.08356
0.08033
0.05838
0.08011
0.08480
0.07032
0.05879
0.06144
0.04632
0.02465
0.02066
0.00363
0.00119
0.02045
0.01544
0.02732
0.04421
0.02285
0.02692
0.01023
0.00780
0.03001
0.09229
0.06779
0.08200
0.05380
0.01460
0.01820
0.02488
0.01930
0.05323
0.01541
0.00141
0.00613
0.01614
0.01156
0.03192
0.06118
0.06192
0.08411
0.12640
0.13229
0.15168
0.15125
0.15041
0.14013
0.09750
0.06515
0.07355
0.08892
0.09899
0.08661
0.07485
0.07147
0.05476
0.06611
0.04289
0.05631
0.06229
0.08201
0.08912
0.06428
0.06018
0.07084
0.03098
0.03259
0.03134
0.03003
0.04647
0.07094
0.07065
0.05383
0.06274
0.06278
0.04323
0.09712
0.11243
0.12564
0.14059
0.11364
0.11059
0.11094
0.12053
0.13134
0.12038
0.16575
0.19366
0.14834
0.15511
0.16026
0.17375
0.11875
0.12318
0.12699
0.13176
0.12107
0.12164
0.13971
0.11244
0.08152
0.02880
0.03666
0.02268
0.02391
0.01572
0.00252
0.01960
0.01073
0.02643
0.01459
0.05229
0.05108
0.03349
0.01913
0.03153
0.01260
0.00506
0.00704
0.05241
0.06989
0.10033
0.07301
0.06965
0.07203
0.07335
0.07050
0.02727
0.01241
0.03317
0.02262
0.01292
0.02428
0.03193
0.04341
0.02308
0.02756
0.03094
0.05623
0.01630
0.01723
0.04609
0.03474
0.06489
0.05068
0.05101
0.05264
0.05037
0.06290
0.06044
0.04736
0.02693
0.04122
0.03496
0.03437
0.04659
0.01755
0.01268
0.00000
0.00922
0.03213
0.04612
0.02430
0.02452
0.03311
0.02970
0.02801
0.02359
0.03341
0.02963
0.03184
0.04680
0.05275
0.04446
0.06421
0.02873
0.04067
0.04533
0.03120
0.05266
0.01492
0.05098
0.06373
0.08899
0.12714
0.13633
0.13086
0.09200
0.10538
0.11013
0.10700
0.12720
0.14618
0.14794
0.14380
0.11848
0.10892
0.14933
0.15322
0.12452
0.12442
0.10418
0.09187
0.12386
0.12671
0.13359
0.15771
0.16399
0.13950
0.14850
0.13658
0.13394
0.10697
0.08995
0.08659
0.06611
0.06441
0.03765
0.04806
0.04484
0.06625
0.07128
0.07664
0.09022
0.08925
0.08304
0.11764
0.14437
0.15346
0.12613
0.12613
0.10967
0.09306
0.12434
0.13031
0.11530
0.13264
0.09715
0.09510
0.10234
0.11261
0.11668
0.13012
0.13537
0.12438
0.13607
0.14001
0.11636
0.09527
0.13042
0.11285
0.10690
0.12428
0.08417
0.09940
0.12239
0.08729
0.06673
0.09582
0.09245
0.13464
0.09184
0.07051
0.07224
0.03992
0.07043
0.07602
0.11424
0.13967
0.11041
0.09326
0.11374
0.10081
0.11929
0.12410
0.13898
0.16891
0.18639
0.16084
0.13034
0.14859
0.15020
0.14210
0.18138
0.19935
0.15765
0.15413
0.13551
0.09066
0.10264
0.10384
0.07605
0.04634
0.02717
0.02171
0.04831
0.05154
0.05842
0.05088
0.02666
0.02004
0.04566
0.03391
0.04208
0.06446
0.05323
0.07705
0.06357
0.04442
0.05795
0.05403
0.06690
0.07819
0.06470
0.04907
0.05100
0.04052
0.08765
0.09979
0.09865
0.05913
0.04172
0.04506
0.07652
0.08106
0.05772
0.06447
0.09895
0.09995
0.06821
0.07676
0.07529
0.09836
0.10694
0.13122
0.13842
0.14130
0.16453
0.08858
0.09441
0.09615
0.08180
0.08220
0.06075
0.06227
0.04343
0.04614
0.04563
0.01407
0.01410
0.02472
0.03051
0.02860
0.05253
0.06683
0.05958
0.06347
0.08649
0.07722
0.08350
0.06189
0.04443
0.06494
0.06549
0.04291
0.03602
0.03840
0.03339
0.05872
0.05663
0.05546
0.07094
0.08333
0.10366
0.09322
0.08885
0.05132
0.03532
0.01534
0.02384
0.01250
0.03628
0.06059
0.04659
0.05443
0.06489
0.07126
0.06122
0.05130
0.03372
0.01180
0.02576
0.00783
0.01625
0.01267
0.00868
0.01635
0.01617
0.06998
0.08778
0.05808
0.09126
0.03905
0.04674
0.06941
0.05200
0.04653
0.06374
0.06280
0.10518
0.08047
0.08646
0.10128
0.09098
0.08290
0.11430
0.11540
0.13355
0.11338
0.10394
0.12729
0.09923
0.12951
0.11752
0.07204
0.06877
0.07682
0.09261
0.08306
0.07575
0.07691
0.07187
0.06584
0.05218
0.06031
0.05021
0.03241
0.06396
0.11583
0.03701
0.04599
0.03944
0.04840
0.02952
0.00841
0.00704
0.02871
0.00109
0.01267
0.01438
0.05885
0.07234
0.06826
0.06997
0.05836
0.01275
0.02236
0.02837
0.03691
0.01035
0.02097
0.01515
0.03279
0.01615
0.00299
0.03976
0.06721
0.06644
0.03475
0.06704
0.04674
0.06441
0.03687
0.04134
0.03541
0.03623
0.05213
0.00293
0.00306
0.00000
0.01548
0.02116
0.03891
0.06473
0.05346
0.06013
0.08087
0.08017
0.06683
0.08306
0.09137
0.05792
0.06145
0.10704
0.08373
0.07930
0.04153
0.08556
0.07246
0.07168
0.09025
0.09870
0.10164
0.05454
0.05671
0.04224
0.05446
0.06631
0.07319
0.12618
0.12535
0.16293
0.15784
0.18023
0.16086
0.13696
0.08653
0.11265
0.09823
0.09539
0.11550
0.10529
0.11930
0.11076
0.13825
0.13765
0.14906
0.09695
0.08868
0.07477
0.07397
0.06390
0.08471
0.13502
0.12285
0.09145
0.06693
0.08126
0.08382
0.08442
0.08922
0.10524
0.07997
0.06465
0.04538
0.04028
0.03443
0.01747
0.02594
0.02352
0.04574
0.05864
0.07143
0.04781
0.06455
0.04956
0.02978
0.02104
0.02723
0.02694
0.04432
0.03668
0.01588
0.02207
0.02443
0.02220
0.03168
0.04452
0.02325
0.01423
0.02253
0.00000
0.03345
0.00808
0.00940
0.01232
0.02384
0.03377
0.02462
0.01992
0.00744
0.00861
0.00998
0.01814
0.03566
0.05199
0.03913
0.05254
0.02835
0.03047
0.02363
0.04728
0.09118
0.08001
0.08293
0.03453
0.03403
0.03103
0.03370
0.02407
0.01849
0.00000
0.00086
0.01635
0.04725
0.07924
0.07943
0.05239
0.04659
0.04787
0.03535
0.04456
0.06867
0.06688
0.07174
0.09024
0.08677
0.08503
0.09244
0.04452
0.03196
0.03520
0.05156
0.07942
0.07769
0.04941
0.00000
0.02047
0.07999
0.10049
0.08545
0.09328
0.06943
0.07224
0.07576
0.06342
0.06570
0.07639
0.06114
0.04738
0.03999
0.03702
0.03896
0.00769
0.02305
0.02572
0.02994
0.05027
0.04919
0.06237
0.08939
0.08064
0.03606
0.01634
0.02256
0.05091
0.03294
0.00451
0.02168
0.04862
0.06445
0.06747
0.03556
0.06365
0.06224
0.04723
0.05972
0.04701
0.02982
0.04400
0.03300
0.01950
0.01286
0.02016
0.01048
0.06087
0.05611
0.05202
0.07456
0.07098
0.08495
0.07862
0.10196
0.07566
0.08368
0.09114
0.09036
0.12697
0.14224
0.15465
0.11693
0.11060
0.06767
0.09299
0.09971
0.09004
0.07067
0.02888
0.00205
0.00329
0.00000
0.02903
0.04791
0.05961
0.05438
0.05087
0.06367
0.08127
0.05586
0.06443
0.04602
0.04475
0.01869
0.01814
0.02068
0.02924
0.01878
0.02753
0.06108
0.06331
0.03111
0.03543
0.03019
0.00924
0.02243
0.00075
0.03998
0.06657
0.04127
0.06224
0.06166
0.07147
0.04602
0.04959
0.05429
0.04737
0.06754
0.05257
0.06687
0.07736
0.11248
0.10788
0.10505
0.12060
0.11750
0.10570
0.09805
0.08848
0.08146
0.06856
0.05143
0.00677
0.01770
0.04198
0.04786
0.03235
0.03582
0.05772
0.03234
0.03823
0.06462
0.05545
0.04525
0.08120
0.11148
0.13765
0.12761
0.13088
0.12040
0.11619
0.12067
0.12195
0.14122
0.12824
0.10240
0.13022
0.14712
0.14614
0.15596
0.16004
0.16056
0.15713
0.14023
0.13700
0.11401
0.12341
0.12714
0.12714
0.12339
0.11931
0.10990
0.12177
0.10517
0.11217
0.11886
0.13158
0.10991
0.09604
0.09496
0.08100
0.07314
0.06025
0.01414
0.04195
0.03943
0.02424
0.05730
0.07952
0.05100
0.09100
0.08683
0.08057
0.06941
0.07238
0.07451
0.03827
0.02204
0.06141
0.06750
0.06476
0.08088
0.09944
0.07812
0.06024
0.06920
0.01689
0.01798
0.02110
0.02550
0.00000
0.02083
0.02998
0.04850
0.02560
0.05214
0.04390
0.05173
0.05801
0.03666
0.06219
0.05961
0.05779
0.05827
0.05134
0.05730
0.04046
0.04789
0.03092
0.07860
0.08251
0.09829
0.06466
0.07433
0.12441
0.10432
0.09775
0.05742
0.03891
0.08350
0.08851
0.06147
0.06051
0.08829
0.09181
0.07539
0.03976
0.01408
0.03577
0.06179
0.06662
0.07399
0.07222
0.09312
0.09353
0.09453
0.09841
0.07162
0.07185
0.05451
0.04381
0.04344
0.05670
0.02605
0.06625
0.06530
0.09564
0.05551
0.09215
0.09517
0.09108
0.10437
0.11087
0.10905
0.10261
0.11079
0.16144
0.16753
0.17382
0.19640
0.20327
0.21359
0.18900
0.19222
0.18337
0.18293
0.17664
0.16856
0.20418
0.17990
0.18234
0.15705
0.11030
0.11158
0.06253
0.08997
0.08432
0.06659
0.09954
0.10468
0.14014
0.13918
0.13675
0.17169
0.16293
0.14288
0.12504
0.08901
0.08137
0.09232
0.09278
0.08163
0.07612
0.09080
0.06756
0.06817
0.05847
0.04970
0.05202
0.07132
0.02241
0.03730
0.02691
0.05440
0.04093
0.00000
0.00318
0.06477
0.05135
0.04993
0.04338
0.04263
0.02645
0.05859
0.09183
0.04770
0.02215
0.01210
0.01558
0.03661
0.07073
0.09187
0.08643
0.13118
0.14007
0.13532
0.13313
0.15555
0.16150
0.14337
0.18601
0.15792
0.19287
0.19691
0.23109
0.21551
0.24664
0.19748
0.19217
0.20074
0.19772
0.19625
0.22276
0.21136
0.11743
0.07018
0.07066
0.07049
0.07595
0.11435
0.09469
0.07107
0.07068
0.08040
0.06910
0.07620
0.03309
0.06403
0.07108
0.01988
0.04693
0.04182
0.05217
0.04300
0.02110
0.01475
0.00000
0.02267
0.00455
0.01836
0.02464
0.04462
0.05465
0.03920
0.04356
0.05294
0.05206
0.03592
0.02876
0.03670
0.02498
0.02139
0.01721
0.03659
0.03779
0.03619
0.01168
0.01742
0.00661
0.02852
0.02421
0.03126
0.05460
0.06178
0.04055
0.04969
0.02208
0.04028
0.04269
0.06593
0.07206
0.06010
0.04966
0.05058
0.05313
0.03320
0.01479
0.02069
0.07030
0.07361
0.09733
0.10335
0.04095
0.04988
0.03514
0.05664
0.04002
0.03236
0.02279
0.02961
0.06126
0.03520
0.05674
0.05462
0.04834
0.07510
0.04994
0.02830
0.02118
0.03652
0.03132
0.01633
0.03233
0.02909
0.01215
0.02095
0.01001
0.01424
0.05636
0.04521
0.00975
0.02631
0.04811
0.01999
0.02329
0.04302
0.03259
0.04204
0.05562
0.04998
0.03865
0.02573
0.03532
0.04442
0.07930
0.11520
0.08846
0.09698
0.13677
0.13540
0.12067
0.08320
0.10769
0.13682
0.15278
0.17139
0.13320
0.12815
0.09898
0.12372
0.13376
0.12343
0.06874
0.03720
0.02975
0.01599
0.02844
0.00574
0.03198
0.00326
0.01993
0.00576
0.00191
0.01354
0.02618
0.02511
0.03427
0.02070
0.02706
0.01044
0.00854
0.00791
0.00872
0.02827
0.02567
0.02002
0.02941
0.04286
0.04540
0.02149
0.04103
0.03957
0.12785
0.15240
0.12277
0.09439
0.07933
0.03619
0.05469
0.06113
0.02313
0.04075
0.03217
0.02981
0.03201
0.08592
0.07833
0.05930
0.06680
0.07087
0.06532
0.06899
0.12834
0.08667
0.05781
0.05065
0.04701
0.04023
0.01696
0.00000
0.00910
0.01921
0.06710
0.06166
0.06645
0.03817
0.02974
0.03877
0.04250
0.10097
0.08232
0.04666
0.03745
0.03391
0.03933
0.07044
0.06888
0.09386
0.09315
0.10905
0.08159
0.09352
0.07552
0.08713
0.08745
0.09414
0.07762
0.07782
0.07870
0.08300
0.08789
0.08329
0.08495
0.08495
0.08241
0.10124
0.09391
0.08392
0.05891
0.08490
0.04499
0.02835
0.02289
0.05685
0.01752
0.03853
0.04070
0.04061
0.05242
0.09106
0.10672
0.07758
0.07108
0.06881
0.06600
0.07293
0.04947
0.07991
0.09962
0.11705
0.09196
0.08146
0.11414
0.09510
0.09862
0.12683
0.11500
0.10839
0.09380
0.08219
0.04958
0.00703
0.04116
0.02813
0.03767
0.00486
0.01299
0.00972
0.05035
0.04851
0.04346
0.07531
0.05423
0.02841
0.04840
0.11329
0.09325
0.07716
0.09870
0.08874
0.09674
0.08514
0.07242
0.08057
0.05268
0.05601
0.06881
0.06207
0.01566
0.00000
0.01897
0.02820
0.01677
0.05142
0.07626
0.07564
0.08039
0.12297
0.15355
0.13492
0.11678
0.09161
0.07307
0.09996
0.11354
0.09502
0.07231
0.06911
0.06028
0.08067
0.08305
0.11068
0.11199
0.11904
0.08966
0.09320
0.07361
0.06865
0.04674
0.01884
0.01693
0.02390
0.03115
0.01523
0.03936
0.02571
0.00782
0.00982
0.03806
0.03692
0.04990
0.06241
0.05412
0.06348
0.08669
0.07806
0.07110
0.10150
0.09401
0.07705
0.07249
0.02946
0.03348
0.01357
0.01381
0.01142
0.01061
0.03163
0.04990
0.05829
0.04958
0.05311
0.05412
0.05523
0.05830
0.04712
0.04411
0.08146
0.04997
0.02249
0.03925
0.01795
0.02593
0.03604
0.04272
0.03696
0.03058
0.02788
0.04888
0.03316
0.02185
0.05156
0.06842
0.11486
0.10040
0.08180
0.08332
0.08797
0.07578
0.06366
0.01592
0.02298
0.01327
0.00561
0.04869
0.06316
0.08288
0.04670
0.04148
0.04706
0.02188
0.02395
0.02626
0.02279
0.00917
0.01452
0.00509
0.01146
0.01500
0.01998
0.02489
0.01256
0.02112
0.04202
0.00493
0.01964
0.01974
0.00692
0.01146
0.02187
0.04211
0.02133
0.04215
0.07006
0.09875
0.12225
0.12022
0.05874
0.05740
0.07997
0.07319
0.05318
0.04510
0.02775
0.03404
0.02560
0.03018
0.02958
0.02862
0.01470
0.03464
0.05720
0.07554
0.07003
0.07334
0.07701
0.03028
0.03768
0.05313
0.09124
0.09644
0.11474
0.09258
0.09953
0.07577
0.05637
0.09338
0.10364
0.11574
0.11433
0.07984
0.02986
0.00489
0.02036
0.01339
0.03867
0.02673
0.02738
0.00000
0.03206
0.00467
0.04325
0.04535
0.06410
0.07077
0.02878
0.01585
0.02213
0.03716
0.03621
0.06699
0.10334
0.12820
0.15031
0.14572
0.14308
0.11629
0.03022
0.03824
0.03229
0.02056
0.04488
0.05085
0.04565
0.03600
0.02426
0.00993
0.02890
0.00452
0.02345
0.01648
0.03388
0.03003
0.00199
0.03008
0.03351
0.01957
0.03851
0.01810
0.02334
0.02070
0.00645
0.02997
0.02563
0.02369
0.00544
0.02983
0.00000
0.02409
0.01184
0.08308
0.11989
0.10207
0.12265
0.14458
0.17818
0.13622
0.11265
0.10851
0.11933
0.10927
0.08930
0.09852
0.12299
0.14414
0.12315
0.13749
0.12710
0.12526
0.10006
0.10053
0.08668
0.10957
0.09382
0.10234
0.14554
0.16835
0.11338
0.12102
0.15924
0.14165
0.14840
0.16495
0.14936
0.12435
0.11543
0.13095
0.14785
0.16398
0.17801
0.18257
0.17879
0.11350
0.08195
0.10872
0.11872
0.12024
0.12580
0.12269
0.13388
0.12560
0.11444
0.11235
0.10438
0.13895
0.11602
0.12058
0.10728
0.11163
0.11643
0.09663
0.12552
0.10607
0.10887
0.07064
0.08941
0.06967
0.07520
0.09605
0.11878
0.11695
0.12243
0.12129
0.08241
0.10219
0.12512
0.14101
0.14697
0.14809
0.15921
0.17101
0.16165
0.17339
0.18253
0.18741
0.17996
0.14221
0.08132
0.03494
0.04621
0.04054
0.05422
0.03347
0.04236
0.04588
0.00217
0.00000
0.01513
0.01541
0.02701
0.04807
0.06883
0.07010
0.03214
0.04557
0.05435
0.06041
0.07554
0.07544
0.07997
0.13027
0.10324
0.10865
0.10518
0.07243
0.07852
0.06537
0.05532
0.02989
0.05401
0.12486
0.13309
0.14419
0.15172
0.13539
0.12501
0.14762
0.12392
0.16698
0.14604
0.17247
0.13779
0.10718
0.10178
0.07356
0.08371
0.03779
0.04367
0.04038
0.05454
0.05629
0.05931
0.07835
0.07850
0.09751
0.09484
0.10883
0.09596
0.11237
0.11974
0.11285
0.08017
0.09286
0.07511
0.07992
0.07525
0.12224
0.11312
0.10746
0.12000
0.14934
0.10754
0.12205
0.09333
0.07515
0.06999
0.05675
0.07387
0.08642
0.07236
0.03858
0.02773
0.03212
0.06310
0.08291
0.09832
0.08811
0.09342
0.09559
0.10547
0.11238
0.12660
0.12054
0.11620
0.09835
0.09944
0.10681
0.10496
0.09606
0.08363
0.10543
0.09622
0.10245
0.11299
0.11589
0.08194
0.07308
0.03983
0.05858
0.05229
0.06593
0.03919
0.04961
0.03772
0.05318
0.03493
0.02943
0.04020
0.04669
0.04077
0.05612
0.01766
0.01464
0.03028
0.03757
0.01810
0.05509
0.05002
0.05061
0.06576
0.09877
0.08857
0.09672
0.07901
0.09489
0.07629
0.09206
0.08895
0.05721
0.06247
0.06632
0.10312
0.10184
0.10333
0.10101
0.07757
0.07238
0.06954
0.09493
0.10002
0.09263
0.09168
0.08349
0.09984
0.08777
0.09053
0.06980
0.07356
0.05857
0.03422
0.00974
0.01735
0.05102
0.03656
0.04524
0.03734
0.05944
0.07821
0.07499
0.09936
0.10159
0.11386
0.13382
0.13750
0.11978
0.09285
0.07188
0.08280
0.07273
0.06904
0.07670
0.10282
0.11805
0.11805
0.09442
0.05584
0.03941
0.04149
0.01819
0.02854
0.03207
0.02743
0.00765
0.01275
0.04820
0.02520
0.03179
0.05498
0.07011
0.06259
0.05842
0.08003
0.06366
0.05451
0.10442
0.09512
0.10156
0.11527
0.11180
0.07181
0.03685
0.09352
0.07702
0.07419
0.08384
0.10097
0.09067
0.12053
0.12422
0.10495
0.09036
0.10815
0.12696
0.10488
0.10800
0.09058
0.07117
0.00294
0.05302
0.04618
0.01110
0.06500
0.09644
0.09224
0.08642
0.08251
0.06586
0.05444
0.03048
0.01105
0.01683
0.03976
0.02592
0.01464
0.00656
0.01536
0.03041
0.00000
0.03167
0.07578
0.05993
0.09152
0.07578
0.05433
0.06276
0.03607
0.02604
0.06437
0.09358
0.09926
0.12611
0.10370
0.05932
0.05975
0.04550
0.04033
0.02470
0.09736
0.07923
0.07883
0.07291
0.08302
0.08864
0.09185
0.06580
0.02560
0.01856
0.01427
0.03595
0.04945
0.04578
0.03529
0.05630
0.07649
0.08607
0.07140
0.10042
0.13919
0.18921
0.19226
0.17517
0.17507
0.17595
0.17269
0.12087
0.13185
0.15141
0.15464
0.17865
0.18611
0.19983
0.19742
0.22639
0.18275
0.15250
0.14264
0.13539
0.14493
0.15547
0.13399
0.10861
0.09776
0.09416
0.11061
0.11542
0.07541
0.10402
0.10804
0.09903
0.10258
0.08975
0.09123
0.08293
0.08918
0.09430
0.11471
0.07420
0.05180
0.05500
0.05759
0.07634
0.05192
0.04845
0.05132
0.03865
0.05295
0.07411
0.08792
0.09443
0.13265
0.13265
0.10810
0.11570
0.10186
0.09141
0.09682
0.09834
0.06838
0.09233
0.10691
0.09047
0.09335
0.06298
0.03419
0.02721
0.00955
0.00001
0.02130
0.05528
0.05396
0.05176
0.06854
0.06157
0.06005
0.06596
0.04730
0.04065
0.04629
0.05787
0.03121
0.03078
0.04320
0.05655
0.07826
0.05490
0.05123
0.04624
0.01850
0.05684
0.04110
0.05454
0.03535
0.02975
0.00000
0.02898
0.03314
0.01049
0.02251
0.00947
0.02801
0.06962
0.07629
0.03592
0.06065
0.08815
0.10297
0.08961
0.07395
0.05368
0.07976
0.06068
0.09183
0.12377
0.14467
0.13112
0.12708
0.17608
0.17600
0.15359
0.13455
0.11999
0.11219
0.10611
0.09313
0.07593
0.08385
0.06646
0.07705
0.07910
0.12610
0.11154
0.06163
0.05659
0.04508
0.04603
0.01308
0.00675
0.02036
0.01452
0.09001
0.08882
0.09481
0.09388
0.12434
0.12729
0.16951
0.12996
0.11524
0.13276
0.12640
0.09966
0.11743
0.11334
0.13895
0.12116
0.12690
0.11540
0.08385
0.04618
0.03235
0.02606
0.03459
0.04852
0.04443
0.08185
0.11641
0.11640
0.12659
0.13706
0.17475
0.16779
0.17750
0.16632
0.17562
0.12800
0.14235
0.10686
0.12352
0.11901
0.09149
0.06909
0.03429
0.01985
0.00000
0.00675
0.00000
0.01343
0.04223
0.02199
0.00163
0.02438
0.02516
0.03711
0.00000
0.00000
0.06175
0.09324
0.10485
0.09287
0.09071
0.11734
0.09779
0.11671
0.13887
0.13830
0.12948
0.13683
0.14941
0.15859
0.16809
0.14814
0.13844
0.12883
0.10208
0.07468
0.07411
0.07322
0.08731
0.09031
0.05535
0.06275
0.08921
0.07542
0.08674
0.12917
0.15217
0.15609
0.16050
0.13055
0.13752
0.10519
0.11708
0.10410
0.10441
0.11293
0.13126
0.15151
0.12331
0.11567
0.11686
0.11647
0.12099
0.08726
0.01852
0.02039
0.02343
0.02558
0.02520
0.02377
0.07928
0.03856
0.05258
0.08727
0.05147
0.05948
0.05209
0.04520
0.01377
0.02810
0.01416
0.01382
0.00637
0.02066
0.01455
0.01138
0.03035
0.03554
0.01102
0.01511
0.02984
0.08159
0.06473
0.07705
0.12614
0.14561
0.12917
0.11344
0.09339
0.07786
0.11690
0.15320
0.17040
0.17950
0.17444
0.18272
0.16872
0.14090
0.11416
0.13045
0.12609
0.12132
0.13265
0.11234
0.11112
0.12462
0.12968
0.11706
0.09903
0.12117
0.08405
0.07203
0.06882
0.07726
0.07109
0.06140
0.03288
0.03389
0.05599
0.07070
0.07389
0.07360
0.09225
0.09391
0.12228
0.13738
0.10701
0.10177
0.10643
0.11879
0.07107
0.07092
0.01619
0.01323
0.03997
0.04677
0.05638
0.04345
0.04348
0.08000
0.07823
0.07097
0.04622
0.03851
0.03024
0.03641
0.04435
0.04181
0.06506
0.04012
0.06037
0.11912
0.14611
0.13543
0.15443
0.15101
0.14792
0.14521
0.15245
0.14485
0.18476
0.20238
0.17974
0.20049
0.20869
0.19462
0.21254
0.20551
0.19749
0.17751
0.16051
0.14301
0.15272
0.12745
0.11330
0.10101
0.13591
0.12511
0.13329
0.09354
0.08300
0.06322
0.06625
0.08007
0.03963
0.02074
0.01500
0.04763
0.04187
0.02291
0.00000
0.00661
0.00000
0.03043
0.06283
0.07874
0.09811
0.07149
0.07821
0.08367
0.10515
0.09991
0.08230
0.08453
0.08972
0.09532
0.09035
0.09181
0.10394
0.10241
0.12057
0.10401
0.10734
0.13160
0.12750
0.10051
0.07194
0.07168
0.08427
0.09623
0.05655
0.05411
0.04763
0.04445
0.03284
0.03106
0.03768
0.04767
0.03863
0.00543
0.00286
0.03646
0.02009
0.02623
0.00002
0.02178
0.03300
0.03281
0.04169
0.04809
0.07092
0.10711
0.14827
0.14231
0.14516
0.10246
0.09355
0.07515
0.08001
0.08241
0.08524
0.07202
0.07018
0.09688
0.11881
0.18770
0.18077
0.12198
0.12142
0.10177
0.10164
0.11155
0.09754
0.09589
0.10397
0.10711
0.13297
0.13989
0.13075
0.13898
0.11620
0.08596
0.08137
0.09078
0.05811
0.08368
0.10733
0.12010
0.12714
0.13320
0.14409
0.12225
0.10005
0.11312
0.14145
0.15566
0.13855
0.10857
0.07352
0.04404
0.01851
0.01305
0.02972
0.03767
0.01702
0.00420
0.00000
0.00000
0.00565
0.02160
0.02474
0.04407
0.02458
0.01610
0.02880
0.04498
0.06117
0.09037
0.06759
0.07367
0.05010
0.04004
0.03930
0.04826
0.09315
0.10739
0.09314
0.03612
0.03128
0.02807
0.02971
0.04548
0.02174
0.02715
0.03992
0.03679
0.02459
0.04400
0.01078
0.00639
0.00020
0.02953
0.05053
0.03213
0.01081
0.01646
0.06260
0.05385
0.03193
0.03754
0.03506
0.02444
0.00185
0.00001
0.00000
0.02052
0.05937
0.03314
0.02813
0.00479
0.00730
0.00907
0.03694
0.04860
0.07166
0.08881
0.08600
0.07579
0.06964
0.08152
0.11390
0.10898
0.10843
0.10940
0.07114
0.08550
0.07109
0.06712
0.10030
0.10030
0.11942
0.09617
0.07835
0.07565
0.08925
0.08756
0.10385
0.13359
0.12409
0.12207
0.08354
0.08276
0.09198
0.10486
0.09970
0.08773
0.07742
0.06940
0.10550
0.11891
0.09583
0.06857
0.08690
0.10772
0.07261
0.06484
0.05168
0.05104
0.06711
0.07423
0.06499
0.06589
0.05648
0.05925
0.04752
0.05466
0.06550
0.03575
0.04699
0.07147
0.06137
0.06338
0.05628
0.06124
0.07724
0.03237
0.05693
0.05983
0.04913
0.06570
0.13911
0.10624
0.10313
0.05072
0.06001
0.05001
0.04042
0.03031
0.06266
0.08698
0.03525
0.01826
0.01200
0.00771
0.00752
0.01335
0.04198
0.02289
0.04920
0.05094
0.05119
0.04577
0.06244
0.04408
0.00034
0.04547
0.03579
0.03516
0.04382
0.00154
0.04602
0.02331
0.02012
0.00793
0.01720
0.04769
0.05185
0.04588
0.01312
0.01414
0.01548
0.00715
0.00005
0.02142
0.05951
0.06958
0.10726
0.10805
0.11343
0.12769
0.14626
0.14992
0.10580
0.10899
0.12060
0.10490
0.10664
0.11889
0.11860
0.12494
0.11921
0.12873
0.09091
0.05344
0.04193
0.10667
0.11848
0.10518
0.11490
0.08533
0.10042
0.14292
0.17512
0.18524
0.17225
0.17912
0.16421
0.15919
0.16047
0.15603
0.12717
0.11435
0.10361
0.10679
0.11832
0.10984
0.11142
0.12350
0.15098
0.10181
0.07978
0.07379
0.05683
0.03485
0.05025
0.04902
0.10266
0.08301
0.08851
0.07793
0.08640
0.02503
0.03478
0.03376
0.06009
0.04929
0.05996
0.04289
0.02104
0.03496
0.03496
0.02007
0.02918
0.07925
0.04259
0.00754
0.03183
0.00269
0.04767
0.04020
0.03399
0.04665
0.03762
0.04292
0.01781
0.02469
0.02941
0.01810
0.05107
0.04063
0.04290
0.04518
0.05078
0.03512
0.03179
0.03542
0.06048
0.02557
0.02115
0.04194
0.03191
0.02539
0.03901
0.01945
0.02596
0.02622
0.04958
0.06556
0.07557
0.10228
0.13102
0.12402
0.10172
0.10653
0.06245
0.08421
0.06501
0.08260
0.08364
0.08195
0.05599
0.06638
0.03947
0.04535
0.04750
0.08246
0.06541
0.05359
0.04521
0.06209
0.06602
0.05729
0.04135
0.05727
0.05371
0.01880
0.01996
0.02279
0.02603
0.04063
0.04551
0.05905
0.05963
0.08383
0.10426
0.09386
0.10216
0.11359
0.10985
0.10086
0.09515
0.10147
0.10739
0.10802
0.11361
0.10605
0.07171
0.04583
0.05054
0.05998
0.08144
0.08396
0.06069
0.00843
0.00974
0.03515
0.01840
0.03523
0.04878
0.03362
0.05087
0.01527
0.04619
0.04619
0.03504
0.02942
0.00520
0.04031
0.02134
0.03092
0.01983
0.00234
0.03086
0.05220
0.01217
0.00000
0.00000
0.00083
0.00684
0.02774
0.05641
0.07367
0.08828
0.06215
0.05424
0.03320
0.03995
0.05285
0.06681
0.06106
0.03570
0.01551
0.05235
0.08700
0.10861
0.11912
0.11827
0.11335
0.07715
0.09095
0.07104
0.06799
0.03904
0.02061
0.05373
0.03114
0.03738
0.04741
0.02828
0.01783
0.05208
0.05614
0.04730
0.05053
0.05138
0.02352
0.00000
0.00082
0.00838
0.00459
0.02159
0.02159
0.05012
0.05121
0.03734
0.03090
0.03784
0.07826
0.09796
0.08453
0.08025
0.07758
0.07716
0.08188
0.11115
0.11171
0.11955
0.12989
0.11482
0.12933
0.11777
0.10874
0.09198
0.11524
0.11267
0.13694
0.12993
0.12715
0.08460
0.08201
0.04726
0.03890
0.01697
0.08985
0.08771
0.09831
0.12673
0.14246
0.15522
0.07884
0.07224
0.06519
0.07339
0.09353
0.07612
0.08287
0.08331
0.08487
0.10509
0.09356
0.09187
0.11994
0.12244
0.09973
0.10875
0.09743
0.09589
0.15826
0.12371
0.13671
0.16177
0.16237
0.15521
0.11619
0.10233
0.08710
0.10499
0.12096
0.11849
0.09218
0.07722
0.06220
0.07185
0.07621
0.07915
0.10765
0.04011
0.02965
0.03211
0.06022
0.08724
0.05644
0.08212
0.10703
0.10489
0.11038
0.11728
0.09420
0.09274
0.12921
0.12806
0.17142
0.16116
0.15734
0.10389
0.11624
0.11323
0.10219
0.09965
0.08952
0.08964
0.08022
0.10379
0.07188
0.06355
0.02632
0.03816
0.05519
0.07616
0.06066
0.06177
0.00682
0.02073
0.01210
0.04254
0.04559
0.07002
0.08854
0.09403
0.08754
0.10239
0.11718
0.09349
0.11903
0.11636
0.12985
0.12059
0.11863
0.05720
0.06884
0.06601
0.05207
0.02751
0.03450
0.02265
0.01813
0.02531
0.03049
0.03211
0.03129
0.05781
0.10661
0.07883
0.02108
0.02927
0.03613
0.03099
0.02671
0.04640
0.04277
0.03865
0.02384
0.04094
0.00822
0.02420
0.02390
0.01691
0.03080
0.02564
0.03413
0.04077
0.07637
0.07908
0.09551
0.09456
0.07044
0.06839
0.07263
0.09311
0.09393
0.09492
0.09646
0.07340
0.07277
0.04155
0.03544
0.02470
0.05524
0.05365
0.06328
0.07342
0.06087
0.04956
0.07093
0.07521
0.06236
0.03778
0.03760
0.03726
0.01917
0.02416
0.05504
0.05289
0.05903
0.05759
0.04507
0.03546
0.04787
0.04380
0.00110
0.02273
0.04170
0.04243
0.02705
0.04172
0.03138
0.05474
0.02316
0.04882
0.04676
0.04549
0.05789
0.07867
0.09312
0.11002
0.10441
0.04836
0.04939
0.07508
0.08428
0.05707
0.07095
0.06114
0.02398
0.04609
0.03933
0.01791
0.05383
0.03104
0.04110
0.04556
0.04572
0.05522
0.05739
0.05133
0.06838
0.07597
0.04582
0.04154
0.02880
0.00158
0.00829
0.01577
0.00000
0.01695
0.04068
0.05948
0.05422
0.05750
0.06747
0.05585
0.03901
0.03093
0.03105
0.02318
0.00383
0.01347
0.02243
0.01401
0.02843
0.03687
0.03364
0.02580
0.01843
0.00003
0.02249
0.03836
0.01646
0.02714
0.03261
0.04619
0.02808
0.01155
0.00552
0.02173
0.06246
0.03387
0.04511
0.05491
0.04803
0.06205
0.06045
0.06196
0.07399
0.09077
0.06593
0.05182
0.02844
0.00732
0.02839
0.06457
0.09888
0.12502
0.13626
0.12623
0.18157
0.17235
0.17339
0.13638
0.14227
0.14502
0.12417
0.15573
0.17019
0.16527
0.14379
0.15233
0.13841
0.15366
0.12263
0.10502
0.10502
0.08945
0.08187
0.09609
0.09322
0.07976
0.08158
0.11762
0.09878
0.05772
0.07378
0.10912
0.10805
0.12645
0.12631
0.14293
0.15320
0.17741
0.16545
0.16077
