0.06656
0.04863
0.01077
0.01764
0.03061
0.07895
0.09437
0.09035
0.07447
0.08672
0.08540
0.10185
0.13827
0.12007
0.12287
0.10933
0.11290
0.12563
0.12613
0.12492
0.14125
0.13816
0.12149
0.10518
0.08583
0.07780
0.08892
0.07581
0.03110
0.03739
0.00846
0.01363
0.00963
0.03139
0.02473
0.04294
0.06531
0.10234
0.11010
0.12215
0.12346
0.09227
0.08988
0.04360
0.03338
0.04763
0.03941
0.03714
0.03618
0.02310
0.03952
0.01427
0.06324
0.09146
0.09515
0.08966
0.13905
0.11708
0.14713
0.12247
0.08932
0.04466
0.06485
0.03811
0.02851
0.00764
0.02508
0.08035
0.07391
0.07118
0.06846
0.06126
0.04431
0.03429
0.06582
0.06745
0.02369
0.02485
0.03167
0.03951
0.05464
0.08013
0.07940
0.06320
0.11092
0.12301
0.10376
0.09761
0.08619
0.10981
0.10669
0.07981
0.11640
0.10876
0.12122
0.12473
0.09982
0.06690
0.07182
0.07507
0.04399
0.03151
0.04506
0.04087
0.03452
0.08259
0.06372
0.03812
0.05467
0.05337
0.06899
0.06339
0.06251
0.09138
0.06225
0.04739
0.07053
0.04267
0.05214
0.06984
0.08303
0.10487
0.11175
0.11365
0.12750
0.13121
0.11595
0.11297
0.13533
0.11734
0.15415
0.13499
0.15474
0.16398
0.18303
0.19354
0.15035
0.15319
0.12006
0.11872
0.06206
0.05979
0.07533
0.08355
0.10701
0.08733
0.04656
0.04808
0.05704
0.04990
0.05064
0.04137
0.04073
0.03259
0.03595
0.07566
0.03236
0.01219
0.04011
0.06827
0.06406
0.06601
0.03829
0.04992
0.04359
0.01520
0.03258
0.02238
0.00642
0.01651
0.02673
0.03206
0.04645
0.05504
0.01737
0.04869
0.05337
0.05303
0.01586
0.00752
0.00958
0.00890
0.02572
0.03155
0.06381
0.07635
0.08122
0.07637
0.07190
0.08712
0.05301
0.04876
0.05930
0.04416
0.04610
0.02758
0.01533
0.01746
0.00628
0.03279
0.06105
0.09171
0.12008
0.10542
0.11903
0.07778
0.04782
0.01268
0.03521
0.03762
0.03029
0.05217
0.05080
0.05267
0.03975
0.05009
0.04149
0.04689
0.06828
0.05697
0.08402
0.12286
0.16796
0.15672
0.17367
0.17998
0.14774
0.13725
0.12608
0.14803
0.12257
0.17894
0.17930
0.14101
0.14470
0.13339
0.14135
0.19174
0.19124
0.17022
0.18228
0.15132
0.12348
0.11326
0.14098
0.12843
0.14442
0.13615
0.10430
0.11012
0.10603
0.06070
0.07096
0.04893
0.10048
0.11186
0.09868
0.11275
0.12258
0.12472
0.12000
0.08781
0.10750
0.12197
0.13648
0.13748
0.14826
0.15626
0.13925
0.14089
0.12258
0.10613
0.10733
0.09123
0.07563
0.08581
0.07583
0.07289
0.04145
0.07005
0.08226
0.06990
0.08487
0.09022
0.06678
0.04860
0.04088
0.02390
0.01893
0.01843
0.05655
0.04783
0.07313
0.06533
0.05265
0.03438
0.03419
0.02098
0.00808
0.01941
0.03501
0.02215
0.05589
0.06392
0.06002
0.04513
0.04093
0.02199
0.04153
0.05731
0.06809
0.09543
0.06359
0.03715
0.05175
0.07132
0.07588
0.10464
0.13749
0.16634
0.17182
0.16218
0.17375
0.18183
0.20568
0.21034
0.17904
0.16606
0.12582
0.12155
0.14291
0.09975
0.11689
0.11425
0.13443
0.13461
0.13738
0.15635
0.15936
0.14847
0.14959
0.14741
0.11737
0.09258
0.07179
0.06593
0.09213
0.06063
0.05383
0.01149
0.02251
0.03196
0.01125
0.01212
0.02833
0.04031
0.01680
0.01336
0.03904
0.03782
0.02730
0.04235
0.05054
0.05382
0.05702
0.08823
0.13135
0.12339
0.08125
0.06581
0.06286
0.08343
0.07407
0.07474
0.08756
0.07009
0.02990
0.03583
0.03877
0.06172
0.02475
0.03790
0.05964
0.06353
0.02861
0.03107
0.05943
0.03704
0.04524
0.04119
0.05500
0.06650
0.07863
0.08346
0.11604
0.12565
0.16274
0.13430
0.13484
0.14407
0.14749
0.12769
0.08441
0.08818
0.07665
0.09785
0.06521
0.07812
0.06335
0.10539
0.13080
0.09783
0.06827
0.07281
0.09838
0.11725
0.09892
0.07653
0.08894
0.07350
0.05784
0.03866
0.03349
0.02155
0.00000
0.04491
0.04938
0.09304
0.06908
0.03146
0.05791
0.08589
0.07404
0.09213
0.08935
0.10211
0.12705
0.12355
0.14420
0.13085
0.14391
0.12304
0.11960
0.13078
0.11912
0.07890
0.08331
0.07444
0.09284
0.09044
0.07312
0.04234
0.04562
0.04515
0.04093
0.03183
0.04272
0.09976
0.11874
0.09527
0.12832
0.08536
0.06508
0.05320
0.05983
0.08138
0.07220
0.11346
0.10826
0.14007
0.12645
0.11417
0.10467
0.06698
0.07174
0.07057
0.05418
0.08176
0.03503
0.02949
0.07936
0.06871
0.02616
0.03036
0.00819
0.03485
0.02242
0.02574
0.03042
0.01686
0.02430
0.00000
0.00371
0.01647
0.02158
0.02199
0.00012
0.00874
0.01312
0.00000
0.00846
0.01463
0.02475
0.05553
0.05209
0.04756
0.07296
0.10111
0.11247
0.06967
0.06963
0.05938
0.04492
0.03139
0.04477
0.08325
0.10082
0.09331
0.12603
0.12579
0.09934
0.11285
0.11900
0.16395
0.18387
0.19774
0.19266
0.16725
0.15392
0.15054
0.12951
0.16790
0.15966
0.15549
0.12344
0.11841
0.11612
0.09549
0.11255
0.06072
0.07873
0.07532
0.06924
0.06248
0.08531
0.05734
0.06795
0.06476
0.08941
0.09548
0.08360
0.10017
0.07553
0.11529
0.11967
0.09313
0.08918
0.07782
0.08825
0.07483
0.06659
0.08052
0.07052
0.09307
0.12421
0.10525
0.10369
0.08420
0.08581
0.06734
0.08951
0.07515
0.05316
0.05869
0.03121
0.02853
0.02479
0.04103
0.04781
0.04106
0.04879
0.04261
0.04504
0.02780
0.07119
0.09874
0.08974
0.06508
0.08616
0.09392
0.10503
0.13806
0.14406
0.12283
0.11148
0.12364
0.14914
0.16069
0.17416
0.15887
0.17577
0.16624
0.15813
0.11747
0.12194
0.12129
0.10918
0.10700
0.09619
0.08360
0.07978
0.05970
0.03862
0.00453
0.02365
0.04283
0.04294
0.02447
0.04381
0.02494
0.04526
0.01903
0.01253
0.00655
0.01620
0.04889
0.04589
0.04462
0.04426
0.03950
0.02236
0.04046
0.03771
0.03924
0.04691
0.08253
0.07697
0.04656
0.11457
0.10050
0.06086
0.07915
0.08712
0.07753
0.06675
0.06918
0.03539
0.03260
0.06327
0.09630
0.08411
0.07819
0.05055
0.04786
0.04278
0.05631
0.04309
0.06792
0.07966
0.10404
0.09639
0.07924
0.08020
0.06062
0.06830
0.05357
0.04642
0.05904
0.05024
0.05828
0.04790
0.03557
0.04948
0.03316
0.01475
0.02693
0.02965
0.01602
0.03822
0.01288
0.02246
0.01715
0.04039
0.06225
0.09490
0.11623
0.11841
0.13358
0.14239
0.16211
0.15188
0.11368
0.09234
0.08661
0.05622
0.07303
0.06472
0.07033
0.06388
0.05448
0.04741
0.06758
0.07865
0.05793
0.03208
0.02026
0.02850
0.02281
0.07138
0.04826
0.02028
0.02599
0.01506
0.01598
0.01557
0.02379
0.04689
0.02502
0.02810
0.03766
0.05765
0.06146
0.06084
0.04201
0.03367
0.02681
0.04438
0.04998
0.05730
0.06217
0.06557
0.08163
0.08984
0.09673
0.12917
0.11785
0.05074
0.04837
0.04823
0.06513
0.07637
0.08021
0.03246
0.02887
0.06354
0.08490
0.07633
0.12395
0.10576
0.08990
0.08446
0.08506
0.07765
0.06674
0.04532
0.04917
0.04765
0.02380
0.02002
0.03111
0.02474
0.03511
0.03534
0.03621
0.03409
0.06391
0.05431
0.00718
0.01324
0.03180
0.07073
0.06917
0.07322
0.05536
0.08374
0.08990
0.09757
0.09785
0.11928
0.14425
0.13534
0.14818
0.14726
0.10497
0.06010
0.06469
0.05970
0.04093
0.04235
0.04676
0.05741
0.06458
0.07419
0.08373
0.08046
0.04736
0.08098
0.08111
0.03179
0.01793
0.01674
0.01538
0.02689
0.03326
0.03780
0.03158
0.03459
0.03664
0.04357
0.10783
0.06280
0.09754
0.10929
0.07337
0.08494
0.11673
0.10929
0.06568
0.03315
0.01749
0.02601
0.04073
0.03284
0.02790
0.01630
0.02419
0.02760
0.01406
0.00106
0.04244
0.05045
0.07454
0.08307
0.08379
0.07086
0.05914
0.08287
0.08449
0.09055
0.09575
0.12150
0.11593
0.09899
0.10080
0.12600
0.10399
0.11492
0.11571
0.09570
0.08794
0.08015
0.05262
0.04170
0.04814
0.05366
0.03109
0.01927
0.03692
0.05215
0.04024
0.02170
0.00000
0.01700
0.03154
0.05274
0.05192
0.04691
0.03616
0.03832
0.00858
0.00335
0.01314
0.01246
0.02572
0.03266
0.02079
0.02715
0.02014
0.04303
0.03740
0.03253
0.05083
0.03565
0.00479
0.01202
0.02481
0.03571
0.04839
0.01730
0.03294
0.04208
0.07216
0.08537
0.05049
0.07175
0.06936
0.05512
0.03247
0.02310
0.01651
0.01525
0.00000
0.00389
0.00000
0.04622
0.06070
0.08108
0.07700
0.10764
0.11310
0.11199
0.12275
0.15665
0.15723
0.14607
0.12912
0.16051
0.15969
0.17635
0.15006
0.17370
0.16500
0.17340
0.16638
0.16206
0.13293
0.12192
0.07004
0.04150
0.02932
0.01278
0.00336
0.00010
0.00000
0.00784
0.01261
0.03347
0.06163
0.07038
0.07319
0.06462
0.06768
0.07301
0.07593
0.03425
0.06929
0.06667
0.12878
0.11752
0.10103
0.11390
0.08606
0.12212
0.10242
0.07189
0.06068
0.04961
0.05844
0.07789
0.06392
0.02685
0.00869
0.03463
0.03324
0.03800
0.02499
0.02858
0.05910
0.04673
0.04740
0.06028
0.04270
0.03695
0.02781
0.06730
0.05098
0.03164
0.01897
0.04621
0.06500
0.08833
0.09811
0.05838
0.04695
0.05494
0.07989
0.05996
0.02900
0.01627
0.00963
0.00680
0.03473
0.01236
0.04469
0.06291
0.10240
0.10221
0.06559
0.05971
0.06477
0.05676
0.03626
0.04049
0.06675
0.08603
0.07185
0.06737
0.08444
0.10019
0.07657
0.07047
0.09858
0.12943
0.11873
0.09433
0.10633
0.06871
0.06572
0.05995
0.07380
0.07702
0.06956
0.08994
0.08216
0.07203
0.04704
0.04702
0.05479
0.05050
0.05722
0.05093
0.03807
0.05070
0.06819
0.02726
0.02866
0.00934
0.02527
0.03645
0.00372
0.03712
0.03680
0.03756
0.01320
0.03426
0.05514
0.08703
0.09318
0.10601
0.11684
0.07631
0.11697
0.10727
0.09008
0.07015
0.08407
0.05423
0.05953
0.07077
0.05315
0.05551
0.05483
0.03403
0.06148
0.03008
0.03117
0.03138
0.02279
0.01377
0.02472
0.01507
0.03344
0.01933
0.02749
0.01985
0.03964
0.07096
0.03236
0.03998
0.07244
0.07327
0.06550
0.08175
0.09789
0.08871
0.09708
0.07579
0.07769
0.06138
0.06252
0.04975
0.06336
0.07016
0.07649
0.08279
0.08692
0.09118
0.09301
0.09544
0.08940
0.09736
0.07415
0.10308
0.08546
0.07622
0.08997
0.11416
0.06702
0.10038
0.11300
0.11937
0.08817
0.09190
0.07473
0.06444
0.08029
0.09147
0.07094
0.09061
0.04795
0.04289
0.04301
0.03596
0.03782
0.04471
0.07310
0.03640
0.04255
0.06070
0.04492
0.05396
0.06795
0.05896
0.03966
0.04050
0.02157
0.01161
0.02432
0.03767
0.04580
0.03680
0.03308
0.04477
0.04369
0.02587
0.03543
0.04769
0.04634
0.04585
0.06613
0.08773
0.09112
0.09754
0.02512
0.03987
0.05434
0.03571
0.02141
0.01668
0.00771
0.01969
0.02841
0.07645
0.04878
0.05259
0.04557
0.00700
0.02329
0.01039
0.00000
0.01745
0.04043
0.02681
0.00934
0.01803
0.01973
0.02037
0.02249
0.03453
0.03640
0.03722
0.04998
0.06949
0.02071
0.03617
0.07010
0.07610
0.07228
0.05989
0.02064
0.06611
0.10956
0.11794
0.11548
0.11578
0.10968
0.10779
0.12230
0.11627
0.12136
0.10051
0.08599
0.09416
0.10509
0.12259
0.13244
0.09724
0.09533
0.12347
0.16766
0.16160
0.14144
0.11460
0.14139
0.11797
0.14085
0.15510
0.15314
0.15423
0.13615
0.16117
0.15279
0.18328
0.17861
0.21149
0.20193
0.20622
0.22724
0.23527
0.23451
0.19189
0.19611
0.17733
0.14659
0.09348
0.09241
0.09990
0.10013
0.07922
0.05238
0.00636
0.03575
0.02084
0.03487
0.03201
0.00000
0.03574
0.02910
0.02205
0.02059
0.05876
0.07921
0.04399
0.02831
0.04484
0.05650
0.01396
0.00789
0.03141
0.02908
0.02950
0.04594
0.03544
0.02774
0.00000
0.04529
0.05533
0.08033
0.08886
0.08264
0.08554
0.12016
0.12875
0.10761
0.08974
0.10415
0.06187
0.05928
0.06561
0.08445
0.06384
0.05330
0.03849
0.06002
0.05737
0.06916
0.09241
0.06388
0.07778
0.12973
0.09969
0.08415
0.10974
0.07223
0.06043
0.06559
0.06930
0.07025
0.07866
0.06454
0.03514
0.00943
0.02329
0.03139
0.01963
0.02057
0.01332
0.04621
0.03776
0.02492
0.01781
0.00000
0.02218
0.01405
0.03733
0.03780
0.03941
0.01574
0.05631
0.03055
0.04563
0.02164
0.04753
0.05415
0.03236
0.01281
0.03949
0.03695
0.01098
0.00733
0.02134
0.01046
0.01715
0.04805
0.04803
0.04771
0.04582
0.03895
0.09297
0.08125
0.10255
0.06666
0.07854
0.08440
0.01748
0.02141
0.05780
0.05441
0.04105
0.04101
0.03416
0.04003
0.03320
0.04627
0.03158
0.03416
0.03431
0.01428
0.04552
0.03618
0.03024
0.04739
0.03376
0.04906
0.04262
0.03640
0.04217
0.04626
0.01430
0.00783
0.02890
0.06938
0.07865
0.06797
0.04433
0.03601
0.06046
0.04797
0.03192
0.03778
0.00873
0.04154
0.03402
0.04277
0.04758
0.06212
0.02539
0.05109
0.06099
0.08335
0.10348
0.09562
0.09657
0.11433
0.11954
0.10726
0.12283
0.13443
0.15423
0.14403
0.14592
0.14915
0.16674
0.17785
0.14123
0.13325
0.12287
0.12309
0.12556
0.13422
0.10252
0.08870
0.09753
0.12600
0.11979
0.11998
0.14240
0.14061
0.07978
0.05077
0.03871
0.02559
0.04910
0.05139
0.06483
0.08625
0.06497
0.06213
0.02934
0.02106
0.02899
0.01807
0.03347
0.05973
0.05440
0.07508
0.05549
0.10054
0.10980
0.11611
0.12534
0.10790
0.11096
0.08719
0.06835
0.04009
0.04463
0.07848
0.09563
0.07519
0.07792
0.04232
0.04073
0.03829
0.07258
0.06976
0.06331
0.07462
0.07374
0.05150
0.03060
0.03409
0.03179
0.05101
0.03510
0.03994
0.06001
0.07480
0.07977
0.07999
0.07176
0.05688
0.07014
0.03642
0.02084
0.02230
0.05689
0.03717
0.03354
0.03321
0.01490
0.00347
0.02039
0.00000
0.02744
0.04356
0.03540
0.04738
0.02614
0.05432
0.01853
0.01860
0.02772
0.05292
0.04184
0.06851
0.06830
0.06231
0.05489
0.04694
0.06046
0.06855
0.11465
0.11586
0.08021
0.07351
0.06022
0.06930
0.04302
0.01248
0.04940
0.04135
0.06039
0.14041
0.12674
0.13349
0.12862
0.12832
0.12430
0.10822
0.06058
0.04027
0.04473
0.05072
0.07153
0.09228
0.10039
0.08670
0.10474
0.10493
0.10012
0.11405
0.13109
0.12542
0.12382
0.11576
0.08379
0.06863
0.05325
0.03967
0.03023
0.05651
0.04996
0.04369
0.04000
0.09639
0.10049
0.14703
0.13362
0.11636
0.10663
0.10819
0.10095
0.09696
0.12635
0.13567
0.09321
0.10349
0.10472
0.11373
0.13261
0.12427
0.12543
0.13061
0.13852
0.11997
0.12772
0.11219
0.09911
0.11540
0.12092
0.11523
0.10637
0.14171
0.13972
0.13614
0.10676
0.13313
0.13128
0.13896
0.14825
0.07721
0.04984
0.05286
0.05908
0.09559
0.07901
0.03352
0.02848
0.02519
0.05136
0.09121
0.09273
0.08986
0.08780
0.10569
0.13004
0.15895
0.14150
0.08832
0.11166
0.10223
0.08096
0.06880
0.08769
0.10481
0.10330
0.08565
0.10992
0.08075
0.06221
0.01746
0.01579
0.02339
0.02281
0.01881
0.00770
0.01025
0.02522
0.01997
0.06357
0.03589
0.00241
0.01046
0.02567
0.01811
0.02733
0.06490
0.06649
0.05436
0.05258
0.04236
0.03911
0.04002
0.05845
0.06539
0.06311
0.07715
0.04995
0.03776
0.04369
0.03859
0.03831
0.04896
0.05210
0.03790
0.02241
0.02586
0.01240
0.02196
0.01831
0.01840
0.02414
0.00547
0.00057
0.03358
0.07604
0.04380
0.08883
0.13977
0.12214
0.12640
0.16692
0.17064
0.15960
0.15838
0.18704
0.17872
0.16532
0.16874
0.14249
0.08709
0.07543
0.06998
0.04478
0.06953
0.05840
0.04877
0.05478
0.10392
0.10113
0.08521
0.08705
0.06258
0.02467
0.04142
0.06317
0.05598
0.04183
0.02048
0.00706
0.00872
0.00406
0.00406
0.00000
0.00739
0.02142
0.01265
0.00943
0.02350
0.02035
0.01339
0.00228
0.03589
0.02834
0.05193
0.04460
0.02915
0.04410
0.03487
0.01612
0.01132
0.02362
0.02720
0.02550
0.02182
0.01033
0.00807
0.00613
0.03527
0.05357
0.04265
0.04044
0.03588
0.05055
0.09121
0.07231
0.11155
0.07041
0.05580
0.05924
0.05703
0.02343
0.03146
0.02781
0.05283
0.04179
0.05638
0.05681
0.06497
0.04661
0.02451
0.05332
0.03275
0.06236
0.04264
0.06904
0.06687
0.06890
0.03586
0.02151
0.00522
0.01680
0.00662
0.00000
0.02962
0.04187
0.07910
0.12340
0.08198
0.03286
0.05233
0.05713
0.04440
0.03060
0.02311
0.01539
0.01935
0.01587
0.01575
0.00427
0.00771
0.02398
0.00822
0.02936
0.00622
0.01964
0.04079
0.01133
0.00719
0.03786
0.03630
0.00000
0.02333
0.02094
0.03617
0.02562
0.03245
0.02051
0.06635
0.06082
0.05887
0.01214
0.05918
0.09123
0.09293
0.09537
0.08925
0.07760
0.05885
0.11384
0.13602
0.15316
0.15533
0.13506
0.12737
0.14584
0.17237
0.16231
0.16601
0.15910
0.11577
0.10799
0.11262
0.14320
0.13844
0.14451
0.16235
0.13674
0.12222
0.11011
0.11500
0.09348
0.08826
0.09604
0.08114
0.03826
0.03016
0.02885
0.01624
0.02426
0.04279
0.05969
0.06826
0.06566
0.02403
0.06125
0.07594
0.05926
0.05287
0.04347
0.02835
0.02687
0.01546
0.05060
0.05702
0.03599
0.04690
0.05477
0.04244
0.03741
0.06838
0.10612
0.12671
0.13539
0.17188
0.14625
0.11464
0.14114
0.12042
0.12384
0.11645
0.10289
0.08616
0.05859
0.06874
0.07146
0.06691
0.08106
0.08007
0.06867
0.06970
0.06927
0.04889
0.06462
0.07797
0.09896
0.11627
0.13131
0.10098
0.04381
0.07163
0.06331
0.06983
0.09308
0.06625
0.11386
0.09511
0.11322
0.11145
0.12196
0.13779
0.10748
0.10247
0.09073
0.09309
0.08928
0.07822
0.09771
0.12130
0.11722
0.12768
0.10302
0.08865
0.08549
0.08523
0.06389
0.02402
0.04428
0.06046
0.05950
0.04303
0.02548
0.01011
0.04212
0.04103
0.03924
0.04033
0.07624
0.09142
0.10678
0.08435
0.10088
0.09624
0.05528
0.06933
0.04247
0.04872
0.08499
0.08196
0.09184
0.06542
0.05222
0.04374
0.05951
0.05290
0.07517
0.09314
0.06355
0.04178
0.06886
0.06123
0.04858
0.03366
0.00960
0.01697
0.01414
0.01029
0.03436
0.05893
0.05797
0.05334
0.07566
0.07565
0.05888
0.06319
0.04091
0.03770
0.00508
0.04392
0.03543
0.03100
0.00470
0.01158
0.02000
0.04729
0.04311
0.04643
0.08218
0.09568
0.01935
0.00000
0.01936
0.03288
0.01723
0.04263
0.02456
0.01624
0.01325
0.03797
0.04334
0.08032
0.09298
0.04983
0.02632
0.01951
0.00679
0.01370
0.01171
0.02125
0.01663
0.00233
0.00430
0.02149
0.03237
0.05009
0.08617
0.10151
0.09754
0.06979
0.07159
0.03478
0.02934
0.00213
0.02867
0.03338
0.06795
0.07048
0.06732
0.05143
0.07260
0.07502
0.07962
0.07708
0.04912
0.05048
0.02686
0.05761
0.05657
0.03001
0.00082
0.07551
0.09065
0.08195
0.12144
0.12207
0.06639
0.07060
0.08307
0.09075
0.11027
0.08999
0.10445
0.12562
0.09758
0.08335
0.07276
0.08084
0.05280
0.08615
0.08562
0.07801
0.06137
0.07946
0.07512
0.07077
0.04006
0.02961
0.01648
0.05968
0.07755
0.08348
0.06777
0.05651
0.07637
0.09380
0.07581
0.08016
0.06189
0.02828
0.02133
0.02169
0.04112
0.05465
0.02922
0.04073
0.05903
0.08536
0.06238
0.07818
0.10002
0.09101
0.07468
0.08957
0.08000
0.07519
0.05616
0.06836
0.02800
0.04927
0.05791
0.08745
0.10597
0.08159
0.08282
0.09554
0.09520
0.08071
0.08826
0.07050
0.07239
0.07094
0.07934
0.08985
0.09772
0.06658
0.07034
0.07256
0.07219
0.06940
0.05081
0.04115
0.06949
0.04494
0.00321
0.00000
0.00495
0.01146
0.02494
0.01970
0.00317
0.00435
0.02313
0.03990
0.04967
0.04709
0.06765
0.02368
0.07163
0.09826
0.11156
0.13144
0.06954
0.06543
0.06026
0.06971
0.10968
0.12444
0.13921
0.13537
0.14577
0.16358
0.14747
0.13163
0.12420
0.18362
0.17974
0.16065
0.16958
0.15423
0.14528
0.13892
0.10405
0.10675
0.10190
0.08238
0.05634
0.07229
0.09666
0.05650
0.06563
0.07708
0.07354
0.09185
0.07530
0.08643
0.03626
0.03235
0.03374
0.06564
0.02950
0.03114
0.04669
0.04299
0.03181
0.08200
0.08845
0.07641
0.09286
0.06960
0.08511
0.11098
0.07768
0.05832
0.03667
0.08216
0.12135
0.11182
0.10266
0.08174
0.09410
0.11622
0.09819
0.08608
0.08038
0.05637
0.08572
0.10010
0.06502
0.04314
0.07180
0.07571
0.10928
0.11293
0.10768
0.09997
0.12135
0.11932
0.11866
0.14253
0.13506
0.08674
0.06044
0.06879
0.07636
0.10763
0.09489
0.09360
0.04848
0.03890
0.02594
0.03159
0.04927
0.07225
0.08069
0.09241
0.07960
0.09737
0.06728
0.03399
0.02533
0.04604
0.02341
0.01951
0.02696
0.01876
0.07995
0.07759
0.10252
0.08940
0.12782
0.12837
0.10780
0.04982
0.05012
0.07181
0.07164
0.07266
0.06564
0.07255
0.08562
0.08724
0.06318
0.11485
0.11289
0.09343
0.06262
0.05378
0.04867
0.03113
0.03008
0.02164
0.02915
0.03757
0.01211
0.00025
0.00274
0.02877
0.03922
0.05780
0.06424
0.07260
0.09603
0.07052
0.06547
0.06095
0.07792
0.06584
0.07780
0.08800
0.08175
0.08652
0.09208
0.11020
0.13187
0.13108
0.12707
0.11271
0.12620
0.11700
0.12727
0.10405
0.09055
0.05975
0.07383
0.02357
0.01621
0.02778
0.01832
0.01764
0.02995
0.04419
0.05233
0.04100
0.07829
0.10776
0.07625
0.04980
0.06854
0.04921
0.05877
0.03254
0.05992
0.05476
0.08756
0.07759
0.10650
0.10108
0.10947
0.12117
0.09634
0.10797
0.10419
0.11419
0.09873
0.10629
0.12188
0.14352
0.15705
0.11636
0.10497
0.09456
0.11521
0.14100
0.12467
0.10225
0.07486
0.06586
0.07422
0.07628
0.07918
0.06675
0.01910
0.01442
0.00928
0.03210
0.05770
0.09218
0.05826
0.05293
0.00119
0.01569
0.01909
0.01617
0.02177
0.02897
0.02925
0.01774
0.04617
0.04178
0.06910
0.07348
0.05466
0.06356
0.07172
0.07860
0.10539
0.07923
0.01211
0.01008
0.05223
0.05054
0.06220
0.05144
0.02718
0.04347
0.02651
0.04261
0.08036
0.07413
0.06420
0.03943
0.09114
0.07408
0.06134
0.05693
0.05717
0.10624
0.09879
0.10597
0.10598
0.10192
0.12447
0.09544
0.09201
0.07676
0.10630
0.08231
0.08462
0.06199
0.09861
0.07583
0.06927
0.03546
0.03752
0.06515
0.02449
0.03837
0.05771
0.06204
0.06583
0.04008
0.01285
0.02143
0.05613
0.10311
0.10576
0.08099
0.07345
0.07607
0.11200
0.05607
0.03735
0.03649
0.06525
0.03153
0.04800
0.04988
0.09727
0.08049
0.07461
0.02394
0.06884
0.08091
0.06654
0.06367
0.07900
0.08598
0.08321
0.07708
0.07454
0.07497
0.06550
0.09037
0.06220
0.07373
0.06016
0.07857
0.06338
0.05808
0.06015
0.07510
0.07966
0.08160
0.11521
0.14136
0.12151
0.07657
0.08087
0.07612
0.09577
0.11396
0.04402
0.04386
0.05526
0.05983
0.04735
0.02998
0.00000
0.00000
0.03236
0.05385
0.05457
0.03874
0.04363
0.03109
0.04076
0.02776
0.03726
0.05759
0.05582
0.05531
0.04891
0.03391
0.04835
0.04762
0.04941
0.07048
0.02613
0.00000
0.00629
0.02110
0.04769
0.01566
0.01264
0.03421
0.01114
0.07372
0.07139
0.05196
0.00000
0.01051
0.04472
0.00916
0.03105
0.03525
0.02828
0.02785
0.07035
0.08060
0.08909
0.11261
0.12651
0.14767
0.14210
0.13955
0.09578
0.10957
0.09161
0.09316
0.11508
0.10251
0.10179
0.08771
0.10079
0.09664
0.08362
0.10614
0.11846
0.10500
0.10486
0.10498
0.08562
0.09774
0.07257
0.08810
0.11354
0.06677
0.08449
0.06566
0.05980
0.07874
0.06182
0.03832
0.04595
0.07688
0.11145
0.11692
0.11522
0.10654
0.09084
0.12457
0.14821
0.15467
0.12872
0.08888
0.07501
0.06911
0.08250
0.07272
0.10096
0.09902
0.08519
0.10337
0.07637
0.06574
0.03186
0.03429
0.02571
0.00000
0.00023
0.01219
0.00873
0.02181
0.02036
0.01467
0.00588
0.00262
0.01432
0.00000
0.02798
0.01978
0.01692
0.07046
0.06841
0.04537
0.04902
0.05362
0.05975
0.05580
0.05580
0.07231
0.07504
0.08368
0.08885
0.09762
0.09661
0.05008
0.04593
0.04704
0.01867
0.01269
0.08415
0.06735
0.04868
0.05296
0.06312
0.06505
0.02912
0.05439
0.04395
0.01230
0.04659
0.05269
0.06850
0.05291
0.03859
0.02588
0.01633
0.00000
0.03041
0.02926
0.02431
0.00000
0.02579
0.00635
0.01588
0.04945
0.03560
0.03814
0.07145
0.06116
0.07008
0.06214
0.05212
0.05746
0.07935
0.07135
0.05471
0.05550
0.06127
0.05520
0.09542
0.11472
0.13095
0.14622
0.13136
0.11997
0.12176
0.12301
0.08160
0.05841
0.02443
0.00000
0.02376
0.04717
0.03228
0.03792
0.04755
0.03682
0.06308
0.04215
0.00561
0.06236
0.06076
0.03844
0.01580
0.02737
0.03231
0.01931
0.00000
0.00958
0.02829
0.03334
0.04971
0.08265
0.07132
0.03705
0.03259
0.01645
0.05164
0.02171
0.00687
0.00551
0.03842
0.04211
0.05141
0.03106
0.01892
0.05224
0.07335
0.04486
0.05453
0.04867
0.05861
0.04898
0.03361
0.04425
0.06501
0.06035
0.10675
0.11415
0.08915
0.08612
0.08526
0.07639
0.07054
0.07561
0.02209
0.01711
0.02070
0.02761
0.04709
0.04276
0.00148
0.04088
0.04986
0.02782
0.03637
0.05265
0.03784
0.05069
0.05191
0.03140
0.06074
0.06570
0.05321
0.04853
0.04303
0.00968
0.00956
0.02152
0.02655
0.00932
0.01943
0.02562
0.02939
0.02101
0.00849
0.02885
0.05688
0.03566
0.05244
0.06965
0.05776
0.04862
0.06003
0.02328
0.06544
0.09555
0.06229
0.08986
0.07882
0.05670
0.02078
0.05489
0.05551
0.09173
0.08352
0.09788
0.10655
0.11057
0.14430
0.15146
0.20217
0.17724
0.17865
0.17722
0.20024
0.20921
0.21299
0.20813
0.17272
0.13288
0.14240
0.12979
0.11006
0.08294
0.09032
0.09575
0.10554
0.09576
0.10678
0.06300
0.09906
0.10881
0.09445
0.08937
0.08126
0.07680
0.05280
0.04615
0.04417
0.03988
0.03649
0.02366
0.03475
0.01848
0.00701
0.01897
0.00363
0.02107
0.05836
0.02533
0.02550
0.02179
0.04728
0.06925
0.09587
0.09839
0.11835
0.09717
0.09994
0.06137
0.07099
0.04382
0.05299
0.05301
0.04316
0.05414
0.06963
0.08634
0.05871
0.05792
0.08327
0.08785
0.07379
0.08784
0.11056
0.10825
0.10828
0.10223
0.12121
0.16441
0.15707
0.12715
0.12508
0.14332
0.16436
0.13575
0.13542
0.10667
0.11868
0.09401
0.08997
0.09469
0.09187
0.05775
0.05611
0.06410
0.06787
0.03837
0.02450
0.02222
0.02324
0.04531
0.06928
0.07192
0.06287
0.09093
0.07920
0.09060
0.08593
0.10366
0.08803
0.09851
0.09638
0.07256
0.04609
0.05638
0.07129
0.06750
0.06055
0.04986
0.05692
0.04176
0.02422
0.00000
0.00056
0.00665
0.01305
0.00000
0.03609
0.02591
0.01369
0.01295
0.01453
0.01773
0.01172
0.00158
0.02584
0.03990
0.03876
0.01707
0.02929
0.04968
0.03930
0.02801
0.02611
0.04656
0.07673
0.07137
0.07761
0.07016
0.07014
0.09668
0.11844
0.13874
0.07298
0.08099
0.03973
0.02606
0.02603
0.03696
0.01816
0.01401
0.01932
0.00894
0.01590
0.02830
0.02628
0.08224
0.09284
0.03410
0.05081
0.03345
0.02072
0.03723
0.01713
0.03816
0.01010
0.01835
0.03949
0.01973
0.01646
0.01982
0.01130
0.02260
0.05748
0.05244
0.03218
0.07427
0.07357
0.08119
0.04792
0.02913
0.04658
0.04327
0.02715
0.01499
0.01223
0.02450
0.05988
0.08220
0.08476
0.09111
0.08105
0.06438
0.07644
0.09810
0.08987
0.12922
0.11140
0.09499
0.09602
0.10273
0.11028
0.09918
0.09678
0.10999
0.14425
0.13172
0.13746
0.13592
0.12145
0.09819
0.10233
0.06545
0.06459
0.06679
0.06835
0.07315
0.07088
0.06397
0.04476
0.01808
0.01230
0.05298
0.04931
0.06703
0.04515
0.05079
0.05159
0.06492
0.04574
0.02605
0.00000
0.01334
0.01742
0.01096
0.03892
0.04680
0.03512
0.06297
0.05004
0.06235
0.09322
0.08346
0.04631
0.05512
0.08192
0.03308
0.02892
0.06940
0.02106
0.04138
0.04519
0.02139
0.03070
0.04633
0.05594
0.04635
0.07060
0.08763
0.06716
0.06997
0.03702
0.04320
0.00000
0.01015
0.03467
0.01649
0.01930
0.04735
0.04101
0.03542
0.02970
0.00980
0.02197
0.01898
0.03862
0.06735
0.06129
0.11105
0.08906
0.07557
0.04421
0.01559
0.02784
0.05380
0.06556
0.11471
0.12900
0.15390
0.14202
0.13688
0.15501
0.17263
0.17258
0.14526
0.14605
0.10795
0.13439
0.09408
0.04825
0.01838
0.02835
0.01254
0.03793
0.02476
0.04761
0.07125
0.07370
0.10107
0.07483
0.10833
0.07109
0.11084
0.09726
0.07594
0.06175
0.05465
0.05498
0.03872
0.01322
0.03132
0.03314
0.06397
0.05992
0.06747
0.03701
0.02210
0.00818
0.00208
0.03613
0.04522
0.03194
0.00987
0.01682
0.01785
0.01386
0.03201
0.03461
0.02618
0.02790
0.03705
0.03753
0.05708
0.02190
0.01443
0.02586
0.03940
0.04908
0.04802
0.00660
0.02006
0.03818
0.04439
0.05454
0.05886
0.04794
0.06498
0.08030
0.05449
0.05800
0.07154
0.07254
0.08144
0.07153
0.05519
0.06330
0.06486
0.06672
0.05139
0.06259
0.03611
0.03413
0.06088
0.03810
0.03459
0.03403
0.03759
0.06521
0.06211
0.01919
0.03409
0.04688
0.06415
0.03826
0.04690
0.04669
0.05863
0.05527
0.05834
0.08089
0.03199
0.05713
0.07294
0.07146
0.07434
0.08214
0.06571
0.04532
0.01383
0.02656
0.04024
0.04110
0.04687
0.06070
0.04895
0.03860
0.01798
0.02257
0.02212
0.01573
0.01442
0.05695
0.03182
0.05533
0.05291
0.06883
0.08072
0.06027
0.09255
0.08047
0.07783
0.06042
0.04651
0.04467
0.03809
0.07583
0.08151
0.05081
0.03430
0.04774
0.01522
0.06545
0.05422
0.02339
0.01320
0.01998
0.02974
0.02456
0.05009
0.00000
0.02394
0.02522
0.05553
0.07861
0.05665
0.07214
0.07688
0.08181
0.11754
0.12785
0.08042
0.06311
0.06091
0.05349
0.07605
0.07927
0.07912
0.07572
0.10639
0.10190
0.11790
0.08747
0.07714
0.04781
0.05635
0.03761
0.03419
0.04763
0.03936
0.04325
0.05251
0.03678
0.03108
0.08370
0.08096
0.09145
0.10040
0.08395
0.05961
0.04165
0.01879
0.00540
0.02873
0.00605
0.01031
0.04196
0.05756
0.04860
0.03655
0.02645
0.03417
0.00696
0.00000
0.02887
0.05637
0.05487
0.04320
0.00791
0.00000
0.01333
0.02085
0.00640
0.01336
0.00000
0.01703
0.01235
0.00762
0.01902
0.00840
0.00752
0.02004
0.01009
0.03152
0.01780
0.01058
0.00000
0.01500
0.00000
0.01405
0.05754
0.01743
0.02113
0.04375
0.04384
0.01945
0.02567
0.02600
0.07827
0.06521
0.06637
0.11405
0.14142
0.14918
0.15987
0.13799
0.12998
0.16773
0.18115
0.16631
0.15738
0.15027
0.16155
0.10400
0.12573
0.10713
0.07343
0.07780
0.08689
0.08228
0.09447
0.11715
0.09950
0.08582
0.07042
0.08677
0.08857
0.06564
0.06926
0.06252
0.07871
0.10858
0.09592
0.07072
0.06801
0.08541
0.07225
0.07279
0.08563
0.06610
0.05399
0.03767
0.04247
0.03967
0.03213
0.03352
0.03497
0.03099
0.03102
0.01231
0.04813
0.05570
0.03733
0.03699
0.01493
0.01200
0.01067
0.01261
0.02546
0.02309
0.01099
0.02822
0.00964
0.00592
0.02425
0.01767
0.02565
0.01286
0.01128
0.03509
0.03543
0.03241
0.08095
0.08648
0.12336
0.15006
0.13248
0.05265
0.02222
0.05147
0.05288
0.06117
0.03850
0.03360
0.05722
0.02242
0.03409
0.02264
0.01216
0.00000
0.01327
0.00907
0.01875
0.05355
0.07562
0.08933
0.10879
0.10577
0.11206
0.12507
0.14048
0.09073
0.08180
0.07485
0.04998
0.02183
0.02523
0.03227
0.00790
0.04111
0.01303
0.00728
0.03287
0.03068
0.03064
0.04977
0.08754
0.13664
0.11138
0.05738
0.03228
0.04022
0.05293
0.06750
0.06425
0.06720
0.05897
0.08353
0.09085
0.05998
0.03431
0.03185
0.02555
0.03316
0.04253
0.04204
0.02473
0.06566
0.08511
0.06633
0.04105
0.04610
0.05010
0.02516
0.01491
0.03792
0.07095
0.06783
0.07603
0.10383
0.09459
0.09827
0.09023
0.09598
0.09240
0.07251
0.08060
0.07789
0.10592
0.12885
0.11782
0.10637
0.08875
0.06729
0.11395
0.10379
0.11119
0.11628
0.09160
0.11375
0.12503
0.12352
0.10907
0.09119
0.08808
0.05507
0.01774
0.05046
0.04865
0.06397
0.07623
0.02967
0.01960
0.01093
0.02734
0.00420
0.01217
0.02984
0.02340
0.01786
0.01345
0.00000
0.01282
0.00683
0.01686
0.06981
0.06226
0.09483
0.09513
0.05400
0.08849
0.09718
0.08438
0.09726
0.07751
0.09838
0.10432
0.10247
0.10966
0.12502
0.10586
0.11588
0.10453
0.09171
0.12397
0.14392
0.12996
0.14305
0.11350
0.11729
0.11469
0.12525
0.13424
0.06751
0.05904
0.03483
0.03175
0.01767
0.04733
0.03847
0.01945
0.00000
0.01207
0.01213
0.00613
0.00988
0.02117
0.05009
0.02145
0.03597
0.03027
0.02956
0.03292
0.01253
0.03652
0.01838
0.01617
0.05641
0.03761
0.01818
0.00000
0.00605
0.03550
0.02509
0.02955
0.02759
0.03527
0.05713
0.04718
0.05442
0.08868
0.07499
0.06654
0.08093
0.07443
0.06209
0.06600
0.09333
0.09255
0.07937
0.07163
0.08148
0.10584
0.11163
0.11347
0.11184
0.11675
0.10876
0.04791
0.04532
0.06909
0.04213
0.04651
0.05748
0.04688
0.05332
0.01436
0.02882
0.04360
0.03226
0.01804
0.04212
0.07107
0.08612
0.04391
0.06861
0.03379
0.04304
0.03532
0.03427
0.07486
0.07299
0.05292
0.07508
0.05259
0.03217
0.02326
0.05596
0.03130
0.03583
0.01877
0.03093
0.01520
0.02624
0.05910
0.03931
0.06066
0.07560
0.05856
0.05292
0.05809
0.06299
0.06763
0.06039
0.06794
0.08204
0.08468
0.05853
0.00949
0.02929
0.01044
0.01080
0.00468
0.01755
0.03540
0.02788
0.05997
0.06532
0.04985
0.06312
0.03349
0.02425
0.06559
0.04607
0.05462
0.08627
0.07123
0.07722
0.09493
0.10706
0.07968
0.09961
0.11146
0.10695
0.10275
0.12291
0.12302
0.06413
0.04677
0.04879
0.06904
0.07274
0.09539
0.06740
0.05464
0.06427
0.05161
0.03712
0.03385
0.06992
0.08556
0.10744
0.11206
0.13065
0.12132
0.10469
0.14733
0.14267
0.11888
0.07702
0.05735
0.05151
0.08457
0.11247
0.09566
0.07235
0.07198
0.08355
0.08407
0.12230
0.08366
0.06867
0.01868
0.00757
0.00328
0.01669
0.00798
0.03851
0.04283
0.02592
0.02267
0.03307
0.02324
0.02931
0.02073
0.01820
0.01820
0.00000
0.03287
0.03447
0.02879
0.04070
0.04792
0.05256
0.06042
0.06874
0.04899
0.05466
0.04333
0.02745
0.00731
0.00148
0.01264
0.00000
0.00000
0.01787
0.02602
0.02825
0.02941
0.05514
0.07217
0.10028
0.12238
0.10278
0.09717
0.08944
0.07148
0.06223
0.04820
0.07396
0.07506
0.04421
0.06195
0.05209
0.02676
0.01482
0.00965
0.05695
0.08740
0.06771
0.03791
0.05122
0.05982
0.05251
0.02814
0.00000
0.02495
0.04800
0.08160
0.08195
0.00723
0.01226
0.02114
0.02639
0.02043
0.02476
0.01988
0.04095
0.04232
0.03572
0.01561
0.03042
0.03332
0.04962
0.07095
0.09819
0.08776
0.04471
0.06457
0.06929
0.05914
0.04709
0.05800
0.05296
0.03093
0.02829
0.03123
0.04254
0.04264
0.03052
0.02461
0.00738
0.00939
0.00000
0.03444
0.02631
0.03545
0.02379
0.00566
0.02947
0.04451
0.05340
0.02221
0.02763
0.02987
0.04291
0.01282
0.04444
0.01676
0.03338
0.05709
0.05116
0.05612
0.05598
0.06353
0.07698
0.10015
0.05215
0.04373
0.02788
0.02964
0.03572
0.02933
0.03359
0.02170
0.03133
0.03611
0.02612
0.03120
0.03441
0.07642
0.04242
0.00000
0.02238
0.02654
0.04406
0.03530
0.02878
0.03670
0.06740
0.08274
0.07646
0.08809
0.05977
0.04599
0.06177
0.05881
0.04601
0.02324
0.03899
0.01535
0.01660
0.01748
0.02015
0.00096
0.00000
0.02149
0.01514
0.00441
0.04170
0.12013
0.05963
0.06038
0.06877
0.06336
0.09901
0.10042
0.13508
0.13758
0.14282
0.11104
0.09872
0.08833
0.07305
0.07600
0.05905
0.05151
0.06808
0.05046
0.03432
0.03836
0.03587
0.03650
0.03930
0.03382
0.03452
0.03283
0.05715
0.05541
0.04546
0.04842
0.03965
0.05403
0.04013
0.01902
0.03022
0.03572
0.06573
0.05726
0.06185
0.09226
0.08706
0.09318
0.09740
0.11763
0.14425
0.08414
0.05442
0.03549
0.03364
0.04427
0.00000
0.02962
0.00176
0.01423
0.02676
0.02769
0.04385
0.04335
0.01742
0.04992
0.01280
0.00487
0.02581
0.02162
0.01257
0.01877
0.00715
0.00872
0.02734
0.02186
0.06696
0.06852
0.04339
0.05127
0.06482
0.05866
0.06681
0.08666
0.09916
0.08348
0.07261
0.07835
0.06778
0.06991
0.04463
0.05035
0.05378
0.05747
0.05078
0.04132
0.05565
0.10704
0.09274
0.05775
0.06921
0.08666
0.06768
0.06418
0.10564
0.12046
0.12987
0.13050
0.16309
0.13966
0.14401
0.14020
0.12817
0.12788
0.14730
0.16765
0.17897
0.16344
0.16460
0.15427
0.16493
0.14467
0.11306
0.07872
0.03547
0.01925
0.05186
0.00441
0.00981
0.00896
0.01369
0.03749
0.02574
0.05251
0.07811
0.07936
0.05325
0.08951
0.09126
0.08393
0.06954
0.09595
0.07484
0.08954
0.08158
0.07850
0.06306
0.05308
0.04418
0.09815
0.08364
0.05222
0.06143
0.07909
0.03155
0.02031
0.02310
0.03144
0.03267
0.06423
0.05432
0.02852
0.01485
0.01286
0.01267
0.00373
0.02477
0.03826
0.01378
0.03203
0.04436
0.08499
0.04024
0.02432
0.01483
0.02916
0.00408
0.01395
0.00352
0.05410
0.05377
0.04611
0.03607
0.05312
0.05095
0.03998
0.03550
0.04058
0.05222
0.05579
0.09180
0.02242
0.05741
0.08422
0.07679
0.09206
0.11327
0.09469
0.07955
0.07625
0.07052
0.07653
0.06717
0.06719
0.08950
0.10073
0.06475
0.09048
0.07893
0.10988
0.12192
0.08844
0.09755
0.08029
0.07937
0.05975
0.03779
0.09539
0.08272
0.12793
0.11468
0.09100
0.09059
0.08387
0.04276
0.04959
0.04445
0.04523
0.04579
0.04801
0.05420
0.05407
0.06417
0.03178
0.04266
0.04281
0.04710
0.06538
0.04112
0.04663
0.04656
0.04456
0.03081
0.00386
0.00815
0.01119
0.00076
0.00965
0.02944
0.03753
0.00174
0.00394
0.02391
0.04533
0.09289
0.08169
0.09292
0.10490
0.12217
0.08876
0.08646
0.05326
0.09344
0.11009
0.10781
0.12590
0.13723
0.12925
0.13389
0.15805
0.12810
0.10810
0.09613
0.04940
0.03173
0.00012
0.03000
0.03829
0.05023
0.06140
0.03083
0.02838
0.00000
0.04789
0.05761
0.09064
0.05903
0.04291
0.03184
0.03374
0.03121
0.03077
0.01579
0.01938
0.02803
0.05975
0.05686
0.09093
0.06491
0.03561
0.04079
0.03436
0.00000
0.00000
0.01101
0.03982
0.07367
0.08616
0.09385
0.05870
0.05688
0.07102
0.06490
0.08819
0.08035
0.08197
0.07212
0.04053
0.03582
0.06742
0.06759
0.07043
0.08995
0.07676
0.11349
0.13464
0.13391
0.09461
0.09267
0.09514
0.08528
0.09101
0.08594
0.05476
0.08142
0.05905
0.03407
0.10237
0.12657
0.10670
0.09300
0.11190
0.10458
0.08910
0.09804
0.09641
0.13771
0.14184
0.15992
0.18377
0.15354
0.13661
0.18983
0.17628
0.14430
0.14900
0.14941
0.16306
0.15519
0.10219
0.08817
0.10634
0.08561
0.10264
0.11393
0.08382
0.09347
0.08823
0.13136
0.13060
0.13508
0.15784
0.14703
0.15333
0.15541
0.17350
0.21378
0.18862
0.18689
0.14133
0.15132
0.14924
0.16878
0.17754
0.13786
0.14408
0.12653
0.10811
0.08172
0.10387
0.06585
0.09924
0.10205
0.09399
0.14683
0.18255
0.16760
0.16610
0.13453
0.10203
0.08863
0.06519
0.03522
0.02633
0.02443
0.02559
0.04588
0.02849
0.01176
0.00102
0.04464
0.07470
0.08149
0.08135
0.03508
0.00459
0.01790
0.04088
0.06122
0.13068
0.10443
0.04049
0.06860
0.06819
0.06125
0.01863
0.01656
0.01866
0.01803
0.02182
0.00000
0.02789
0.01862
0.03883
0.03696
0.03446
0.02546
0.01535
0.03983
0.02694
0.02136
0.06943
0.07387
0.07302
0.04349
0.06134
0.06299
0.07037
0.00422
0.02608
0.03295
0.01835
0.03771
0.06701
0.12904
0.11477
0.09932
0.09354
0.09252
0.07787
0.09844
0.10524
0.10081
0.12369
0.07390
0.03553
0.03434
0.01400
0.00430
0.00000
0.03799
0.05643
0.04906
0.06093
0.02893
0.01813
0.04755
0.04036
0.08972
0.13171
0.08668
0.09391
0.08357
0.08561
0.10174
0.12392
0.10994
0.08302
0.08400
0.14120
0.13704
0.10996
0.09113
0.07431
0.04922
0.04142
0.05939
0.04814
0.02672
0.02429
0.02079
0.04352
0.03585
0.02090
0.02840
0.01941
0.01532
0.04755
0.03256
0.01592
0.01378
0.01790
0.00000
0.00568
0.00568
0.01083
0.01021
0.01212
0.01556
0.02138
0.00776
0.00981
0.01752
0.05454
0.04753
0.04503
0.04328
0.02810
0.03609
0.02792
0.03724
0.01982
0.06583
0.08785
0.07119
0.06431
0.04898
0.01840
0.03300
0.00301
0.02073
0.04175
0.04518
0.02918
0.05703
0.10904
0.12454
0.13982
0.06541
0.05161
0.05364
0.05886
0.03780
0.01636
0.03653
0.05031
0.03391
0.04657
0.06267
0.04634
0.04644
0.03490
0.01417
0.03178
0.04040
0.01905
0.06645
0.07341
0.04943
0.00000
0.00012
0.01094
0.00221
0.01130
0.02847
0.05329
0.04825
0.08938
0.06221
0.09660
0.05308
0.08784
0.09421
0.08525
0.07117
0.08340
0.06946
0.05461
0.02004
0.01857
0.02089
0.00788
0.00916
0.03776
0.08175
0.03651
0.04658
0.02675
0.06233
0.06729
0.06526
0.11551
0.11247
0.11884
0.11430
0.09860
0.12055
0.11517
0.09771
0.12646
0.09947
0.07097
0.08212
0.08726
0.10403
0.12022
0.12747
0.11917
0.12138
0.12444
0.13558
0.11512
0.11747
0.10645
0.13892
0.16480
0.16017
0.16117
0.16786
0.16598
0.16583
0.16626
0.15643
0.13137
0.12562
0.10198
0.09392
0.08543
0.07405
0.09355
0.07214
0.09289
0.08226
0.08200
0.05312
0.05149
0.06303
0.06408
0.05959
0.07653
0.08070
0.06641
0.05807
0.04385
0.08434
0.08823
0.06477
0.07607
0.03233
0.01132
0.01147
0.04845
0.00502
0.00860
0.00520
0.00198
0.02035
0.02221
0.04403
0.00000
0.00656
0.00029
0.01578
0.06661
0.03140
0.02728
0.04300
0.04174
0.07569
0.11706
0.10865
0.11793
0.06359
0.05509
0.06612
0.05808
0.04802
0.08596
0.06812
0.08007
0.09905
0.07476
0.04842
0.05862
0.06969
0.10312
0.09404
0.08420
0.10355
0.08717
0.09180
0.09276
0.08584
0.05282
0.05461
0.05284
0.07799
0.07131
0.02859
0.05006
0.08209
0.10334
0.10389
0.12695
0.10950
0.06520
0.10897
0.07988
0.05061
0.04839
0.04548
0.06805
0.07134
0.08038
0.05577
0.05265
0.06291
0.04885
0.05578
0.03955
0.02588
0.01989
0.03480
0.03588
0.02714
0.03444
0.02813
0.03179
0.02183
0.02222
0.00649
0.01406
0.02813
0.01785
0.02831
0.03503
0.04322
0.00987
0.03014
0.00033
0.01371
0.04939
0.05516
0.04533
0.02476
0.00000
0.03283
0.03275
0.03432
0.01513
0.02790
0.03056
0.04604
0.05526
0.04229
0.04347
0.02700
0.02405
0.03145
0.01351
0.02688
0.02185
0.02064
0.00000
0.02729
0.01783
0.03630
0.03168
0.00371
0.02589
0.02116
0.04432
0.05593
0.02481
0.00000
0.00164
0.01796
0.00368
0.04292
0.04287
0.08511
0.08566
0.11190
0.09338
0.04904
0.04904
0.01554
0.00087
0.00272
0.00071
0.00000
0.03231
0.02036
0.03084
0.03378
0.01161
0.00001
0.02315
0.01786
0.01438
0.06241
0.04618
0.04352
0.02369
0.04763
0.06256
0.05149
0.03281
0.02068
0.02121
0.01485
0.02187
0.01234
0.02168
0.02607
0.03409
0.08591
0.07732
0.06836
0.05526
0.03214
0.03446
0.04875
0.05761
0.04439
0.06476
0.03477
0.02926
0.08675
0.06417
0.07712
0.09190
0.09536
0.10053
0.09093
0.09266
0.07317
0.07329
0.04291
0.01835
0.01944
0.03215
0.01180
0.04112
0.06755
0.03901
0.03202
0.02724
0.03647
0.06290
0.06225
0.08321
0.06854
0.07001
0.04950
0.02927
0.04077
0.03424
0.01601
0.02367
0.02020
0.00323
0.01001
0.01950
0.04838
0.04666
0.03779
0.05190
0.10160
0.12064
0.10148
0.05585
0.09098
0.06231
0.07552
0.08686
0.08575
0.10286
0.08007
0.05830
0.02822
0.08424
0.05848
0.03274
0.04526
0.06103
0.06334
0.04791
0.00000
0.00164
0.03701
0.01960
0.02198
0.00787
0.02445
0.03523
0.03971
0.07287
0.03149
0.02847
0.04188
0.07172
0.04529
0.04063
0.05083
0.04627
0.03931
0.05069
0.01293
0.02983
0.02373
0.05438
0.05447
0.04654
0.04352
0.07672
0.03842
0.00000
0.03115
0.04343
0.01883
0.04348
0.03167
0.03458
0.01925
0.05440
0.04135
0.04474
0.06465
0.07021
0.04716
0.02497
0.01135
0.02239
0.02112
0.01135
0.02708
0.01713
0.02518
0.03791
0.06150
0.07041
0.06193
0.04029
0.04360
0.04290
0.06079
0.11155
0.11599
0.15806
0.12768
0.14559
0.16399
0.16623
0.15516
0.12371
0.12169
0.11430
0.13701
0.13241
0.15550
0.14062
0.09779
0.10997
0.11164
0.06685
0.07948
0.09282
0.07553
0.05069
0.02911
0.02209
0.01504
0.02030
0.03656
0.02424
0.04405
0.06019
0.05159
0.05667
0.05690
0.04682
0.02844
0.02837
0.03028
0.00782
0.02504
0.01294
0.03563
0.03359
0.02607
0.05510
0.05253
0.03939
0.00917
0.00620
0.05084
0.03940
0.06259
0.05705
0.07032
0.05005
0.06050
0.05091
0.07132
0.04867
0.04431
0.07685
0.10038
0.10657
0.11627
0.03799
0.04837
0.07552
0.07343
0.07783
0.06096
0.04083
0.06243
0.08436
0.10814
0.11526
0.15068
0.15335
0.16602
0.14128
0.12996
0.10710
0.05166
0.06654
0.05367
0.02688
0.00022
0.01194
0.03284
0.04572
0.02206
0.03609
0.02317
0.00311
0.01374
0.02515
0.01737
0.02676
0.03934
0.04837
0.02343
0.05684
0.04698
0.07305
0.04632
0.07686
0.09795
0.09985
0.08339
0.09067
0.05032
0.06668
0.04060
0.03435
0.03378
0.01846
0.01580
0.02138
0.01531
0.02716
0.01081
0.01650
0.01244
0.00492
0.00000
0.01567
0.00537
0.01834
0.02598
0.00357
0.03129
0.05437
0.08377
0.11117
0.11400
0.10817
0.10351
0.09228
0.05570
0.04874
0.04945
0.05818
0.06627
0.02944
0.01812
0.01817
0.04614
0.06124
0.07466
0.06372
0.07383
0.06331
0.02051
0.00671
0.01867
0.02324
0.06337
0.04682
0.05324
0.05358
0.05695
0.07852
0.05415
0.01634
0.02121
0.02448
0.00930
0.01183
0.03683
0.01474
0.01763
0.03961
0.01159
0.02928
0.00961
0.00271
0.01864
0.04304
0.03978
0.04743
0.03743
0.04776
0.06936
0.05147
0.04479
0.04556
0.01175
0.04493
0.04123
0.01173
0.01107
0.03007
0.04117
0.09288
0.09139
0.10704
0.07636
0.08726
0.09962
0.08769
0.08927
0.08382
0.07863
0.09860
0.07591
0.07447
0.06788
0.05716
0.06813
0.03110
0.02383
0.05160
0.07511
0.06557
0.04799
0.05225
0.03712
0.00000
0.01766
0.01233
0.01514
0.00993
0.04899
0.03147
0.01227
0.01728
0.00789
0.02218
0.03120
0.04597
0.07345
0.08540
0.08462
0.10945
0.09837
0.10956
0.08279
0.08248
0.09851
0.12258
0.12050
0.14250
0.15756
0.16131
0.15214
0.13721
0.13385
0.13267
0.14605
0.15329
0.16131
0.15539
0.16742
0.17155
0.16520
0.18586
0.20299
0.18175
0.17769
0.13988
0.14104
0.11392
0.09370
0.07715
0.08818
0.06544
0.07051
0.05465
0.06700
0.09343
0.08921
0.09347
0.12508
0.10345
0.05992
0.03979
0.02311
0.00774
0.05555
0.09703
0.08000
0.08659
0.08193
0.11625
0.10211
0.12186
0.13444
0.10045
0.05489
0.03396
0.07526
0.10297
0.07724
0.07987
0.08538
0.10704
0.13878
0.13029
0.12105
0.13077
0.10723
0.09343
0.06177
0.05449
0.06256
0.07460
0.06725
0.11188
0.12349
0.10428
0.10477
0.08220
0.05063
0.05190
0.04692
0.04791
0.07763
0.07708
0.08932
0.12439
0.10176
0.09218
0.11640
0.14746
0.14874
0.14789
0.14477
0.15391
0.17454
0.17688
0.17561
0.19225
0.17279
0.18860
0.18986
0.17321
0.15038
0.13607
0.08929
0.02790
0.01867
0.05037
0.03066
0.02677
0.01787
0.06616
0.06581
0.06943
0.05982
0.06858
0.09191
0.12446
0.12681
0.10532
0.09939
0.10004
0.09436
0.09195
0.08302
0.07855
0.07937
0.10992
0.12895
0.11007
0.10575
0.12573
0.17870
0.15345
0.18678
0.12901
0.12935
0.19505
0.19464
0.18657
0.23229
0.19449
0.19831
0.19329
0.17980
0.16614
0.16297
0.15484
0.14205
0.15846
0.19682
0.18253
0.19069
0.17668
0.19622
0.20420
0.19268
0.16845
0.17974
0.13758
0.13604
0.08019
0.03937
0.00609
0.01113
0.02529
0.03647
0.01818
0.03352
0.06251
0.05298
0.06191
0.06913
0.08292
0.04684
0.06737
0.04810
0.05727
0.04553
0.07595
0.06181
0.06318
0.05981
0.06858
0.07395
0.10726
0.10113
0.10846
0.10116
0.09722
0.10508
0.12078
0.10837
0.10560
0.10526
0.10806
0.11116
0.13181
0.16152
0.17596
0.15569
0.10608
0.05913
0.07537
0.09684
0.08898
0.09143
0.09320
0.07821
0.09808
0.06382
0.03812
0.04708
0.05856
0.07052
0.06813
0.05775
0.04572
0.08879
0.10178
0.11190
0.11557
0.13099
0.10581
0.10802
0.13032
0.12970
0.13337
0.10389
0.08247
0.05636
0.05999
0.03487
0.04225
0.02443
0.03996
0.08120
0.07553
0.07259
0.06013
0.05427
0.01575
0.04239
0.04714
0.07086
0.07046
0.05754
0.07528
0.06041
0.06695
0.06212
0.06776
0.06671
0.05071
0.06327
0.09368
0.10040
0.11282
0.12176
0.07421
0.08884
0.10906
0.10218
0.11925
0.09519
0.07740
0.09533
0.08954
0.15173
0.15510
0.17428
0.18998
0.18014
0.18965
0.19007
0.20541
0.21154
0.20764
0.20420
0.20282
0.19711
0.19076
0.24830
0.24374
0.19551
0.20146
0.21886
0.21688
0.19976
0.20685
0.20201
0.16497
0.18097
0.15961
0.12443
0.10640
0.10796
0.12588
0.12645
0.16618
0.18718
0.15513
0.14771
0.17960
0.17962
0.17103
0.15958
0.16773
0.15749
0.13775
0.14095
0.12897
0.12275
0.10985
0.10554
0.12932
0.13947
0.14530
0.13768
0.17512
0.18334
0.13301
0.12850
0.13828
0.09029
0.07962
0.09004
0.08903
0.05453
0.05860
0.05896
0.06905
0.08870
0.05792
0.08329
0.07666
0.06768
0.05040
0.02515
0.02467
0.00688
0.01914
0.01716
0.01386
0.00980
0.04085
0.03782
0.05406
0.05345
0.03404
0.02128
0.00916
0.01198
0.02045
0.07164
0.08069
0.04695
0.03830
0.03891
0.04767
0.06039
0.07605
0.10516
0.06945
0.08718
0.10306
0.11374
0.10359
0.09173
0.07862
0.06673
0.06198
0.05389
0.08187
0.08371
0.09111
0.07160
0.07689
0.09943
0.04803
0.03073
0.03925
0.05048
0.02517
0.01720
0.04963
0.06828
0.04621
0.03026
0.03514
0.03815
0.04043
0.06208
0.06720
0.05497
0.08686
0.08957
0.04365
0.03256
0.02919
0.00340
0.02407
0.02606
0.02362
0.02458
0.00000
0.00821
0.01753
0.03271
0.02628
0.02930
0.03297
0.00690
0.02711
0.04067
0.06131
0.04902
0.03813
0.03033
0.05814
0.06130
0.06977
0.06674
0.06457
0.07798
0.06391
0.01077
0.00556
0.02123
0.01386
0.04224
0.05406
0.05534
0.07854
0.14942
0.13151
0.11569
0.10431
0.10209
0.07378
0.08929
0.09398
0.08576
0.06538
0.02278
0.03418
0.03456
0.02306
0.01951
0.01132
0.03212
0.06295
0.05884
0.03717
0.03868
0.06347
0.04761
0.06078
0.04088
0.03374
0.03617
0.03977
0.07299
0.06448
0.08667
0.03138
0.00023
0.06065
0.03521
0.04573
0.04418
0.10922
0.11937
0.14377
0.11970
0.11269
0.10393
0.08327
0.04866
0.00000
0.00911
0.00909
0.02310
0.02647
0.03158
0.05210
0.06402
0.04674
0.05352
0.09233
0.08537
0.07641
0.05349
0.09922
0.11804
0.14476
0.16069
0.15101
0.16275
0.16694
0.15519
0.16547
0.13943
0.14559
0.14466
0.13963
0.13788
0.12150
0.15280
0.14628
0.14465
0.14622
0.12148
0.14181
0.12226
0.10085
0.07981
0.09232
0.07634
0.08360
0.10823
0.07769
0.07557
0.04171
0.04928
0.06580
0.03193
0.03460
0.04116
0.08598
0.13717
0.06403
0.04103
0.02211
0.00150
0.03294
0.02087
0.01734
0.03356
0.04425
0.01484
0.03813
0.01900
0.02424
0.03102
0.00932
0.00000
0.07484
0.09153
0.09485
0.11695
0.13572
0.12109
0.12148
0.12475
0.06883
0.07569
0.03461
0.02214
0.08146
0.09886
0.11310
0.13476
0.15582
0.13021
0.11073
0.10113
0.10700
0.11930
0.15400
0.13407
0.15597
0.13901
0.12409
0.10313
0.11160
0.11162
0.10888
0.09076
0.07009
0.03964
0.02329
0.02380
0.02947
0.03620
0.03452
0.03938
0.07727
0.06210
0.06155
0.05180
0.05116
0.04153
0.09770
0.06077
0.02997
0.09871
0.05871
0.05613
0.03139
0.02771
0.03656
0.04024
0.04229
0.04233
0.08697
0.07669
0.06956
0.09807
0.09706
0.08396
0.07626
0.05086
0.05020
0.05231
0.04226
0.02536
0.02010
0.01437
0.00000
0.03234
0.05361
0.04723
0.06543
0.04528
0.06803
0.08219
0.06502
0.09173
0.10119
0.11619
0.11949
0.12615
0.12511
0.11494
0.16665
0.15082
0.14036
0.13630
0.15014
0.14368
0.12115
0.14281
0.12768
0.10327
0.12013
0.10683
0.12027
0.12423
0.13359
0.09825
0.10446
0.11513
0.12022
0.11260
0.10148
0.08302
0.07996
0.02767
0.00035
0.01203
0.02899
0.03015
0.06336
0.07864
0.04017
0.05005
0.06187
0.06560
0.08643
0.09040
0.09170
0.09726
0.09849
0.08856
0.09243
0.06364
0.10145
0.09914
0.09294
0.08353
0.04333
0.05712
0.05463
0.04559
0.01432
0.00690
0.00726
0.01540
0.04016
0.03720
0.03850
0.05148
0.04980
0.02602
0.02207
0.01940
0.02678
0.03428
0.05093
0.06382
0.04268
0.04685
0.07055
0.06028
0.02161
0.01853
0.00206
0.00001
0.01325
0.04488
0.05321
0.09823
0.08223
0.06735
0.04623
0.02814
0.04449
0.07781
0.07915
0.07628
0.05781
0.07542
0.06278
0.03250
0.02427
0.00000
0.00844
0.02872
0.05317
0.04887
0.05424
0.06384
0.06424
0.05808
0.08548
0.06490
0.11618
0.12698
0.13986
0.13744
0.16662
0.18748
0.17977
0.15835
0.16414
0.14925
0.11746
0.11580
0.16248
0.15405
0.15916
0.15681
0.14877
0.13561
0.18356
0.17522
0.18311
0.14527
0.15320
0.15453
0.14190
0.14210
0.08916
0.09094
0.07797
0.06067
0.01535
0.06351
0.10330
0.13099
0.14120
0.08908
0.12301
0.09289
0.09689
0.09443
0.10082
0.09029
0.07310
0.06363
0.09700
0.04768
0.06300
0.05555
0.05336
0.06525
0.05552
0.07455
0.07589
0.06696
0.05874
0.02890
0.01597
0.02508
0.01985
0.05127
0.04524
0.04164
0.05327
0.04504
0.03148
0.02631
0.03347
0.06149
0.06357
0.09483
0.11032
0.15150
0.16637
0.16414
0.15656
0.17797
0.18099
0.12025
0.13048
0.12727
0.07214
0.06421
0.08306
0.07968
0.09127
0.08624
0.06083
0.02378
0.04401
0.06137
0.08975
0.03549
0.03789
0.06001
0.06910
0.07942
0.08572
0.08926
0.07322
0.10334
0.08309
0.08669
0.07563
0.11215
0.11953
0.11537
0.12538
0.10596
0.07064
0.06113
0.06546
0.07482
0.08198
0.07103
0.06106
0.06939
0.07238
0.09525
0.06961
0.07975
0.06762
0.13671
0.11213
0.12475
0.11946
0.12464
0.14278
0.15652
0.15595
0.13178
0.13158
0.13431
0.12782
0.11909
0.11750
0.13403
0.17665
0.18403
0.20697
0.19597
0.17956
0.17232
0.16917
0.18492
0.15259
0.12685
0.12101
0.12735
0.14274
0.09448
0.10757
0.12053
0.12870
0.15105
0.13921
0.15565
0.15561
0.14281
0.13844
0.13971
0.11167
0.06785
0.07274
0.06526
0.06294
0.07159
0.06299
0.06299
0.05398
0.09168
0.07886
0.09252
0.06267
0.05809
0.05865
0.07905
0.08160
0.09843
0.13093
0.09976
0.08156
0.08573
0.04800
0.04753
0.02900
0.02170
0.01220
0.00184
0.01702
0.02188
0.07266
0.06325
0.05647
0.02944
0.02594
0.06404
0.04253
0.05600
0.06206
0.05957
0.07733
0.03922
0.03839
0.06506
0.07104
0.05247
0.05611
0.01827
0.02803
0.05804
0.08279
0.09612
0.11962
0.09939
0.09350
0.08482
0.08866
0.10831
0.08678
0.06283
0.04657
0.04509
0.08230
0.03859
0.03112
0.07125
0.06528
0.06826
0.06637
0.03146
0.04096
0.04109
0.05596
0.11333
0.10916
0.07880
0.03608
0.05639
0.04169
0.05172
0.01123
0.03031
0.02158
0.00656
0.00000
0.02963
0.04081
0.02561
0.02213
0.04642
0.08575
0.07290
0.09066
0.07119
0.04988
0.05215
0.05828
0.06212
0.03590
0.01901
0.02343
0.02061
0.03753
0.03062
0.00141
0.02098
0.02162
0.02624
0.00144
0.00688
0.02229
0.04343
0.03148
0.06153
0.07154
0.07883
0.04856
0.03823
0.08313
0.07343
0.05791
0.05045
0.06054
0.03100
0.03220
0.04303
0.03299
0.04531
0.03073
0.04459
0.03847
0.04649
0.02884
0.03023
0.03905
0.03828
0.04370
0.03451
0.05134
0.03776
0.01252
0.01463
0.05297
0.09547
0.09770
0.10950
0.08697
0.10521
0.11493
0.12026
0.07718
0.06406
0.09855
0.07546
0.06069
0.04726
0.04357
0.08036
0.09920
0.12815
0.13145
0.15989
0.17009
0.17667
0.18360
0.18799
0.17024
0.17070
0.20975
0.17317
0.15486
0.11011
0.09794
0.09909
0.10232
0.10223
0.07179
0.07992
0.05924
0.06793
0.06096
0.05337
0.06166
0.07067
0.06314
0.03751
0.01515
0.02206
0.01812
0.02858
0.00916
0.01707
0.03108
0.05741
0.07275
0.02632
0.04130
0.01128
0.01721
0.00641
0.00000
0.00224
0.00000
0.03630
0.06498
0.06766
0.08669
0.08892
0.10195
0.07745
0.08512
0.07647
0.05198
0.07109
0.10967
0.08189
0.07240
0.09186
0.09147
0.08370
0.07894
0.08933
0.07181
0.07071
0.07049
0.04953
0.04929
0.03068
0.03908
0.03418
0.04426
0.03100
0.02613
0.04235
0.04536
0.06402
0.07926
0.09150
0.06829
0.06997
0.04414
0.03475
0.02767
0.03366
0.02072
0.02399
0.03551
0.01673
0.00875
0.03810
0.08253
0.07782
0.07865
0.08960
0.10278
0.10784
0.09636
0.03653
0.00000
0.02931
0.05432
0.06143
0.03385
0.03299
0.03404
0.04381
0.03482
0.03774
0.06645
0.07034
0.07449
0.04040
0.01849
0.03539
0.03717
0.08863
0.05468
0.10337
0.09688
0.05262
0.07532
0.05151
0.06070
0.04435
0.05527
0.04090
0.02264
0.00067
0.02592
0.02421
0.05911
0.10857
0.09467
0.07626
0.08885
0.08127
0.12336
0.10506
0.08902
0.07209
0.04687
0.06441
0.06329
0.06830
0.05829
0.04286
0.04899
0.06025
0.01731
0.01261
0.03666
0.04506
0.03515
0.03171
0.01714
0.02536
0.03520
0.03591
0.03864
0.03180
0.02742
0.00811
0.01352
0.02234
0.03279
0.04197
0.01879
0.03241
0.02916
0.03252
0.02159
0.00000
0.00369
0.00520
0.00000
0.02628
0.00723
0.05855
0.07501
0.06587
0.06912
0.04911
0.09268
0.10503
0.09466
0.07258
0.06229
0.05082
0.07654
0.07662
0.09025
0.09875
0.07920
0.07082
0.02320
0.00176
0.03473
0.06875
0.04331
0.02847
0.06201
0.07166
0.07799
0.05536
0.06046
0.02804
0.02839
0.02332
0.04362
0.04859
0.01382
0.06513
0.04491
0.03910
0.06186
0.04789
0.04657
0.04301
0.07361
0.07307
0.06274
0.03206
0.05790
0.08931
0.09314
0.06737
0.09359
0.11487
0.11308
0.13631
0.11026
0.14599
0.15911
0.13945
0.16901
0.19238
0.16007
0.14107
0.12045
0.10744
0.08378
0.07766
0.07403
0.04395
0.04439
0.05723
0.05032
0.03864
0.03822
0.04006
0.04819
0.07306
0.06805
0.06958
0.08256
0.07409
0.08372
0.07005
0.10035
0.07154
0.08237
0.07768
0.10768
0.12774
0.15037
0.12026
0.09761
0.12846
0.11438
0.11572
0.08957
0.12066
0.13532
0.15014
0.10117
0.12017
0.11373
0.09809
0.13230
0.12508
0.08000
0.08261
0.09233
0.07397
0.05693
0.05308
0.07336
0.09553
0.11417
0.05099
0.07155
0.08541
0.09427
0.08362
0.08223
0.06878
0.02887
0.02680
0.02053
0.01379
0.00000
0.04407
0.05641
0.08184
0.09088
0.12232
0.12636
0.14456
0.13707
0.13814
0.11949
0.09193
0.09318
0.07147
0.10629
0.12412
0.13989
0.15640
0.16080
0.14538
0.13840
0.16064
0.15634
0.14598
0.14782
0.10527
0.07863
0.05249
0.06090
0.06151
0.09242
0.04900
0.05741
0.05699
0.06690
0.04985
0.03338
0.04152
0.03772
0.01562
0.02644
0.04567
0.04419
0.03999
0.04599
0.04804
0.06259
0.07848
0.05858
0.04217
0.05202
0.03622
0.02935
0.02610
0.04503
0.03841
0.08546
0.07291
0.08822
0.05986
0.06387
0.06832
0.08013
0.11856
0.07110
0.08085
0.07818
0.08678
0.08746
0.10753
0.06408
0.07110
0.04825
0.03242
0.02861
0.01243
0.01243
0.00822
0.01923
0.00000
0.02246
0.05143
0.06415
0.06567
0.06670
0.11430
0.13391
0.12050
0.12656
0.11986
0.11507
0.14441
0.16173
0.12958
0.14359
0.14292
0.14622
0.12429
0.11532
0.08685
0.09752
0.11684
0.13820
0.10943
0.11594
0.12605
0.11858
0.11678
0.12738
0.13359
0.13421
0.11106
0.11549
0.09373
0.07694
0.07854
0.05803
0.08006
0.09318
0.07789
0.08097
0.05948
0.05472
0.03894
0.06240
0.07114
0.05891
0.08427
0.08016
0.08229
0.08883
0.10758
0.13500
0.16486
0.13297
0.13591
0.08376
0.10761
0.09229
0.13517
0.09199
0.06247
0.06600
0.05254
0.03303
0.02163
0.01120
0.00776
0.02531
0.00632
0.02966
0.03144
0.00479
0.00000
0.00659
0.03029
0.04876
0.08087
0.05844
0.06274
0.07652
0.06746
0.04250
0.01774
0.01251
0.00993
0.00281
0.00000
0.00718
0.03038
0.06002
0.05647
0.04717
0.03162
0.01572
0.02150
0.00178
0.01195
0.00159
0.00000
0.05210
0.05613
0.07942
0.09383
0.09457
0.06098
0.01078
0.01852
0.00000
0.00500
0.05437
0.05448
0.09040
0.10954
0.10334
0.10580
0.12733
0.10200
0.15189
0.14659
0.15619
0.13648
0.10479
0.09700
0.13356
0.08351
0.08352
0.06655
0.04427
0.00398
0.00517
0.04716
0.03065
0.02059
0.01457
0.05459
0.00124
0.00833
0.02196
0.00808
0.01248
0.02943
0.03447
0.03960
0.04972
0.03290
0.03290
0.03510
0.03345
0.07886
0.06750
0.04726
0.04895
0.03609
0.03438
0.00083
0.02639
0.04622
0.04210
0.04914
0.04323
0.04628
0.02501
0.03839
0.03915
0.06708
0.05628
0.04496
0.04075
0.04329
0.07732
0.09066
0.07302
0.09200
0.06573
0.05034
0.04860
0.05592
0.05824
0.09049
0.09183
0.09359
0.14013
0.13274
0.12084
0.11697
0.10034
0.14587
0.15897
0.16069
0.14884
0.16582
0.16574
0.16520
0.15864
0.15872
0.14166
0.18322
0.16217
0.12239
0.08877
0.05985
0.00000
0.03543
0.03533
0.06547
0.09107
0.09377
0.11127
0.11455
0.10164
0.10338
0.09599
0.09000
0.05424
0.05424
0.05881
0.03922
0.05330
0.05140
0.02732
0.01500
0.04044
0.02546
0.01250
0.06928
0.06317
0.07863
0.08624
0.10149
0.12671
0.08578
0.09240
0.03315
0.02354
0.04367
0.05431
0.02149
0.03258
0.03254
0.01783
0.05256
0.04165
0.02775
0.00825
0.01606
0.02278
0.01283
0.00442
0.01106
0.01370
0.04033
0.00000
0.02033
0.04913
0.06567
0.04675
0.06122
0.09857
0.12792
0.12353
0.10721
0.07835
0.05556
0.04172
0.08050
0.07675
0.06654
0.04902
0.07722
0.07567
0.09134
0.04293
0.06536
0.09261
0.14262
0.12377
0.10344
0.10400
0.11299
0.11544
0.07257
0.07219
0.06674
0.07728
0.10565
0.11042
0.03712
0.01372
0.00405
0.03548
0.03285
0.04653
0.06415
0.03924
0.03558
0.04287
0.02941
0.00000
0.03160
0.02344
0.01861
0.04865
0.02674
0.00282
0.05627
0.06588
0.05439
0.04959
0.04354
0.05772
0.06634
0.07838
0.08274
0.04350
0.02639
0.03323
0.00429
0.01296
0.01098
0.01575
0.01871
0.03092
0.06526
0.06697
0.03481
0.05798
0.06971
0.05225
0.07228
0.08826
0.05644
0.06066
0.05897
0.05485
0.06302
0.07682
0.08586
0.09916
0.06740
0.04470
0.02510
0.03256
0.02250
0.00537
0.00000
0.01476
0.02198
0.04706
0.01851
0.02878
0.03309
0.03854
0.03451
0.03083
0.05606
0.05799
0.04904
0.03247
0.04757
0.05377
0.05844
0.03895
0.05964
0.05292
0.06625
0.10061
0.07750
0.06597
0.10541
0.07227
0.09077
0.07292
0.09609
0.07734
0.06748
0.08029
0.07114
0.06543
0.07041
0.09998
0.11059
0.10562
0.15388
0.15204
0.13953
0.14060
0.08581
0.09786
0.09287
0.09102
0.08398
0.07537
0.08795
0.07478
0.07349
0.02411
0.00000
0.03295
0.01659
0.04751
0.06600
0.08844
0.07633
0.07553
0.08255
0.07765
0.04301
0.03117
0.00872
0.01000
0.01841
0.01032
0.00000
0.00822
0.06040
0.04444
0.00000
0.00000
0.01522
0.03555
0.02485
0.03187
0.03335
0.02550
0.03217
0.01379
0.00000
0.02353
0.00034
0.00117
0.02069
0.01689
0.04122
0.03959
0.03655
0.05896
0.07116
0.09583
0.12120
0.09729
0.08796
0.09407
0.11215
0.12303
0.11235
0.14391
0.08631
0.10557
0.09547
0.15183
0.16839
0.15636
0.14353
0.14699
0.12882
0.15512
0.13893
0.12408
0.13327
0.12672
0.09038
0.10480
0.09133
0.08244
0.09816
0.05508
0.06451
0.07788
0.12871
0.13532
0.13300
0.13580
0.11205
0.09828
0.11034
0.11614
0.10189
0.06668
0.08430
0.12406
0.11572
0.09244
0.10051
0.10101
0.11030
0.09593
0.11182
0.09587
0.10438
0.10481
0.10063
0.11064
0.11564
0.08463
0.10822
0.12263
0.12910
0.08472
0.10217
0.08793
0.06694
0.05553
0.07635
0.09237
0.09288
0.11175
0.09900
0.06839
0.07452
0.06479
0.06016
0.11173
0.12447
0.08565
0.04084
0.03790
0.03715
0.04785
0.06186
0.05538
0.03646
0.03392
0.04109
0.00000
0.01247
0.01656
0.00343
0.02983
0.00871
0.02183
0.02921
0.01778
0.05442
0.03358
0.03673
0.02544
0.01918
0.04451
0.03868
0.02701
0.08220
0.06050
0.06602
0.06000
0.05899
0.12859
0.12473
0.12397
0.07851
0.09036
0.06228
0.05842
0.03156
0.02709
0.03104
0.03269
0.06465
0.04571
0.06841
0.05764
0.07193
0.08764
0.08492
0.07737
0.07206
0.06685
0.07822
0.09054
0.09847
0.09561
0.08393
0.04330
0.05388
0.06151
0.05979
0.05765
0.05119
0.05466
0.03510
0.00510
0.00555
0.00437
0.00004
0.02413
0.03001
0.01378
0.01074
0.00000
0.00000
0.00000
0.02664
0.02726
0.06027
0.05295
0.04796
0.03521
0.06581
0.03546
0.03181
0.03452
0.05036
0.06527
0.05524
0.05813
0.05756
0.05236
0.04919
0.03504
0.04268
0.03274
0.06113
0.07817
0.07605
0.06080
0.05318
0.04288
0.04150
0.06360
0.09118
0.05290
0.03616
0.02022
0.03175
0.04390
0.07951
0.07150
0.07557
0.09437
0.09584
0.04804
0.04034
0.05157
0.04377
0.05239
0.08678
0.07938
0.09777
0.10483
0.08869
0.07177
0.06132
0.07636
0.09012
0.06794
0.06067
0.05497
0.12173
0.14493
0.11001
0.11068
0.08996
0.08073
0.09735
0.08067
0.09521
0.11231
0.15161
0.09477
0.11516
0.16252
0.17205
0.09389
0.08605
0.06605
0.02418
0.00860
0.01227
0.00622
0.00576
0.02119
0.00591
0.01940
0.01467
0.01871
0.00949
0.00469
0.00581
0.01894
0.03689
0.06584
0.08282
0.06246
0.07579
0.11268
0.07885
0.09933
0.07317
0.07197
0.05338
0.05285
0.04361
0.01898
0.00939
0.01581
0.02758
0.02831
0.01495
0.00960
0.08910
0.09069
0.08099
0.11824
0.08198
0.10455
0.11837
0.09738
0.09881
0.09751
0.10323
0.09417
0.09029
0.04467
0.06282
0.07439
0.09969
0.09676
0.08480
0.08427
0.08025
0.08616
0.06890
0.08337
0.09796
0.09210
0.09437
0.09672
0.07468
0.05471
0.09501
0.09692
0.09006
0.09761
0.07972
0.10264
0.09527
0.09320
0.07732
0.07804
0.05174
0.05150
0.03987
0.05442
0.04231
0.04471
0.04554
0.03311
0.05414
0.03660
0.01880
0.04062
0.03099
0.04187
0.05836
0.06383
0.07473
0.06621
0.09256
0.08718
0.06811
0.08012
0.06581
0.10682
0.07113
0.07763
0.07925
0.06204
0.04495
0.04048
0.04969
0.02131
0.02131
0.03503
0.06652
0.06795
0.03586
0.03115
0.03231
0.04292
0.04205
0.04620
0.02015
0.03620
0.06524
0.03425
0.01505
0.02683
0.04999
0.04236
0.05512
0.00933
0.01362
0.00000
0.00966
0.01123
0.05048
0.03517
0.00650
0.00774
0.04248
0.08507
0.09133
0.08795
0.12230
0.20337
0.21956
0.21162
0.19461
0.17137
0.18802
0.18723
0.19148
0.20978
0.18162
0.13943
0.11353
0.07866
0.09017
0.07066
0.03355
0.03808
0.05941
0.05169
0.05167
0.06823
0.03105
0.02690
0.04005
0.03205
0.00260
0.03142
0.04448
0.02046
0.02317
0.03956
0.03174
0.01929
0.00479
0.03431
0.05358
0.09298
0.07975
0.07661
0.13946
0.16234
0.09260
0.06731
0.09234
0.10525
0.13289
0.15374
0.14696
0.13873
0.13929
0.09879
0.09341
0.09891
0.09499
0.08450
0.06734
0.03141
0.00415
0.02279
0.01434
0.01338
0.00210
0.00474
0.00061
0.00369
0.00058
0.00567
0.03906
0.08689
0.09184
0.09818
0.09775
0.08828
0.11397
0.08178
0.07141
0.05780
0.05783
0.03921
0.04738
0.06417
0.05462
0.06029
0.03824
0.01716
0.01757
0.03547
0.04706
0.04671
0.04230
0.03786
0.01144
0.02373
0.00201
0.00401
0.01051
0.06295
0.07370
0.10678
0.11306
0.10109
0.03009
0.05368
0.09373
0.09476
0.04289
0.05780
0.10489
0.12434
0.10773
0.10177
0.09487
0.07959
0.04305
0.05888
0.04534
0.03559
0.02634
0.04253
0.05647
0.04019
0.08880
0.05769
0.04065
0.00000
0.03106
0.07161
0.07986
0.07001
0.08573
0.09278
0.02975
0.03586
0.04684
0.06600
0.04402
0.05871
0.01957
0.03350
0.03275
0.03666
0.03037
0.02182
0.01866
0.02273
0.01894
0.01181
0.01890
0.02988
0.03750
0.03734
0.03473
0.07447
0.08022
0.08483
0.07102
0.07467
0.05725
0.05063
0.02565
0.01893
0.02834
0.02841
0.04275
0.07063
0.06692
0.08766
0.07675
0.07273
0.10276
0.04167
0.06269
0.03068
0.02581
0.00279
0.03263
0.02501
0.01424
0.01655
0.00533
0.01335
0.00037
0.00981
0.02892
0.01037
0.01376
0.00002
0.00000
0.00000
0.00395
0.01097
0.04396
0.06491
0.04845
0.03618
0.01203
0.01616
0.06635
0.05194
0.05416
0.04590
0.04267
0.03630
0.02931
0.00000
0.01819
0.02471
0.02135
0.02065
0.03302
0.03166
0.00000
0.00970
0.00945
0.03630
0.05364
0.05715
0.03232
0.01207
0.03376
0.05769
0.02482
0.01816
0.00703
0.01469
0.02641
0.03821
0.06517
0.05440
0.07655
0.06123
0.01840
0.02000
0.02507
0.04502
0.05930
0.05425
0.06452
0.02230
0.02960
0.05711
0.05185
0.04224
0.04674
0.04929
0.04362
0.05559
0.05520
0.03295
0.03573
0.03143
0.04500
0.03646
0.03526
0.02188
0.04431
0.03509
0.06911
0.05424
0.07231
0.08317
0.10020
0.06742
0.05439
0.05776
0.07805
0.10201
0.11756
0.08300
0.10384
0.07579
0.08527
0.09506
0.09164
0.09965
0.08345
0.06389
0.00000
0.01905
0.04698
0.06656
0.06198
0.08947
0.07264
0.05064
0.05818
0.08389
0.06162
0.05999
0.02632
0.05178
0.04999
0.03934
0.02185
0.04905
0.07008
0.07821
0.07060
0.08867
0.07767
0.07029
0.07214
0.03437
0.04084
0.04193
0.05144
0.04648
0.04193
0.04195
0.03244
0.05787
0.02036
0.00810
0.00639
0.03051
0.06118
0.05920
0.06564
0.01695
0.06826
0.07219
0.06764
0.06177
0.03586
0.04467
0.03318
0.04099
0.08114
0.07806
0.06254
0.05889
0.05765
0.03345
0.00000
0.00000
0.03303
0.03089
0.01530
0.01595
0.03023
0.04724
0.02708
0.03600
0.02985
0.06330
0.04780
0.03046
0.02176
0.04914
0.04758
0.06691
0.03678
0.07467
0.04529
0.04671
0.04089
0.00722
0.00000
0.02194
0.01128
0.00332
0.00278
0.00282
0.01174
0.02177
0.03223
0.06863
0.08382
0.06146
0.07054
0.07616
0.03741
0.03410
0.03616
0.02016
0.02672
0.00992
0.01015
0.02587
0.02323
0.01718
0.01077
0.01584
0.03445
0.04618
0.05432
0.09486
0.08562
0.04120
0.06577
0.07022
0.08080
0.06062
0.08747
0.07441
0.07624
0.08113
0.06092
0.05076
0.03076
0.03289
0.06675
0.08322
0.08772
0.07304
0.06362
0.05769
0.02963
0.03735
0.07995
0.09000
0.11666
0.09089
0.09473
0.13259
0.13950
0.12779
0.11765
0.13028
0.11422
0.08295
0.07396
0.05993
0.06397
0.03163
0.02900
0.05880
0.06904
0.10347
0.12174
0.10190
0.11237
0.11479
0.11466
0.11038
0.11363
0.13478
0.13481
0.11658
0.13458
0.14569
0.11839
0.11534
0.11058
0.11706
0.11105
0.05224
0.02229
0.06915
0.07520
0.06720
0.09226
0.08617
0.08617
0.09735
0.08865
0.10655
0.12006
0.09489
0.09992
0.10664
0.08228
0.09402
0.07760
0.07974
0.04620
0.02760
0.03135
0.04464
0.02232
0.05611
0.04696
0.05056
0.05056
0.05930
0.06269
0.06544
0.09291
0.05860
0.05873
0.01266
0.00379
0.02856
0.01056
0.00783
0.00467
0.02165
0.01321
0.00000
0.00024
0.00000
0.02845
0.05821
0.05262
0.03946
0.04273
0.05408
0.04897
0.06117
0.06641
0.05201
0.06448
0.03273
0.03630
0.06022
0.04440
0.03289
0.07864
0.06112
0.08866
0.10093
0.09888
0.10433
0.10562
0.10690
0.13132
0.11493
0.11504
0.08078
0.07251
0.04673
0.10071
0.10298
0.04171
0.05118
0.03860
0.04336
0.06078
0.05186
0.08082
0.06901
0.06698
0.05771
0.06587
0.10878
0.10245
0.12347
0.10757
0.10751
0.10363
0.10504
0.13768
0.15809
0.16924
0.17731
0.20241
0.20356
0.17350
0.17710
0.20146
0.19868
0.16733
0.15912
0.17224
0.15146
0.16077
0.12823
0.15754
0.14888
0.11257
0.10256
0.08162
0.06916
0.03940
0.04077
0.08280
0.05703
0.09614
0.11875
0.12315
0.14692
0.12305
0.12839
0.12831
0.08419
0.06523
0.07096
0.05010
0.03971
0.02033
0.03375
0.03736
0.03357
0.01252
0.02969
0.02903
0.03073
0.02263
0.03144
0.02575
0.03349
0.05299
0.04771
0.03049
0.05251
0.06504
0.02950
0.03132
0.01577
0.00873
0.04602
0.04601
0.06281
0.00046
0.00729
0.00012
0.01725
0.00773
0.00391
0.01873
0.00716
0.02165
0.00190
0.03301
0.03314
0.06467
0.08660
0.08345
0.06054
0.06094
0.03854
0.06791
0.04515
0.03693
0.04823
0.08396
0.05071
0.04624
0.01874
0.02432
0.04984
0.07721
0.04213
0.02601
0.02210
0.00360
0.02385
0.02768
0.04845
0.12083
0.12893
0.13855
0.13855
0.14583
0.12838
0.14444
0.15844
0.16657
0.19299
0.19477
0.19731
0.18039
0.16447
0.15805
0.10427
0.10288
0.09397
0.07775
0.06302
0.06550
0.10213
0.11524
0.09209
0.11610
0.09737
0.08544
0.08569
0.06453
0.07280
0.07444
0.06176
0.05925
0.04022
0.04843
0.10520
0.11161
0.08951
0.10376
0.08745
0.10064
0.09354
0.11270
0.09882
0.09559
0.08700
0.07345
0.08814
0.10422
0.10050
0.09328
0.06066
0.05950
0.08089
0.04498
0.04314
0.04945
0.02558
0.03267
0.01695
0.03147
0.03311
0.00472
0.03066
0.02437
0.04357
0.07649
0.03175
0.03950
0.06485
0.03042
0.02987
0.03952
0.09058
0.06695
0.08831
0.06153
0.06174
0.03808
0.04108
0.01462
0.02030
0.03463
0.03199
0.04603
0.02113
0.03119
0.01537
0.02132
0.03928
0.03941
0.01695
0.00574
0.01711
0.03855
0.02248
0.00058
0.03458
0.03119
0.00748
0.01846
0.02352
0.03856
0.03921
0.02978
0.05330
0.07927
0.07517
0.06368
0.08423
0.08721
0.06029
0.08037
0.09664
0.11870
0.12732
0.13849
0.12883
0.09352
0.10977
0.09325
0.09232
0.09163
0.08983
0.07082
0.06673
0.07842
0.08609
0.08399
0.07413
0.09174
0.08057
0.07629
0.07253
0.07839
0.07467
0.04757
0.05216
0.05075
0.07689
0.06105
0.05334
0.06000
0.02222
0.03492
0.05686
0.03445
0.04082
0.03898
0.05788
0.05614
0.06924
0.03564
0.01564
0.00937
0.02691
0.03193
0.00934
0.04927
0.05205
0.05385
0.04406
0.04048
0.02221
0.01267
0.02763
0.03493
0.05403
0.02586
0.02317
0.00310
0.00000
0.03147
0.03859
0.04046
0.04096
0.03152
0.02159
0.03084
0.05453
0.06438
0.06171
0.06903
0.05705
0.06407
0.05769
0.03337
0.01129
0.00726
0.01428
0.00791
0.00810
0.01611
0.03584
0.02178
0.01121
0.01520
0.00013
0.01470
0.00952
0.02617
0.04024
0.05461
0.04170
0.05689
0.05596
0.06516
0.07309
0.06441
0.03386
0.02047
0.05074
0.06138
0.07840
0.06311
0.04389
0.05003
0.07026
0.03925
0.06735
0.06679
0.07671
0.09267
0.07139
0.07794
0.09130
0.09536
0.11153
0.10332
0.11246
0.11546
0.12603
0.14326
0.12734
0.15357
0.18761
0.17861
0.13018
0.14888
0.18625
0.17464
0.17379
0.16035
0.12939
0.13953
0.10903
0.17050
0.17291
0.18369
0.21247
0.21405
0.19959
0.19333
0.17456
0.12239
0.15012
0.15393
0.12941
0.10467
0.09798
0.08357
0.09745
0.06604
0.04078
0.03338
0.03761
0.04239
0.06715
0.04581
0.04108
0.00405
0.01981
0.09094
0.09906
0.11919
0.10149
0.10517
0.15445
0.12664
0.12177
0.10063
0.10635
0.09133
0.12509
0.10790
0.11356
0.10535
0.08116
0.08082
0.06499
0.08784
0.09286
0.11512
0.06977
0.04740
0.07124
0.05914
0.03065
0.02620
0.02277
0.00000
0.00358
0.03854
0.03814
0.05249
0.04629
0.05001
0.05001
0.04945
0.05277
0.09316
0.06466
0.07111
0.10021
0.10105
0.11439
0.16803
0.13026
0.11992
0.10498
0.06623
0.03837
0.02738
0.02791
0.06085
0.05042
0.01235
0.01683
0.01576
0.01576
0.01607
0.01756
0.03573
0.05565
0.04462
0.04635
0.05703
0.01369
0.04416
0.01744
0.02878
0.00658
0.01887
0.03734
0.02012
0.00845
0.01029
0.00000
0.01201
0.00000
0.03186
0.02072
0.01803
0.02512
0.03448
0.01526
0.01323
0.00000
0.01720
0.01596
0.04446
0.00870
0.00000
0.03834
0.03114
0.03168
0.06447
0.08110
0.11152
0.15357
0.16186
0.15665
0.15496
0.13796
0.14097
0.11203
0.12119
0.12144
0.11213
0.11679
0.10027
0.08101
0.11464
0.14738
0.10322
0.09882
0.08957
0.07301
0.07162
0.07543
0.05780
0.04573
0.01710
0.01046
0.01339
0.00087
0.08050
0.08759
0.07309
0.05580
0.05067
0.03608
0.03469
0.06135
0.09603
0.06458
0.05596
0.02108
0.02136
0.00165
0.00488
0.00760
0.00013
0.02441
0.03531
0.03544
0.05077
0.05364
0.04254
0.04890
0.05287
0.04995
0.03780
0.06634
0.05647
0.00003
0.00676
0.03279
0.08074
0.06315
0.07890
0.03949
0.06222
0.08625
0.05882
0.09535
0.10057
0.10375
0.17407
0.16225
0.19155
0.16296
0.16392
0.17030
0.13412
0.14948
0.15900
0.14619
0.10557
0.11298
0.13043
0.08087
0.12025
0.07866
0.07036
0.06327
0.06326
0.07102
0.10808
0.10445
0.09155
0.09219
0.11145
0.12407
0.10522
0.12706
0.13400
0.10555
0.13778
0.13103
0.14664
0.13097
0.10863
0.10441
0.09285
0.06495
0.06794
0.06205
0.06412
0.08838
0.10290
0.09416
0.09553
0.09553
0.10636
0.12037
0.11313
0.10657
0.10606
0.12254
0.06593
0.04614
0.06710
0.06986
0.06812
0.09465
0.09065
0.07822
0.05640
0.09010
0.05497
0.05513
0.06098
0.05570
0.04255
0.04634
0.02541
0.00578
0.00734
0.03347
0.01186
0.02826
0.02769
0.01016
0.02585
0.01745
0.00103
0.00089
0.00000
0.00113
0.01598
0.05504
0.05485
0.07726
0.08572
0.08378
0.06997
0.07288
0.06483
0.07978
0.08992
0.08857
0.06423
0.02243
0.06598
0.06398
0.05485
0.05062
0.07504
0.11047
0.11268
0.11736
0.12071
0.19111
0.18873
0.16540
0.18815
0.17489
0.15217
0.14721
0.12201
0.09935
0.10646
0.11858
0.11360
0.09643
0.10992
0.08476
0.06232
0.04122
0.04122
0.04122
0.01263
0.03840
0.03713
0.03851
0.02089
0.02089
0.02228
0.07595
0.08098
0.06254
0.06366
0.03266
0.05582
0.06585
0.09348
0.08673
0.07153
0.08937
0.09270
0.08719
0.12451
0.11901
0.08761
0.10751
0.14101
0.11720
0.09350
0.08494
0.05747
0.05069
0.01839
0.05104
0.05515
0.05247
0.04436
0.05463
0.07896
0.07379
0.04987
0.04367
0.02305
0.01239
0.00522
0.02315
0.03104
0.03324
0.01513
0.00000
0.01343
0.01809
0.02459
0.01440
0.03151
0.04209
0.03942
0.03356
0.01832
0.00790
0.01318
0.01349
0.02954
0.03346
0.05399
0.05605
0.08104
0.05877
0.05916
0.06324
0.02568
0.00415
0.03043
0.06274
0.10030
0.05402
0.03089
0.00957
0.01458
0.00597
0.02906
0.04495
0.08216
0.08833
0.04866
0.04958
0.05579
0.04416
0.03641
0.05694
0.06470
0.07370
0.07205
0.03704
0.05228
0.01706
0.02361
0.03844
0.03975
0.06190
0.05876
0.05652
0.07664
0.04796
0.04808
0.04258
0.06788
0.05258
0.05956
0.03229
0.01874
0.03858
0.02586
0.05835
0.07550
0.04730
0.05020
0.04213
0.02772
0.04100
0.03195
0.02683
0.05820
0.05803
0.04574
0.07029
0.05750
0.03172
0.00881
0.02835
0.00667
0.02296
0.01323
0.07407
0.05519
0.05052
0.02359
0.00863
0.00966
0.02723
0.01389
0.02749
0.04284
0.06072
0.06440
0.12816
0.13084
0.10978
0.09766
0.09635
0.09737
0.11636
0.11525
0.07719
0.08275
0.07965
0.10947
0.08840
0.10407
0.07414
0.06129
0.05648
0.07314
0.12535
0.10086
0.10171
0.12123
0.12221
0.10835
0.11783
0.14268
0.17037
0.17443
0.11066
0.09264
0.08407
0.08123
0.03981
0.05073
0.02761
0.02199
0.04992
0.07320
0.10992
0.11373
0.11093
0.12291
0.07868
0.12663
0.09398
0.07494
0.07176
0.05226
0.04457
0.08003
0.07737
0.10321
0.06561
0.04749
0.09139
0.07065
0.05710
0.04065
0.01191
0.00612
0.01432
0.01666
0.01160
0.01351
0.01402
0.02950
0.02653
0.04795
0.01836
0.06384
0.13145
0.11054
0.13258
0.13362
0.12622
0.11862
0.10332
0.04930
0.04400
0.05983
0.00530
0.01423
0.01604
0.06145
0.06488
0.06350
0.07389
0.07338
0.05027
0.05196
0.04544
0.05249
0.05930
0.03105
0.03384
0.01547
0.00798
0.06956
0.06220
0.07319
0.10598
0.09535
0.10127
0.09312
0.12237
0.10291
0.08949
0.08320
0.03984
0.04431
0.02712
0.03474
0.06527
0.05980
0.03030
0.00000
0.01582
0.03935
0.06380
0.03627
0.04487
0.00617
0.04371
0.02668
0.08467
0.07896
0.07874
0.07988
0.10041
0.10484
0.11469
0.08953
0.08972
0.12051
0.10427
0.04286
0.04216
0.04294
0.03951
0.01689
0.03978
0.01778
0.07052
0.06749
0.08178
0.06540
0.08038
0.08373
0.07937
0.07835
0.08192
0.08422
0.08521
0.09194
0.03808
0.03136
0.03631
0.04088
0.05203
0.03076
0.04606
0.05861
0.04445
0.07973
0.07143
0.10361
0.09204
0.06427
0.10277
0.09022
0.08644
0.10290
0.10920
0.10346
0.08854
0.07345
0.07344
0.06981
0.08470
0.08778
0.11262
0.09900
0.09222
0.09989
0.12227
0.13568
0.10942
0.12071
0.10083
0.08596
0.06461
0.05779
0.05704
0.04012
0.04338
0.05775
0.02417
0.08648
0.09037
0.07179
0.14409
0.12978
0.13260
0.10946
0.11202
0.08834
0.09015
0.07754
0.09326
0.05562
0.04668
0.04196
0.05264
0.07433
0.06149
0.07030
0.06809
0.04935
0.02555
0.03249
0.01820
0.00678
0.03615
0.06949
0.05188
0.04098
0.02209
0.02835
0.02414
0.05327
0.07137
0.05734
0.06910
0.07877
0.08134
0.07712
0.05530
0.06362
0.05496
0.04608
0.04771
0.02519
0.02519
0.00785
0.01129
0.00000
0.00147
0.06261
0.07227
0.07826
0.08794
0.09401
0.10204
0.03726
0.06214
0.08866
0.07932
0.03950
0.03797
0.04436
0.02363
0.01756
0.04597
0.05898
0.07820
0.06896
0.03213
0.00621
0.03914
0.04111
0.01512
0.02670
0.02425
0.02068
0.03390
0.06558
0.07080
0.06191
0.07676
0.04812
0.04737
0.05379
0.06092
0.04239
0.03561
0.01902
0.07774
0.09594
0.09642
0.11714
0.10370
0.09031
0.06864
0.06358
0.07103
0.09649
0.09814
0.08045
0.09535
0.09077
0.08124
0.07279
0.07190
0.08542
0.11237
0.11151
0.10756
0.09943
0.09481
0.10104
0.10629
0.05925
0.03706
0.05568
0.07528
0.04238
0.05511
0.03774
0.07014
0.08669
0.06682
0.07816
0.07135
0.06332
0.05590
0.04207
0.00161
0.00496
0.00000
0.00669
0.02129
0.04070
0.03727
0.03941
0.01289
0.02125
0.02058
0.05388
0.05407
0.02077
0.03054
0.03340
0.04304
0.07711
0.06718
0.06017
0.09016
0.04994
0.05699
0.06777
0.05118
0.02964
0.02274
0.02353
0.01785
0.02183
0.01723
0.01846
0.03355
0.03323
0.05753
0.06459
0.02128
0.03066
0.03811
0.08366
0.05988
0.07291
0.04589
0.08019
0.09270
0.11987
0.13214
0.12171
0.11722
0.13039
0.15760
0.15166
0.10711
0.10640
0.12365
0.11242
0.10744
0.08661
0.08746
0.07145
0.05509
0.06602
0.07372
0.07362
0.06887
0.04062
0.03084
0.02674
0.02680
0.02244
0.00302
0.01125
0.05334
0.06386
0.05032
0.03516
0.04388
0.02571
0.00000
0.03296
0.03889
0.06726
0.07882
0.06966
0.08687
0.06124
0.08431
0.07771
0.04976
0.05258
0.03259
0.01997
0.05456
0.04910
0.03390
0.06375
0.05079
0.03199
0.01076
0.02066
0.00690
0.01675
0.01149
0.00684
0.00946
0.00000
0.03295
0.04790
0.08775
0.10308
0.10669
0.08072
0.07778
0.08527
0.02838
0.00771
0.00000
0.01296
0.02774
0.01004
0.02424
0.00013
0.00000
0.00202
0.05394
0.09154
0.10939
0.05831
0.04259
0.04245
0.03762
0.04233
0.06885
0.05114
0.06166
0.07001
0.06532
0.02992
0.03269
0.05105
0.07028
0.08948
0.09332
0.13537
0.14398
0.11640
0.07759
0.05480
0.01590
0.03243
0.01713
0.00785
0.01225
0.00000
0.01008
0.00804
0.02554
0.04647
0.06098
0.07790
0.10707
0.10720
0.11543
0.07498
0.06601
0.03717
0.00815
0.02657
0.08070
0.11101
0.12563
0.08787
0.03449
0.01169
0.05442
0.05324
0.06959
0.08084
0.08050
0.07566
0.05992
0.04292
0.03483
0.02360
0.02310
0.00441
0.00605
0.00000
0.03273
0.00031
0.00454
0.04523
0.06904
0.07080
0.08922
0.08113
0.06945
0.06006
0.04344
0.05058
0.07013
0.06494
0.05937
0.05941
0.05469
0.06852
0.05093
0.08462
0.07755
0.06561
0.05804
0.08185
0.10186
0.09723
0.08961
0.11204
0.11438
0.12941
0.13476
0.13273
0.10036
0.11355
0.09167
0.06527
0.04895
0.04003
0.06060
0.11761
0.10188
0.16078
0.15043
0.14441
0.13496
0.14922
0.15638
0.15770
0.15082
0.15500
0.13333
0.13054
0.12173
0.14028
0.13293
0.13648
0.12512
0.11475
0.09710
0.06672
0.06718
0.07089
0.09041
0.06594
0.02377
0.02423
0.01977
0.01801
0.06488
0.05240
0.06586
0.03428
0.04048
0.01811
0.02909
0.04855
0.02611
0.01055
0.00063
0.00788
0.05287
0.05797
0.05821
0.04754
0.06419
0.04398
0.05532
0.03209
0.04482
0.04873
0.04331
0.04135
0.08452
0.06468
0.01501
0.01908
0.00408
0.00004
0.01477
0.03148
0.02402
0.02506
0.02679
0.04174
0.03737
0.03936
0.01795
0.04644
0.07971
0.05811
0.04836
0.03300
0.02829
0.02415
0.06010
0.04728
0.02272
0.03556
0.03786
0.03059
0.03373
0.01964
0.02036
0.03635
0.00517
0.00336
0.03380
0.02665
0.05528
0.08549
0.08772
0.12248
0.08889
0.08275
0.08874
0.04597
0.00843
0.00094
0.01376
0.01672
0.00000
0.05684
0.06101
0.11083
0.11178
0.10731
0.03884
0.05579
0.05639
0.02139
0.03709
0.04316
0.01264
0.01015
0.02099
0.01200
0.00681
0.01293
0.02034
0.03792
0.03361
0.00284
0.00459
0.00541
0.01263
0.00742
0.00940
0.01370
0.01340
0.06349
0.00461
0.04964
0.02974
0.02195
0.05621
0.05791
0.03930
0.05497
0.03267
0.01688
0.02906
0.01587
0.01080
0.02334
0.01492
0.06710
0.08632
0.05402
0.04104
0.05734
0.07974
0.06486
0.07117
0.04246
0.01787
0.02376
0.00000
0.00000
0.01026
0.00000
0.00763
0.00000
0.00000
0.01218
0.06133
0.05788
0.09131
0.14100
0.15510
0.06913
0.08165
0.08351
0.11507
0.13792
0.13734
0.15138
0.11664
0.09762
0.09038
0.08200
0.07183
0.09137
0.07283
0.07426
0.04585
0.04953
0.05507
0.02971
0.03345
0.00845
0.02405
0.00437
0.00831
0.00955
0.04514
0.09344
0.09644
0.10203
0.06082
0.09164
0.12813
0.11816
0.12088
0.08991
0.03192
0.03835
0.06740
0.04242
0.04182
0.02759
0.08090
0.10500
0.12547
0.14850
0.15061
0.14785
0.16001
0.14650
0.14313
0.12511
0.13651
0.13358
0.12579
0.06272
0.09025
0.08103
0.09210
0.07692
0.09796
0.11362
0.08405
0.09229
0.09034
0.11179
0.10918
0.09910
0.09108
0.11640
0.11398
0.07190
0.05652
0.08557
0.04277
0.05070
0.05667
0.02456
0.02605
0.02004
0.05072
0.05992
0.06503
0.03883
0.02817
0.00450
0.01585
0.03640
0.03150
0.01361
0.05829
0.03373
0.01506
0.02986
0.07568
0.08421
0.06054
0.03331
0.01695
0.04590
0.06142
0.04556
0.08306
0.05146
0.04949
0.06336
0.01837
0.02567
0.00000
0.03429
0.00000
0.01331
0.00519
0.01015
0.04298
0.03187
0.02600
0.02973
0.01883
0.01099
0.04540
0.08954
0.08264
0.01916
0.00719
0.06002
0.02406
0.02911
0.03221
0.02275
0.03538
0.04841
0.03551
0.05040
0.02641
0.02305
0.02240
0.03619
0.02680
0.02633
0.02803
0.02380
0.05924
0.04623
0.04894
0.05555
0.06602
0.05985
0.05291
0.05091
0.07236
0.06773
0.11847
0.10736
0.06412
0.05923
0.05188
0.02249
0.00739
0.02313
0.02721
0.05724
0.04329
0.03815
0.01760
0.03638
0.03948
0.02652
0.01520
0.04543
0.02372
0.02451
0.05098
0.02613
0.03336
0.03886
0.03389
0.04096
0.03339
0.04310
0.00806
0.00000
0.02275
0.04646
0.03684
0.04387
0.05512
0.08986
0.06934
0.10499
0.07662
0.07129
0.06953
0.03966
0.04054
0.04367
0.04365
0.03077
0.03711
0.05336
0.04071
0.04472
0.04860
0.03702
0.03602
0.01844
0.01912
0.00000
0.01973
0.01962
0.02786
0.02751
0.06147
0.04367
0.01239
0.00000
0.02912
0.04040
0.04868
0.05145
0.03928
0.04372
0.05790
0.04224
0.05256
0.03034
0.03634
0.05590
0.02702
0.02061
0.04448
0.01688
0.00115
0.03260
0.03867
0.07252
0.13302
0.12239
0.14353
0.16010
0.13730
0.13509
0.14426
0.12139
0.10471
0.10273
0.11830
0.14047
0.08421
0.03874
0.05138
0.05718
0.02210
0.04136
0.04005
0.04505
0.07543
0.08824
0.12860
0.13043
0.08400
0.09707
0.10812
0.09907
0.04952
0.03877
0.04627
0.04030
0.05811
0.01026
0.02017
0.00502
0.02597
0.05700
0.07299
0.07902
0.10304
0.11629
0.09321
0.09227
0.08366
0.09008
0.10836
0.16492
0.17298
0.19571
0.23249
0.24692
0.23356
0.22466
0.22820
0.18264
0.16198
0.16674
0.13219
0.12090
0.12811
0.09555
0.11275
0.12030
0.10445
0.13280
0.12226
0.13515
0.10017
0.09374
0.09782
0.08595
0.08197
0.07034
0.10306
0.09264
0.09229
0.06647
0.08156
0.07293
0.08443
0.12104
0.12536
0.12554
0.13072
0.12395
0.10720
0.09569
0.08622
0.07065
0.05924
0.03739
0.04576
0.03985
0.04080
0.04213
0.04098
0.06334
0.05815
0.03693
0.04438
0.03188
0.03781
0.02555
0.03438
0.01927
0.04020
0.05303
0.06106
0.08046
0.04608
0.06404
0.03766
0.06746
0.07960
0.05596
0.03700
0.03490
0.05410
0.09393
0.10185
0.09517
0.10809
0.12167
0.13212
0.14650
0.17683
0.21085
0.22773
0.23319
0.19523
0.22552
0.24185
0.24391
0.25044
0.26075
0.25458
0.22317
0.24340
0.22491
0.18100
0.15053
0.14564
0.14212
0.14159
0.10363
0.08392
0.09250
0.07106
0.08083
0.12085
0.10244
0.08787
0.09755
0.10483
0.14053
0.10647
0.08569
0.11601
0.07049
0.05989
0.04882
0.02335
0.02410
0.04174
0.04383
0.04807
0.03553
0.02455
0.01788
0.02126
0.03852
0.02875
0.03884
0.00943
0.02013
0.02275
0.03529
0.05115
0.04610
0.07570
0.05345
0.04934
0.05741
0.07317
0.05983
0.05997
0.07986
0.04494
0.03924
0.03372
0.01236
0.02984
0.03494
0.02205
0.07281
0.06852
0.10960
0.10268
0.07324
0.04875
0.04903
0.05270
0.04405
0.07828
0.05658
0.07140
0.08805
0.10628
0.11154
0.09193
0.11205
0.05033
0.03565
0.03967
0.07074
0.09532
0.11242
0.12734
0.12721
0.12213
0.14638
0.11366
0.10790
0.10432
0.12046
0.12618
0.12329
0.12868
0.15472
0.15473
0.14548
0.16416
0.13995
0.13998
0.12979
0.12645
0.07319
0.07357
0.07704
0.04454
0.03611
0.01497
0.05180
0.06371
0.01169
0.02960
0.02353
0.00241
0.02849
0.04865
0.04348
0.06174
0.05851
0.08418
0.09202
0.12804
0.10409
0.10479
0.12427
0.11320
0.10586
0.07452
0.08904
0.09674
0.10856
0.06627
0.08235
0.06131
0.07740
0.09782
0.05250
0.04953
0.06704
0.03509
0.03860
0.01935
0.02771
0.05364
0.06229
0.05947
0.10415
0.10930
0.13487
0.10154
0.09046
0.04869
0.04625
0.04852
0.02006
0.01131
0.01135
0.00760
0.02448
0.02500
0.05667
0.03434
0.04253
0.03993
0.03839
0.04704
0.08760
0.10013
0.10240
0.09164
0.09599
0.09319
0.09554
0.06645
0.05001
0.04196
0.03838
0.04617
0.08037
0.07368
0.06771
0.04736
0.05508
0.05807
0.09150
0.12302
0.13085
0.10028
0.10580
0.05556
0.05384
0.06755
0.07106
0.08062
0.05223
0.03036
0.05440
0.06859
0.06269
0.06349
0.10549
0.10712
0.11196
0.11642
0.12500
0.12518
0.13737
0.12325
0.14168
0.10876
0.12431
0.09027
0.09164
0.07891
0.09832
0.08716
0.06469
0.05949
0.02651
0.03701
0.01572
0.01868
0.02161
0.01154
0.02230
0.01290
0.02511
0.04230
0.01797
0.03771
0.05072
0.08837
0.07851
0.04660
0.05161
0.06078
0.08843
0.07391
0.08991
0.07679
0.07335
0.07449
0.07310
0.07850
0.09679
0.08395
0.06952
0.08386
0.07501
0.04207
0.05235
0.01551
0.00427
0.02134
0.03395
0.00682
0.03389
0.04170
0.05393
0.05964
0.07039
0.06496
0.03071
0.01871
0.00661
0.02007
0.02374
0.03911
0.02907
0.03888
0.05629
0.02117
0.01349
0.05313
0.03426
0.03810
0.03461
0.02379
0.06876
0.04910
0.05204
0.06789
0.06738
0.05990
0.08923
0.08205
0.08073
0.05719
0.05171
0.03368
0.04177
0.03991
0.04398
