0.00807
0.04194
0.04048
0.07040
0.03629
0.04963
0.04766
0.06931
0.06482
0.05160
0.05277
0.03905
0.05390
0.04253
0.06724
0.04266
0.06333
0.06246
0.03484
0.02216
0.03341
0.06732
0.07751
0.02157
0.02411
0.01616
0.00000
0.02662
0.02719
0.01582
0.03769
0.05765
0.06035
0.01941
0.04062
0.00471
0.02789
0.03819
0.02326
0.03441
0.01843
0.02737
0.03601
0.02382
0.03561
0.02853
0.02959
0.03943
0.03711
0.01348
0.02233
0.01463
0.02753
0.00449
0.01875
0.09024
0.03898
0.03793
0.06866
0.06998
0.02761
0.03376
0.04986
0.09332
0.11178
0.12174
0.06256
0.08393
0.09784
0.10218
0.05097
0.03799
0.03790
0.00915
0.01602
0.05650
0.04990
0.04086
0.04529
0.01465
0.02401
0.04449
0.03263
0.05717
0.05219
0.06266
0.06507
0.10298
0.13917
0.15100
0.11071
0.10283
0.10921
0.09543
0.05470
0.06832
0.07378
0.08497
0.11954
0.11905
0.09234
0.04964
0.03152
0.04393
0.01600
0.04669
0.06153
0.05420
0.05002
0.03775
0.02581
0.03879
0.05060
0.06908
0.11133
0.11512
0.13407
0.11244
0.11480
0.11277
0.09941
0.08616
0.16268
0.14441
0.15013
0.16192
0.14359
0.14941
0.12155
0.11046
0.06767
0.07190
0.05903
0.07405
0.03848
0.01765
0.03218
0.03571
0.03845
0.05246
0.06540
0.06029
0.07239
0.05428
0.06995
0.07899
0.09883
0.08726
0.03522
0.03122
0.04641
0.06141
0.02160
0.02492
0.02785
0.03411
0.05592
0.06713
0.04532
0.04508
0.05386
0.05641
0.05652
0.09007
0.07533
0.06281
0.05577
0.07262
0.09162
0.15608
0.16403
0.18572
0.20643
0.17652
0.16761
0.13434
0.14332
0.16533
0.13842
0.15029
0.16071
0.15112
0.13833
0.14017
0.11814
0.13050
0.09134
0.13609
0.10040
0.11547
0.09526
0.04826
0.06639
0.05924
0.03320
0.07481
0.09127
0.12119
0.08750
0.09761
0.10949
0.11001
0.09546
0.11337
0.10777
0.09456
0.10909
0.13604
0.13231
0.13673
0.14262
0.08774
0.07204
0.05529
0.07687
0.10055
0.08955
0.08984
0.09626
0.10581
0.05318
0.01643
0.07681
0.04459
0.04765
0.05998
0.05449
0.04130
0.02489
0.04267
0.04174
0.04388
0.03115
0.06367
0.06815
0.08331
0.12182
0.14519
0.14621
0.11261
0.11300
0.08453
0.07296
0.04523
0.02302
0.02535
0.01007
0.00000
0.03471
0.00755
0.00295
0.00000
0.01939
0.02657
0.06058
0.05777
0.07292
0.08123
0.01050
0.01276
0.02750
0.02502
0.03019
0.06070
0.05145
0.03649
0.03850
0.08230
0.05467
0.03568
0.05599
0.07300
0.07889
0.06082
0.04864
0.03729
0.02677
0.02343
0.02088
0.00286
0.00000
0.00579
0.01287
0.02390
0.04140
0.04478
0.02464
0.03269
0.04481
0.02020
0.04008
0.03328
0.03680
0.02827
0.00566
0.00000
0.01482
0.03669
0.02337
0.00332
0.03171
0.04365
0.05806
0.04032
0.02298
0.03133
0.08267
0.06886
0.04724
0.06124
0.05711
0.05715
0.08374
0.10384
0.10481
0.08803
0.08609
0.07599
0.08661
0.09544
0.09603
0.09102
0.06760
0.04575
0.06277
0.09520
0.15229
0.13142
0.13248
0.09133
0.10383
0.10858
0.09557
0.11604
0.09895
0.09173
0.07863
0.09141
0.06684
0.07067
0.07625
0.07061
0.05628
0.05010
0.01576
0.03026
0.04384
0.04032
0.02316
0.01136
0.00874
0.04729
0.05493
0.06107
0.03650
0.01596
0.00020
0.02051
0.05395
0.06208
0.06750
0.06736
0.05199
0.06571
0.01431
0.01911
0.01433
0.04225
0.01152
0.02322
0.03305
0.05245
0.06990
0.05275
0.06492
0.05910
0.05076
0.04631
0.03119
0.05866
0.07748
0.12210
0.08956
0.11948
0.11355
0.12147
0.08761
0.07843
0.06491
0.07176
0.08540
0.07315
0.06822
0.07325
0.11188
0.06797
0.05576
0.07991
0.11581
0.06181
0.03400
0.03482
0.03551
0.04490
0.07219
0.06575
0.07622
0.10029
0.12752
0.13861
0.13656
0.13703
0.12517
0.10495
0.09995
0.11030
0.17160
0.17796
0.17008
0.17123
0.15034
0.16505
0.16475
0.18071
0.20623
0.18294
0.18208
0.17676
0.17220
0.14138
0.12565
0.16021
0.13621
0.14109
0.15030
0.13658
0.17094
0.14714
0.12797
0.14997
0.14072
0.13469
0.08283
0.08540
0.09944
0.07183
0.05983
0.06842
0.05398
0.07032
0.05759
0.06134
0.06312
0.04968
0.05907
0.05914
0.07577
0.07769
0.04374
0.03868
0.03685
0.05304
0.04317
0.06478
0.05280
0.06405
0.05814
0.06550
0.05146
0.04154
0.00225
0.03673
0.03378
0.01269
0.00970
0.01345
0.01385
0.01255
0.02592
0.03810
0.04665
0.04155
0.07360
0.07680
0.09890
0.09290
0.06089
0.08889
0.08505
0.07256
0.05930
0.03432
0.04978
0.09103
0.03875
0.04354
0.03235
0.04814
0.07709
0.07859
0.06295
0.04265
0.07432
0.05519
0.06448
0.06695
0.10118
0.06796
0.07250
0.08125
0.07385
0.06831
0.08770
0.07314
0.05661
0.05661
0.04323
0.04158
0.04504
0.04135
0.05133
0.05804
0.07813
0.06954
0.02104
0.02894
0.05153
0.00018
0.00005
0.00972
0.03515
0.02680
0.03331
0.04887
0.05984
0.05868
0.05593
0.06477
0.07422
0.05888
0.05275
0.04394
0.06684
0.08034
0.10569
0.10336
0.13481
0.11131
0.10323
0.10420
0.11257
0.07693
0.03935
0.05204
0.10882
0.09727
0.07259
0.14524
0.15213
0.11380
0.06164
0.03682
0.00634
0.02299
0.05761
0.06426
0.06559
0.06785
0.06636
0.05275
0.09352
0.10198
0.09995
0.10060
0.09067
0.06275
0.07781
0.08623
0.06052
0.03009
0.02304
0.00692
0.01606
0.03949
0.03058
0.01173
0.00781
0.04179
0.04884
0.07729
0.08226
0.08846
0.09791
0.09721
0.08210
0.08236
0.10608
0.07274
0.04542
0.05754
0.05076
0.03848
0.08220
0.10738
0.12993
0.10642
0.07762
0.05543
0.06767
0.06005
0.04625
0.03643
0.03160
0.00000
0.01279
0.02377
0.01979
0.03902
0.00971
0.03849
0.03590
0.03642
0.03501
0.04259
0.03251
0.08324
0.05874
0.01714
0.02572
0.05735
0.06045
0.05996
0.03493
0.02702
0.06334
0.06205
0.06176
0.03954
0.06330
0.07387
0.03940
0.02018
0.00932
0.01222
0.00144
0.02639
0.04696
0.06620
0.04539
0.04862
0.08226
0.05478
0.05716
0.01055
0.00000
0.00564
0.00903
0.00000
0.02402
0.03655
0.03329
0.03146
0.00861
0.00655
0.05898
0.04543
0.01791
0.01586
0.00891
0.00460
0.03991
0.05922
0.09598
0.05740
0.05546
0.05789
0.06541
0.06835
0.02165
0.01074
0.01729
0.06512
0.06264
0.08204
0.07697
0.07514
0.06919
0.09906
0.02119
0.00000
0.00380
0.02708
0.03854
0.01470
0.02925
0.03482
0.04972
0.04512
0.01938
0.06331
0.05132
0.03899
0.05590
0.04310
0.03012
0.01892
0.01344
0.01485
0.02285
0.01514
0.04882
0.03791
0.05352
0.04833
0.05603
0.02994
0.01902
0.03399
0.04432
0.01054
0.01054
0.02306
0.00422
0.01789
0.02237
0.03475
0.04080
0.04448
0.05596
0.05248
0.02018
0.04153
0.03500
0.01260
0.01726
0.02749
0.03706
0.02687
0.04418
0.04413
0.06979
0.06359
0.09067
0.09518
0.09738
0.10645
0.10052
0.09564
0.06822
0.08588
0.09537
0.09368
0.11326
0.09477
0.06573
0.04351
0.05858
0.06105
0.06936
0.06844
0.08698
0.08768
0.09879
0.10694
0.10529
0.09147
0.10347
0.09032
0.07035
0.03511
0.03630
0.03864
0.07973
0.10220
0.11454
0.11539
0.11298
0.09582
0.05194
0.04803
0.02746
0.02941
0.04992
0.03998
0.04361
0.03077
0.03931
0.06088
0.06486
0.06785
0.05833
0.07410
0.05524
0.05235
0.03445
0.03592
0.04027
0.05700
0.04333
0.05024
0.04267
0.02385
0.03471
0.07696
0.05685
0.04834
0.04997
0.05067
0.02812
0.00918
0.00005
0.02389
0.04139
0.00709
0.04245
0.04411
0.02399
0.02057
0.01843
0.03025
0.03534
0.05367
0.06460
0.08945
0.09960
0.08040
0.08048
0.06773
0.04894
0.02369
0.01546
0.02520
0.00058
0.03624
0.02376
0.05698
0.05911
0.05592
0.04493
0.05431
0.05821
0.06621
0.04348
0.04636
0.06326
0.06424
0.03978
0.06914
0.02237
0.03621
0.03786
0.04589
0.02956
0.02127
0.04999
0.06369
0.08265
0.06196
0.02587
0.01565
0.03958
0.02961
0.04609
0.05883
0.06355
0.03893
0.07102
0.04658
0.04035
0.02389
0.02968
0.03498
0.03059
0.06405
0.08558
0.07603
0.07669
0.07534
0.08406
0.09752
0.11001
0.11560
0.13551
0.09095
0.07870
0.06412
0.10391
0.06693
0.04853
0.04053
0.07546
0.08152
0.09753
0.12693
0.11576
0.12388
0.13866
0.12429
0.15616
0.17367
0.15909
0.14063
0.13628
0.12955
0.10419
0.09256
0.10010
0.10790
0.15085
0.14481
0.12671
0.12763
0.13498
0.14247
0.13853
0.11765
0.07609
0.06672
0.03390
0.04694
0.03368
0.06256
0.09510
0.09602
0.09974
0.10789
0.08527
0.08748
0.06781
0.02844
0.02276
0.00381
0.04733
0.04759
0.02516
0.02468
0.02618
0.04356
0.02954
0.01578
0.01586
0.02154
0.02358
0.00778
0.00942
0.00051
0.03540
0.03206
0.02368
0.03073
0.02870
0.03572
0.04623
0.06050
0.06646
0.08718
0.12925
0.12834
0.11020
0.10999
0.13564
0.11302
0.08870
0.07130
0.08157
0.09900
0.12508
0.12406
0.11629
0.09808
0.09197
0.07968
0.10240
0.12279
0.09452
0.10475
0.11053
0.12346
0.07916
0.07375
0.08180
0.05856
0.04713
0.08411
0.13173
0.14362
0.13481
0.14270
0.14155
0.15635
0.13701
0.13403
0.15601
0.18886
0.17320
0.14967
0.12119
0.11634
0.10754
0.11379
0.11049
0.12262
0.10691
0.13437
0.13068
0.10186
0.12054
0.08611
0.07036
0.08776
0.09280
0.05558
0.07604
0.06754
0.07967
0.10700
0.15044
0.11625
0.09278
0.10465
0.08805
0.07235
0.07998
0.06200
0.05760
0.07108
0.06430
0.06878
0.05573
0.07043
0.05260
0.03184
0.02431
0.03579
0.02725
0.01987
0.03742
0.03584
0.02510
0.06476
0.08860
0.02202
0.04799
0.06732
0.06765
0.07829
0.07186
0.05797
0.02973
0.01403
0.01776
0.04804
0.08871
0.06582
0.06091
0.06714
0.05117
0.05549
0.10734
0.10693
0.09334
0.10735
0.13803
0.12208
0.13971
0.14045
0.09234
0.07206
0.10626
0.09109
0.10093
0.13892
0.11293
0.12703
0.14218
0.12248
0.09001
0.09327
0.08837
0.05785
0.02990
0.01919
0.00352
0.02785
0.02825
0.02941
0.03239
0.04340
0.03748
0.03089
0.02915
0.01029
0.00659
0.04558
0.06360
0.07680
0.12582
0.11197
0.09965
0.09527
0.10393
0.07131
0.04517
0.01568
0.00712
0.00000
0.04249
0.07882
0.06752
0.07312
0.06650
0.12611
0.12543
0.10659
0.09200
0.08467
0.11230
0.12711
0.11799
0.10174
0.11487
0.08570
0.10607
0.10727
0.09192
0.09036
0.07910
0.05802
0.02843
0.00000
0.01219
0.03964
0.03506
0.05931
0.03807
0.08116
0.11185
0.13068
0.13660
0.13848
0.13073
0.12968
0.14996
0.12784
0.13371
0.12157
0.12139
0.12640
0.12876
0.09700
0.11908
0.12535
0.11398
0.10440
0.11087
0.12797
0.13027
0.14200
0.10184
0.11845
0.17475
0.17062
0.15827
0.16063
0.16570
0.17812
0.17278
0.13779
0.14038
0.14087
0.13292
0.10316
0.09704
0.09942
0.13734
0.14802
0.17284
0.14745
0.17961
0.16899
0.18118
0.17463
0.17002
0.12148
0.13240
0.13238
0.11899
0.12779
0.09635
0.10279
0.07038
0.07760
0.07236
0.11345
0.11357
0.13516
0.10500
0.10497
0.08337
0.09143
0.06568
0.06836
0.03603
0.06089
0.10499
0.10036
0.10465
0.10721
0.12192
0.12385
0.08365
0.11322
0.12131
0.10824
0.08583
0.06147
0.05972
0.07702
0.07657
0.06095
0.09217
0.08958
0.10026
0.09268
0.08715
0.07782
0.09632
0.10623
0.11049
0.09829
0.03776
0.02899
0.00046
0.03830
0.07439
0.07791
0.06221
0.06663
0.07133
0.07151
0.06690
0.06565
0.07142
0.04502
0.02993
0.05849
0.05348
0.02808
0.02154
0.04214
0.04152
0.04183
0.05021
0.06480
0.06095
0.07606
0.09139
0.06788
0.09109
0.09254
0.09163
0.08786
0.07841
0.07501
0.08079
0.08652
0.08346
0.08448
0.07210
0.07703
0.06577
0.04302
0.04623
0.01892
0.07385
0.06361
0.00912
0.02721
0.02527
0.01780
0.04288
0.01884
0.02258
0.01925
0.00005
0.01306
0.02287
0.00061
0.00822
0.00000
0.00035
0.00000
0.00002
0.03617
0.02644
0.02729
0.03266
0.03061
0.03120
0.03552
0.04223
0.03260
0.04519
0.03674
0.02528
0.03903
0.04369
0.04369
0.04472
0.03139
0.02103
0.04625
0.05787
0.06018
0.03747
0.00781
0.02431
0.03747
0.01476
0.00069
0.01114
0.01180
0.01985
0.03546
0.04015
0.03519
0.02497
0.02971
0.01304
0.00537
0.00000
0.02031
0.03250
0.03152
0.03037
0.00020
0.00507
0.05282
0.05298
0.11971
0.15939
0.12234
0.10311
0.11302
0.11338
0.07268
0.04558
0.01736
0.01942
0.00160
0.01129
0.04337
0.04155
0.03188
0.03203
0.04224
0.06400
0.08623
0.07677
0.07031
0.05265
0.03374
0.00755
0.04674
0.01361
0.00701
0.01746
0.03487
0.03247
0.03797
0.03952
0.03488
0.04423
0.04124
0.04601
0.03407
0.02278
0.01577
0.01448
0.03902
0.06670
0.03617
0.02180
0.01172
0.00211
0.03803
0.01471
0.01284
0.02165
0.00582
0.01257
0.03722
0.03287
0.05265
0.02184
0.03773
0.06760
0.04933
0.03622
0.04187
0.05049
0.07974
0.05731
0.03579
0.05129
0.04659
0.04000
0.03330
0.06763
0.09194
0.13692
0.14958
0.15653
0.11025
0.10499
0.10867
0.12265
0.11417
0.12725
0.11536
0.08255
0.07617
0.08179
0.08422
0.04741
0.02876
0.04456
0.05366
0.05239
0.03757
0.02301
0.03894
0.05553
0.06548
0.07182
0.05394
0.02251
0.00445
0.02579
0.01754
0.01522
0.01940
0.01326
0.00903
0.02351
0.00451
0.00000
0.00082
0.01902
0.04425
0.07006
0.09838
0.10572
0.10366
0.05320
0.08375
0.08640
0.06414
0.02966
0.02898
0.00162
0.01885
0.03259
0.03453
0.03882
0.01318
0.01008
0.00840
0.04745
0.04865
0.04603
0.05883
0.05876
0.06335
0.09337
0.09381
0.04805
0.03864
0.05533
0.05461
0.04233
0.01980
0.05843
0.06079
0.03491
0.03970
0.01890
0.00921
0.00861
0.01271
0.03149
0.02907
0.05316
0.04261
0.03785
0.02616
0.03597
0.03941
0.02452
0.01856
0.01117
0.04253
0.04631
0.04521
0.11022
0.13682
0.12502
0.12533
0.12191
0.03863
0.07687
0.09601
0.07773
0.06358
0.06748
0.02438
0.00000
0.01171
0.02410
0.01534
0.02824
0.03759
0.04542
0.05881
0.01941
0.08720
0.09028
0.10308
0.13815
0.13692
0.16881
0.16989
0.17017
0.17526
0.16768
0.16349
0.18273
0.13067
0.12129
0.13955
0.11645
0.12002
0.11984
0.12291
0.11624
0.10938
0.09614
0.09763
0.06396
0.05511
0.04621
0.06269
0.04733
0.04541
0.04129
0.07920
0.12711
0.15251
0.15083
0.13882
0.09832
0.06225
0.05718
0.05490
0.09086
0.09920
0.06585
0.10179
0.09163
0.09155
0.05901
0.02419
0.01301
0.00698
0.01544
0.05289
0.05525
0.05525
0.04348
0.04681
0.05000
0.03505
0.02212
0.05541
0.02827
0.04501
0.02695
0.03226
0.06424
0.08715
0.11359
0.12361
0.10060
0.10950
0.09782
0.06755
0.08962
0.10072
0.11329
0.10595
0.07684
0.07110
0.10858
0.11476
0.09325
0.14839
0.20734
0.17997
0.12657
0.12157
0.14025
0.11964
0.09560
0.11739
0.08063
0.04719
0.04057
0.06017
0.03913
0.05601
0.07279
0.08949
0.07767
0.06326
0.06345
0.07300
0.07755
0.05505
0.06543
0.04788
0.02684
0.04455
0.04829
0.00647
0.00000
0.01951
0.00589
0.04282
0.06646
0.06005
0.06754
0.07526
0.06223
0.05066
0.05593
0.03975
0.04476
0.07985
0.08538
0.06170
0.06588
0.06981
0.07925
0.08324
0.08829
0.13782
0.15730
0.18048
0.19748
0.16978
0.15125
0.11201
0.12842
0.11037
0.09880
0.11469
0.09974
0.10321
0.12687
0.11320
0.12029
0.11862
0.16687
0.16031
0.16807
0.17259
0.19659
0.18077
0.19192
0.19925
0.19537
0.20455
0.17258
0.12407
0.11492
0.09114
0.06226
0.05360
0.06153
0.06480
0.06905
0.06389
0.05513
0.04792
0.09557
0.05113
0.04546
0.02727
0.04208
0.03330
0.03212
0.07179
0.03970
0.03967
0.05940
0.03806
0.04882
0.04820
0.05364
0.00933
0.00369
0.03757
0.02496
0.02138
0.02349
0.00844
0.00820
0.01100
0.00759
0.04709
0.09027
0.05799
0.07455
0.06510
0.06352
0.05155
0.02784
0.05365
0.02073
0.04885
0.03539
0.03817
0.06928
0.03790
0.04163
0.00693
0.01423
0.05352
0.07700
0.03542
0.04195
0.05213
0.06729
0.05047
0.03012
0.02472
0.03792
0.03729
0.04806
0.06182
0.09143
0.08450
0.08050
0.07171
0.07049
0.06254
0.06022
0.07619
0.09105
0.11961
0.09591
0.08728
0.11210
0.12424
0.16103
0.18511
0.21769
0.24216
0.20634
0.19167
0.14888
0.16603
0.16392
0.16107
0.17372
0.15935
0.13121
0.12937
0.11686
0.11013
0.11112
0.10692
0.11208
0.10094
0.08465
0.12544
0.10228
0.09413
0.07306
0.10085
0.11221
0.11678
0.12742
0.14058
0.12340
0.10524
0.09858
0.08734
0.04007
0.03224
0.05482
0.03453
0.00000
0.02329
0.02499
0.04375
0.03607
0.01746
0.05066
0.03359
0.02263
0.01760
0.00918
0.02652
0.02845
0.00885
0.00000
0.03937
0.06144
0.06310
0.03717
0.03934
0.06666
0.09546
0.12567
0.12205
0.12602
0.13625
0.14713
0.10509
0.14299
0.13787
0.08421
0.09988
0.09651
0.07033
0.05820
0.07450
0.04664
0.03636
0.02601
0.02105
0.03383
0.03557
0.00000
0.02379
0.03705
0.02981
0.02834
0.00158
0.03799
0.04306
0.04497
0.01574
0.05772
0.04852
0.05703
0.05536
0.03938
0.00450
0.00794
0.01026
0.00045
0.01848
0.03274
0.09439
0.08466
0.07531
0.05363
0.03607
0.08483
0.08974
0.09885
0.11298
0.14106
0.13078
0.16396
0.14821
0.15696
0.15181
0.17552
0.19027
0.15074
0.14568
0.13172
0.10198
0.08621
0.07858
0.09430
0.09207
0.07494
0.06679
0.07511
0.07023
0.05264
0.02125
0.00305
0.02146
0.02818
0.05637
0.09007
0.08945
0.08513
0.14997
0.11856
0.10672
0.09519
0.07892
0.05377
0.08431
0.06734
0.04075
0.01934
0.05849
0.06723
0.08755
0.08550
0.09690
0.11657
0.14834
0.15300
0.09161
0.08645
0.11897
0.08564
0.05821
0.07892
0.05403
0.06411
0.11811
0.07249
0.07648
0.11455
0.08799
0.07871
0.09636
0.09176
0.10751
0.08438
0.06951
0.07343
0.09343
0.10277
0.08983
0.11346
0.10248
0.10265
0.09384
0.09197
0.07086
0.02566
0.03619
0.00406
0.03108
0.05616
0.06410
0.07036
0.06472
0.05728
0.04423
0.03290
0.00924
0.01936
0.06050
0.07277
0.09352
0.13674
0.13422
0.13559
0.09711
0.06336
0.07379
0.07700
0.09360
0.10414
0.09627
0.09035
0.08935
0.01225
0.03547
0.01824
0.06401
0.03395
0.03216
0.05081
0.07823
0.08563
0.10417
0.08894
0.08812
0.09078
0.03861
0.02871
0.02147
0.01019
0.00405
0.00857
0.00000
0.00154
0.00000
0.00000
0.06088
0.03508
0.04182
0.03094
0.03698
0.05181
0.02260
0.00473
0.05286
0.05514
0.12161
0.12166
0.10893
0.10487
0.10232
0.08935
0.01793
0.01189
0.03119
0.02342
0.01948
0.00915
0.02601
0.01454
0.00970
0.00917
0.01504
0.02747
0.02989
0.03590
0.04112
0.04656
0.03317
0.01948
0.00476
0.01313
0.00496
0.00684
0.01009
0.02134
0.05174
0.08512
0.04247
0.05600
0.05864
0.06551
0.05451
0.07240
0.08245
0.07693
0.13981
0.14674
0.13820
0.09369
0.08346
0.07965
0.04146
0.02261
0.04841
0.06134
0.04923
0.00225
0.03193
0.02790
0.03925
0.04333
0.04910
0.03701
0.04394
0.04222
0.06706
0.05740
0.03794
0.03756
0.02333
0.03629
0.05097
0.06410
0.04215
0.03396
0.03784
0.03072
0.05243
0.06062
0.05092
0.05820
0.08359
0.06862
0.03830
0.03339
0.02773
0.04201
0.02110
0.02914
0.04259
0.04411
0.05841
0.05736
0.06004
0.07138
0.05738
0.07207
0.06621
0.08967
0.10897
0.13947
0.11987
0.12442
0.10338
0.14563
0.12922
0.09581
0.03762
0.02773
0.05631
0.06379
0.03286
0.04094
0.02207
0.03297
0.03045
0.04653
0.05582
0.06910
0.04679
0.03562
0.05464
0.03981
0.05929
0.06973
0.00426
0.04587
0.07959
0.07231
0.08384
0.07296
0.08253
0.08451
0.09662
0.06971
0.11998
0.10229
0.08388
0.10784
0.07738
0.06685
0.05631
0.03359
0.03013
0.01486
0.02041
0.03972
0.05213
0.02807
0.03209
0.04268
0.07215
0.07369
0.10591
0.10532
0.11990
0.14468
0.15323
0.19250
0.17815
0.17097
0.16900
0.17477
0.21140
0.20425
0.19568
0.16439
0.15696
0.16952
0.18277
0.14422
0.15607
0.13046
0.14212
0.14562
0.18158
0.19371
0.21139
0.18397
0.17813
0.17879
0.18589
0.18032
0.19346
0.18661
0.16645
0.14510
0.12571
0.14152
0.12282
0.10466
0.08878
0.06794
0.06721
0.12669
0.15190
0.16321
0.17307
0.14042
0.13538
0.13001
0.11292
0.10369
0.08604
0.06165
0.04871
0.02602
0.00683
0.00337
0.03461
0.05097
0.01876
0.03860
0.03347
0.04625
0.06361
0.06610
0.05961
0.05739
0.04589
0.03442
0.04683
0.03921
0.05476
0.06559
0.06747
0.06525
0.02913
0.02512
0.02390
0.01177
0.04028
0.03064
0.01418
0.01452
0.00232
0.00280
0.00320
0.00247
0.00273
0.02109
0.04051
0.05406
0.04701
0.06278
0.06246
0.06997
0.07568
0.08408
0.08349
0.08246
0.07011
0.05744
0.05690
0.02064
0.01018
0.06372
0.06288
0.06883
0.04523
0.06442
0.03241
0.01508
0.01645
0.00969
0.04040
0.03912
0.03636
0.04058
0.04509
0.04254
0.02346
0.07364
0.07469
0.08938
0.06780
0.06217
0.04260
0.04406
0.03648
0.04339
0.06489
0.04368
0.05745
0.06033
0.07828
0.04337
0.02340
0.04842
0.04467
0.05361
0.05324
0.04321
0.04006
0.05637
0.06114
0.05330
0.07404
0.10017
0.10237
0.11439
0.11749
0.11435
0.09940
0.08485
0.10506
0.11452
0.06813
0.04975
0.06767
0.04872
0.04677
0.03764
0.02174
0.04552
0.04933
0.07634
0.08174
0.04451
0.06015
0.06103
0.07999
0.10256
0.08394
0.07191
0.08213
0.06441
0.11486
0.07065
0.07772
0.03701
0.06871
0.08933
0.07633
0.06520
0.07470
0.04790
0.06270
0.04215
0.05514
0.05660
0.06408
0.05657
0.04582
0.08117
0.04645
0.05960
0.02037
0.03257
0.03526
0.07356
0.07889
0.03099
0.04632
0.03450
0.04280
0.04244
0.01770
0.02911
0.03843
0.00000
0.00404
0.01058
0.03887
0.03245
0.03082
0.05219
0.06519
0.09395
0.07895
0.07908
0.07086
0.06010
0.07158
0.07307
0.08813
0.07303
0.05729
0.05842
0.04040
0.03193
0.00133
0.00000
0.03758
0.03518
0.03330
0.02862
0.02721
0.04022
0.02832
0.02119
0.00836
0.01445
0.00703
0.03946
0.05423
0.05475
0.07751
0.05733
0.08317
0.07312
0.08237
0.08449
0.08801
0.09478
0.10120
0.10123
0.09782
0.07747
0.00150
0.01747
0.01003
0.00173
0.00994
0.01410
0.02501
0.03565
0.09058
0.05709
0.06766
0.08991
0.10507
0.11995
0.08354
0.03733
0.01356
0.00864
0.03327
0.05444
0.09580
0.09263
0.10591
0.09591
0.08453
0.02323
0.01386
0.04880
0.03125
0.04891
0.06489
0.03056
0.01642
0.01364
0.04449
0.07938
0.05830
0.05603
0.04081
0.10190
0.06438
0.04180
0.04144
0.06502
0.11887
0.10509
0.11606
0.12488
0.13058
0.12282
0.13632
0.13464
0.17896
0.16202
0.19101
0.19561
0.17016
0.15481
0.16901
0.16510
0.14046
0.15585
0.13371
0.11849
0.09897
0.09325
0.09159
0.08367
0.06643
0.04555
0.02667
0.04461
0.05379
0.05500
0.09826
0.11429
0.09937
0.09770
0.13021
0.12913
0.11766
0.12169
0.10120
0.05171
0.06928
0.04297
0.08117
0.10117
0.11355
0.12301
0.12064
0.09515
0.07671
0.07963
0.05048
0.09325
0.10437
0.09030
0.12370
0.13382
0.10636
0.11607
0.12413
0.13328
0.17515
0.17584
0.13238
0.15316
0.13556
0.16630
0.15344
0.16990
0.14229
0.12407
0.11611
0.08910
0.05997
0.05458
0.02983
0.01091
0.02121
0.03446
0.02190
0.05515
0.01670
0.03516
0.02701
0.00126
0.00000
0.03236
0.03116
0.02864
0.04190
0.02126
0.01737
0.01578
0.04342
0.04774
0.07028
0.08949
0.08420
0.04698
0.03618
0.05751
0.04944
0.04944
0.04001
0.03924
0.03352
0.05231
0.06797
0.03744
0.00879
0.04847
0.05081
0.05528
0.05508
0.04032
0.06700
0.05457
0.03572
0.05353
0.05085
0.05085
0.00000
0.01290
0.00000
0.02177
0.04467
0.04473
0.00937
0.05103
0.02242
0.02568
0.01818
0.03958
0.03306
0.05405
0.10896
0.14383
0.14296
0.10646
0.08153
0.05706
0.03798
0.01016
0.02190
0.02420
0.05690
0.05642
0.04253
0.07773
0.08785
0.06158
0.04510
0.05913
0.07557
0.10821
0.11044
0.11573
0.11413
0.08594
0.10354
0.10964
0.06372
0.06455
0.04001
0.02608
0.04066
0.04479
0.07753
0.11227
0.08106
0.07301
0.08006
0.10036
0.07916
0.03840
0.02142
0.00285
0.01994
0.04231
0.06087
0.05228
0.04685
0.03683
0.01872
0.01895
0.05043
0.05552
0.06043
0.07726
0.06458
0.06089
0.08216
0.09615
0.07157
0.06033
0.09189
0.06341
0.02621
0.03124
0.07573
0.05751
0.08356
0.09486
0.11714
0.14015
0.13313
0.11503
0.08889
0.07006
0.06618
0.06893
0.06840
0.11046
0.11570
0.10564
0.07382
0.10464
0.05720
0.05583
0.04537
0.05975
0.01474
0.03057
0.00388
0.03603
0.03767
0.06084
0.03387
0.06193
0.06227
0.06979
0.05272
0.04686
0.06571
0.06711
0.07540
0.03892
0.05097
0.04061
0.02119
0.02512
0.01776
0.03163
0.05196
0.04988
0.06815
0.06367
0.06139
0.03202
0.03023
0.09251
0.08060
0.06338
0.05374
0.04324
0.03270
0.03581
0.02503
0.02650
0.01924
0.00066
0.01648
0.03208
0.02923
0.04302
0.05829
0.10469
0.12290
0.14261
0.13517
0.09275
0.07059
0.08678
0.08361
0.06923
0.05945
0.06822
0.06305
0.09109
0.07592
0.05624
0.06914
0.06914
0.06720
0.06946
0.02301
0.00425
0.01487
0.00000
0.01865
0.04080
0.07195
0.04108
0.06887
0.07295
0.07058
0.04864
0.05931
0.06060
0.06786
0.07820
0.07743
0.08703
0.08877
0.05286
0.06857
0.12109
0.10142
0.10148
0.05843
0.04993
0.04390
0.06395
0.07494
0.05219
0.03158
0.02292
0.03466
0.07324
0.05234
0.04913
0.01426
0.01396
0.00774
0.02341
0.03405
0.08756
0.05604
0.04144
0.00000
0.01155
0.01155
0.03464
0.04165
0.03432
0.06131
0.06102
0.06714
0.08604
0.09173
0.07345
0.04676
0.02806
0.01188
0.02589
0.05474
0.05824
0.07981
0.04913
0.07359
0.06896
0.05150
0.05921
0.03328
0.01480
0.02054
0.01826
0.00297
0.00997
0.02636
0.01709
0.03941
0.03265
0.00476
0.03166
0.05490
0.04929
0.04885
0.02442
0.02321
0.04231
0.05008
0.03869
0.02742
0.04339
0.05123
0.06696
0.03788
0.03356
0.02330
0.00859
0.05680
0.05191
0.05402
0.02924
0.00197
0.00000
0.00752
0.00756
0.01759
0.07132
0.07008
0.06821
0.07407
0.05047
0.07882
0.09567
0.10534
0.10608
0.14062
0.13445
0.12777
0.12578
0.07617
0.07358
0.04615
0.06845
0.06563
0.02124
0.01520
0.01206
0.01825
0.04484
0.04938
0.06067
0.07818
0.10644
0.06915
0.06056
0.06618
0.07066
0.06196
0.06761
0.07800
0.07371
0.10135
0.09590
0.09290
0.12349
0.10780
0.06649
0.06040
0.12220
0.13026
0.13994
0.13900
0.10468
0.05382
0.07035
0.02781
0.00862
0.04018
0.06753
0.04928
0.05831
0.04229
0.04273
0.02294
0.03828
0.03861
0.07737
0.05654
0.02040
0.03816
0.02849
0.01059
0.00568
0.00018
0.00914
0.01286
0.00000
0.00000
0.02446
0.00000
0.02224
0.03494
0.04336
0.03716
0.07149
0.07381
0.06664
0.03697
0.06923
0.05903
0.05245
0.00394
0.02106
0.03313
0.02606
0.02006
0.06715
0.06856
0.04088
0.06061
0.02028
0.02777
0.03340
0.03661
0.02493
0.03151
0.03892
0.02005
0.03471
0.03547
0.03336
0.01749
0.03271
0.04047
0.00760
0.01095
0.01063
0.04053
0.02434
0.00695
0.00000
0.02832
0.06146
0.05282
0.05223
0.06250
0.05792
0.11078
0.07036
0.09719
0.07502
0.08560
0.08830
0.10017
0.10322
0.07673
0.03171
0.04974
0.05056
0.03326
0.02339
0.00195
0.02075
0.00000
0.01253
0.00658
0.01325
0.04776
0.02464
0.00766
0.02718
0.03670
0.02278
0.06099
0.06829
0.05109
0.01879
0.03613
0.02372
0.04795
0.04398
0.03129
0.00000
0.00888
0.00777
0.01246
0.02802
0.03405
0.06662
0.02762
0.02576
0.00507
0.01895
0.04669
0.05217
0.02692
0.05908
0.09551
0.08525
0.06427
0.05571
0.06552
0.06708
0.10666
0.13358
0.08254
0.05635
0.03592
0.02313
0.05683
0.06207
0.09063
0.06412
0.07278
0.06954
0.06054
0.03710
0.08913
0.09797
0.07145
0.06422
0.09252
0.07343
0.07300
0.06806
0.08819
0.10677
0.08471
0.02000
0.04259
0.03560
0.00727
0.00000
0.01445
0.04806
0.06137
0.06409
0.04086
0.03109
0.02909
0.08563
0.07356
0.06304
0.05082
0.02270
0.00010
0.02443
0.02735
0.04917
0.04499
0.03710
0.03243
0.02495
0.02934
0.03173
0.00005
0.00691
0.01568
0.03825
0.02096
0.05379
0.04065
0.02070
0.03151
0.00864
0.00416
0.00000
0.01235
0.02184
0.00970
0.01770
0.03173
0.02061
0.01960
0.02901
0.05144
0.03983
0.05900
0.02317
0.00689
0.01616
0.00500
0.02937
0.03420
0.02783
0.03625
0.02435
0.02807
0.04088
0.04674
0.02632
0.03311
0.00229
0.02610
0.01150
0.02717
0.03925
0.05496
0.05595
0.04644
0.02329
0.02869
0.01900
0.01622
0.01192
0.01315
0.05982
0.04384
0.06596
0.09922
0.14667
0.13993
0.10846
0.14787
0.11769
0.15508
0.09362
0.11285
0.11066
0.10988
0.13110
0.08874
0.10040
0.11332
0.10442
0.12721
0.16861
0.12439
0.12987
0.10369
0.08218
0.07178
0.05226
0.05063
0.08666
0.11042
0.09865
0.09953
0.07162
0.05863
0.06193
0.06945
0.07134
0.06449
0.12184
0.07778
0.11182
0.09003
0.10530
0.09031
0.07906
0.07803
0.03989
0.02846
0.01091
0.00482
0.03344
0.05604
0.07523
0.04025
0.04829
0.04829
0.05543
0.05983
0.03944
0.04660
0.06887
0.04238
0.08522
0.06576
0.05175
0.09039
0.08651
0.07039
0.05205
0.07058
0.06075
0.04071
0.04653
0.04466
0.04927
0.04695
0.05750
0.03676
0.00000
0.01316
0.00575
0.01318
0.03186
0.01641
0.05072
0.01566
0.03988
0.02087
0.02315
0.07460
0.06717
0.10549
0.11459
0.10362
0.10020
0.12169
0.11068
0.06356
0.03222
0.01729
0.01974
0.02195
0.04970
0.06027
0.07600
0.05535
0.05153
0.07126
0.08375
0.09638
0.06745
0.06728
0.06589
0.08052
0.09101
0.08847
0.08610
0.02498
0.03699
0.02265
0.02364
0.01549
0.02590
0.03441
0.08547
0.07093
0.07928
0.06613
0.06856
0.03893
0.04346
0.04556
0.04197
0.09092
0.11241
0.10265
0.09831
0.06501
0.03795
0.04493
0.05692
0.07501
0.08597
0.06186
0.07236
0.09603
0.08464
0.07476
0.04738
0.01618
0.01786
0.02934
0.03619
0.05802
0.06584
0.04707
0.08122
0.08930
0.07327
0.09945
0.14165
0.11256
0.11546
0.06835
0.06849
0.01966
0.00761
0.01406
0.02076
0.04452
0.06985
0.03278
0.01847
0.08233
0.05559
0.03715
0.02372
0.02720
0.07357
0.05066
0.04653
0.02593
0.05069
0.07791
0.06608
0.03322
0.02679
0.05526
0.04651
0.07310
0.07705
0.07029
0.09058
0.09949
0.07738
0.04608
0.04960
0.02980
0.03905
0.04122
0.00000
0.00609
0.01416
0.04815
0.06027
0.06737
0.07085
0.04745
0.05528
0.07328
0.08011
0.05650
0.05526
0.09668
0.12986
0.10050
0.11973
0.11312
0.08643
0.07800
0.10160
0.08466
0.01526
0.04187
0.03640
0.04296
0.04981
0.06055
0.05341
0.05401
0.03516
0.07245
0.08239
0.09391
0.11619
0.12584
0.14761
0.11752
0.11632
0.09014
0.08617
0.07738
0.04633
0.07049
0.08177
0.05383
0.04097
0.06285
0.04897
0.03970
0.03006
0.03279
0.07719
0.07809
0.05096
0.05677
0.06247
0.07931
0.07727
0.07054
0.06742
0.05886
0.10832
0.09449
0.14053
0.12249
0.13592
0.12902
0.10567
0.06080
0.02573
0.05370
0.03654
0.04468
0.06428
0.03156
0.05731
0.06933
0.08932
0.09238
0.11476
0.11889
0.11562
0.13461
0.15626
0.10177
0.09368
0.06215
0.08041
0.02305
0.02038
0.00836
0.01290
0.00712
0.00585
0.00078
0.00531
0.01275
0.01439
0.00721
0.03463
0.04885
0.03882
0.03587
0.00000
0.01931
0.03665
0.04640
0.07828
0.07979
0.06439
0.07569
0.10324
0.12146
0.14219
0.08773
0.08521
0.09244
0.10834
0.08078
0.07135
0.09194
0.13912
0.15915
0.16842
0.13052
0.14217
0.17789
0.14621
0.16036
0.16545
0.14914
0.11439
0.07859
0.03633
0.09925
0.11509
0.07295
0.09935
0.09545
0.10088
0.09737
0.08710
0.08346
0.05919
0.08126
0.09850
0.07388
0.03387
0.00962
0.02052
0.02261
0.03092
0.04282
0.06454
0.07936
0.10086
0.06921
0.06269
0.07049
0.02730
0.02311
0.02767
0.01219
0.00000
0.00766
0.00872
0.03195
0.00000
0.02099
0.02840
0.01764
0.04142
0.05604
0.04347
0.05994
0.05371
0.05235
0.07241
0.04515
0.07229
0.05080
0.04056
0.05281
0.05414
0.06889
0.09430
0.10863
0.08707
0.07617
0.09659
0.09058
0.10481
0.12401
0.11448
0.10406
0.10001
0.10608
0.09530
0.07416
0.08821
0.09883
0.06140
0.07817
0.06492
0.12056
0.12222
0.10379
0.13470
0.14500
0.18082
0.20804
0.17991
0.17019
0.14633
0.15470
0.11957
0.10264
0.14052
0.18763
0.12712
0.12283
0.13399
0.13526
0.13595
0.12710
0.07590
0.05430
0.04123
0.03242
0.09366
0.10051
0.10834
0.12555
0.14000
0.16181
0.15780
0.12437
0.11267
0.08629
0.06832
0.05445
0.08383
0.08576
0.09859
0.04995
0.03745
0.07713
0.06667
0.05411
0.04603
0.04443
0.05778
0.05354
0.05732
0.04915
0.05503
0.05696
0.03850
0.03438
0.05013
0.08052
0.08212
0.10368
0.07428
0.04595
0.06026
0.07616
0.02221
0.01326
0.04218
0.05059
0.01679
0.02103
0.00676
0.01524
0.00121
0.03034
0.01042
0.02941
0.05154
0.03491
0.05131
0.05172
0.04479
0.05115
0.03987
0.03873
0.05188
0.07072
0.07322
0.08488
0.10428
0.06469
0.07862
0.07823
0.09750
0.07984
0.08012
0.07204
0.06101
0.05955
0.06606
0.06432
0.06055
0.06459
0.06856
0.04209
0.07407
0.02334
0.01264
0.04564
0.02175
0.04174
0.04829
0.05962
0.06983
0.08622
0.07351
0.07097
0.07863
0.00765
0.01451
0.02888
0.05466
0.05053
0.02123
0.01778
0.03817
0.01477
0.03477
0.00000
0.00593
0.01796
0.00545
0.00000
0.01080
0.01979
0.02811
0.02592
0.00846
0.01207
0.06119
0.03092
0.04878
0.06047
0.07141
0.09028
0.07753
0.05872
0.05715
0.05997
0.10683
0.11928
0.11984
0.12790
0.08843
0.07649
0.08589
0.12343
0.09767
0.11158
0.07456
0.06885
0.06558
0.02490
0.02674
0.04929
0.06882
0.04276
0.08664
0.12412
0.12710
0.10023
0.09443
0.11773
0.08192
0.08369
0.11632
0.11630
0.11749
0.10638
0.11685
0.13908
0.14019
0.12149
0.12886
0.15507
0.14847
0.13872
0.11704
0.07607
0.13631
0.15121
0.15217
0.13963
0.11484
0.10154
0.04447
0.09434
0.13902
0.14413
0.14214
0.17370
0.16604
0.18295
0.21202
0.25563
0.24214
0.22730
0.23933
0.21888
0.21821
0.25088
0.26424
0.26098
0.25336
0.29882
0.25056
0.24721
0.24109
0.24473
0.23069
0.21962
0.17216
0.14941
0.11187
0.09763
0.08097
0.10758
0.08849
0.07119
0.00346
0.03802
0.02718
0.02140
0.02479
0.01820
0.00491
0.03673
0.02989
0.04433
0.09595
0.13873
0.12473
0.10914
0.12948
0.09840
0.07953
0.07807
0.08779
0.08254
0.10360
0.12457
0.11646
0.10907
0.08987
0.09547
0.08701
0.08798
0.07649
0.09378
0.08378
0.08296
0.09282
0.09826
0.08048
0.08554
0.03915
0.04093
0.05517
0.05300
0.06043
0.05615
0.06587
0.05604
0.07466
0.07257
0.08661
0.08050
0.08728
0.10443
0.08835
0.06916
0.07127
0.10180
0.10875
0.11888
0.13667
0.13572
0.14932
0.13441
0.13545
0.14720
0.14507
0.13192
0.13220
0.13373
0.13002
0.12891
0.13053
0.14085
0.14525
0.13225
0.15483
0.16817
0.17110
0.15570
0.17765
0.18055
0.18165
0.13634
0.11409
0.10241
0.12005
0.14714
0.13805
0.07815
0.04229
0.07109
0.05781
0.03526
0.03322
0.01251
0.03740
0.03385
0.03604
0.00535
0.01073
0.04501
0.00212
0.01038
0.02710
0.06568
0.07531
0.08508
0.06507
0.04110
0.00201
0.04877
0.04457
0.03736
0.04538
0.02100
0.06386
0.06096
0.06173
0.07744
0.04220
0.06478
0.09574
0.09083
0.13521
0.16881
0.15859
0.17274
0.15500
0.07982
0.06682
0.08340
0.08710
0.10604
0.10317
0.06167
0.10375
0.08649
0.07516
0.09522
0.11675
0.09316
0.11225
0.11391
0.10783
0.07646
0.09841
0.09753
0.09339
0.10497
0.14497
0.12524
0.06456
0.06402
0.03442
0.03374
0.06598
0.06669
0.05535
0.07677
0.07808
0.06128
0.06454
0.05610
0.03436
0.03630
0.06518
0.06539
0.08497
0.08909
0.08437
0.07251
0.07759
0.06421
0.03639
0.00032
0.02727
0.01264
0.01972
0.03829
0.02667
0.02256
0.01331
0.03716
0.02509
0.02878
0.05655
0.08797
0.13608
0.15207
0.13387
0.10464
0.13592
0.10923
0.10604
0.08659
0.07281
0.06025
0.07188
0.03197
0.04946
0.02842
0.01322
0.02047
0.05547
0.09377
0.06916
0.04963
0.04013
0.02443
0.03613
0.04319
0.03749
0.08244
0.09155
0.12720
0.09362
0.10859
0.12714
0.13999
0.09014
0.13275
0.10779
0.08071
0.10681
0.10737
0.12605
0.12647
0.11199
0.06371
0.03815
0.04216
0.01117
0.01632
0.03581
0.07728
0.04000
0.02716
0.07180
0.05305
0.06679
0.04234
0.06856
0.10509
0.04613
0.04037
0.04704
0.05718
0.03485
0.06956
0.05960
0.09104
0.09532
0.05984
0.06063
0.04173
0.04159
0.00000
0.02073
0.01449
0.04920
0.05319
0.00511
0.00009
0.01815
0.03073
0.01900
0.00000
0.03516
0.05799
0.07040
0.08602
0.07623
0.05390
0.07049
0.03087
0.01719
0.03447
0.07389
0.08127
0.09317
0.08618
0.05629
0.03000
0.02237
0.00823
0.01817
0.02050
0.00480
0.02179
0.03457
0.04911
0.03757
0.03596
0.06650
0.06142
0.06262
0.02790
0.01903
0.01697
0.01261
0.00456
0.02152
0.03075
0.04883
0.06640
0.03590
0.04094
0.05192
0.06498
0.06901
0.03030
0.06638
0.03989
0.05194
0.06035
0.04396
0.03666
0.03055
0.02585
0.01493
0.03135
0.03263
0.02780
0.01452
0.01708
0.01938
0.00929
0.05001
0.05844
0.04898
0.10063
0.10268
0.10020
0.08098
0.04818
0.04156
0.02219
0.03327
0.05633
0.06570
0.04819
0.04755
0.04983
0.00135
0.00544
0.00180
0.01421
0.03954
0.06252
0.06509
0.10299
0.08590
0.07313
0.05768
0.05712
0.03173
0.05599
0.08697
0.09086
0.08616
0.08889
0.06637
0.07835
0.07903
0.04668
0.04991
0.06756
0.06912
0.03411
0.03711
0.03008
0.06777
0.07480
0.08305
0.05878
0.07735
0.08400
0.08971
0.09246
0.07268
0.02861
0.04661
0.03798
0.03925
0.05342
0.01729
0.03958
0.04568
0.06131
0.03434
0.04767
0.07324
0.07679
0.08754
0.08252
0.09592
0.08158
0.07006
0.06002
0.10963
0.11140
0.11094
0.10820
0.08560
0.07401
0.04627
0.05986
0.05443
0.07584
0.06507
0.05773
0.04766
0.01780
0.05456
0.05923
0.06939
0.03925
0.00324
0.03292
0.02697
0.02982
0.00150
0.02773
0.02816
0.08065
0.07322
0.03852
0.04817
0.04446
0.03031
0.07091
0.08948
0.09152
0.12908
0.11588
0.14875
0.14222
0.06919
0.07136
0.07405
0.07705
0.10623
0.12719
0.12650
0.10091
0.10435
0.11079
0.13938
0.15808
0.18609
0.17957
0.15055
0.15882
0.15389
0.16235
0.17252
0.15529
0.14219
0.10212
0.09594
0.16759
0.13669
0.15225
0.10115
0.06925
0.08311
0.09340
0.08531
0.11128
0.09977
0.12561
0.12288
0.11480
0.12294
0.10068
0.08952
0.03606
0.01386
0.02998
0.00353
0.05370
0.09167
0.06640
0.04089
0.04745
0.04748
0.05248
0.06314
0.05665
0.01911
0.02634
0.02499
0.03424
0.05459
0.02980
0.02966
0.04165
0.04029
0.05733
0.06515
0.02292
0.05437
0.06441
0.05241
0.02685
0.03107
0.05199
0.05769
0.04105
0.03820
0.05639
0.07068
0.07740
0.07094
0.07740
0.10901
0.08959
0.07892
0.08060
0.05030
0.02601
0.00329
0.00000
0.02985
0.04654
0.06308
0.10921
0.14085
0.16833
0.16954
0.15933
0.17064
0.10606
0.07472
0.07246
0.08091
0.07184
0.06924
0.06869
0.06698
0.06559
0.04526
0.02665
0.03465
0.03818
0.02229
0.04008
0.01263
0.02372
0.02957
0.00367
0.01319
0.04711
0.03461
0.07071
0.10984
0.09265
0.09589
0.07395
0.08793
0.08304
0.08232
0.07974
0.08073
0.06379
0.06909
0.08763
0.08185
0.07606
0.05407
0.08293
0.07715
0.11319
0.11522
0.10887
0.11534
0.09208
0.10646
0.09230
0.13789
0.18733
0.16317
0.15135
0.16469
0.14406
0.13111
0.07060
0.03513
0.07266
0.06969
0.11288
0.13073
0.11173
0.08463
0.08115
0.04794
0.05281
0.05920
0.05067
0.06117
0.06691
0.04767
0.02382
0.01849
0.02213
0.02257
0.02818
0.04662
0.03533
0.04953
0.04521
0.06718
0.08103
0.12791
0.17436
0.17679
0.13808
0.10521
0.11812
0.12315
0.12032
0.11972
0.12774
0.11917
0.15077
0.13940
0.14756
0.16236
0.12764
0.13983
0.16601
0.15482
0.12611
0.13476
0.14696
0.11615
0.15784
0.12929
0.14126
0.15215
0.15859
0.13980
0.12400
0.10415
0.07982
0.06759
0.07613
0.10880
0.13387
0.16113
0.13419
0.09230
0.10797
0.08714
0.08686
0.07977
0.08036
0.06845
0.06756
0.06538
0.06415
0.07651
0.07973
0.06111
0.07425
0.08966
0.07803
0.07803
0.04292
0.02204
0.02063
0.01690
0.00235
0.00537
0.01143
0.02299
0.01263
0.04879
0.04403
0.04359
0.05093
0.03827
0.05969
0.07698
0.07470
0.05793
0.05353
0.05006
0.08272
0.05780
0.06868
0.02792
0.06822
0.05133
0.03514
0.04876
0.03157
0.04747
0.03257
0.01761
0.02433
0.01605
0.05506
0.01442
0.03661
0.05195
0.02108
0.02354
0.02458
0.01799
0.01536
0.01039
0.02104
0.02779
0.01997
0.03054
0.04158
0.04207
0.03901
0.05429
0.04653
0.07616
0.04485
0.05059
0.05549
0.03627
0.01771
0.01756
0.02544
0.04058
0.06320
0.07126
0.07548
0.10129
0.07750
0.05859
0.02908
0.04140
0.04902
0.05263
0.03291
0.08084
0.07302
0.04619
0.05831
0.10052
0.11691
0.10733
0.11495
0.13668
0.13369
0.14369
0.06772
0.04012
0.03643
0.04822
0.09175
0.08419
0.08796
0.03969
0.07916
0.08820
0.07230
0.09787
0.10565
0.11905
0.10373
0.08602
0.06957
0.04628
0.06196
0.06031
0.06680
0.08522
0.06158
0.04456
0.02910
0.04403
0.00988
0.00745
0.02375
0.02318
0.02459
0.01956
0.02814
0.01250
0.02844
0.03047
0.02200
0.01270
0.01314
0.01581
0.01554
0.00908
0.00706
0.04248
0.05741
0.06343
0.01803
0.00000
0.00000
0.03755
0.01010
0.03212
0.03502
0.03356
0.01192
0.01719
0.02845
0.04423
0.03696
0.03997
0.02410
0.04670
0.05801
0.01571
0.05472
0.04544
0.02331
0.02286
0.01095
0.02017
0.00000
0.01406
0.00786
0.02797
0.02267
0.07329
0.11271
0.11373
0.11149
0.11107
0.14481
0.15658
0.14733
0.18666
0.16851
0.17522
0.19949
0.20127
0.16732
0.19434
0.19578
0.16624
0.11017
0.08419
0.09500
0.10921
0.09866
0.06265
0.08169
0.08548
0.05290
0.06009
0.06565
0.04568
0.00835
0.03557
0.00000
0.01990
0.05287
0.04369
0.02973
0.01194
0.02940
0.10060
0.12825
0.10467
0.08988
0.08054
0.04752
0.05988
0.06012
0.07851
0.06595
0.03762
0.04364
0.09848
0.08830
0.09026
0.09465
0.12390
0.13663
0.09559
0.10261
0.06097
0.05058
0.06817
0.04161
0.02552
0.00568
0.01356
0.02880
0.07153
0.09860
0.10777
0.09547
0.10492
0.11714
0.12121
0.11874
0.13078
0.22735
0.20011
0.21479
0.20562
0.17876
0.16690
0.17047
0.11498
0.14172
0.13050
0.09264
0.07117
0.06069
0.05349
0.03754
0.05308
0.01418
0.03096
0.00657
0.04979
0.03654
0.03672
0.04741
0.04268
0.03730
0.03858
0.05701
0.03865
0.04177
0.07083
0.07073
0.07402
0.10799
0.09667
0.07872
0.04893
0.02508
0.00000
0.04368
0.03271
0.00658
0.01145
0.01863
0.03652
0.03009
0.03591
0.05615
0.05597
0.02484
0.03715
0.02263
0.02698
0.06320
0.07384
0.05708
0.04229
0.04229
0.04510
0.04315
0.04016
0.06554
0.07520
0.07956
0.07479
0.05636
0.05345
0.04368
0.08449
0.11332
0.13518
0.12403
0.12244
0.11926
0.11053
0.06678
0.05595
0.07026
0.07419
0.11037
0.10166
0.11285
0.12166
0.12694
0.13173
0.12467
0.11741
0.12142
0.11625
0.10707
0.09987
0.11668
0.03781
0.00951
0.02197
0.02751
0.04672
0.07967
0.08055
0.07485
0.05998
0.06785
0.06624
0.08396
0.08281
0.06521
0.04880
0.02862
0.03518
0.07801
0.07317
0.06333
0.05865
0.09496
0.08856
0.08288
0.08328
0.06874
0.04671
0.04112
0.05681
0.08530
0.08415
0.05214
0.05237
0.05827
0.08091
0.09676
0.10531
0.10905
0.09380
0.08933
0.08836
0.09816
0.10453
0.07096
0.06916
0.06887
0.06742
0.05201
0.05359
0.05418
0.04469
0.05481
0.01930
0.01725
0.02905
0.02979
0.00049
0.02066
0.01958
0.02655
0.03913
0.07137
0.06852
0.03779
0.02646
0.01736
0.02845
0.06455
0.05350
0.06055
0.12442
0.11411
0.11395
0.14117
0.13708
0.10873
0.10695
0.11895
0.13413
0.11906
0.11522
0.09352
0.07670
0.06226
0.04556
0.04863
0.08511
0.05993
0.04568
0.00298
0.00969
0.00280
0.00176
0.00000
0.02595
0.04442
0.01546
0.01647
0.02332
0.06388
0.07051
0.10190
0.07507
0.09191
0.09163
0.03019
0.07354
0.08064
0.09294
0.07795
0.08463
0.04906
0.04101
0.06474
0.07023
0.08439
0.08711
0.08377
0.08108
0.06017
0.06018
0.08375
0.08240
0.06869
0.04887
0.06340
0.00380
0.01111
0.03487
0.03337
0.10215
0.09297
0.06575
0.03537
0.08628
0.05489
0.05718
0.04531
0.06481
0.09673
0.06502
0.08469
0.09290
0.08898
0.05652
0.04968
0.05284
0.05477
0.06048
0.06587
0.06270
0.09795
0.11321
0.08388
0.12611
0.11158
0.12289
0.13061
0.12204
0.14327
0.14379
0.13859
0.18296
0.16318
0.12470
0.11855
0.12043
0.12706
0.11466
0.11755
0.09378
0.06539
0.07985
0.07637
0.07568
0.08371
0.08949
0.12819
0.13070
0.14863
0.15910
0.15038
0.14502
0.11957
0.12380
0.10467
0.10740
0.08172
0.10105
0.05604
0.05589
0.04794
0.03907
0.03813
0.02551
0.02027
0.01672
0.02366
0.05352
0.04719
0.05265
0.04150
0.04291
0.04795
0.03339
0.01653
0.02913
0.00721
0.00188
0.01253
0.00000
0.03160
0.05454
0.01823
0.03843
0.02690
0.02357
0.01118
0.04426
0.03068
0.05322
0.06277
0.10587
0.14824
0.10587
0.06558
0.09488
0.11366
0.13644
0.11361
0.11561
0.15054
0.15780
0.15886
0.09084
0.10088
0.10795
0.11332
0.12364
0.11448
0.08033
0.09338
0.11652
0.13511
0.10130
0.08046
0.09195
0.11068
0.12070
0.11399
0.11460
0.13037
0.15690
0.16683
0.13177
0.12523
0.12417
0.09805
0.07075
0.07288
0.07819
0.04558
0.06933
0.05116
0.05739
0.07561
0.09752
0.03620
0.03310
0.02770
0.02428
0.04110
0.00000
0.01669
0.00676
0.00000
0.02852
0.02016
0.04012
0.00000
0.00128
0.00900
0.01198
0.05685
0.03207
0.02017
0.01105
0.01181
0.00714
0.05435
0.03341
0.02655
0.02106
0.01630
0.04399
0.05220
0.04487
0.04955
0.06414
0.02698
0.03783
0.03320
0.05038
0.09691
0.09537
0.10538
0.08445
0.03832
0.04655
0.07657
0.08938
0.08343
0.04265
0.02692
0.02469
0.02959
0.02452
0.04605
0.06974
0.05530
0.06940
0.06425
0.05055
0.07134
0.06327
0.02952
0.05151
0.04399
0.06658
0.06755
0.05786
0.11478
0.09623
0.09559
0.09939
0.13266
0.12180
0.16679
0.17520
0.15843
0.18933
0.18582
0.16469
0.15753
0.14122
0.10777
0.06564
0.08366
0.06838
0.06888
0.02104
0.01435
0.02248
0.03036
0.02453
0.00047
0.02687
0.03245
0.00913
0.01623
0.01731
0.02640
0.02359
0.01250
0.00299
0.00529
0.02617
0.03212
0.03214
0.04844
0.02637
0.02348
0.05123
0.03571
0.07502
0.06515
0.08070
0.03540
0.05398
0.10216
0.14604
0.14217
0.12579
0.10744
0.03326
0.04684
0.03265
0.05877
0.05647
0.04465
0.03348
0.03645
0.04526
0.09350
0.04625
0.04758
0.03585
0.03259
0.03127
0.02174
0.03463
0.06221
0.05500
0.05017
0.04451
0.04913
0.04280
0.05788
0.05863
0.03744
0.04384
0.02882
0.01120
0.01786
0.03524
0.01989
0.06398
0.05380
0.07276
0.08520
0.11597
0.07959
0.08199
0.07287
0.11658
0.06130
0.04268
0.03114
0.05859
0.05534
0.03519
0.07352
0.05680
0.04238
0.04714
0.02514
0.02292
0.04826
0.04968
0.05519
0.00788
0.03843
0.03385
0.03494
0.03123
0.03987
0.06810
0.08569
0.10599
0.11177
0.11487
0.10746
0.07480
0.01846
0.02871
0.03122
0.05435
0.05392
0.04025
0.05468
0.02647
0.02733
0.04668
0.05371
0.11659
0.06921
0.04871
0.05842
0.06147
0.07601
0.08138
0.04169
0.03523
0.01337
0.04920
0.04274
0.07716
0.06873
0.07340
0.08485
0.06117
0.06150
0.04827
0.04186
0.05866
0.03763
0.02309
0.02997
0.02387
0.01551
0.02763
0.02899
0.01585
0.03347
0.04190
0.01879
0.05348
0.06145
0.07757
0.07757
0.05690
0.05702
0.06353
0.05133
0.01346
0.04539
0.03957
0.02882
0.03780
0.08755
0.07387
0.04350
0.08808
0.10655
0.11243
0.13802
0.11868
0.08750
0.10716
0.09652
0.08856
0.07601
0.08982
0.07882
0.06309
0.07104
0.06292
0.04601
0.02729
0.02219
0.02469
0.00719
0.04562
0.04453
0.05272
0.04234
0.04605
0.03146
0.02685
0.05686
0.06282
0.05563
0.04873
0.03861
0.03040
0.04291
0.08383
0.08224
0.05798
0.03569
0.01089
0.01299
0.02388
0.01223
0.04478
0.06076
0.07229
0.06891
0.04396
0.04883
0.04854
0.05739
0.06563
0.09522
0.09844
0.10418
0.09151
0.07738
0.06873
0.09030
0.09407
0.07717
0.07820
0.04138
0.02750
0.02107
0.00000
0.00000
0.00000
0.03448
0.05279
0.07177
0.06659
0.07903
0.10111
0.11033
0.10752
0.07401
0.03298
0.04528
0.03098
0.01930
0.00015
0.01496
0.03510
0.03453
0.03088
0.03319
0.04153
0.02934
0.01993
0.02269
0.00036
0.00000
0.03557
0.03603
0.02585
0.02766
0.02086
0.01464
0.03241
0.02400
0.03413
0.00003
0.00802
0.01072
0.08043
0.02931
0.06376
0.08362
0.05970
0.07402
0.05796
0.09140
0.09940
0.10627
0.10535
0.09674
0.13405
0.08887
0.12397
0.12526
0.12545
0.12545
0.12233
0.13194
0.13631
0.14551
0.16727
0.15552
0.15801
0.15591
0.17329
0.13532
0.14028
0.15155
0.16457
0.13706
0.13448
0.12464
0.15772
0.15559
0.18649
0.15987
0.14565
0.14559
0.13423
0.13420
0.13941
0.14921
0.13611
0.17124
0.15703
0.16627
0.18443
0.16695
0.14067
0.10844
0.12649
0.08672
0.09322
0.08059
0.11251
0.13269
0.14375
0.11926
0.13681
0.10610
0.12152
0.12839
0.16408
0.16641
0.14356
0.12985
0.12352
0.11934
0.09852
0.14080
0.14875
0.15558
0.13287
0.12447
0.12555
0.13235
0.11397
0.09405
0.05108
0.07905
0.04313
0.05663
0.05392
0.08204
0.09659
0.12420
0.10880
0.10462
0.08798
0.08523
0.09540
0.08142
0.07467
0.05243
0.04485
0.04674
0.05525
0.06074
0.10015
0.08124
0.07630
0.09970
0.12962
0.12060
0.11958
0.09288
0.05709
0.01952
0.02600
0.00198
0.00057
0.01805
0.02475
0.00725
0.02924
0.04812
0.04856
0.06276
0.07113
0.08939
0.08599
0.14517
0.14710
0.14436
0.12894
0.11629
0.11337
0.14196
0.14272
0.16458
0.16362
0.12020
0.12767
0.13114
0.09467
0.07173
0.10887
0.13613
0.13964
0.13250
0.12528
0.12340
0.09319
0.09200
0.08757
0.05752
0.04749
0.06137
0.04333
0.01453
0.02104
0.01823
0.01762
0.01542
0.03299
0.04467
0.04917
0.06485
0.09333
0.08363
0.12938
0.13312
0.14192
0.12246
0.11154
0.09875
0.07782
0.07038
0.05161
0.02173
0.02848
0.04239
0.03979
0.07022
0.06156
0.04524
0.04965
0.02208
0.02642
0.01779
0.05637
0.09357
0.12494
0.10819
0.10525
0.11823
0.11835
0.12973
0.10863
0.13419
0.14085
0.13227
0.13390
0.15599
0.14430
0.13556
0.13397
0.14194
0.07540
0.07220
0.04144
0.04528
0.03798
0.04808
0.07617
0.06746
0.09884
0.09180
0.08332
0.09494
0.10366
0.06636
0.04645
0.05401
0.01800
0.05590
0.05760
0.05067
0.04872
0.06077
0.05918
0.05461
0.05029
0.02710
0.00951
0.02336
0.01242
0.02915
0.03341
0.03065
0.03264
0.02257
0.02953
0.03154
0.03798
0.04171
0.04277
0.03072
0.05312
0.09509
0.11858
0.12333
0.12628
0.11100
0.10821
0.08111
0.04485
0.05115
0.05383
0.05120
0.03724
0.04742
0.03791
0.06505
0.04168
0.04856
0.02354
0.01384
0.01387
0.02568
0.03777
0.03378
0.06715
0.03763
0.08020
0.06192
0.06088
0.05178
0.06968
0.05949
0.03093
0.04943
0.00985
0.01009
0.05901
0.05564
0.04696
0.06110
0.09531
0.07063
0.06829
0.09425
0.07259
0.07979
0.07164
0.06004
0.08616
0.08410
0.09235
0.10200
0.10780
0.10675
0.07314
0.09718
0.12092
0.13601
0.12615
0.11261
0.05911
0.06070
0.07781
0.05160
0.05456
0.05962
0.05925
0.03674
0.08202
0.07785
0.06428
0.06276
0.08847
0.10268
0.08609
0.05948
0.07413
0.03327
0.00801
0.01607
0.03175
0.03963
0.03726
0.06299
0.07341
0.04416
0.06008
0.05026
0.02878
0.07253
0.06446
0.06275
0.09654
0.10607
0.11922
0.08007
0.12642
0.06097
0.02633
0.02474
0.01669
0.03432
0.03623
0.06923
0.05211
0.04286
0.06552
0.08744
0.08565
0.08423
0.07419
0.10059
0.04858
0.05574
0.07221
0.09493
0.09004
0.10005
0.06772
0.10912
0.07240
0.06847
0.07072
0.06879
0.07241
0.09126
0.09832
0.07675
0.07014
0.05073
0.03117
0.02832
0.01311
0.06788
0.06067
0.06546
0.07587
0.08122
0.09813
0.10201
0.11677
0.09392
0.08706
0.09505
0.09084
0.07475
0.05135
0.04742
0.03208
0.02589
0.00617
0.00116
0.00000
0.02113
0.03199
0.05726
0.03228
0.00230
0.02274
0.05228
0.10989
0.08649
0.09623
0.11494
0.14777
0.12776
0.09764
0.08764
0.03013
0.03477
0.01306
0.00260
0.00410
0.00619
0.06095
0.08105
0.05240
0.05410
0.04496
0.03943
0.07590
0.05862
0.03902
0.02081
0.02862
0.01597
0.02027
0.02945
0.01981
0.06388
0.05293
0.06285
0.06700
0.05853
0.06879
0.06629
0.07428
0.10104
0.12851
0.09749
0.10646
0.09600
0.08469
0.11195
0.07822
0.06195
0.06336
0.07392
0.07733
0.08222
0.09484
0.09887
0.14118
0.15332
0.14653
0.18026
0.18121
0.18364
0.18105
0.14972
0.15388
0.12699
0.12041
0.09665
0.08223
0.09149
0.09496
0.08684
0.05010
0.04588
0.01345
0.01222
0.00599
0.00000
0.02408
0.04801
0.07841
0.09590
0.07726
0.07595
0.07752
0.08726
0.09039
0.12046
0.06143
0.06792
0.07099
0.11216
0.10943
0.09524
0.06458
0.03459
0.06466
0.02439
0.04830
0.06632
0.07253
0.08242
0.05070
0.06800
0.05823
0.03550
0.04033
0.04864
0.06392
0.06392
0.05633
0.05268
0.04389
0.02962
0.07325
0.04127
0.03690
0.04129
0.05379
0.04521
0.04701
0.06562
0.08657
0.08075
0.08081
0.08453
0.07421
0.05791
0.05809
0.04317
0.05694
0.05929
0.07822
0.10613
0.10634
0.04241
0.04285
0.01888
0.02905
0.02662
0.03954
0.03786
0.02508
0.05582
0.05073
0.05176
0.06334
0.05843
0.06521
0.06569
0.05268
0.04187
0.02655
0.01012
0.00000
0.01031
0.01128
0.01260
0.02742
0.03745
0.07395
0.06372
0.05508
0.04941
0.07749
0.05209
0.12627
0.13602
0.16992
0.18985
0.17424
0.15546
0.18136
0.20084
0.23229
0.22687
0.22161
0.21983
0.18971
0.17471
0.16135
0.14311
0.15996
0.11187
0.11659
0.13044
0.13026
0.12942
0.11605
0.10802
0.07952
0.06742
0.12030
0.14820
0.07952
0.08290
0.07546
0.09301
0.10865
0.07721
0.08280
0.08401
0.10918
0.08579
0.06179
0.04722
0.04895
0.04361
0.00000
0.02776
0.03894
0.03734
0.04148
0.02550
0.04332
0.06451
0.06710
0.06801
0.02721
0.03706
0.03272
0.05018
0.05415
0.06762
0.08028
0.08922
0.09929
0.08714
0.08824
0.05949
0.06072
0.04479
0.02769
0.02739
0.03234
0.06987
0.09520
0.11704
0.13206
0.14378
0.13315
0.13910
0.13440
0.12540
0.14433
0.13262
0.08613
0.08314
0.12196
0.13322
0.12182
0.08779
0.08606
0.08148
0.06583
0.06484
0.04418
0.05997
0.09316
0.11259
0.10452
0.12428
0.09899
0.09988
0.11670
0.13314
0.12993
0.13641
0.14750
0.15896
0.14722
0.14124
0.21196
0.18084
0.17193
0.14453
0.14541
0.13993
0.15526
0.15826
0.14385
0.17551
0.17525
0.17733
0.18552
0.20395
0.24676
0.20692
0.22271
0.22372
0.20763
0.17718
0.18188
0.18174
0.15941
0.16427
0.17321
0.16382
0.19525
0.15680
0.15458
0.12185
0.10252
0.09191
0.07083
0.07083
0.06162
0.05116
0.04380
0.06901
0.07406
0.09780
0.05139
0.02600
0.03921
0.06618
0.06560
0.06051
0.08947
0.06417
0.04402
0.05234
0.07059
0.05895
0.04474
0.04599
0.04339
0.02165
0.00546
0.02967
0.03553
0.02924
0.03826
0.02561
0.02886
0.03163
0.02010
0.02780
0.03602
0.05540
0.08670
0.10304
0.10173
0.10378
0.08347
0.07010
0.06705
0.06491
0.05964
0.03343
0.08434
0.07129
0.07608
0.09285
0.08056
0.06708
0.07515
0.08869
0.06727
0.06613
0.02678
0.03521
0.07292
0.02830
0.02747
0.04590
0.03490
0.06527
0.06593
0.06260
0.09065
0.07703
0.07882
0.08885
0.09683
0.11851
0.11403
0.12247
0.12605
0.09022
0.07020
0.07525
0.07982
0.08833
0.14292
0.10662
0.07409
0.06219
0.08828
0.06872
0.07099
0.07343
0.09795
0.11569
0.12398
0.11936
0.10077
0.10276
0.10540
0.08426
0.06988
0.00869
0.00000
0.02802
0.02796
0.01850
0.01823
0.02407
0.04473
0.05309
0.03450
0.07332
0.08332
0.11423
0.12174
0.10677
0.09411
0.07421
0.03101
0.06345
0.04185
0.04749
0.05535
0.08749
0.08234
0.08221
0.09599
0.07604
0.06788
0.06752
0.08838
0.09522
0.11981
0.09603
0.07798
0.06286
0.04428
0.04950
0.06134
0.08547
0.08547
0.07341
0.10185
0.10928
0.11645
0.12281
0.09971
0.09554
0.07178
0.04366
0.06095
0.06454
0.04843
0.05429
0.03780
0.05373
0.09200
0.08254
0.10730
0.13568
0.15048
0.15899
0.15624
0.16247
0.16949
0.17360
0.19184
0.20043
0.22359
0.16134
0.12819
0.10975
0.11445
0.10750
0.11568
0.12320
0.10873
0.08480
0.10596
0.07047
0.06120
0.04145
0.02267
0.03481
0.01785
0.03301
0.05065
0.03453
0.10925
0.14172
0.11337
0.09229
0.11012
0.10028
0.08151
0.11134
0.06615
0.08863
0.09651
0.06397
0.07429
0.09127
0.12194
0.10107
0.11797
0.12782
0.13692
0.13980
0.12468
0.12145
0.12284
0.12693
0.09434
0.09426
0.08950
0.07552
0.08555
0.04738
0.02358
0.03747
0.06375
0.02170
0.02459
0.02563
0.04114
0.02590
0.02590
0.05075
0.08189
0.07589
0.01072
0.00515
0.01691
0.00000
0.01891
0.07405
0.06620
0.07397
0.10713
0.13812
0.13251
0.13949
0.14311
0.19518
0.19872
0.15547
0.12406
0.12119
0.12915
0.10400
0.09851
0.11289
0.09493
0.09810
0.11042
0.13616
0.11907
0.13953
0.09094
0.09548
0.11508
0.08934
0.08852
0.06484
0.02844
0.03272
0.04784
0.03530
0.04034
0.04570
0.10012
0.06730
0.04063
0.10158
0.12046
0.10207
0.11614
0.11744
0.09482
0.08944
0.05021
0.04229
0.05357
0.02446
0.03117
0.03409
0.03840
0.07426
0.04885
0.09036
0.11532
0.13064
0.11438
0.11109
0.11376
0.08469
0.09106
0.10161
0.08972
0.07098
0.06055
0.07363
0.08548
0.06321
0.09031
0.10426
0.12654
0.11813
0.12619
0.11769
0.12637
0.12818
0.13224
0.09442
0.07400
0.08132
0.04467
0.03138
0.06697
0.04887
0.08227
0.04902
0.01907
0.06631
0.06519
0.05813
0.08684
0.08479
0.08618
0.09419
0.07139
0.04991
0.05959
0.09708
0.08338
0.05700
0.03812
0.01944
0.01558
0.02938
0.02988
0.02290
0.01733
0.03275
0.05073
0.05330
0.06154
0.07051
0.04106
0.03451
0.03911
0.02980
0.02714
0.01599
0.02181
0.01667
0.02879
0.01843
0.01921
0.00394
0.02877
0.04541
0.06100
0.08244
0.07485
0.04429
0.05310
0.04118
0.04673
0.03467
0.01803
0.04412
0.01216
0.06601
0.08999
0.09514
0.08966
0.05758
0.07515
0.04744
0.04060
0.06211
0.07274
0.07424
0.08460
0.08172
0.08191
0.07627
0.07176
0.10020
0.11402
0.11814
0.12001
0.15484
0.16689
0.15467
0.14895
0.08198
0.05928
0.07504
0.10265
0.07677
0.12485
0.14225
0.12947
0.12621
0.13452
0.11104
0.10627
0.11188
0.11510
0.09872
0.09671
0.09270
0.07056
0.06687
0.06463
0.03943
0.00661
0.01436
0.01268
0.04938
0.07638
0.06041
0.05588
0.09099
0.07998
0.05871
0.07620
0.08474
0.10015
0.10781
0.07774
0.11499
0.11765
0.13185
0.15002
0.12565
0.12591
0.14501
0.14882
0.14267
0.14672
0.14282
0.13387
0.14144
0.09063
0.10692
0.11723
0.12133
0.10844
0.09852
0.08274
0.08107
0.08429
0.05920
0.04583
0.05122
0.01818
0.00009
0.00742
0.00388
0.01784
0.06877
0.08994
0.07968
0.07063
0.07243
0.07450
0.05942
0.06126
0.05836
0.03115
0.01903
0.04659
0.03196
0.03698
0.06562
0.06160
0.01941
0.00782
0.03820
0.05451
0.04480
0.03635
0.04294
0.03625
0.03234
0.03915
0.04458
0.02781
0.01781
0.02064
0.00104
0.04783
0.09109
0.08328
0.09858
0.07554
0.08975
0.11862
0.09937
0.06112
0.08558
0.10004
0.11076
0.09404
0.12215
0.07989
0.09558
0.06121
0.03704
0.08357
0.09696
0.08183
0.06577
0.07149
0.06884
0.07947
0.06023
0.06831
0.09312
0.10080
0.12094
0.09707
0.07489
0.06036
0.05648
0.05839
0.06672
0.06699
0.05009
0.04789
0.08285
0.06846
0.07179
0.07324
0.09103
0.10940
0.05766
0.11222
0.06273
0.06274
0.06463
0.02547
0.02917
0.01694
0.02979
0.03456
0.02411
0.03295
0.04123
0.04487
0.05167
0.02097
0.00585
0.03082
0.00541
0.00455
0.04575
0.04738
0.09402
0.07609
0.06413
0.06056
0.05261
0.10900
0.11959
0.10021
0.10269
0.07806
0.08071
0.08342
0.07301
0.08639
0.09523
0.07572
0.11028
0.07733
0.04079
0.04161
0.09944
0.10062
0.08705
0.05572
0.05448
0.05017
0.06161
0.05652
0.06903
0.10916
0.09122
0.05355
0.06050
0.03498
0.05085
0.00929
0.02082
0.00750
0.04406
0.03122
0.06114
0.03125
0.01691
0.00116
0.02396
0.03426
0.01994
0.03105
0.04678
0.06287
0.06124
0.05780
0.02294
0.02237
0.03384
0.04414
0.05893
0.04064
0.05657
0.06313
0.04491
0.06179
0.06079
0.05884
0.09202
0.07088
0.08130
0.07620
0.07620
0.03754
0.03902
0.02832
0.03657
0.01599
0.01088
0.02414
0.03408
0.02616
0.06655
0.07562
0.04689
0.06368
0.07639
0.06513
0.06573
0.08710
0.08964
0.08557
0.09501
0.07060
0.06279
0.06637
0.02515
0.05335
0.02800
0.00977
0.00673
0.01591
0.02411
0.00000
0.04630
0.02941
0.02734
0.02769
0.02126
0.00522
0.00298
0.05321
0.05054
0.04769
0.08561
0.05146
0.05866
0.03773
0.06381
0.08601
0.07276
0.05921
0.05892
0.06993
0.10955
0.12428
0.09410
0.06736
0.04498
0.07056
0.09027
0.07927
0.07323
0.09466
0.11368
0.13192
0.14489
0.13956
0.15566
0.11970
0.10027
0.09559
0.07037
0.06412
0.04297
0.05847
0.06290
0.00000
0.00960
0.03419
0.05405
0.03410
0.01342
0.02792
0.03207
0.03928
0.02772
0.04010
0.04078
0.03873
0.05221
0.04120
0.04412
0.07214
0.06692
0.06342
0.08568
0.06509
0.08790
0.06863
0.04673
0.02752
0.01582
0.03457
0.05294
0.04340
0.05145
0.07157
0.10889
0.09002
0.07520
0.02950
0.03869
0.05431
0.05667
0.04850
0.05291
0.03185
0.04627
0.08904
0.09949
0.09794
0.09647
0.08591
0.09109
0.09681
0.10113
0.07104
0.07566
0.05393
0.03606
0.01701
0.00928
0.01114
0.00000
0.01811
0.04685
0.03848
0.04617
0.02463
0.04133
0.01066
0.05063
0.07193
0.06031
0.06462
0.06118
0.06975
0.08048
0.08040
0.09337
0.09841
0.12298
0.14963
0.15964
0.12084
0.10700
0.08645
0.08412
0.06585
0.03856
0.04227
0.01787
0.03973
0.07483
0.05828
0.07562
0.06183
0.05983
0.06938
0.06325
0.04085
0.03074
0.01480
0.02351
0.01000
0.02550
0.02258
0.01478
0.04677
0.08273
0.08781
0.08934
0.10581
0.08573
0.09091
0.06212
0.06003
0.03429
0.01583
0.05188
0.05070
0.03760
0.05133
0.05742
0.03537
0.01392
0.04409
0.05184
0.03813
0.05771
0.05775
0.04854
0.04383
0.02573
0.02104
0.02516
0.03192
0.03136
0.01772
0.01010
0.03104
0.00475
0.04577
0.05714
0.04560
0.04076
0.03099
0.05115
0.03353
0.04601
0.02417
0.02339
0.02876
0.02785
0.01651
0.04165
0.03689
0.02157
0.02686
0.01386
0.03576
0.04232
0.03194
0.02666
0.01891
0.04470
0.04102
0.06840
0.07060
0.07389
0.04797
0.04144
0.01841
0.04389
0.04896
0.04762
0.05954
0.06212
0.05897
0.10401
0.07981
0.08013
0.08915
0.08640
0.08108
0.07773
0.06038
0.08470
0.09269
0.08429
0.08543
0.08082
0.08376
0.10072
0.07205
0.05653
0.05673
0.04908
0.07701
0.08320
0.08427
0.08000
0.14972
0.07504
0.07702
0.09720
0.10273
0.12813
0.13692
0.08883
0.09434
0.11179
0.09225
0.10887
0.09728
0.07064
0.08798
0.08178
0.08094
0.12401
0.09341
0.10945
0.12506
0.11285
0.12100
0.12028
0.06340
0.05580
0.05152
0.07405
0.10295
0.09285
0.08877
0.08130
0.10214
0.14034
0.13877
0.12847
0.15615
0.10545
0.05973
0.03162
0.04808
0.04930
0.04312
0.04774
0.07412
0.06030
0.07370
0.07141
0.08204
0.07933
0.09474
0.05574
0.07566
0.06223
0.05276
0.03194
0.03291
0.05862
0.08358
0.09968
0.10757
0.10304
0.10424
0.12395
0.08970
0.10292
0.11382
0.13706
0.15540
0.13200
0.09456
0.09397
0.09954
0.08739
0.10412
0.09763
0.09848
0.08437
0.10462
0.11290
0.09392
0.10040
0.09238
0.11721
0.12058
0.12058
0.10393
0.05570
0.05665
0.06023
0.09432
0.10591
0.07138
0.07836
0.07404
0.06626
0.04814
0.05536
0.05400
0.05750
0.07437
0.04995
0.00640
0.01502
0.02132
0.03861
0.03933
0.05334
0.04624
0.03476
0.01942
0.02055
0.03756
0.02659
0.01858
0.03398
0.04634
0.04987
0.04144
0.02790
0.02424
0.03483
0.01936
0.04576
0.07760
0.07316
0.08159
0.07978
0.08992
0.06494
0.04421
0.06414
0.02604
0.03323
0.01332
0.05104
0.05096
0.08395
0.06625
0.01479
0.02354
0.03495
0.04037
0.03079
0.03346
0.02244
0.03358
0.02694
0.01693
0.01769
0.02582
0.04829
0.01799
0.02545
0.06895
0.05422
0.04705
0.05871
0.04518
0.11346
0.09794
0.04974
0.04379
0.03182
0.06671
0.02958
0.00556
0.00011
0.01027
0.05598
0.04906
0.00228
0.03594
0.06783
0.10303
0.09744
0.06453
0.06898
0.07200
0.07442
0.09107
0.10061
0.09990
0.08659
0.10953
0.09699
0.10159
0.09885
0.09576
0.12414
0.10140
0.12413
0.10802
0.06612
0.04257
0.02917
0.00880
0.01247
0.01024
0.01735
0.01348
0.03408
0.04371
0.02263
0.02926
0.06554
0.09137
0.09469
0.05058
0.05393
0.00413
0.01484
0.02714
0.02456
0.05705
0.07247
0.07247
0.07276
0.05211
0.04806
0.03963
0.02090
0.04535
0.04285
0.03554
0.05509
0.02754
0.03387
0.04025
0.04347
0.06080
0.05760
0.00757
0.00701
0.01909
0.02703
0.01116
0.01590
0.05271
0.04282
0.06088
0.08851
0.06219
0.06271
0.06430
0.08086
0.05846
0.05518
0.04293
0.03935
0.05091
0.05523
0.07013
0.08190
0.06656
0.06853
0.07509
0.08581
0.01447
0.02081
0.01685
0.03614
0.04882
0.05661
0.04401
0.05170
0.05258
0.07829
0.04976
0.07345
0.08162
0.07595
0.06339
0.09117
0.09589
0.10589
0.12746
0.13488
0.08894
0.11504
0.09665
0.11575
0.13069
0.08807
0.09909
0.10139
0.09915
0.09583
0.10300
0.08310
0.09794
0.08759
0.06715
0.08015
0.12110
0.11538
0.12802
0.09743
0.04215
0.05325
0.08860
0.10574
0.10066
0.12379
0.13727
0.17055
0.15066
0.08525
0.05730
0.06378
0.03468
0.03853
0.02254
0.02441
0.05213
0.03377
0.05414
0.06230
0.09486
0.12663
0.11930
0.11687
0.09782
0.08903
0.09508
0.10014
0.12272
0.13306
0.16911
0.14222
0.17013
0.17910
0.16462
0.12797
0.11451
0.10434
0.09152
0.04739
0.02516
0.02641
0.03161
0.02324
0.01298
0.01939
0.00291
0.02722
0.05029
0.03108
0.04898
0.04683
0.02404
0.04062
0.06327
0.05105
0.02720
0.03496
0.02549
0.02451
0.02070
0.01698
0.02107
0.04780
0.05748
0.07688
0.07640
0.08597
0.09519
0.11211
0.09811
0.06201
0.05414
0.07765
0.07143
0.03578
0.05316
0.04472
0.02754
0.04355
0.00691
0.01395
0.02321
0.03224
0.02738
0.01609
0.01708
0.03494
0.07030
0.05660
0.03646
0.04163
0.03736
0.05036
0.06025
0.07989
0.03349
0.01698
0.01234
0.00000
0.01595
0.03711
0.06691
0.08469
0.09548
0.08118
0.06455
0.04728
0.05325
0.04389
0.03629
0.04878
0.03865
0.03639
0.03909
0.03342
0.07333
0.06508
0.00538
0.02291
0.00427
0.03904
0.03711
0.02013
0.03891
0.00795
0.01287
0.00000
0.04187
0.03204
0.03159
0.04138
0.04238
0.07391
0.05530
0.05229
0.02504
0.03256
0.01579
0.03497
0.05590
0.08214
0.07975
0.05853
0.04688
0.05824
0.06315
0.07114
0.05649
0.04875
0.03227
0.01015
0.03331
0.06803
0.06752
0.08701
0.10195
0.13461
0.12327
0.14672
0.14194
0.17910
0.18201
0.18548
0.17785
0.16477
0.20672
0.15800
0.14637
0.13778
0.10617
0.09637
0.11674
0.07234
0.02314
0.02066
0.01901
0.01364
0.00763
0.02496
0.03702
0.05843
0.07050
0.08703
0.09547
0.08200
0.07789
0.10524
0.08524
0.11197
0.10331
0.10307
0.05444
0.04043
0.03297
0.04652
0.05967
0.06735
0.06679
0.06597
0.07401
0.06543
0.02886
0.05709
0.06648
0.07538
0.07809
0.08375
0.06788
0.06336
0.06158
0.06119
0.03955
0.05926
0.05592
0.06373
0.05485
0.02484
0.03269
0.04838
0.05160
0.05328
0.03966
0.03498
0.01765
0.03658
0.08337
0.09283
0.08096
0.03355
0.02032
0.03823
0.09071
0.05972
0.05162
0.03679
0.05162
0.04023
0.04439
0.05592
0.05706
0.04790
0.08215
0.08116
0.08296
0.06852
0.07157
0.07309
0.04426
0.01424
0.02754
0.02099
0.03466
0.06802
0.05634
0.01996
0.00000
0.01441
0.03378
0.00829
0.01441
0.00000
0.02430
0.04368
0.02418
0.08423
0.09414
0.10695
0.15897
0.15488
0.15126
0.16587
0.15767
0.15643
0.16476
0.18360
0.18558
0.17091
0.18124
0.16443
0.23375
0.20808
0.20935
0.22334
0.22109
0.21505
0.20809
0.21952
0.21300
0.21317
0.18564
0.15618
0.16518
0.16094
0.16915
0.18286
0.17345
0.16900
0.15655
0.19405
0.21003
0.21308
0.20715
0.22199
0.20711
0.23371
0.23974
0.25399
0.25117
0.20687
0.20298
0.20224
0.17479
0.16922
0.21967
0.16255
0.11363
0.08794
0.09236
0.05269
0.05397
0.03714
0.01215
0.00320
0.00437
0.01022
0.00810
0.03260
0.00000
0.01452
0.05042
0.04456
0.03862
0.02237
0.02590
0.03714
0.03618
0.05289
0.04747
0.04586
0.04377
0.03850
0.05934
0.06922
0.04925
0.08523
0.10173
0.08659
0.09207
0.10917
0.08506
0.06005
0.07655
0.07338
0.08876
0.09770
0.08553
0.09506
0.08097
0.08173
0.06817
0.02285
0.00832
0.04298
0.02318
0.04758
0.03149
0.04345
0.06152
0.04391
0.03217
0.05047
0.08213
0.08960
0.09689
0.09179
0.10609
0.08618
0.09712
0.08747
0.09501
0.12138
0.10145
0.09264
0.12074
0.12433
0.11857
0.11069
0.09527
0.11634
0.14055
0.10874
0.10380
0.06732
0.05542
0.06261
0.02917
0.05982
0.07708
0.07728
0.07510
0.12609
0.11640
0.10394
0.12193
0.14813
0.13401
0.13253
0.12752
0.09800
0.10877
0.07585
0.06962
0.03737
0.00645
0.01877
0.02737
0.03380
0.03940
0.04375
0.03135
0.00835
0.02414
0.04611
0.03963
0.04282
0.09296
0.11358
0.10610
0.08847
0.06769
0.07686
0.06933
0.09526
0.05092
0.04496
0.03706
0.02912
0.03541
0.03080
0.01530
0.00884
0.01695
0.01652
0.05264
0.03879
0.00001
0.03265
0.05297
0.04478
0.07579
0.10713
0.11921
0.11268
0.13471
0.08262
0.07966
0.08367
0.05694
0.05846
0.06156
0.08771
0.08852
0.07796
0.08184
0.08826
0.07180
0.07324
0.05236
0.03518
0.04440
0.06406
0.07749
0.09646
0.09275
0.05270
0.02181
0.04401
0.07076
0.06369
0.07385
0.10661
0.06046
0.09037
0.10509
0.12610
0.09910
0.09745
0.06602
0.09427
0.10499
0.11468
0.13298
0.13443
0.15675
0.16550
0.15743
0.15218
0.14263
0.11697
0.15918
0.14571
0.13994
0.13255
0.13107
0.11159
0.10188
0.11713
0.11508
0.08814
0.06720
0.08744
0.09744
0.08274
0.07718
0.09480
0.06298
0.03349
0.00677
0.02481
0.03816
0.04413
0.13297
0.13298
0.13693
0.13760
0.14688
0.15374
0.10610
0.09318
0.10245
0.15393
0.13889
0.10663
0.10472
0.12448
0.14165
0.11088
0.11082
0.12374
0.07662
0.10743
0.08200
0.09965
0.07599
0.09075
0.06911
0.07295
0.07626
0.11884
0.11322
0.11708
0.10258
0.12843
0.12052
0.10704
0.12322
0.11603
0.05673
0.09631
0.09623
0.07625
0.06339
0.08079
0.07310
0.07510
0.10647
0.10058
0.12028
0.17747
0.14724
0.14212
0.09936
0.12201
0.13293
0.16157
0.18837
0.15829
0.18076
0.17208
0.17398
0.18774
0.17266
0.16747
0.16091
0.12799
0.12879
0.10873
0.07520
0.05862
0.08516
0.06052
0.04007
0.01318
0.00000
0.01718
0.01718
0.01660
0.06577
0.01693
0.01436
0.00000
0.03669
0.03188
0.03742
0.00196
0.00102
0.00585
0.00344
0.01292
0.00546
0.01719
0.05557
0.04598
0.00705
0.02880
0.04003
0.07903
0.02829
0.02224
0.02117
0.04336
0.02055
0.04260
0.05549
0.04974
0.02444
0.04815
0.07087
0.05423
0.05297
0.03443
0.04242
0.05157
0.02819
0.00546
0.00000
0.02336
0.00974
0.01615
0.00237
0.03067
0.03413
0.03303
0.02946
0.00002
0.00883
0.02141
0.00000
0.00000
0.01253
0.02717
0.04309
0.03399
0.05003
0.06472
0.08318
0.08377
0.08289
0.10485
0.11007
0.11673
0.12503
0.10202
0.13406
0.12022
0.07208
0.07557
0.10742
0.08645
0.07725
0.05513
0.04177
0.06023
0.07368
0.11136
0.09611
0.07104
0.09321
0.09529
0.08854
0.07393
0.07394
0.03787
0.02721
0.05895
0.08518
0.06962
0.07322
0.04165
0.03747
0.05292
0.04407
0.04386
0.03884
0.02566
0.00960
0.01507
0.02716
0.04435
0.04712
0.02992
0.04764
0.03337
0.04308
0.03511
0.09053
0.08900
0.09820
0.06769
0.04351
0.03607
0.02668
0.02946
0.00000
0.00000
0.00440
0.02846
0.04358
0.01837
0.03163
0.05173
0.06825
0.07717
0.03829
0.03359
0.02363
0.02306
0.01253
0.03137
0.01372
0.01992
0.03190
0.01086
0.02877
0.01990
0.04584
0.02797
0.03905
0.02637
0.02519
0.00422
0.02556
0.04817
0.06974
0.08869
0.08245
0.07202
0.06627
0.06942
0.06227
0.05445
0.04921
0.03300
0.02514
0.02487
0.00859
0.04278
0.06515
0.07946
0.08383
0.06975
0.05590
0.05275
0.05810
0.05104
0.05053
0.03942
0.04530
0.04362
0.05296
0.04821
0.03489
0.01973
0.01029
0.01628
0.01788
0.01158
0.05029
0.08328
0.07222
0.05348
0.05523
0.05199
0.07137
0.02731
0.00139
0.01043
0.02439
0.02109
0.03136
0.03733
0.05225
0.07498
0.06180
0.05190
0.00024
0.01504
0.03319
0.02974
0.07710
0.06230
0.09787
0.08357
0.07323
0.08685
0.09784
0.05895
0.07871
0.08903
0.06606
0.08356
0.11877
0.10892
0.08170
0.11461
0.10585
0.10406
0.09932
0.07620
0.07062
0.06401
0.05463
0.06767
0.11142
0.09300
0.07167
0.08348
0.06643
0.09517
0.11132
0.09922
0.10315
0.07998
0.08413
0.08825
0.10261
0.07602
0.04604
0.04998
0.04118
0.03192
0.02289
0.04655
0.06985
0.05775
0.03463
0.03161
0.06680
0.07580
0.04814
0.03421
0.04697
0.05051
0.04561
0.02228
0.04859
0.05351
0.04748
0.05122
0.05085
0.01017
0.01421
0.02769
0.08353
0.12557
0.14255
0.18835
0.18793
0.16304
0.11267
0.10824
0.10037
0.11785
0.10287
0.13311
0.08798
0.11837
0.13409
0.12582
0.14445
0.14300
0.12413
0.12938
0.14655
0.11913
0.11897
0.09531
0.12298
0.09585
0.09070
0.09637
0.08334
0.06915
0.05212
0.05959
0.04309
0.10943
0.09344
0.08868
0.06382
0.01583
0.03594
0.04874
0.03326
0.10318
0.07121
0.07064
0.01657
0.01070
0.01626
0.01696
0.01231
0.00000
0.01083
0.05754
0.06083
0.07353
0.07719
0.06490
0.06323
0.06384
0.03916
0.06771
0.11363
0.06295
0.05325
0.06757
0.04069
0.01646
0.02413
0.04203
0.05283
0.09328
0.05572
0.05006
0.07993
0.16123
0.15546
0.19072
0.19704
0.19167
0.19857
0.24357
0.20470
0.20755
0.20206
0.20167
0.18635
0.18150
0.15738
0.18017
0.17545
0.15676
0.18640
0.17913
0.17033
0.15787
0.12587
0.09695
0.13870
0.14371
0.12529
0.15514
0.20093
0.20284
0.21206
0.24240
0.27227
0.24812
0.22309
0.22055
0.17237
0.17724
0.16400
0.16424
0.16229
0.15272
0.13912
0.12892
0.10635
0.08295
0.07193
0.02402
0.04725
0.02914
0.03245
0.04026
0.04332
0.02294
0.05384
0.02635
0.03086
0.02003
0.00000
0.01379
0.00756
0.04116
0.06821
0.07721
0.12316
0.13409
0.09531
0.06154
0.08847
0.09075
0.10547
0.07065
0.10291
0.07341
0.07919
0.06325
0.09337
0.08378
0.08914
0.07706
0.09620
0.06421
0.05075
0.06381
0.05291
0.06338
0.07971
0.08019
0.06677
0.03698
0.02745
0.01508
0.00738
0.05503
0.08066
0.11930
0.11383
0.08160
0.10944
0.08603
0.07758
0.07826
0.07826
0.06975
0.07188
0.05899
0.02771
0.02835
0.03470
0.01502
0.01577
0.00000
0.00000
0.01575
0.03324
0.02464
0.02536
0.04026
0.06150
0.07564
0.07530
0.10021
0.06444
0.08997
0.08641
0.09778
0.04613
0.08610
0.06776
0.03845
0.02235
0.02420
0.02192
0.03721
0.03342
0.00268
0.00281
0.00710
0.03439
0.02271
0.02620
0.01872
0.00181
0.01677
0.01665
0.02256
0.01704
0.01937
0.01865
0.04809
0.04532
0.04140
0.09796
0.09340
0.12146
0.12334
0.09728
0.09593
0.07912
0.06585
0.05418
0.07922
0.09115
0.05702
0.05757
0.08312
0.04829
0.09870
0.09730
0.10638
0.09651
0.09256
0.08852
0.08332
0.08044
0.09345
0.11872
0.14310
0.13859
0.14501
0.11924
0.11066
0.09887
0.07124
0.09190
0.08430
0.06678
0.06538
0.06908
0.10809
0.09489
0.05939
0.08761
0.08177
0.08175
0.05923
0.06456
0.10291
0.10510
0.10064
0.09910
0.09507
0.12642
0.15343
0.19688
0.22700
0.20976
0.21309
0.21748
0.17461
0.10557
0.11345
0.09010
0.13922
0.14310
0.11157
0.12478
0.10088
0.11030
0.13736
0.11898
0.13138
0.14750
0.13446
0.15873
0.17023
0.16469
0.13208
0.10931
0.10513
0.11480
0.10920
0.09256
0.06433
0.05338
0.04660
0.02008
0.02128
0.01844
0.01560
0.05261
0.04172
0.04117
0.01392
0.01750
0.06798
0.05280
0.03212
0.03583
0.05385
0.07709
0.06604
0.07771
0.06991
0.07662
0.10072
0.13366
0.11077
0.11956
0.12308
0.11663
0.11817
0.09113
0.08330
0.08462
0.10976
0.10517
0.07758
0.07002
0.06659
0.06297
0.06015
0.02601
0.00000
0.00000
0.01325
0.00993
0.01516
0.02786
0.04153
0.01813
0.04106
0.04731
0.02390
0.01707
0.01715
0.02156
0.06454
0.08304
0.08398
0.09533
0.08499
0.08757
0.09796
0.11614
0.11028
0.11013
0.09652
0.05576
0.04048
0.04875
0.01852
0.03316
0.03516
0.05739
0.05242
0.05657
0.08066
0.10199
0.08246
0.08779
0.08714
0.07742
0.05756
0.03705
0.05936
0.07775
0.07002
0.06483
0.07042
0.07121
0.08642
0.07738
0.04963
0.08095
0.13157
0.07224
0.10471
0.08840
0.09943
0.07696
0.06780
0.07500
0.08268
0.10571
0.09915
0.12213
0.12133
0.13013
0.14922
0.11321
0.07053
0.11946
0.11431
0.14094
0.12462
0.14625
0.15996
0.18283
0.14782
0.16706
0.15153
0.16331
0.21346
0.18675
0.19369
0.18623
0.19197
0.20342
0.19409
0.16370
0.17303
0.19385
0.16866
0.18925
0.21717
0.21294
0.19351
0.13232
0.08607
0.09383
0.08801
0.08301
0.06642
0.04299
0.04806
0.04317
0.03129
0.01896
0.00617
0.06476
0.10544
0.12535
0.14098
0.15702
0.13378
0.14238
0.12439
0.10491
0.09311
0.09862
0.14381
0.15487
0.17426
0.18384
0.22480
0.20428
0.20828
0.20647
0.17665
0.18665
0.16002
0.17912
0.18228
0.13904
0.14734
0.16814
0.14437
0.13424
0.07626
0.05132
0.04797
0.04661
0.05198
0.03759
0.04081
0.06151
0.09495
0.08987
0.06332
0.09392
0.08126
0.10086
0.08674
0.08780
0.08014
0.08641
0.08157
0.09219
0.10323
0.11602
0.11555
0.12211
0.11747
0.09015
0.08650
0.09676
0.08252
0.07547
0.05038
0.06074
0.07874
0.08033
0.07066
0.07281
0.07901
0.08139
0.09581
0.08801
0.11588
0.12964
0.11388
0.08875
0.05160
0.04591
0.04426
0.01001
0.01773
0.04451
0.03193
0.02067
0.06660
0.05281
0.06037
0.02748
0.03980
0.04405
0.05947
0.04775
0.03705
0.04512
0.00968
0.03843
0.03546
0.02300
0.01084
0.00616
0.01526
0.00216
0.00000
0.01924
0.03224
0.07213
0.07203
0.05480
0.04360
0.05561
0.04300
0.03147
0.07391
0.06532
0.04297
0.03357
0.04248
0.06084
0.05137
0.05289
0.04980
0.02051
0.04076
0.03566
0.01877
0.04000
0.05561
0.06842
0.02306
0.01364
0.01899
0.01135
0.00000
0.01157
0.01115
0.04197
0.01968
0.01155
0.02408
0.04864
0.08332
0.09375
0.07066
0.07317
0.08140
0.09058
0.08413
0.09261
0.04012
0.04237
0.01672
0.02431
0.01676
0.01944
0.01546
0.06065
0.07761
0.09022
0.08135
0.08719
0.08473
0.09041
0.07971
0.07420
0.09484
0.08509
0.09790
0.05463
0.02857
0.04109
0.01941
0.01927
0.00959
0.05294
0.06618
0.09208
0.10766
0.09545
0.04272
0.03049
0.02655
0.00688
0.03364
0.03190
0.03561
0.03752
0.02717
0.01034
0.00728
0.01658
0.00631
0.05776
0.00026
0.00000
0.01997
0.01828
0.01488
0.00163
0.00477
0.00493
0.03147
0.03549
0.01510
0.02796
0.03221
0.04739
0.01955
0.02052
0.02410
0.03322
0.02222
0.01601
0.02286
0.02251
0.01606
0.00148
0.01943
0.05569
0.07802
0.05718
0.02698
0.06916
0.05098
0.06532
0.03620
0.06954
0.06488
0.01693
0.02243
0.06260
0.06425
0.03317
0.04849
0.04557
0.05360
0.08608
0.12134
0.11026
0.14124
0.13680
0.14694
0.14470
0.12264
0.10342
0.11840
0.10924
0.08511
0.09876
0.10840
0.10486
0.09062
0.10305
0.10814
0.09774
0.10514
0.08301
0.08636
0.05173
0.06119
0.07460
0.06786
0.07003
0.11763
0.12628
0.12082
0.18142
0.16845
0.16262
0.16488
0.14803
0.16668
0.15701
0.15168
0.19309
0.16269
0.14463
0.12341
0.11068
0.07384
0.13251
0.13269
0.15247
0.11819
0.14082
0.13092
0.08901
0.09723
0.12067
0.11161
0.10369
0.11616
0.12902
0.14903
0.13980
0.15641
0.13117
0.11868
0.13136
0.08811
0.08143
0.07942
0.09415
0.09544
0.09890
0.10676
0.09469
0.10293
0.07054
0.08761
0.10012
0.13702
0.13645
0.12052
0.10399
0.07672
0.10302
0.11896
0.13719
0.10800
0.11068
0.05060
0.09959
0.08885
0.02952
0.01957
0.02799
0.05926
0.04829
0.05970
0.06179
0.08601
0.08579
0.10700
0.11404
0.10198
0.09448
0.08667
0.07279
0.07831
0.12397
0.10865
0.06181
0.08954
0.09782
0.10089
0.12130
0.14331
0.17189
0.16098
0.10024
0.11134
0.11767
0.15684
0.15299
0.13571
0.13149
0.14925
0.18881
0.18720
0.17863
0.20707
0.18236
0.14028
0.14852
0.13889
0.13988
0.15513
0.14947
0.15018
0.15425
0.13530
0.11101
0.12604
0.13952
0.14543
0.19145
0.15955
0.16776
0.16868
0.17242
0.14707
0.11222
0.10735
0.10718
0.07578
0.06425
0.05040
0.10750
0.06882
0.04721
0.06803
0.05654
0.08077
0.09237
0.09409
0.12928
0.14483
0.14229
0.09513
0.11865
0.12635
0.10979
0.08446
0.07296
0.06686
0.07782
0.07038
0.06421
0.04975
0.06810
0.06426
0.04687
0.03920
0.05610
0.03753
0.03431
0.02883
0.02373
0.01209
0.05888
0.05141
0.05320
0.04544
0.04845
0.04103
0.02748
0.03136
0.04152
0.07954
0.08092
0.12699
0.10633
0.09334
0.09389
0.08020
0.07298
0.08238
0.08732
0.06186
0.05034
0.05018
0.01376
0.02616
0.01790
0.01325
0.00930
0.02015
0.01019
0.03973
0.00173
0.03820
0.03555
0.03460
0.02270
0.02669
0.00988
0.00877
0.05273
0.04498
0.08530
0.08908
0.07299
0.06525
0.05030
0.02184
0.01991
0.06356
0.07745
0.09460
0.07081
0.08377
0.09970
0.08431
0.08941
0.09346
0.11020
0.06576
0.08056
0.07140
0.12789
0.13268
0.12655
0.14973
0.15014
0.17247
0.14328
0.14534
0.14771
0.13914
0.13968
0.09314
0.07521
0.10259
0.08353
0.07808
0.10010
0.09014
0.11763
0.13534
0.13068
0.13432
0.13283
0.11647
0.09600
0.12693
0.13690
0.10573
0.10202
0.13095
0.14042
0.15074
0.13219
0.09373
0.08643
0.08909
0.08640
0.05923
0.02049
0.03404
0.04312
0.03108
0.02713
0.02104
0.00486
0.02673
0.00925
0.00909
0.01283
0.00391
0.00368
0.00811
0.02263
0.04786
0.04763
0.06113
0.03638
0.05290
0.05635
0.03576
0.03033
0.01980
0.02112
0.02833
0.03471
0.03960
0.08822
0.09578
0.08407
0.11431
0.13047
0.14843
0.12986
0.14722
0.14798
0.14691
0.13604
0.13441
0.17458
0.15815
0.10722
0.12761
0.14165
0.12958
0.12129
0.12551
0.10079
0.10911
0.13651
0.07623
0.07423
0.04156
0.00875
0.02890
0.03744
0.05788
0.08477
0.06853
0.04874
0.06978
0.04288
0.03327
0.04646
0.05030
0.04661
0.06378
0.03459
0.02633
0.01965
0.00844
0.00006
0.02640
0.05557
0.03983
0.03977
0.02746
0.05697
0.03197
0.04417
0.06345
0.03225
0.04805
0.11795
0.10522
0.07718
0.07141
0.04543
0.03576
0.01956
0.07238
0.10355
0.11369
0.12361
0.11651
0.11616
0.11989
0.12055
0.11633
0.07411
0.06565
0.08225
0.07849
0.03654
0.01824
0.04020
0.05419
0.08381
0.08683
0.12946
0.12609
0.10863
0.11374
0.11158
0.11657
0.11280
0.11550
0.11070
0.11710
0.12149
0.13498
0.13540
0.13904
0.13108
0.11147
0.08198
0.03295
0.04738
0.08616
0.10492
0.09780
0.07388
0.08700
0.08490
0.10394
0.08548
0.07644
0.05331
0.10847
0.07080
0.07270
0.11347
0.11320
0.07416
0.06445
0.08648
0.05765
0.02108
0.02903
0.07691
0.05976
0.07387
0.07021
0.04498
0.05938
0.05017
0.04482
0.08341
0.10176
0.11643
0.16182
0.19647
0.17964
0.17770
0.16893
0.17351
0.13245
0.15363
0.18150
0.17800
0.16370
0.16465
0.16264
0.16355
0.15503
0.13532
0.13533
0.11896
0.12012
0.09897
0.09586
0.04674
0.05918
0.09565
0.11119
0.10362
0.10129
0.13388
0.12223
0.09132
0.07797
0.09430
0.06184
0.04494
0.02165
0.02074
0.02210
0.04526
0.02025
0.03180
0.03108
0.03662
0.05224
0.05153
0.04841
0.07512
0.05597
0.06295
0.08720
0.07850
0.09510
0.08737
0.14453
0.13408
0.14199
0.15417
0.18066
0.16213
0.12751
0.13366
0.11833
0.13530
0.14206
0.14311
0.11459
0.08922
0.08595
0.08220
0.09176
0.05499
0.02158
0.01299
0.02987
0.02827
0.01296
0.02624
0.01827
0.01057
0.02868
0.03961
0.07017
0.09076
0.11048
0.10372
0.11919
0.09714
0.11864
0.12025
0.13477
0.11475
0.06902
0.06240
0.08347
0.09607
0.08526
0.10542
0.09695
0.09472
0.08777
0.10818
0.12699
0.08540
0.10916
0.10610
0.11964
0.12414
0.13218
0.11746
0.12969
0.10138
0.09538
0.09337
0.09300
0.10408
0.07819
0.03633
0.03687
0.02868
0.02348
0.03078
0.02851
0.02483
0.04623
0.05236
0.06352
0.05340
0.05363
0.06448
0.07561
0.09669
0.09756
0.09453
0.07770
0.06907
0.07084
0.04422
0.05820
0.07344
0.05821
0.08577
0.09694
0.06960
0.06385
0.03927
0.05231
0.01584
0.00902
0.00000
0.00898
0.01099
0.01009
0.01352
0.00146
0.00329
0.01102
0.02077
0.00824
0.00000
0.02518
0.03975
0.02721
0.04953
0.03680
0.07522
0.07603
0.07351
0.05194
0.06440
0.07625
0.07970
0.06487
0.04532
0.05132
0.06577
0.06668
0.06344
0.05366
0.03679
0.01346
0.00801
0.03650
0.00681
0.03137
0.01988
0.02470
0.03734
0.06174
0.05495
0.04753
0.10866
0.08237
0.02330
0.06856
0.04445
0.01996
0.02396
0.03672
0.06262
0.08370
0.05350
0.06020
0.06558
0.00978
0.00714
0.04787
0.05496
0.03163
0.01328
0.06758
0.07162
0.03881
0.01704
0.03176
0.02748
0.02898
0.02296
0.02534
0.06330
0.07103
0.06514
0.06421
0.06832
0.09625
0.07385
0.08283
0.08236
0.09866
0.10340
0.09330
0.10350
0.09687
0.08142
0.06667
0.07402
0.06788
0.09837
0.18459
0.17306
0.19653
0.18312
0.15264
0.18515
0.19439
0.19828
0.16859
0.18377
0.14706
0.18238
0.17769
0.15337
0.14321
0.17128
0.17758
0.11192
0.11192
0.09980
0.11093
0.10018
0.07602
0.06399
0.04900
0.04043
0.07552
0.07229
0.06927
0.07074
0.15315
0.15603
0.12998
0.15041
0.11696
0.12650
0.12207
0.13197
0.11443
0.11773
0.11918
0.06821
0.12169
0.11943
0.12041
0.11321
0.09868
0.08724
0.08663
0.07783
0.05984
0.05220
0.03109
0.00000
0.00000
0.03376
0.01915
0.01861
0.03552
0.03053
0.02001
0.07795
0.07068
0.06474
0.06573
0.07179
0.07191
0.06036
0.06501
0.07717
0.09891
0.10768
0.12511
0.11558
0.09247
0.09316
0.07664
0.05852
0.06761
0.04474
0.04759
0.04232
0.03763
0.00574
0.00784
0.01393
0.05105
0.01219
0.04034
0.04020
0.06456
0.05144
0.06983
0.06276
0.09011
0.06448
0.09806
0.06698
0.10328
0.06848
0.04640
0.05724
0.04755
0.06872
0.10650
0.11295
0.10120
0.09580
0.06854
0.07390
0.09781
0.09954
0.09912
0.08873
0.06158
0.09655
0.08655
0.06165
0.03424
0.07231
0.08588
0.09057
0.07476
0.03031
0.04110
0.05671
0.04099
0.04169
0.02377
0.03312
0.06668
0.06117
0.08436
0.09706
0.11076
0.11067
0.10115
0.08347
0.05209
0.06239
0.05358
0.03622
0.02077
0.02863
0.01271
0.01299
0.00623
0.01733
0.05236
0.06174
0.06245
0.07285
0.05221
0.04339
0.01786
0.01258
0.03662
0.02378
0.01346
0.05773
0.05773
0.02716
0.01695
0.01089
0.02966
0.03598
0.02197
0.01556
0.00607
0.03672
0.02161
0.04397
0.02924
0.01013
0.01680
0.05865
0.03340
0.03293
0.06900
0.06300
0.04028
0.07590
0.06597
0.08614
0.07654
0.06025
0.08864
0.08708
0.09685
0.11787
0.11593
0.07792
0.08754
0.07930
0.05308
0.05034
0.02557
0.03670
0.05626
0.02821
0.01881
0.05709
0.06245
0.08748
0.07420
0.02640
0.06896
0.07526
0.06027
0.09068
0.09334
0.06372
0.05844
0.02030
0.04927
0.05903
0.07215
0.07105
0.09627
0.10173
0.09786
0.08519
0.04829
0.04074
0.01152
0.00444
0.02834
0.03480
0.05304
0.02574
0.03966
0.06587
0.07600
0.04914
0.02361
0.01136
0.01919
0.00847
0.02812
0.02664
0.01263
0.03648
0.00843
0.03279
0.05109
0.04894
0.05481
0.06312
0.07518
0.10121
0.08126
0.09429
0.09459
0.07291
0.07288
0.07820
0.06787
0.06166
0.05793
0.04086
0.04111
0.06939
0.08892
0.07952
0.09098
0.10073
0.13125
0.12360
0.13429
0.18256
0.17020
0.15297
0.11690
0.11199
0.10190
0.08719
0.08628
0.06662
0.03115
0.03909
0.05886
0.05776
0.04690
0.03427
0.04976
0.05903
0.03520
0.04132
0.01303
0.04083
0.04523
0.03384
0.06395
0.04128
0.06531
0.08495
0.08647
0.09937
0.10396
0.12165
0.09763
0.12674
0.13594
0.11311
0.15145
0.11238
0.10810
0.13497
0.12791
0.08939
0.08600
0.09151
0.06825
0.08104
0.10199
0.11485
0.10352
0.13265
0.13978
0.13631
0.14356
0.18136
0.18330
0.12843
0.12885
0.11338
0.09424
0.11415
0.14205
0.09605
0.04834
0.00509
0.02022
0.04134
0.03198
0.02335
0.00000
0.01599
0.04620
0.06915
0.07154
0.07823
0.04954
0.04016
0.07859
0.08674
0.06290
0.05000
0.05166
0.05045
0.07468
0.08807
0.09757
0.10947
0.11225
0.11455
0.12789
0.10429
0.13723
0.13111
0.10721
0.09654
0.11431
0.10910
0.09941
0.12193
0.11389
0.10624
0.07465
0.08139
0.10128
0.09109
0.07377
0.06096
0.06738
0.08807
0.08273
0.08258
0.08325
0.08321
0.09422
0.09708
0.06395
0.05947
0.06054
0.05210
0.07056
0.03795
0.07657
0.09712
0.10611
0.10693
0.11490
0.09874
0.08352
0.09867
0.08471
0.08271
0.10120
0.10635
0.09743
0.12743
0.08069
0.10521
0.12797
0.04933
0.07215
0.07696
0.09373
0.09773
0.08528
0.03549
0.00215
0.00705
0.01865
0.01860
0.00271
0.03675
0.03488
0.03290
0.03344
0.08254
0.04992
0.07629
0.03886
0.01545
0.02195
0.04107
0.06529
0.08128
0.07497
0.09733
0.09888
0.03587
0.06146
0.06697
0.07194
0.07338
0.06610
0.07983
0.06021
0.03458
0.05576
0.05472
0.04459
0.04729
0.06959
0.03836
0.03236
0.02372
0.01307
0.04388
0.00516
0.00882
0.01499
0.02619
0.03964
0.05438
0.02507
0.03625
0.03579
0.03075
0.02285
0.03850
0.05431
0.01992
0.01608
0.03887
0.01909
0.00394
0.02463
0.04384
0.03554
0.01581
0.04553
0.06295
0.07839
0.06542
0.08503
0.07148
0.07661
0.08999
0.10898
0.08451
0.06721
0.05467
0.00971
0.04343
0.03382
0.02252
0.00827
0.04992
0.05627
0.06136
0.06737
0.03430
0.05679
0.08186
0.07663
0.04603
0.05674
0.04728
0.03977
0.02962
0.05449
0.05613
0.04270
0.05851
0.08633
0.02438
0.01777
0.00000
0.02510
