0.01248
0.02315
0.01224
0.00845
0.00753
0.01122
0.01476
0.03955
0.02962
0.01823
0.04035
0.03691
0.00434
0.02423
0.02603
0.00976
0.04097
0.07115
0.07904
0.09293
0.10444
0.10584
0.09662
0.10080
0.03996
0.03326
0.03595
0.03040
0.00795
0.02586
0.02445
0.03935
0.03514
0.05039
0.05235
0.07245
0.09026
0.11201
0.12807
0.16979
0.16970
0.18606
0.15895
0.11159
0.09407
0.09712
0.06252
0.06496
0.05137
0.03586
0.03110
0.02466
0.04482
0.03394
0.06154
0.07544
0.11854
0.14863
0.17324
0.19893
0.20381
0.19851
0.17054
0.16697
0.15741
0.13163
0.14449
0.15116
0.15071
0.14134
0.13828
0.13504
0.14156
0.14347
0.12205
0.12519
0.11450
0.10031
0.08589
0.06182
0.03297
0.02684
0.02174
0.03479
0.00893
0.01478
0.01297
0.02252
0.03069
0.01992
0.00975
0.03591
0.03501
0.03058
0.01794
0.04681
0.04571
0.04902
0.05130
0.06784
0.07470
0.10162
0.10768
0.11499
0.07604
0.08915
0.12814
0.16250
0.15932
0.15809
0.18270
0.17058
0.13785
0.11941
0.14664
0.14664
0.14719
0.13008
0.15414
0.14744
0.16889
0.15368
0.15719
0.16959
0.15965
0.15458
0.14054
0.14740
0.13760
0.14875
0.15227
0.09206
0.08531
0.08300
0.08020
0.07999
0.07355
0.07208
0.05465
0.00795
0.03951
0.05277
0.05801
0.04730
0.05660
0.04562
0.03676
0.02100
0.01826
0.02588
0.03263
0.04889
0.02945
0.06972
0.09889
0.07841
0.08291
0.08540
0.11362
0.15465
0.16584
0.16490
0.18065
0.15314
0.15493
0.16048
0.17141
0.16231
0.09472
0.13871
0.15899
0.18822
0.21337
0.21990
0.23601
0.19510
0.20511
0.22363
0.23869
0.20866
0.19792
0.24104
0.17171
0.17567
0.18920
0.19032
0.17777
0.20794
0.22233
0.21706
0.25798
0.25144
0.24580
0.26082
0.26297
0.28366
0.29289
0.28782
0.32171
0.29615
0.30289
0.31685
0.33826
0.33442
0.32498
0.33996
0.31287
0.31293
0.29575
0.31901
0.34803
0.38432
0.42742
0.45317
0.45880
0.45166
0.43628
0.42180
0.45406
0.48349
0.49788
0.47036
0.48368
0.47856
0.48628
0.52171
0.47382
0.45478
0.44462
0.40329
0.44173
0.44989
0.43244
0.43186
0.43941
0.44748
0.44066
0.42214
0.39898
0.39946
0.41772
0.38836
0.38001
0.39656
0.31747
0.31939
0.33196
0.31800
0.29090
0.27824
0.22452
0.23174
0.22570
0.25191
0.24765
0.23430
0.19324
0.16460
0.16020
0.16325
0.16235
0.12697
0.11881
0.14124
0.15562
0.14632
0.12466
0.12259
0.12959
0.12762
0.08592
0.08556
0.11040
0.08407
0.04794
0.04222
0.04209
0.06281
0.04478
0.03573
0.04763
0.04845
0.05566
0.06305
0.04924
0.07741
0.07585
0.06811
0.06220
0.08659
0.03536
0.02467
0.02346
0.02266
0.02326
0.03168
0.04212
0.06001
0.07245
0.03993
0.02601
0.04516
0.04696
0.06283
0.07036
0.08085
0.11328
0.11236
0.09941
0.11856
0.15728
0.13390
0.10207
0.07673
0.07829
0.07950
0.08400
0.08737
0.11879
0.14921
0.16586
0.17931
0.15625
0.16527
0.17279
0.18419
0.20836
0.21816
0.21903
0.20779
0.18964
0.19791
0.20341
0.16925
0.19559
0.18260
0.16610
0.14358
0.12880
0.12071
0.07371
0.06313
0.06657
0.09719
0.09554
0.06606
0.10559
0.09599
0.09544
0.10693
0.07456
0.07664
0.07664
0.04008
0.06618
0.04876
0.04179
0.04806
0.04666
0.04865
0.05114
0.06557
0.07038
0.06167
0.05236
0.07470
0.10043
0.08341
0.10279
0.12650
0.18152
0.21282
0.21350
0.23329
0.25575
0.25674
0.23120
0.23886
0.22079
0.17435
0.16799
0.20428
0.22291
0.20223
0.20059
0.20468
0.17340
0.14847
0.14868
0.15436
0.13080
0.09969
0.09011
0.13028
0.15345
0.15205
0.17005
0.15431
0.14423
0.18476
0.16296
0.15151
0.16149
0.15182
0.18566
0.19976
0.17669
0.18025
0.17773
0.14419
0.14026
0.17025
0.18477
0.17224
0.18024
0.11578
0.14752
0.15850
0.13263
0.09422
0.06674
0.06432
0.04160
0.02566
0.07752
0.05881
0.09578
0.06825
0.04768
0.05339
0.05193
0.04156
0.04911
0.10536
0.09156
0.11070
0.09417
0.09217
0.06546
0.09420
0.09788
0.13703
0.13142
0.13862
0.14828
0.13656
0.13819
0.15334
0.10993
0.09370
0.10349
0.11360
0.11765
0.11992
0.10676
0.08918
0.10040
0.07843
0.09447
0.07999
0.10976
0.11781
0.09576
0.12416
0.11174
0.06870
0.06800
0.05916
0.08348
0.09004
0.06726
0.03279
0.01803
0.02150
0.03337
0.02149
0.02165
0.02212
0.04109
0.05288
0.08684
0.06699
0.06956
0.08141
0.10364
0.10777
0.09838
0.08831
0.11203
0.11710
0.09102
0.09470
0.09627
0.09052
0.08960
0.08463
0.08264
0.11056
0.10907
0.10236
0.09438
0.08773
0.09701
0.07839
0.05638
0.05843
0.02365
0.03434
0.03261
0.02098
0.01934
0.04525
0.06332
0.06548
0.06702
0.06816
0.08074
0.07233
0.09755
0.08943
0.08429
0.03634
0.06703
0.06214
0.07699
0.11430
0.12199
0.09687
0.05282
0.04965
0.06626
0.07315
0.10531
0.08694
0.09137
0.09719
0.09255
0.05690
0.05957
0.06247
0.04808
0.05990
0.04616
0.02082
0.02028
0.02361
0.02624
0.03791
0.03530
0.03636
0.06093
0.05983
0.07183
0.09963
0.12919
0.13962
0.12930
0.15763
0.15078
0.18064
0.17406
0.20717
0.20223
0.20309
0.19344
0.19773
0.18342
0.19447
0.19460
0.18088
0.17289
0.17893
0.16034
0.17599
0.15740
0.12503
0.13777
0.08713
0.12515
0.14590
0.15442
0.13770
0.13473
0.14417
0.15437
0.14629
0.14191
0.17871
0.12580
0.14053
0.15291
0.14627
0.15089
0.12844
0.11709
0.15966
0.16053
0.12460
0.13638
0.12907
0.12103
0.12706
0.13301
0.10220
0.12288
0.13981
0.15028
0.15881
0.16852
0.15673
0.14321
0.15621
0.17288
0.17973
0.15401
0.16118
0.12266
0.11157
0.11339
0.12178
0.10142
0.08520
0.06152
0.05726
0.04442
0.02896
0.03821
0.03027
0.05036
0.04962
0.05412
0.04162
0.10527
0.09138
0.07070
0.07367
0.06842
0.07437
0.07060
0.05418
0.05572
0.04354
0.05231
0.11211
0.10742
0.10831
0.08296
0.02954
0.00000
0.05135
0.07884
0.05378
0.07843
0.09500
0.08250
0.11538
0.12704
0.13673
0.11889
0.13260
0.12154
0.20853
0.19573
0.17317
0.18402
0.26982
0.28465
0.26782
0.26901
0.27111
0.27738
0.29345
0.33898
0.32582
0.31358
0.31452
0.28829
0.27832
0.26634
0.25543
0.26807
0.25313
0.24476
0.25217
0.23242
0.25159
0.27335
0.30140
0.32606
0.33390
0.32673
0.30306
0.26632
0.24161
0.24738
0.28096
0.26067
0.23514
0.22996
0.20954
0.19839
0.20091
0.19827
0.19402
0.17507
0.16669
0.14423
0.15123
0.15909
0.16097
0.16208
0.13124
0.13225
0.19753
0.16195
0.16777
0.16616
0.17160
0.15188
0.17115
0.19119
0.20768
0.21247
0.20878
0.22976
0.23161
0.27278
0.27936
0.28187
0.30027
0.30052
0.34783
0.35893
0.35991
0.36301
0.32325
0.34794
0.35271
0.36169
0.36046
0.36364
0.33229
0.32725
0.30630
0.35117
0.34452
0.34471
0.34585
0.33534
0.33187
0.33764
0.34505
0.37081
0.40030
0.43357
0.41782
0.37492
0.39181
0.34965
0.39458
0.35969
0.36631
0.35497
0.35486
0.35662
0.38932
0.39128
0.40926
0.41428
0.47417
0.41608
0.41824
0.43372
0.42563
0.39902
0.42521
0.41275
0.41737
0.42901
0.43680
0.43793
0.43583
0.46917
0.45924
0.44984
0.45321
0.48346
0.48570
0.46402
0.42675
0.39333
0.41057
0.43300
0.43209
0.44897
0.48003
0.48157
0.49181
0.50973
0.54416
0.57986
0.58522
0.57636
0.53801
0.55680
0.53902
0.55224
0.58863
0.54793
0.53637
0.49560
0.45737
0.51722
0.49523
0.49918
0.50381
0.50322
0.48494
0.52397
0.51839
0.51194
0.50018
0.48686
0.47359
0.48585
0.47593
0.54460
0.56068
0.51961
0.53095
0.51816
0.50358
0.48231
0.48842
0.48891
0.47331
0.49034
0.49685
0.51246
0.50850
0.51977
0.51084
0.51514
0.49015
0.47763
0.49460
0.48866
0.48219
0.48353
0.47173
0.45840
0.45004
0.47461
0.47230
0.47325
0.41252
0.40835
0.42322
0.42262
0.43008
0.43398
0.41596
0.37030
0.37940
0.44905
0.43739
0.42512
0.43239
0.43519
0.46987
0.46324
0.45498
0.48223
0.52724
0.53265
0.52325
0.50195
0.52186
0.53492
0.51157
0.54103
0.57392
0.61042
0.57745
0.59033
0.55785
0.57640
0.56268
0.55112
0.60838
0.61873
0.63007
0.63740
0.61779
0.62732
0.66152
0.69360
0.66927
0.64698
0.63419
0.65369
0.70094
0.70447
0.69174
0.67971
0.68291
0.71192
0.72057
0.72742
0.70679
0.70883
0.71554
0.73442
0.71259
0.72075
0.73456
0.71340
0.71784
0.73526
0.74073
0.71816
0.75181
0.75388
0.72237
0.71339
0.68900
0.68251
0.70789
0.69999
0.70705
0.67916
0.72247
0.72368
0.71946
0.69980
0.68629
0.69420
0.69231
0.75343
0.76406
0.76780
0.78338
0.78754
0.80168
0.78341
0.78328
0.75695
0.74118
0.73905
0.76817
0.78604
0.78703
0.76517
0.76799
0.76849
0.72920
0.74388
0.72263
0.70431
0.70010
0.76044
0.76285
0.73947
0.73304
0.79476
0.77263
0.77451
0.75771
0.76710
0.74185
0.76690
0.76824
0.78873
0.77667
0.75320
0.78214
0.79832
0.78232
0.80289
0.82778
0.79811
0.76835
0.75125
0.73896
0.76755
0.75890
0.76419
0.79145
0.80165
0.80463
0.76532
0.74784
0.74965
0.72935
0.72337
0.71904
0.73776
0.69335
0.71494
0.68094
0.70714
0.70265
0.73256
0.70277
0.67072
0.66256
0.66899
0.64636
0.66144
0.69087
0.72340
0.73071
0.73562
0.69381
0.71695
0.73145
0.73524
0.75333
0.73686
0.71423
0.73497
0.70971
0.72912
0.71824
0.69805
0.72960
0.73956
0.76730
0.74266
0.74089
0.75981
0.74393
0.75244
0.75223
0.75377
0.76088
0.74719
0.75219
0.77380
0.78808
0.77482
0.80426
0.82322
0.80973
0.79043
0.80947
0.78700
0.78920
0.78060
0.76451
0.72437
0.75311
0.79364
0.78729
0.80100
0.78398
0.80312
0.77365
0.79878
0.84841
0.83594
0.83983
0.85086
0.88802
0.91510
0.96249
0.99677
0.98979
0.97911
0.96409
0.96296
0.94704
0.91987
0.89957
0.88341
0.90812
0.91275
0.90268
0.91434
0.93119
0.93894
0.92825
0.94663
0.92795
0.84534
0.85322
0.84911
0.85103
0.85437
0.86822
0.88494
0.86578
0.89024
0.90809
0.92828
0.98270
0.99738
0.99293
0.99990
0.95672
0.90805
0.90846
0.91856
0.89063
0.92214
0.88927
0.93302
0.92447
0.89440
0.87940
0.85968
0.89044
0.90603
0.91325
0.95842
0.98644
0.97309
0.94529
0.95167
0.99219
0.97114
0.95239
0.92016
0.90693
0.94026
0.89890
0.89382
0.88935
0.86057
0.85940
0.85592
0.83658
0.81930
0.84183
0.87573
0.84839
0.84650
0.86291
0.87718
0.86316
0.88424
0.90316
0.91836
0.93290
0.91735
0.92312
0.96202
0.99219
0.98101
0.97696
0.97126
0.91094
0.93418
0.93886
0.96612
0.98050
0.99613
0.99614
0.97107
0.97890
0.95941
0.94314
0.91491
0.91613
0.90969
0.90086
0.89889
0.90084
0.92291
0.95968
0.94965
0.97616
0.97530
0.98685
0.99974
0.98318
0.99856
0.97675
1.00000
0.99484
0.98789
0.96400
0.96499
0.93222
0.99198
0.95410
0.95453
0.98427
0.98933
1.00000
0.99995
0.95337
0.96881
0.98101
0.96965
0.99921
0.99851
0.98858
0.94811
0.93663
0.92057
0.91816
0.91529
0.93123
0.94345
0.95207
0.93613
0.95415
0.93784
0.92411
0.96442
0.98263
0.97921
0.97814
0.97985
0.95200
0.92566
0.89925
0.89808
0.91928
0.94257
0.92439
0.87347
0.88776
0.91425
0.87429
0.84392
0.85609
0.87009
0.86963
0.89042
0.85132
0.84831
0.84167
0.83654
0.79491
0.76297
0.76159
0.68946
0.70448
0.67980
0.64414
0.63362
0.61752
0.61814
0.64018
0.63668
0.64426
0.58418
0.57292
0.61513
0.61696
0.60337
0.58173
0.58315
0.57563
0.53258
0.50718
0.54597
0.56999
0.54909
0.54411
0.51109
0.56561
0.60625
0.57685
0.58040
0.58313
0.57459
0.56273
0.55280
0.59584
0.57872
0.57530
0.57808
0.53599
0.55041
0.54237
0.58547
0.59423
0.57862
0.57880
0.60132
0.61102
0.61505
0.60740
0.64062
0.64039
0.64543
0.61819
0.62549
0.57919
0.58189
0.54419
0.53930
0.50812
0.51073
0.52564
0.50990
0.50133
0.49363
0.54732
0.52001
0.49247
0.50297
0.51843
0.50148
0.51469
0.50908
0.49051
0.45337
0.46775
0.46578
0.45154
0.47140
0.44869
0.42755
0.41077
0.38274
0.40438
0.40552
0.41539
0.41488
0.41048
0.33948
0.34051
0.35536
0.39878
0.38184
0.35841
0.35505
0.34327
0.35322
0.35280
0.38063
0.42158
0.43501
0.41180
0.41470
0.40955
0.42085
0.46592
0.43653
0.43884
0.46404
0.47485
0.44983
0.45647
0.48033
0.51241
0.50172
0.49893
0.54042
0.54906
0.54787
0.52759
0.53535
0.53913
0.54957
0.63157
0.65070
0.64130
0.65250
0.63613
0.59476
0.59812
0.60039
0.54974
0.56183
0.56785
0.54862
0.55185
0.47992
0.47506
0.45945
0.44717
0.51265
0.52076
0.50594
0.50318
0.52802
0.52263
0.53853
0.51560
0.51624
0.49745
0.50267
0.56445
0.54528
0.54493
0.51707
0.51023
0.53588
0.49403
0.52600
0.52670
0.54283
0.51093
0.48150
0.49859
0.46576
0.52120
0.49727
0.49113
0.50066
0.50211
0.48931
0.48573
0.49707
0.52811
0.52137
0.52318
0.49153
0.49866
0.49478
0.49911
0.48798
0.49093
0.44426
0.48826
0.52353
0.51938
0.50984
0.47060
0.47060
0.43946
0.40656
0.41483
0.39938
0.38901
0.35277
0.34561
0.33258
0.33221
0.34955
0.34823
0.30003
0.32300
0.33571
0.39026
0.38265
0.39886
0.39676
0.40141
0.38562
0.41210
0.39629
0.39992
0.35515
0.35946
0.35071
0.34318
0.38057
0.39813
0.39276
0.39571
0.37665
0.35538
0.38014
0.35821
0.35211
0.35143
0.36532
0.36664
0.32992
0.30373
0.25694
0.25351
0.24312
0.26092
0.26149
0.26135
0.25685
0.28214
0.27374
0.34775
0.33077
0.35144
0.35280
0.35638
0.37146
0.36819
0.36933
0.39341
0.41545
0.41030
0.39222
0.40845
0.39101
0.35910
0.36611
0.35857
0.33630
0.34084
0.37916
0.39320
0.40366
0.40848
0.39242
0.38420
0.39496
0.36601
0.37690
0.35114
0.34816
0.34706
0.36565
0.30975
0.25640
0.25230
0.21337
0.23279
0.23017
0.21130
0.24171
0.26191
0.23976
0.25331
0.31391
0.34719
0.33870
0.38976
0.38273
0.38013
0.37289
0.35934
0.34399
0.32753
0.34765
0.29995
0.30708
0.29972
0.29095
0.31560
0.28805
0.23063
0.21520
0.15405
0.17331
0.18835
0.20226
0.18558
0.19560
0.19202
0.18896
0.17685
0.14686
0.11133
0.15487
0.14856
0.14800
0.17090
0.19436
0.22328
0.22885
0.21037
0.19787
0.18035
0.18930
0.17179
0.15066
0.14488
0.11178
0.08119
0.07756
0.07691
0.06305
0.05332
0.06318
0.04688
0.01450
0.04655
0.06286
0.07133
0.07595
0.07163
0.06046
0.11566
0.08038
0.09508
0.10773
0.10207
0.15220
0.14017
0.13588
0.13974
0.13899
0.13882
0.14870
0.14078
0.15318
0.16892
0.18650
0.20835
0.18281
0.17358
0.14918
0.17939
0.14348
0.13408
0.14891
0.16476
0.17605
0.21390
0.25519
0.25568
0.23697
0.24960
0.28785
0.31605
0.34600
0.34377
0.30618
0.30152
0.33641
0.34173
0.33853
0.31126
0.29337
0.30193
0.29461
0.34085
0.29938
0.27359
0.28012
0.24746
0.22583
0.23047
0.23000
0.27495
0.27463
0.27000
0.27606
0.27169
0.29870
0.34900
0.32710
0.34218
0.33058
0.36297
0.34417
0.38089
0.41456
0.44734
0.47155
0.47278
0.47335
0.50252
0.51631
0.51936
0.53722
0.52953
0.53898
0.53128
0.53416
0.55568
0.53232
0.52354
0.50634
0.48276
0.53539
0.56083
0.53925
0.54296
0.49973
0.49970
0.50873
0.54533
0.57349
0.55530
0.52574
0.51537
0.52320
0.54255
0.55509
0.54913
0.50136
0.48864
0.51622
0.51021
0.49461
0.52310
0.51824
0.51096
0.51328
0.51086
0.50918
0.52464
0.56790
0.55513
0.52303
0.48525
0.51955
0.53470
0.56156
0.56429
0.55469
0.53585
0.47985
0.46455
0.44730
0.40008
0.41373
0.42507
0.43198
0.46200
0.48048
0.45913
0.47597
0.48388
0.48055
0.47872
0.44522
0.48027
0.46398
0.47175
0.47462
0.50840
0.48075
0.48739
0.52309
0.49659
0.49321
0.49039
0.47711
0.45140
0.42300
0.37596
0.35587
0.37036
0.35826
0.33843
0.35052
0.33516
0.32172
0.31726
0.32609
0.33435
0.29712
0.29816
0.31824
0.29969
0.29977
0.30774
0.30562
0.29328
0.29634
0.29113
0.27711
0.28328
0.27808
0.27222
0.28061
0.30941
0.29972
0.28771
0.30553
0.26274
0.26637
0.29753
0.28123
0.26977
0.23632
0.22509
0.18794
0.17370
0.12864
0.12449
0.13691
0.11206
0.11559
0.12884
0.11700
0.12039
0.10401
0.10228
0.08339
0.07920
0.07008
0.02876
0.00860
0.03664
0.05677
0.03814
0.04613
0.06890
0.05568
0.05946
0.05621
0.06846
0.06651
0.05401
0.03517
0.01254
0.01760
0.03600
0.00947
0.00630
0.01868
0.06687
0.06873
0.07120
0.06510
0.08862
0.09017
0.10455
0.12977
0.10529
0.07273
0.04712
0.00836
0.02410
0.05993
0.02567
0.01325
0.01227
0.00000
0.00049
0.01886
0.02396
0.04390
0.03619
0.07405
0.07331
0.05762
0.07073
0.04295
0.04079
0.03785
0.01111
0.00143
0.01818
0.04368
0.05417
0.04757
0.05784
0.03863
0.02884
0.03658
0.02614
0.03859
0.03344
0.04369
0.03241
0.01542
0.05226
0.04672
0.05912
0.05098
0.04926
0.07807
0.09756
0.07351
0.07552
0.11904
0.14175
0.16328
0.15707
0.15640
0.14010
0.14048
0.17298
0.16485
0.15053
0.15664
0.15180
0.11095
0.10617
0.11376
0.09978
0.07404
0.06391
0.06189
0.09518
0.09241
0.10105
0.11751
0.12794
0.11555
0.12440
0.11724
0.10708
0.10685
0.11282
0.13421
0.17792
0.16080
0.21096
0.23793
0.28079
0.31784
0.35606
0.36180
0.33078
0.32311
0.34986
0.35463
0.35618
0.37349
0.35170
0.31318
0.36103
0.35056
0.34613
0.36595
0.35427
0.28612
0.28279
0.31533
0.31923
0.36985
0.34570
0.34740
0.35000
0.35397
0.36346
0.35102
0.32362
0.34650
0.31510
0.33063
0.35442
0.34896
0.37576
0.38037
0.39141
0.38374
0.37695
0.37976
0.36470
0.38158
0.38158
0.38394
0.32757
0.30248
0.26064
0.24326
0.30524
0.31620
0.34688
0.35782
0.35514
0.34239
0.31037
0.33518
0.33265
0.33580
0.36435
0.38514
0.39203
0.39392
0.37279
0.38020
0.38472
0.39001
0.39761
0.39643
0.39192
0.37739
0.36972
0.36651
0.36690
0.36844
0.36663
0.36177
0.34155
0.31568
0.23159
0.25117
0.22486
0.22386
0.20014
0.22195
0.24037
0.26482
0.24599
0.23223
0.17273
0.19189
0.18095
0.15798
0.16085
0.14651
0.12961
0.12370
0.12966
0.10590
0.09454
0.13147
0.14601
0.14601
0.14451
0.10073
0.09373
0.10699
0.04686
0.02168
0.05444
0.06758
0.05671
0.06645
0.02973
0.04969
0.07458
0.05329
0.03561
0.02535
0.04204
0.04373
0.06677
0.02583
0.00655
0.00340
0.00000
0.05160
0.04760
0.04414
0.01823
0.03980
0.01067
0.00188
0.02153
0.04225
0.03375
0.01699
0.01898
0.03680
0.04825
0.02339
0.00942
0.01368
0.03381
0.01778
0.00517
0.01447
0.01421
0.00836
0.02244
0.03402
0.00811
0.00186
0.00829
0.01740
0.00102
0.00000
0.01182
0.03121
0.04677
0.07675
0.08888
0.05187
0.05340
0.03066
0.04253
0.03583
0.03632
0.05219
0.03888
0.05495
0.07050
0.09745
0.07642
0.06657
0.06961
0.04089
0.05405
0.09737
0.08873
0.08168
0.08965
0.11654
0.11060
0.10556
0.09299
0.06193
0.04001
0.04723
0.02038
0.04093
0.03626
0.05027
0.03985
0.05538
0.05989
0.07327
0.10579
0.07111
0.06807
0.06931
0.07824
0.10774
0.10961
0.10253
0.11323
0.09105
0.07106
0.04192
0.03015
0.02038
0.01778
0.02550
0.02329
0.02545
0.01625
0.04092
0.06558
0.04466
0.02364
0.03906
0.03011
0.03382
0.07770
0.10460
0.10230
0.10264
0.13308
0.14183
0.14422
0.13048
0.15171
0.15315
0.17108
0.16458
0.20604
0.22500
0.24085
0.22202
0.25041
0.24107
0.25403
0.26339
0.29248
0.30226
0.33308
0.33880
0.31486
0.30153
0.30705
0.31862
0.31600
0.30537
0.33923
0.34133
0.35452
0.39692
0.39324
0.38837
0.41324
0.43316
0.38575
0.34888
0.35311
0.33901
0.34666
0.35759
0.33841
0.33103
0.31639
0.32974
0.32376
0.31307
0.32924
0.34284
0.33880
0.29746
0.35831
0.35200
0.33284
0.31759
0.28564
0.27445
0.26805
0.28523
0.29137
0.29255
0.26199
0.27565
0.29148
0.28457
0.23386
0.25154
0.25456
0.25619
0.28321
0.29713
0.31484
0.32890
0.29067
0.30513
0.27289
0.27858
0.32534
0.30675
0.30497
0.30895
0.29697
0.27996
0.26726
0.26058
0.23259
0.24166
0.20324
0.20728
0.17780
0.14974
0.12760
0.10150
0.07037
0.03792
0.04340
0.03295
0.04026
0.05274
0.06265
0.04771
0.06230
0.08644
0.11445
0.13540
0.13674
0.13533
0.12265
0.13448
0.14279
0.16537
0.15727
0.17881
0.15613
0.13487
0.11414
0.11684
0.14383
0.15466
0.14880
0.14730
0.12252
0.09296
0.14447
0.13679
0.14918
0.15205
0.15438
0.15700
0.14941
0.19557
0.15332
0.17541
0.17314
0.18142
0.18093
0.18926
0.18782
0.17333
0.16368
0.15778
0.13075
0.12929
0.14426
0.13395
0.12546
0.12960
0.13334
0.08908
0.06063
0.09262
0.09375
0.11777
0.11709
0.11473
0.09790
0.11422
0.09905
0.11009
0.10106
0.14886
0.12481
0.11483
0.11030
0.09794
0.09262
0.10298
0.15951
0.16369
0.18653
0.21083
0.20685
0.24146
0.25977
0.25400
0.25448
0.27701
0.28249
0.27497
0.26596
0.21901
0.23915
0.22397
0.21618
0.22761
0.20898
0.17114
0.17613
0.17061
0.16968
0.19571
0.19245
0.24390
0.21252
0.21079
0.18909
0.18932
0.18136
0.20415
0.19964
0.20862
0.20122
0.16390
0.17257
0.13535
0.12957
0.16236
0.15326
0.14663
0.15873
0.17774
0.16911
0.16206
0.18958
0.18691
0.17598
0.19142
0.18194
0.14672
0.18689
0.19182
0.22618
0.18663
0.19650
0.17763
0.17218
0.18570
0.19180
0.19733
0.21222
0.21221
0.19768
0.17699
0.17574
0.20594
0.17062
0.17750
0.08857
0.07563
0.03166
0.01545
0.00000
0.00457
0.02414
0.02901
0.03279
0.05898
0.07836
0.11372
0.09913
0.08891
0.09586
0.10484
0.09555
0.04831
0.04478
0.06335
0.06468
0.05854
0.03852
0.05706
0.04817
0.05393
0.05515
0.04439
0.05208
0.05003
0.01271
0.03887
0.04692
0.06063
0.04905
0.06147
0.09800
0.08612
0.12310
0.09014
0.08343
0.11785
0.14427
0.17336
0.19766
0.20207
0.18198
0.20410
0.19539
0.20172
0.19338
0.18594
0.14270
0.18125
0.16550
0.15222
0.09919
0.08922
0.07910
0.12848
0.12568
0.13597
0.12857
0.10141
0.06805
0.08872
0.06686
0.04149
0.02205
0.02725
0.02557
0.01098
0.04686
0.04973
0.06500
0.12207
0.10654
0.08452
0.09951
0.10174
0.06938
0.11543
0.08464
0.11800
0.12890
0.12742
0.15082
0.15188
0.16684
0.17756
0.15897
0.15624
0.15501
0.14883
0.13777
0.10601
0.09451
0.14931
0.15102
0.16047
0.13922
0.17507
0.19583
0.19800
0.19019
0.24374
0.26081
0.26547
0.26275
0.23368
0.18562
0.15764
0.18491
0.19068
0.17066
0.17189
0.18110
0.18885
0.18952
0.19903
0.16592
0.15424
0.15843
0.13208
0.12728
0.14341
0.15426
0.17531
0.18258
0.16647
0.17268
0.14288
0.13635
0.15708
0.14272
0.10926
0.11937
0.11711
0.16434
0.18187
0.18936
0.18688
0.22757
0.24869
0.26740
0.27998
0.24481
0.23718
0.21926
0.22554
0.21708
0.20863
0.20399
0.20126
0.17656
0.17404
0.20849
0.20333
0.19422
0.24318
0.26542
0.19760
0.29549
0.28475
0.30914
0.34160
0.34421
0.35583
0.37689
0.38244
0.38202
0.35625
0.34123
0.31638
0.29933
0.32746
0.32533
0.33740
0.35576
0.35359
0.35793
0.36249
0.35647
0.36429
0.40039
0.36800
0.36171
0.36500
0.36831
0.39014
0.43274
0.40423
0.40101
0.41900
0.42790
0.43250
0.41398
0.41227
0.39366
0.40411
0.47385
0.49386
0.51725
0.51053
0.51867
0.51706
0.50044
0.44623
0.43219
0.43425
0.44601
0.50341
0.47307
0.48666
0.48604
0.49761
0.51491
0.52126
0.51308
0.52202
0.50843
0.49226
0.48415
0.52018
0.51624
0.50913
0.51259
0.50096
0.50496
0.48613
0.47035
0.47777
0.46409
0.43876
0.48007
0.48228
0.52029
0.53273
0.58556
0.60872
0.61760
0.62290
0.62413
0.59139
0.63430
0.65348
0.60034
0.57212
0.56054
0.57960
0.58812
0.59289
0.59337
0.59083
0.61958
0.62805
0.60974
0.58940
0.58016
0.57223
0.55586
0.51657
0.50708
0.51447
0.47971
0.46046
0.45981
0.49890
0.52388
0.52743
0.53274
0.50441
0.50860
0.50788
0.49182
0.50263
0.49090
0.48238
0.50970
0.51519
0.53560
0.57426
0.54228
0.50454
0.53688
0.54422
0.55353
0.55737
0.54843
0.54874
0.55251
0.55736
0.56941
0.59674
0.61379
0.60955
0.57318
0.53193
0.49058
0.46366
0.47032
0.47818
0.46987
0.52433
0.51602
0.52895
0.55099
0.56304
0.55603
0.52972
0.51037
0.49973
0.47725
0.46137
0.47768
0.49777
0.48464
0.45078
0.42453
0.38672
0.39325
0.39200
0.38063
0.34647
0.31566
0.33386
0.31856
0.31331
0.30288
0.28402
0.31079
0.29718
0.28975
0.31103
0.33486
0.33389
0.32732
0.30960
0.29126
0.30965
0.28827
0.30199
0.29322
0.29033
0.28244
0.27759
0.27609
0.27510
0.30246
0.30907
0.35225
0.41046
0.37946
0.36755
0.33465
0.34987
0.37647
0.36614
0.39464
0.41146
0.38751
0.40397
0.37208
0.40155
0.44380
0.46699
0.46683
0.52809
0.53372
0.54543
0.55848
0.54082
0.54828
0.53313
0.56353
0.52118
0.51230
0.51942
0.50828
0.50379
0.51029
0.50675
0.47012
0.48362
0.45392
0.41677
0.42088
0.40007
0.40873
0.43855
0.44069
0.41119
0.40065
0.40170
0.40014
0.39012
0.41183
0.40688
0.39119
0.39871
0.45280
0.48577
0.48003
0.44935
0.48966
0.52108
0.50842
0.52098
0.52559
0.52520
0.52316
0.54519
0.53052
0.55856
0.54960
0.55474
0.58543
0.60328
0.61081
0.62402
0.63480
0.63911
0.64300
0.65221
0.61282
0.63137
0.62543
0.64165
0.66291
0.71476
0.73069
0.74043
0.74572
0.75614
0.73532
0.73856
0.76920
0.82533
0.83283
0.83673
0.85960
0.84620
0.84317
0.85476
0.81854
0.83540
0.81416
0.81545
0.85927
0.89030
0.91396
0.89859
0.89796
0.94257
0.94241
0.92739
0.95645
0.96770
0.93781
0.89053
0.89731
0.89042
0.90028
0.90667
0.90002
0.91702
0.93047
0.90614
0.89288
0.89420
0.93066
0.95392
0.98682
0.95999
0.95172
0.94955
0.95424
0.94895
0.97468
0.95420
0.93426
0.96552
0.98996
0.99132
0.96321
0.94949
0.98293
0.92476
0.92633
0.91089
0.87864
0.88795
0.90709
0.93831
0.92713
0.91158
0.90826
0.94229
0.96120
0.96350
0.97193
0.96985
0.93840
0.93339
0.94082
0.95758
0.94702
0.93979
0.92379
0.96797
0.95075
0.95008
0.92556
0.93553
0.95352
0.95195
0.94774
0.95405
0.93803
0.89563
0.91525
0.93629
0.92923
0.93722
0.96740
0.98243
1.00000
0.98501
0.96799
0.96469
0.94389
0.94921
0.96004
0.94821
0.93712
0.94386
0.95222
0.95036
0.93922
0.93927
0.98878
0.99327
0.99244
0.99990
0.99133
0.99993
1.00000
0.95932
0.93878
0.92486
0.92116
0.90292
0.90270
0.88915
0.91378
0.90221
0.91638
0.89564
0.89991
0.94937
0.93301
0.95184
0.96260
0.99242
0.98074
0.96801
0.89116
0.87582
0.84591
0.82313
0.80954
0.77621
0.77903
0.77702
0.75161
0.74072
0.74247
0.73444
0.69755
0.69353
0.69648
0.68772
0.68330
0.68176
0.65339
0.64113
0.64629
0.68425
0.66844
0.67303
0.66867
0.67696
0.67989
0.65620
0.63948
0.65963
0.64325
0.66620
0.65595
0.64813
0.67753
0.69685
0.69244
0.68012
0.68077
0.69585
0.67710
0.67896
0.68014
0.66949
0.66710
0.69715
0.68496
0.65878
0.67917
0.67451
0.67674
0.68461
0.70162
0.70663
0.69287
0.71128
0.71052
0.72124
0.79675
0.77596
0.74428
0.76713
0.75337
0.75542
0.75388
0.76505
0.75960
0.75126
0.75017
0.75610
0.74931
0.75624
0.78064
0.74797
0.76770
0.74016
0.72886
0.73780
0.73987
0.71153
0.70145
0.69328
0.70339
0.69216
0.69117
0.69874
0.64497
0.67660
0.65996
0.65018
0.59541
0.61528
0.60614
0.62577
0.63893
0.64273
0.64737
0.62813
0.64586
0.68634
0.67341
0.69003
0.71674
0.71268
0.71402
0.69065
0.70760
0.70075
0.70965
0.71180
0.70619
0.72603
0.71000
0.70041
0.64959
0.62801
0.62018
0.61528
0.58278
0.59789
0.58383
0.61408
0.59236
0.60155
0.56889
0.58228
0.57866
0.59230
0.59060
0.56425
0.54773
0.55467
0.55985
0.54270
0.55171
0.56343
0.52343
0.52443
0.52589
0.51663
0.47287
0.49422
0.49420
0.47192
0.45997
0.44936
0.44396
0.39935
0.41552
0.36747
0.38583
0.37849
0.40639
0.42033
0.41777
0.39369
0.40406
0.40295
0.41370
0.42026
0.40903
0.39833
0.42233
0.42675
0.41077
0.40563
0.42540
0.41546
0.41335
0.46267
0.45601
0.48334
0.46279
0.40541
0.40969
0.41429
0.40267
0.42707
0.40096
0.38478
0.36198
0.39567
0.33184
0.32899
0.33270
0.30435
0.30702
0.29291
0.30442
0.29819
0.30725
0.31398
0.28360
0.31467
0.32780
0.28440
0.27972
0.26961
0.25908
0.22383
0.24186
0.21870
0.21012
0.23169
0.18579
0.22233
0.21110
0.17695
0.12644
0.13422
0.15549
0.16249
0.15812
0.16682
0.15186
0.16452
0.19080
0.23622
0.24367
0.24228
0.22726
0.22625
0.23530
0.21382
0.20816
0.22245
0.21529
0.18159
0.19614
0.19785
0.15311
0.20634
0.19197
0.20107
0.23747
0.19396
0.20401
0.18715
0.17887
0.17746
0.15941
0.13637
0.15080
0.13152
0.14410
0.14636
0.09361
0.08867
0.11037
0.10089
0.08981
0.07465
0.06284
0.05804
0.06711
0.03792
0.03920
0.04380
0.08427
0.10464
0.11334
0.09487
0.09088
0.10180
0.07971
0.07838
0.07176
0.09437
0.10480
0.12989
0.13570
0.16115
0.16548
0.17543
0.18342
0.20209
0.22984
0.21669
0.22927
0.23951
0.24372
0.19592
0.20206
0.18674
0.19061
0.23018
0.21907
0.15579
0.21525
0.22763
0.21696
0.21572
0.22186
0.21550
0.21518
0.22180
0.21875
0.18846
0.18986
0.19376
0.19827
0.18355
0.19006
0.19270
0.19294
0.16656
0.16002
0.14797
0.16372
0.16368
0.15783
0.18744
0.21061
0.18690
0.19583
0.13084
0.13517
0.18857
0.14746
0.15132
0.10381
0.13295
0.13759
0.14112
0.14411
0.14326
0.15676
0.13424
0.14474
0.15695
0.14700
0.14727
0.13676
0.15538
0.15445
0.14901
0.14828
0.11073
0.09467
0.10070
0.05466
0.08713
0.09262
0.09987
0.09944
0.07789
0.07586
0.06381
0.07145
0.10091
0.14644
0.18479
0.18461
0.17087
0.14322
0.16181
0.14240
0.13218
0.14222
0.15636
0.15121
0.13964
0.13713
0.17074
0.19414
0.19623
0.20332
0.18648
0.15660
0.15697
0.16426
0.15009
0.12756
0.13057
0.11340
0.12883
0.12864
0.11275
0.11676
0.09950
0.08409
0.08348
0.07069
0.07042
0.05935
0.05266
0.03237
0.07208
0.06558
0.04688
0.04698
0.04732
0.06809
0.07118
0.08148
0.10165
0.07415
0.08498
0.09660
0.11567
0.12142
0.15543
0.13862
0.14948
0.13497
0.12664
0.10821
0.13194
0.11776
0.10749
0.10276
0.09197
0.08418
0.08777
0.04616
0.10363
0.12474
0.09859
0.11807
0.20089
0.20959
0.19134
0.15912
0.15109
0.16793
0.18555
0.19317
0.20714
0.18964
0.23798
0.20601
0.23456
0.24786
0.24363
0.20745
0.23603
0.27771
0.26975
0.27815
0.26455
0.24311
0.26461
0.24895
0.25211
0.29577
0.32235
0.34242
0.36221
0.38148
0.37481
0.35930
0.37776
0.42781
0.40767
0.41340
0.37889
0.34716
0.29419
0.28535
0.28205
0.27990
0.29761
0.29551
0.29025
0.28196
0.27835
0.28192
0.26372
0.29827
0.34792
0.34589
0.33483
0.37144
0.36519
0.35980
0.35913
0.34694
0.31947
0.29385
0.26255
0.25780
0.26872
0.30293
0.30226
0.29065
0.30546
0.29214
0.29028
0.29899
0.30445
0.29019
0.28630
0.31554
0.30781
0.31433
0.32233
0.34725
0.35819
0.35638
0.36087
0.36470
0.36452
0.36126
0.35963
0.34454
0.32551
0.35459
0.34328
0.32386
0.35228
0.35851
0.36944
0.39346
0.39739
0.40057
0.44872
0.45818
0.46442
0.46267
0.45130
0.42191
0.41726
0.42732
0.43663
0.43443
0.41408
0.45651
0.42117
0.40299
0.42894
0.47536
0.45850
0.48417
0.49056
0.47696
0.50111
0.52993
0.53704
0.53045
0.50942
0.53067
0.53364
0.53312
0.55306
0.56235
0.58998
0.60512
0.56301
0.57650
0.61794
0.54796
0.53965
0.53221
0.52491
0.48554
0.47642
0.45375
0.45863
0.45237
0.42447
0.44593
0.44785
0.46453
0.42930
0.44323
0.45756
0.46881
0.48260
0.48983
0.45832
0.46891
0.46547
0.47134
0.46081
0.49143
0.49676
0.42263
0.40196
0.44083
0.44800
0.45934
0.45371
0.48532
0.49809
0.49534
0.52959
0.51205
0.52960
0.54063
0.56334
0.54467
0.54116
0.57083
0.53891
0.50095
0.49274
0.50595
0.48695
0.46609
0.46984
0.45718
0.47258
0.46476
0.46418
0.46052
0.44328
0.44355
0.44350
0.45201
0.44535
0.41661
0.39396
0.38830
0.42719
0.42815
0.41333
0.42761
0.40811
0.40615
0.39846
0.37163
0.37985
0.38491
0.36477
0.38264
0.35571
0.33534
0.35697
0.39126
0.40041
0.39750
0.40311
0.40352
0.39401
0.35907
0.35607
0.39226
0.42135
0.39024
0.36974
0.32013
0.32963
0.33098
0.31547
0.30929
0.33047
0.32342
0.32119
0.33334
0.31588
0.32009
0.33566
0.33386
0.36927
0.37933
0.40637
0.43224
0.41346
0.38772
0.41627
0.42413
0.39788
0.38098
0.37190
0.36061
0.33587
0.33228
0.34784
0.32020
0.31218
0.31374
0.30246
0.35964
0.36179
0.34166
0.33713
0.31124
0.30016
0.24425
0.24503
0.23861
0.21847
0.26271
0.27876
0.27976
0.26045
0.27717
0.31827
0.29988
0.29439
0.31845
0.36105
0.38170
0.35950
0.37629
0.38299
0.42424
0.42288
0.43917
0.41984
0.41630
0.41127
0.37625
0.39417
0.36520
0.36130
0.37108
0.43397
0.48858
0.48699
0.46815
0.43232
0.42643
0.47266
0.47003
0.47183
0.46781
0.47549
0.45361
0.47750
0.49200
0.49159
0.49959
0.47312
0.45608
0.47947
0.46251
0.47548
0.48786
0.46384
0.46605
0.46646
0.47036
0.52437
0.52225
0.50655
0.49425
0.54924
0.57998
0.54737
0.58577
0.57285
0.56860
0.56437
0.53192
0.52967
0.50709
0.51027
0.49186
0.56943
0.57026
0.57216
0.57402
0.59745
0.58291
0.57675
0.59169
0.58419
0.56693
0.55402
0.56143
0.55361
0.53528
0.53567
0.51536
0.52494
0.52414
0.55450
0.54625
0.56942
0.53950
0.53943
0.51388
0.52015
0.52744
0.49768
0.51767
0.48029
0.43250
0.43176
0.42714
0.42764
0.40118
0.39226
0.38494
0.37828
0.40473
0.43333
0.39855
0.39688
0.39049
0.43065
0.46158
0.46561
0.48136
0.43293
0.45949
0.46064
0.43097
0.43462
0.45759
0.50735
0.47898
0.44943
0.44928
0.44988
0.42834
0.40553
0.41011
0.42382
0.39688
0.41454
0.41118
0.43061
0.46127
0.43611
0.44923
0.45452
0.47683
0.48942
0.52137
0.52721
0.54128
0.57586
0.55621
0.57783
0.54985
0.52740
0.53146
0.51699
0.52006
0.52528
0.52462
0.51290
0.51408
0.47652
0.45321
0.46468
0.50685
0.52196
0.55434
0.56418
0.60487
0.60015
0.58807
0.62048
0.62261
0.61155
0.59531
0.62059
0.58306
0.56783
0.54721
0.54397
0.54703
0.54665
0.53470
0.52714
0.54076
0.51784
0.47485
0.49887
0.54189
0.55621
0.55246
0.56848
0.54473
0.56563
0.58115
0.56421
0.57661
0.55861
0.53895
0.53787
0.53690
0.52729
0.57506
0.57360
0.58255
0.60751
0.65735
0.64477
0.68866
0.69786
0.65032
0.66153
0.66891
0.67665
0.66436
0.69696
0.74716
0.74838
0.77876
0.81883
0.80398
0.79624
0.84181
0.83555
0.83136
0.83417
0.83417
0.85873
0.85093
0.82032
0.82250
0.82690
0.84446
0.83825
0.84660
0.86228
0.86426
0.85157
0.86796
0.86106
0.88385
0.88543
0.86957
0.86701
0.88236
0.90774
0.91822
0.89377
0.88414
0.86061
0.86327
0.86598
0.89789
0.86168
0.84165
0.85659
0.85035
0.88902
0.89586
0.84781
0.86394
0.84755
0.81378
0.80232
0.78775
0.79609
0.80323
0.82004
0.79842
0.80892
0.81298
0.77861
0.79944
0.79316
0.81452
0.81321
0.80347
0.79341
0.84448
0.82553
0.82547
0.82608
0.76872
0.71213
0.69672
0.70937
0.71720
0.73729
0.75389
0.77213
0.79882
0.80638
0.79666
0.79924
0.80033
0.79398
0.80664
0.80447
0.79521
0.79749
0.81823
0.80128
0.80730
0.82091
0.79163
0.81785
0.80435
0.79123
0.77913
0.78305
0.80190
0.78939
0.78455
0.81348
0.78561
0.75196
0.75584
0.73892
0.74536
0.73694
0.72830
0.75529
0.73995
0.76419
0.78257
0.80023
0.79499
0.79867
0.81733
0.80432
0.81019
0.83750
0.85511
0.84515
0.85814
0.84778
0.86571
0.87247
0.86190
0.84135
0.81108
0.82296
0.81311
0.81554
0.83851
0.84786
0.85636
0.85753
0.86655
0.88615
0.90202
0.83125
0.79327
0.80923
0.85353
0.85990
0.84231
0.82661
0.83636
0.83409
0.81270
0.77832
0.76266
0.75754
0.76682
0.78070
0.78105
0.76193
0.73852
0.76457
0.77113
0.78744
0.79286
0.73512
0.72292
0.71496
0.73447
0.73943
0.75606
0.76896
0.79081
0.82087
0.83233
0.85135
0.85356
0.87603
0.88557
0.88796
0.89598
0.86283
0.83195
0.83948
0.85311
0.88751
0.85543
0.82479
0.82589
0.79126
0.85393
0.88148
0.87604
0.90050
0.92777
0.92249
0.94862
0.95506
0.94373
0.95346
0.99662
0.97918
0.96134
0.95767
0.96063
0.95178
0.92815
0.95872
0.95506
0.94372
0.98809
0.99717
1.00000
0.99995
1.00000
0.96647
0.96244
0.95199
0.94560
0.95482
0.96390
0.99048
1.00000
1.00000
0.94838
0.97488
0.97715
0.95416
0.99176
0.98367
0.97259
0.95609
0.98251
1.00000
0.97626
0.98557
0.98408
0.97919
0.98140
0.98189
0.96960
0.94946
0.94623
0.93599
0.92326
0.89892
0.92256
0.89971
0.92209
0.94670
0.94372
0.90981
0.91427
0.87567
0.86882
0.85555
0.87442
0.88039
0.88189
0.88260
0.87540
0.90188
0.91144
0.88414
0.93358
0.91815
0.93490
0.96942
0.96740
0.99510
0.98787
0.96394
0.94983
0.95966
0.99239
0.96926
0.96747
0.96215
0.98314
0.97355
0.97516
0.95139
0.94494
0.93449
0.94891
0.93675
0.90335
0.89214
0.94593
0.95275
0.93520
0.92144
0.93361
0.91491
0.92017
0.93659
0.93818
0.95086
0.92249
0.94001
0.89511
0.91422
0.94263
0.92707
0.94475
0.94101
0.93250
0.96918
0.98998
0.99050
0.97217
0.95426
0.98326
0.97214
0.99607
0.99000
0.99307
0.99934
0.97548
0.97797
0.91118
0.89194
0.86988
0.90551
0.89982
0.90957
0.89977
0.91058
0.90948
0.92453
0.91578
0.91911
0.88490
0.82767
0.83973
0.84427
0.85934
0.84380
0.83673
0.81172
0.83774
0.76562
0.79076
0.76140
0.74159
0.73189
0.68663
0.69317
0.70008
0.71389
0.71989
0.68678
0.68638
0.68807
0.66401
0.67341
0.67256
0.66975
0.67786
0.71495
0.69127
0.69161
0.68427
0.71345
0.68869
0.72599
0.72795
0.75923
0.73569
0.76197
0.75500
0.75823
0.73781
0.75046
0.72547
0.73193
0.73291
0.70008
0.72117
0.73269
0.73371
0.76954
0.75078
0.73411
0.77894
0.81254
0.79339
0.79847
0.81490
0.78866
0.74788
0.79198
0.79230
0.82332
0.80407
0.79087
0.71173
0.71146
0.69876
0.69980
0.70489
0.65514
0.63904
0.64306
0.64937
0.65148
0.64593
0.63629
0.64701
0.68025
0.70857
0.70951
0.64423
0.64133
0.63062
0.63018
0.59239
0.57993
0.61304
0.57925
0.55756
0.55986
0.52881
0.52040
0.49414
0.49662
0.50634
0.50216
0.50412
0.51369
0.49870
0.50876
0.50561
0.49042
0.49550
0.48327
0.46813
0.48650
0.47328
0.45513
0.46860
0.49737
0.49593
0.50478
0.50291
0.51589
0.52134
0.53428
0.55680
0.53336
0.44775
0.45436
0.43459
0.43315
0.41201
0.41795
0.43834
0.41175
0.41663
0.44480
0.41170
0.38635
0.34362
0.37609
0.39105
0.43951
0.45062
0.46046
0.45143
0.45755
0.44944
0.41312
0.39834
0.35666
0.35105
0.31978
0.31017
0.32662
0.36520
0.33771
0.32360
0.30256
0.34374
0.34209
0.33208
0.34012
0.35091
0.38403
0.40989
0.40275
0.39351
0.39359
0.40424
0.40163
0.43780
0.43011
0.43880
0.44096
0.42298
0.44309
0.42388
0.43266
0.45820
0.45480
0.46392
0.46939
0.44163
0.43177
0.39612
0.37251
0.47815
0.50566
0.49781
0.49937
0.53440
0.48496
0.50082
0.52824
0.52512
0.53219
0.52787
0.50823
0.48195
0.46288
0.46259
0.44472
0.49340
0.50858
0.51364
0.54456
0.54497
0.61454
0.62732
0.60509
0.64728
0.66569
0.65336
0.65060
0.65609
0.65529
0.63317
0.64609
0.64587
0.65851
0.65123
0.61372
0.63638
0.63415
0.65068
0.66299
0.66641
0.68505
0.65291
0.66428
0.66283
0.64066
0.65854
0.67525
0.65725
0.67416
0.64821
0.67450
0.68402
0.69185
0.68163
0.66267
0.67034
0.68687
0.68230
0.68102
0.72415
0.71680
0.68507
0.68790
0.69406
0.72333
0.71677
0.67153
0.67833
0.67524
0.65528
0.65001
0.64795
0.60810
0.58772
0.60035
0.57237
0.54569
0.55478
0.57149
0.56417
0.56417
0.53158
0.54672
0.55301
0.54253
0.53604
0.52319
0.53045
0.52624
0.50312
0.50891
0.54982
0.56562
0.55256
0.54225
0.55694
0.51931
0.51625
0.48763
0.50902
0.50484
0.51670
0.48326
0.48157
0.47562
0.52202
0.49887
0.48584
0.48309
0.48307
0.42642
0.37928
0.37501
0.38206
0.37087
0.36856
0.34682
0.37265
0.34724
0.36180
0.35375
0.34442
0.34492
0.32168
0.35165
0.35231
0.32732
0.31134
0.26489
0.26683
0.27972
0.25590
0.26111
0.24420
0.24294
0.21602
0.22137
0.21556
0.22243
0.23082
0.22392
0.22381
0.19544
0.16865
0.19483
0.17258
0.15079
0.14849
0.18642
0.17415
0.18887
0.19557
0.20035
0.20202
0.22417
0.20624
0.19698
0.19224
0.20350
0.20133
0.18887
0.18358
0.18112
0.19578
0.22677
0.21545
0.22974
0.24698
0.24344
0.22483
0.22357
0.20479
0.19187
0.19522
0.23749
0.24822
0.20654
0.14913
0.14877
0.17571
0.14942
0.15264
0.11047
0.12292
0.09585
0.06620
0.07394
0.06391
0.05545
0.05302
0.05427
0.07168
0.07273
0.06348
0.07467
0.08131
0.05762
0.01167
0.01323
0.02048
0.04368
0.02184
0.01765
0.01042
0.03157
0.01563
0.02400
0.04017
0.05524
0.05245
0.05296
0.07896
0.04675
0.04759
0.08136
0.03140
0.04190
0.02917
0.04161
0.02091
0.03109
0.02896
0.01402
0.06821
0.03229
0.04702
0.07593
0.07614
0.03906
0.06246
0.09243
0.12113
0.13650
0.13051
0.12222
0.16797
0.20041
0.20354
0.17148
0.19723
0.18920
0.19669
0.16943
0.18735
0.16374
0.15268
0.16112
0.16984
0.16714
0.18890
0.17000
0.15675
0.22507
0.21403
0.21511
0.22095
0.23218
0.24436
0.23394
0.21566
0.25535
0.23619
0.21269
0.23843
0.21869
0.20207
0.21828
0.23080
0.20677
0.18312
0.17566
0.18591
0.19822
0.17686
0.19865
0.21551
0.20035
0.19420
0.22679
0.20155
0.20251
0.19467
0.14492
0.13588
0.15512
0.16146
0.23113
0.20014
0.20089
0.20958
0.26210
0.28550
0.29334
0.27973
0.26591
0.27439
0.25941
0.29469
0.29470
0.25428
0.21434
0.18059
0.19625
0.17187
0.16945
0.16117
0.17756
0.17807
0.22407
0.26042
0.24359
0.24394
0.25716
0.25946
0.28039
0.26868
0.27232
0.24051
0.26305
0.29357
0.29714
0.25331
0.26028
0.28369
0.28574
0.28518
0.28690
0.28475
0.29094
0.29974
0.31490
0.35890
0.37324
0.38188
0.39300
0.41405
0.43606
0.46804
0.45621
0.46606
0.48103
0.47685
0.48314
0.45210
0.43734
0.42791
0.43008
0.45553
0.47913
0.50503
0.50511
0.47359
0.46629
0.47383
0.48015
0.47038
0.48413
0.47381
0.46635
0.48007
0.48757
0.48253
0.45593
0.42355
0.42526
0.40844
0.40723
0.39100
0.41071
0.37657
0.37653
0.39425
0.38170
0.36533
0.33750
0.38480
0.37316
0.39573
0.39919
0.44083
0.44102
0.46062
0.48196
0.47215
0.48818
0.47621
0.47766
0.50184
0.50443
0.50252
0.47375
0.49100
0.48542
0.51016
0.49711
0.49395
0.51604
0.53660
0.55911
0.57454
0.58826
0.56001
0.55579
0.56299
0.58316
0.60612
0.60910
0.63250
0.66543
0.63694
0.64442
0.62873
0.64142
0.66552
0.70678
0.68706
0.63460
0.60254
0.60309
0.62227
0.60922
0.59412
0.59084
0.54552
0.53887
0.50894
0.49895
0.51804
0.53159
0.57341
0.55306
0.55142
0.54183
0.54481
0.55273
0.54842
0.55721
0.53332
0.53308
0.51250
0.50814
0.51509
0.53657
0.53249
0.55179
0.54724
0.54354
0.52974
0.52184
0.55586
0.53446
0.56212
0.55511
0.55456
0.55970
0.55033
0.61160
0.64456
0.63838
0.65787
0.66028
0.63374
0.60559
0.57094
0.58361
0.61139
0.61008
0.60897
0.64527
0.66180
0.64423
0.66414
0.62753
0.64556
0.66335
0.66021
0.66100
0.68504
0.69965
0.68375
0.67946
0.68747
0.66355
0.67285
0.66375
0.62302
0.59773
0.62655
0.60864
0.62339
0.64911
0.65860
0.63483
0.66094
0.66894
0.64094
0.63439
0.66442
0.68616
0.67876
0.69365
0.70847
0.73809
0.78331
0.78937
0.74461
0.72907
0.72865
0.73786
0.75246
0.75372
0.71341
0.72561
0.63747
0.64402
0.65773
0.65730
0.67816
0.69554
0.71938
0.74045
0.74374
0.72450
0.74069
0.76065
0.75781
0.78255
0.74995
0.74157
0.71130
0.67012
0.74509
0.73668
0.73841
0.71577
0.72827
0.70382
0.70497
0.66723
0.65566
0.62372
0.63060
0.63694
0.60782
0.57667
0.58876
0.58070
0.53932
0.50810
0.47975
0.46841
0.44273
0.43608
0.46462
0.45769
0.41760
0.40174
0.39489
0.40652
0.40510
0.39881
0.38305
0.39175
0.42092
0.37461
0.36079
0.42220
0.40528
0.38992
0.37311
0.35216
0.34936
0.37031
0.40051
0.38464
0.36964
0.36964
0.34555
0.34437
0.32337
0.33844
0.34470
0.35785
0.36456
0.37068
0.36715
0.34124
0.29360
0.30082
0.31335
0.30848
0.32640
0.32038
0.31743
0.31533
0.31177
0.32396
0.31365
0.32055
0.29098
0.27451
0.28776
0.31935
0.30603
0.31647
0.30927
0.26244
0.28494
0.28811
0.26029
0.24151
0.25059
0.23746
0.28091
0.26350
0.26418
0.27594
0.26984
0.29738
0.26770
0.26431
0.26249
0.24580
0.25099
0.22721
0.21151
0.22322
0.22030
0.23102
0.22102
0.24155
0.24490
0.20873
0.21979
0.19804
0.16256
0.14293
0.12889
0.10323
0.08179
0.06551
0.08250
0.07238
0.09506
0.05185
0.06107
0.01609
0.00000
0.00000
0.00498
0.00000
0.02242
0.02465
0.03103
0.03340
0.04027
0.06003
0.04871
0.04717
0.06410
0.06051
0.06667
0.07392
0.05712
0.04880
0.09377
0.06111
0.07086
0.09130
0.07171
0.05866
0.04837
0.05618
0.07009
0.04883
0.06493
0.07231
0.09249
0.09207
0.11547
0.11216
0.09243
0.12147
0.15105
0.18843
0.14219
0.16470
0.15010
0.14445
0.14517
0.14989
0.14497
0.17610
0.17913
0.20108
0.20724
0.20624
0.21666
0.22741
0.26290
0.25183
0.27282
0.28002
0.27156
0.21273
0.22998
0.23917
0.24557
0.28200
0.28518
0.30109
0.31462
0.29520
0.31430
0.36115
0.34248
0.38155
0.37276
0.35182
0.38741
0.40939
0.38612
0.40282
0.35612
0.35959
0.36668
0.34580
0.36241
0.33546
0.33922
0.32114
0.35864
0.37487
0.37415
0.38116
0.38372
0.34684
0.35272
0.33755
0.34546
0.34608
0.34002
0.31944
0.32444
0.32780
0.34759
0.31520
0.32644
0.35081
0.37828
0.38523
0.38330
0.40521
0.40157
0.40632
0.42431
0.45072
0.44611
0.44461
0.42968
0.44918
0.45460
0.45551
0.43812
0.42434
0.41896
0.42247
0.44005
0.43162
0.42090
0.41186
0.38204
0.38201
0.38124
0.37233
0.35756
0.38367
0.37006
0.34453
0.34860
0.32413
0.36832
0.34462
0.30259
0.29661
0.32250
0.34625
0.35520
0.34891
0.37819
0.34961
0.33705
0.34539
0.36475
0.34815
0.36506
0.36946
0.36130
0.33205
0.35354
0.35904
0.35083
0.32858
0.35396
0.34931
0.33475
0.31186
0.28726
0.30672
0.31479
0.29377
0.29314
0.31505
0.27105
0.31101
0.30843
0.30931
0.28153
0.29175
0.28208
0.23972
0.25179
0.26041
0.29102
0.29817
0.30326
0.33868
0.33310
0.34810
0.35639
0.33225
0.30920
0.30756
0.33393
0.28610
0.26424
0.27458
0.28812
0.28453
0.23851
0.24064
0.20875
0.18032
0.17863
0.19693
0.19683
0.19173
0.19372
0.18496
0.20495
0.23181
0.21852
0.24597
0.22417
0.23357
0.21525
0.25476
0.25428
0.22552
0.22775
0.25377
0.25043
0.24283
0.20253
0.21214
0.22450
0.22600
0.23044
0.22832
0.21764
0.22034
0.22797
0.26013
0.30053
0.29423
0.30124
0.27153
0.25255
0.22607
0.19608
0.18529
0.18265
0.17864
0.16499
0.17157
0.13668
0.09639
0.07879
0.02483
0.03160
0.03115
0.00364
0.00000
0.00521
0.02936
0.03307
0.03237
0.02198
0.03696
0.03351
0.05861
0.06260
0.04220
0.02573
0.02530
0.02473
0.00782
0.03654
0.07593
0.04173
0.03884
0.09300
0.13120
0.11243
0.10549
0.12176
0.08370
0.12847
0.15615
0.15402
0.16402
0.16458
0.16438
0.16689
0.17026
0.12778
0.15645
0.16029
0.17340
0.19524
0.18308
0.19587
0.21160
0.20501
0.18864
0.21508
0.21644
0.24527
0.25870
0.29436
0.30957
0.31971
0.34011
0.33548
0.34579
0.34060
0.35929
0.38927
0.39303
0.40584
0.43026
0.44645
0.44052
0.41070
0.40874
0.40614
0.41229
0.42765
0.43325
0.43827
0.46431
0.46643
0.48270
0.41828
0.42722
0.46380
0.49593
0.45436
0.45946
0.43434
0.44000
0.37729
0.39826
0.40660
0.41715
0.37302
0.36165
0.36054
0.38465
0.39078
0.38154
0.36723
0.36237
0.37041
0.38070
0.37573
0.37996
0.37746
0.39849
0.40573
0.42837
0.41498
0.40741
0.39572
0.36612
0.34958
0.32300
0.32774
0.34933
0.33745
0.37421
0.36287
0.35358
0.32239
0.32303
0.32979
0.33960
0.33951
0.33238
0.30535
0.32627
0.31008
0.24463
0.26675
0.27607
0.32895
0.32214
0.30878
0.31206
0.36153
0.36914
0.38208
0.37514
0.37652
0.41135
0.40421
0.41940
0.44348
0.47170
0.47796
0.50921
0.51910
0.52531
0.51027
0.54333
0.53976
0.55179
0.53005
0.52986
0.54963
0.55847
0.55585
0.54864
0.55759
0.56348
0.55993
0.56212
0.57194
0.56870
0.55188
0.55393
0.53509
0.51801
0.50559
0.51170
0.49375
0.48896
0.50367
0.49473
0.49906
0.50298
0.48971
0.50854
0.49021
0.47515
0.48731
0.50515
0.50550
0.49302
0.50086
0.50096
0.49346
0.50240
0.44072
0.42716
0.43183
0.44147
0.44764
0.45517
0.46718
0.45197
0.45206
0.46044
0.42288
0.40804
0.40131
0.41571
0.41737
0.39766
0.38303
0.38303
0.42676
0.42332
0.42757
0.45577
0.48568
0.49064
0.45937
0.44846
0.48674
0.48286
0.46083
0.48323
0.49458
0.50890
0.50963
0.50746
0.52860
0.47417
0.46558
0.46984
0.47774
0.51697
0.50828
0.48890
0.51674
0.50449
0.50396
0.52705
0.53199
0.50489
0.48573
0.50712
0.54203
0.53342
0.52787
0.48212
0.48835
0.49931
0.48118
0.48326
0.52730
0.55782
0.58027
0.57921
0.58756
0.58158
0.57288
0.56652
0.62757
0.63396
0.65661
0.63526
0.66078
0.65337
0.66626
0.67563
0.69284
0.65959
0.65886
0.63545
0.62807
0.60596
0.62930
0.62347
0.60644
0.61228
0.66609
0.66117
0.66168
0.67090
0.68888
0.71460
0.69313
0.72192
0.72814
0.73117
0.74079
0.72163
0.71529
0.70172
0.72407
0.72125
0.76732
0.78292
0.78726
0.81876
0.81797
0.80984
0.82310
0.83721
0.81324
0.86665
0.85958
0.88245
0.87745
0.91174
0.88467
0.90240
0.94518
0.93541
0.94733
0.96036
0.96747
0.93545
0.93419
0.97300
0.96924
0.93814
0.96222
0.95606
0.95065
0.96433
0.98185
0.97919
0.92342
0.92151
0.92357
0.89579
0.92133
0.94415
0.90826
0.92295
0.88365
0.89859
0.89232
0.89673
0.90228
0.86777
0.85958
0.85546
0.84831
0.81215
0.79045
0.77135
0.78203
0.79029
0.81627
0.82435
0.81776
0.83651
0.82772
0.85747
0.83642
0.78823
0.83204
0.81636
0.85697
0.84680
0.80901
0.80669
0.79916
0.79871
0.80396
0.80406
0.81084
0.84482
0.85090
0.84664
0.81650
0.78371
0.79947
0.80609
0.81468
0.81262
0.81342
0.80700
0.81615
0.82255
0.86328
0.87029
0.90978
0.94784
0.94392
0.92630
0.90252
0.91850
0.92906
0.91791
0.91417
0.84245
0.85927
0.87605
0.89390
0.90615
0.91388
0.91942
0.92202
0.92601
0.93216
0.96026
0.95634
0.93630
0.96100
0.98658
0.99107
0.97503
0.98878
1.00000
0.99710
0.95098
1.00000
0.99605
0.99424
0.99749
0.96655
0.95304
0.96610
0.95732
0.93742
0.95121
0.95397
0.95830
0.95645
0.94876
0.93021
0.94642
0.93804
0.92709
0.91896
0.91718
0.86597
0.82430
0.82947
0.78135
0.80482
0.78937
0.79466
0.82942
0.83379
0.81547
0.77051
0.77255
0.79665
0.78761
0.79905
0.75081
0.76268
0.77421
0.76669
0.76679
0.76025
0.75974
0.74414
0.77808
0.73197
0.75598
0.78070
0.74837
0.69876
0.68429
0.68453
0.69614
0.76618
0.75987
0.76943
0.77348
0.78000
0.77770
0.77537
0.77140
0.78539
0.79330
0.79603
0.79811
0.80932
0.78256
0.76452
0.76662
0.75700
0.76729
0.80489
0.79569
0.79870
0.76980
0.79360
0.74150
0.71919
0.71821
0.73764
0.73536
0.72906
0.74711
0.76004
0.70707
0.72931
0.75836
0.78174
0.78994
0.82129
0.80022
0.78727
0.78543
0.80170
0.81692
0.84836
0.87311
0.87696
0.91115
0.89747
0.89486
0.89499
0.91407
0.91968
0.91647
0.91978
0.90681
0.93084
0.91489
0.90988
0.84928
0.81301
0.82536
0.81949
0.79415
0.79366
0.79363
0.78066
0.77741
0.78387
0.77831
0.78789
0.78329
0.80481
0.83009
0.82613
0.82487
0.84576
0.85592
0.84093
0.83200
0.81588
0.83053
0.82735
0.82206
0.82041
0.81640
0.80831
0.80191
0.80880
0.79308
0.76399
0.72492
0.73418
0.73157
0.71362
0.75252
0.75037
0.78674
0.77096
0.79573
0.78076
0.81062
0.82583
0.84354
0.88468
0.88344
0.89920
0.89663
0.85057
0.85882
0.87034
0.88118
0.86781
0.89612
0.87913
0.86181
0.86035
0.85747
0.88762
0.88464
0.90373
0.88063
0.86439
0.87175
0.86322
0.84431
0.83108
0.85851
0.87941
0.88985
0.90928
0.87801
0.83710
0.83718
0.85167
0.86334
0.88128
0.87520
0.83723
0.81432
0.84826
0.85794
0.80574
0.82196
0.81845
0.81655
0.86026
0.85738
0.85232
0.85722
0.84976
0.83628
0.84236
0.84684
0.86143
0.87541
0.88549
0.85354
0.84531
0.82409
0.85692
0.85724
0.86486
0.85287
0.83247
0.77486
0.78080
0.79752
0.77571
0.78408
0.78752
0.79892
0.81512
0.85511
0.88270
0.88352
0.82766
0.84121
0.83158
0.85452
0.87231
0.81205
0.79193
0.79839
0.78905
0.78120
0.80654
0.80624
0.76367
0.76887
0.79405
0.79713
0.78512
0.75999
0.73721
0.73391
0.72922
0.70544
0.69959
0.69943
0.72842
0.72848
0.73742
0.77331
0.77538
0.75929
0.72676
0.73086
0.74359
0.73865
0.70884
0.70868
0.71888
0.77089
0.77188
0.74144
0.74016
0.75135
0.77029
0.79681
0.80653
0.80916
0.85315
0.84696
0.87746
0.89923
0.90700
0.98194
1.00000
0.99039
0.99587
1.00000
1.00000
0.99159
0.97286
0.97053
0.96902
0.95491
0.97385
0.94952
0.94170
0.94238
0.92963
0.90082
0.90323
0.88973
0.89474
0.88933
0.90082
0.90041
0.90848
0.86859
0.88646
0.86063
0.85254
0.85838
0.85792
0.83306
0.86110
0.87072
0.86703
0.85634
0.84123
0.81183
0.79893
0.82373
0.82259
0.83097
0.86122
0.87665
0.85851
0.86017
0.86454
0.88271
0.83569
0.83368
0.83780
0.89702
0.88980
0.89110
0.89787
0.91374
0.94644
0.96282
0.96510
0.98782
0.96331
0.96338
0.92287
0.95416
0.99973
1.00000
0.99844
0.94666
0.94603
0.93078
0.95951
0.93828
0.92247
0.92715
0.91666
0.92879
0.92844
0.92061
0.89301
0.93936
0.95216
0.96775
1.00000
0.99999
0.97262
0.97052
0.99182
0.99972
0.98861
1.00000
0.99420
0.95566
0.96359
0.97516
0.93508
0.88045
0.85356
0.86494
0.86277
0.84854
0.90123
0.92101
0.94643
0.94723
0.94068
0.94208
0.92778
0.88291
0.87519
0.84113
0.81619
0.83422
0.82014
0.82055
0.81376
0.81971
0.80059
0.78039
0.84226
0.87043
0.92456
0.93515
0.95125
0.95854
0.94131
0.93660
0.94310
0.97482
0.99056
0.98279
0.99822
0.98254
0.99538
0.93237
0.90783
0.90725
0.88759
0.88917
0.90639
0.89705
0.87726
0.83783
0.81991
0.84070
0.83366
0.85862
0.85143
0.86642
0.87232
0.86239
0.88946
0.86425
0.86278
0.86729
0.83400
0.83124
0.83442
0.85977
0.84771
0.84854
0.87212
0.87127
0.86738
0.85291
0.84101
0.87156
0.89046
0.86851
0.87284
0.86392
0.88227
0.88633
0.85838
0.87194
0.86562
0.86722
0.90109
0.90604
0.93685
0.93691
0.95541
0.97202
0.98060
0.96266
0.99246
0.95955
0.96519
0.95894
0.97840
0.98576
0.98017
0.97105
0.97798
0.98835
0.96801
0.97726
0.99978
0.97520
0.99714
0.95794
0.93593
0.96821
0.95213
0.94881
0.93789
0.91132
0.94777
0.97645
0.99617
0.98083
1.00000
1.00000
0.98011
0.97216
0.99803
0.98846
0.95841
0.98511
0.95924
0.95254
0.96028
0.99367
0.95486
0.96996
0.96856
0.99386
0.92236
0.96763
0.96097
0.95621
0.95534
0.93794
0.92298
0.92994
0.91620
0.92306
0.91391
0.95854
0.97614
0.98959
0.98160
0.98119
0.99331
0.97717
0.96904
0.98010
0.99425
1.00000
0.96585
0.95998
0.99993
0.98448
0.99842
0.98128
0.98426
0.97474
0.99020
0.95755
0.97778
0.98536
0.95820
0.97590
0.97704
0.96100
0.95711
0.96233
0.98284
0.95737
0.99395
1.00000
1.00000
1.00000
0.97991
0.98323
0.99908
0.98002
0.99317
0.97186
1.00000
1.00000
0.96700
0.96120
0.97853
0.95667
0.96260
0.92974
0.92640
0.89391
0.88659
0.86143
0.87334
0.86218
0.85953
0.87520
0.83347
0.85612
0.84675
0.82032
0.81012
0.79999
0.75962
0.79336
0.79382
0.76231
0.71796
0.71741
0.72838
0.76886
0.77968
0.73253
0.75388
0.73729
0.71155
0.68463
0.70393
0.70149
0.70328
0.73260
0.75856
0.77275
0.75934
0.79999
0.79166
0.79892
0.80634
0.82005
0.78599
0.76352
0.77488
0.79065
0.77248
0.76336
0.72997
0.72023
0.73599
0.74369
0.75000
0.76191
0.76409
0.75192
0.74050
0.77613
0.77734
0.81615
0.81449
0.78768
0.75610
0.77681
0.75010
0.71534
0.71618
0.68356
0.70523
0.72467
0.71218
0.68615
0.71610
0.72636
0.72465
0.70120
0.65712
0.67712
0.71139
0.74059
0.76919
0.76179
0.79120
0.80808
0.84102
0.84116
0.84636
0.82171
0.83755
0.83292
0.86692
0.86787
0.85491
0.83860
0.85308
0.83989
0.82206
0.81543
0.80041
0.79643
0.81103
0.82282
0.81374
0.82946
0.83014
0.81105
0.79459
0.77312
0.73145
0.73663
0.73579
0.73548
0.70195
0.62954
0.63231
0.64427
0.65084
0.67139
0.65573
0.61968
0.60677
0.62921
0.64331
0.65668
0.64543
0.69155
0.67408
0.65853
0.64790
0.65727
0.65499
0.67958
0.69472
0.68157
0.68209
0.66368
0.69174
0.70631
0.68927
0.68272
0.70478
0.71040
0.71786
0.67942
0.65493
0.65889
0.62973
0.59315
0.58339
0.61446
0.57043
0.58464
0.53091
0.54323
0.54080
0.54125
0.53072
0.55442
0.55014
0.59047
0.58259
0.56746
0.56923
0.55270
0.57685
0.58325
0.57340
0.61550
0.61631
0.60688
0.60608
0.57134
0.58490
0.61303
0.60665
0.63086
0.70307
0.70429
0.67272
0.66810
0.66679
0.67801
0.66371
0.62745
0.62995
0.62331
0.62302
0.63199
0.65035
0.66636
0.68000
0.67098
0.62156
0.60439
0.59736
0.60258
0.61817
0.59776
0.62817
0.59536
0.59884
0.60504
0.61412
0.62472
0.64038
0.64458
0.63753
0.58009
0.58812
0.57918
0.54286
0.54914
0.54661
0.56249
0.57233
0.59566
0.60355
0.61191
0.65323
0.64090
0.63333
0.63847
0.65035
0.65399
0.64857
0.65165
0.66783
0.62019
0.62508
0.62892
0.62686
0.63920
0.63999
0.65504
0.63454
0.62723
0.63923
0.68165
0.68990
0.72611
0.70615
0.68279
0.66419
0.67073
0.67575
0.66596
0.67646
0.72671
0.71000
0.67820
0.67116
0.66355
0.67152
0.64325
0.63354
0.57679
0.59866
0.59636
0.62022
0.62822
0.62107
0.57849
0.53054
0.54210
0.53109
0.54910
0.55924
0.57843
0.61315
0.65803
0.65212
0.64121
0.65685
0.66284
0.69069
0.71723
0.70901
0.69610
0.68513
0.68519
0.66943
0.67675
0.68940
0.71422
0.69378
0.73480
0.73355
0.72169
0.73333
0.74010
0.73619
0.73330
0.72689
0.72714
0.72325
0.72977
0.72517
0.71191
0.67673
0.67973
0.68457
0.66404
0.66617
0.63082
0.61898
0.61479
0.61496
0.60725
0.61596
0.62458
0.60724
0.57705
0.57321
0.56593
0.58204
0.57363
0.58128
0.56120
0.59387
0.58643
0.62427
0.61221
0.61065
0.61822
0.63103
0.63168
0.62086
0.63992
0.62764
0.63798
0.58862
0.61630
0.60458
0.61562
0.65661
0.61517
0.64916
0.65803
0.67569
0.58822
0.58211
0.59652
0.60157
0.60705
0.58001
0.57956
0.59921
0.57478
0.56109
0.55196
0.53890
0.55843
0.61966
0.60820
0.61252
0.60795
0.61723
0.63586
0.64049
0.62805
0.60884
0.62174
0.61459
0.62338
0.58961
0.57770
0.53456
0.51107
0.52551
0.58084
0.59677
0.58075
0.56447
0.56769
0.57646
0.59768
0.59021
0.58910
0.58191
0.56940
0.59590
0.56600
0.58846
0.61583
0.60311
0.58503
0.56137
0.56436
0.57597
0.56503
0.56174
0.55440
0.56999
0.57869
0.58772
0.58425
0.61995
0.60066
0.58218
0.57495
0.54967
0.57178
0.54805
0.53234
0.51946
0.52958
0.53140
0.50388
0.50189
0.51040
0.50539
0.49375
0.50552
0.51438
0.51483
0.50819
0.51218
0.51251
0.50795
0.50986
0.47739
0.40611
0.39674
0.38764
0.36580
0.37945
0.37945
0.36904
0.32235
0.32003
0.30962
0.29552
0.32088
0.31190
0.27952
0.29479
0.31213
0.25102
0.26240
0.24797
0.23381
0.21723
0.22527
0.23359
0.22489
0.21632
0.21873
0.23746
0.22959
0.23749
0.25511
0.25862
0.26707
0.25994
0.24654
0.26181
0.25014
0.26364
0.23320
0.23991
0.23704
0.20141
0.18197
0.12726
0.15275
0.12176
0.13573
0.13927
0.11265
0.14318
0.14776
0.09045
0.08894
0.08274
0.09030
0.12669
0.11462
0.07533
0.09582
0.05136
0.06319
0.03773
0.04258
0.11644
0.07938
0.08228
0.07220
0.10365
0.10324
0.10299
0.15268
0.16636
0.18377
0.19777
0.20638
0.20266
0.16743
0.17224
0.19636
0.17426
0.16536
0.15397
0.14509
0.14866
0.14576
0.17470
0.16617
0.14095
0.12451
0.10771
0.10513
0.04325
0.04003
0.06338
0.06368
0.04854
0.06616
0.07045
0.03432
0.02974
0.03576
0.02408
0.03196
0.06485
0.05945
0.06496
0.06460
0.07168
0.07372
0.07378
0.08889
0.10067
0.10434
0.10520
0.08774
0.09810
0.10844
0.12419
0.12838
0.14404
0.13642
0.11810
0.09516
0.09142
0.09780
0.09706
0.09392
0.13316
0.11986
0.08110
0.07657
0.06546
0.04542
0.09207
0.12148
0.10719
0.07823
0.08345
0.09155
0.07011
0.06701
0.05742
0.05338
0.07519
0.10247
0.07509
0.14289
0.13107
0.14181
0.18134
0.24055
0.23452
0.23047
0.22939
0.24102
0.26217
0.25780
0.23528
0.20191
0.18663
0.18649
0.15498
0.11887
0.14848
0.15269
0.13382
0.14794
0.15028
0.09507
0.03899
0.04775
0.03618
0.01218
0.04624
0.06919
0.09270
0.08542
0.07696
0.06516
0.07818
0.08527
0.07275
0.04434
0.00924
0.00967
0.02321
0.01571
0.00000
0.01683
0.00423
0.03381
0.06360
0.07905
0.06920
0.04735
0.04456
0.07064
0.06108
0.06883
0.02159
0.02878
0.06272
0.05546
0.09542
0.11478
0.12959
0.13644
0.15828
0.14959
0.14773
0.14375
0.14080
0.14659
0.16480
0.13988
0.11794
0.13167
0.12166
0.09962
0.12630
0.11280
0.11017
0.11890
0.10497
0.10735
0.10229
0.12091
0.19707
0.19937
0.23794
0.24258
0.24441
0.26525
0.24874
0.28406
0.28406
0.27071
0.29048
0.27778
0.29436
0.28242
0.28902
0.28162
0.31624
0.30731
0.31397
0.28588
0.29699
0.28751
0.29795
0.34898
0.34395
0.33512
0.35277
0.32098
0.31252
0.33460
0.31167
0.29900
0.30159
0.29106
0.32207
0.30670
0.27131
0.25838
0.25795
0.27667
0.27650
0.30271
0.28432
0.29808
0.32866
0.30614
0.27926
0.27176
0.24563
0.27572
0.26837
0.26830
0.31115
0.36532
0.36148
0.35758
0.36296
0.34130
0.35879
0.36159
0.37959
0.42169
0.44950
0.44409
0.43433
0.41724
0.39958
0.43301
0.40488
0.40241
0.40560
0.40108
0.38616
0.39495
0.39545
0.40803
0.41471
0.42497
0.40448
0.41707
0.39834
0.42273
0.40037
0.37936
0.39169
0.38634
0.40118
0.36559
0.35860
0.36959
0.37229
0.43259
0.43300
0.43619
0.39441
0.37937
0.37688
0.38409
0.40120
0.39943
0.39943
0.41885
0.38857
0.39639
0.39266
0.37833
0.40924
0.38553
0.39292
0.36787
0.35014
0.34394
0.34480
0.34874
0.34471
0.35245
0.38405
0.40039
0.41589
0.42440
0.41070
0.41061
0.41499
0.38725
0.39949
0.40537
0.43747
0.40354
0.42282
0.44554
0.47021
0.46670
0.47938
0.48431
0.46488
0.47036
0.48238
0.43635
0.42546
0.43906
0.42720
0.40566
0.37150
0.35588
0.33377
0.37493
0.36205
0.37373
0.35092
0.37230
0.34153
0.33278
0.32335
0.31706
0.29568
0.30336
0.30167
0.26126
0.23870
0.21990
0.24704
0.22371
0.20371
0.21010
0.21085
0.17759
0.14947
0.14528
0.18031
0.18105
0.15536
0.13340
0.11817
0.14136
0.14737
0.15107
0.14028
0.17940
0.18018
0.18018
0.20060
0.22190
0.23676
0.20921
0.22815
0.23641
0.25715
0.24575
0.26268
0.24245
0.25867
0.28403
0.28199
0.30085
0.29078
0.27723
0.25868
0.25912
0.26646
0.30775
0.27367
0.30058
0.30014
0.29879
0.26652
0.30930
0.27654
0.30200
0.25808
0.23753
0.23154
0.24392
0.27831
0.24868
0.24310
0.21713
0.27676
0.29841
0.30677
0.30575
0.32205
0.33149
0.34473
0.31970
0.29227
0.28984
0.38062
0.38890
0.37549
0.35197
0.32251
0.34051
0.36339
0.38122
0.35078
0.40412
0.37199
0.38357
0.36961
0.38748
0.39717
0.37133
0.35410
0.37147
0.38080
0.40082
0.42714
0.44073
0.44191
0.42767
0.42541
0.44556
0.44691
0.41112
0.43920
0.43939
0.45257
0.44274
0.42854
0.43662
0.45171
0.46887
0.47520
0.47768
0.46434
0.44364
0.44771
0.48289
0.48720
0.52135
0.56123
0.54145
0.56475
0.58250
0.55957
0.54862
0.54490
0.56951
0.56995
0.58503
0.60485
0.60024
0.60709
0.61597
0.69034
0.69746
0.69138
0.68346
0.65787
0.68557
0.71314
0.70639
0.72944
0.74440
0.73107
0.70549
0.74143
0.72479
0.70523
0.68559
0.64964
0.64674
0.65441
0.64588
0.62931
0.63522
0.63895
0.60421
0.59515
0.61759
0.61786
0.59867
0.61465
0.58386
0.56659
0.61287
0.60523
0.62193
0.61614
0.59308
0.59845
0.61903
0.63766
0.59669
0.57023
0.56533
0.52226
0.54503
0.53921
0.55986
0.52205
0.50999
0.49168
0.48731
0.49428
0.45712
0.46860
0.43954
0.46804
0.45570
0.46734
0.41958
0.44723
0.44061
0.44296
0.41489
0.41807
0.42767
0.46067
0.45843
0.43907
0.44755
0.46406
0.43902
0.40589
0.39033
0.39033
0.35142
0.35056
0.33035
0.33954
0.31576
0.31589
0.30096
0.31918
0.29889
0.31695
0.31007
0.26952
0.23283
0.23991
0.23918
0.22732
0.21603
0.21662
0.20894
0.21919
0.20724
0.19804
0.20700
0.25187
0.24573
0.25237
0.28715
0.30874
0.29642
0.25932
0.24401
0.24571
0.24503
0.24601
0.29121
0.28342
0.26195
0.27991
0.28860
0.27005
0.25411
0.23252
0.24064
0.24912
0.21620
0.21818
0.21759
0.21956
0.22282
0.21715
0.22643
0.25099
0.26203
0.23903
0.21394
0.21158
0.21157
0.21244
0.23394
0.24981
0.25442
0.26723
0.26270
0.26188
0.25711
0.22325
0.21027
0.22516
0.24160
0.22829
0.23683
0.26551
0.27750
0.27951
0.28399
0.26473
0.29637
0.25310
0.24507
0.22264
0.18880
0.17899
0.17639
0.15963
0.19200
0.20978
0.19935
0.18492
0.14839
0.19481
0.22277
0.19102
0.21945
0.18896
0.19194
0.19092
0.20490
0.17454
0.19539
0.21084
0.19125
0.17524
0.22865
0.20308
0.16800
0.16675
0.19733
0.19228
0.19091
0.16545
0.16062
0.13481
0.13063
0.11425
0.09408
0.08018
0.09165
0.10281
0.12957
0.10577
0.17123
0.17312
0.17021
0.17554
0.16351
0.16306
0.20184
0.19487
0.22871
0.24803
0.23539
0.23478
0.21917
0.19117
0.22122
0.20751
0.18743
0.15807
0.19641
0.19353
0.20999
0.21314
0.23319
0.22932
0.23012
0.23968
0.23495
0.28286
0.29707
0.30817
0.27976
0.24521
0.25002
0.23901
0.25552
0.28095
0.29969
0.29933
0.30206
0.31114
0.30661
0.26116
0.23481
0.23625
0.20979
0.21131
0.22273
0.20077
0.21178
0.20067
0.23745
0.22197
0.26049
0.28550
0.30938
0.29913
0.30606
0.34026
0.30659
0.33235
0.31540
0.31080
0.30631
0.31551
0.35197
0.34414
0.35615
0.31034
0.27648
0.27635
0.28090
0.24662
0.24465
0.23326
0.24399
0.25293
0.24785
0.22694
0.23054
0.19170
0.19388
0.19478
0.17463
0.16535
0.19903
0.19580
0.17403
0.16786
0.18595
0.21603
0.24440
0.23064
0.22469
0.21329
0.14691
0.15279
0.16388
0.16765
0.12221
0.10147
0.13710
0.15746
0.17902
0.18532
0.19942
0.19673
0.16757
0.13137
0.07418
0.10964
0.10044
0.11732
0.11067
0.12450
0.11848
0.11575
0.13886
0.13107
0.13759
0.11103
0.07015
0.09070
0.09402
0.03778
0.01648
0.02538
0.01906
0.02699
0.07699
0.10884
0.13219
0.16882
0.15390
0.16460
0.10876
0.11317
0.12938
0.10439
0.10979
0.13689
0.12136
0.16177
0.14271
0.14727
0.19659
0.18363
0.17281
0.16878
0.16611
0.17670
0.19089
0.19633
0.18611
0.15656
0.16682
0.19123
0.18710
0.19048
0.16207
0.18958
0.18261
0.17106
0.21105
0.23529
0.22113
0.19078
0.17398
0.15415
0.16744
0.15274
0.13236
0.11718
0.11580
0.10645
0.09743
0.11199
0.09018
0.09054
0.07659
0.08647
0.07787
0.08395
0.07532
0.12149
0.09681
0.09135
0.11463
0.12308
0.10818
0.14290
0.12085
0.15105
0.25214
0.28556
0.30559
0.32391
0.36982
0.36702
0.41614
0.42139
0.43505
0.43244
0.42251
0.42530
0.44829
0.41267
0.41316
0.43297
0.43094
0.41768
0.44220
0.46637
0.46783
0.48007
0.49891
0.48525
0.46960
0.49347
0.50207
0.51905
0.48632
0.48555
0.46868
0.48444
0.47205
0.47614
0.48302
0.49899
0.57522
0.57522
0.62359
0.60026
0.59315
0.58812
0.58496
0.58112
0.58146
0.57596
0.54230
0.53874
0.52823
0.53858
0.51510
0.54493
0.53549
0.55978
0.56763
0.54129
0.55201
0.52987
0.54636
0.58588
0.62764
0.63535
0.61451
0.64892
0.65081
0.62078
0.64585
0.65091
0.64528
0.64986
0.65170
0.62432
0.67473
0.66616
0.67123
0.69124
0.64384
0.65674
0.66213
0.67007
0.66840
0.68939
0.72241
0.73110
0.73767
0.73286
0.71490
0.68139
0.67731
0.67941
0.67447
0.65993
0.65877
0.67077
0.68916
0.69467
0.69169
0.68742
0.72405
0.72377
0.72251
0.77328
0.72776
0.67384
0.64849
0.64656
0.64779
0.66875
0.67185
0.67185
0.70398
0.68787
0.69773
0.66134
0.67582
0.69995
0.68991
0.68542
0.68786
0.64021
0.67526
0.66787
0.67011
0.67715
0.67205
0.70001
0.69110
0.66667
0.69918
0.64388
0.63039
0.61051
0.62002
0.64903
0.64667
0.69122
0.68143
0.67638
0.67718
0.65352
0.66059
0.64585
0.62587
0.63922
0.59676
0.62333
0.65292
0.61732
0.60642
0.65860
0.67126
0.67875
0.71844
0.67600
0.64683
0.64110
0.64589
0.61146
0.62297
0.62807
0.63429
0.65132
0.67691
0.66164
0.66700
0.67924
0.69396
0.69849
0.70809
0.70580
0.72108
0.75381
0.80414
0.77720
0.75029
0.76523
0.71985
0.71192
0.70901
0.72865
0.75664
0.75014
0.77087
0.78249
0.77431
0.78502
0.84289
0.83377
0.82613
0.80070
0.79159
0.85107
0.87307
0.88065
0.90723
0.91291
0.90826
0.91125
0.90341
0.88928
0.87986
0.87711
0.86181
0.85026
0.85053
0.85789
0.82898
0.86100
0.89123
0.90673
0.90435
0.90304
0.94430
0.98034
0.98414
0.97372
0.90822
0.89422
0.91481
0.90942
0.89093
0.90109
0.90100
0.88766
0.85566
0.84711
0.87102
0.89103
0.89624
0.90341
0.85563
0.81728
0.83148
0.84415
0.84544
0.87278
0.87324
0.90760
0.91711
0.91813
0.91081
0.91922
0.96799
0.99643
0.98789
1.00000
0.98150
0.99534
0.98582
0.95640
0.94566
0.94790
0.95550
0.99995
1.00000
0.98527
0.97928
0.96331
0.95526
0.97255
0.93286
0.91486
0.90819
0.92484
0.94941
0.94456
0.96493
0.97827
0.98850
0.94659
0.93090
0.95715
0.97535
0.92792
0.93603
0.92115
0.92652
0.94505
0.99671
0.99136
0.99389
0.99789
0.99938
0.99605
1.00000
0.96821
0.98832
0.98004
0.97978
0.99953
0.99122
0.98940
0.95930
0.95230
0.97072
0.96279
0.96113
0.94286
0.86622
0.87643
0.92135
0.96119
0.96068
0.95786
0.92344
0.91331
0.90885
0.95184
0.95397
0.94817
0.92558
0.93447
0.93544
0.98453
0.98550
0.97732
0.96384
0.99844
0.97372
0.97932
0.99324
0.99667
0.99773
0.98197
0.99960
0.97470
0.97421
1.00000
0.96428
0.96190
0.96987
0.97633
0.97644
0.97226
0.94260
0.94692
0.98304
0.98221
0.95881
0.90465
0.98634
1.00000
1.00000
0.98472
0.96039
0.94601
0.94817
0.94170
0.94294
0.96764
0.94895
0.98446
1.00000
0.99985
0.98055
0.99977
1.00000
0.99981
0.96686
0.94714
0.92269
0.93706
0.94894
0.96542
0.95403
0.96890
0.93922
0.91001
0.96150
0.92744
0.91964
0.91599
0.93114
0.95822
0.95070
0.93245
0.96329
0.97441
0.94719
0.92809
0.99657
1.00000
0.97415
0.98027
0.98767
0.98771
0.97309
0.95044
0.98356
0.98196
0.95465
0.91968
0.93365
0.91918
0.91180
0.91436
0.89116
0.84513
0.84617
0.86145
0.86023
0.85944
0.86587
0.87218
0.85384
0.88579
0.87559
0.86487
0.87588
0.84864
0.81525
0.81957
0.80184
0.83628
0.83122
0.82061
0.80935
0.80939
0.77917
0.78032
0.78619
0.76827
0.76224
0.75956
0.76080
0.75478
0.78193
0.76450
0.74261
0.73691
0.80005
0.74316
0.75568
0.74188
0.75622
0.74879
0.77934
0.79617
0.82117
0.85627
0.87267
0.84942
0.84265
0.84600
0.83431
0.85366
0.89022
0.92066
0.91826
0.91692
0.91346
0.88696
0.82192
0.82018
0.84333
0.83397
0.84215
0.85527
0.84526
0.83652
0.80261
0.79370
0.76371
0.74084
0.75372
0.75484
0.76422
0.71731
0.69866
0.67704
0.69571
0.68802
0.66840
0.67954
0.65867
0.66249
0.67485
0.66509
0.65005
0.66627
0.62035
0.63694
0.60432
0.60341
0.64103
0.66508
0.66409
0.63213
0.62628
0.63415
0.63652
0.60013
0.59350
0.58592
0.58093
0.56691
0.56709
0.53196
0.50151
0.54599
0.54564
0.56396
0.56398
0.56887
0.56268
0.50255
0.48686
0.46895
0.50070
0.51029
0.49207
0.49973
0.49079
0.46908
0.46734
0.47107
0.45978
0.43823
0.43410
0.47827
0.46805
0.47851
0.47476
0.47135
0.48394
0.47208
0.48595
0.49456
0.49636
0.53512
0.53706
0.53264
0.55068
0.55826
0.58869
0.59667
0.57674
0.57648
0.56061
0.57651
0.56295
0.57343
0.58403
0.57319
0.53953
0.54921
0.58127
0.63067
0.62174
0.60382
0.62048
0.62190
0.61899
0.63487
0.66409
0.65410
0.67852
0.67645
0.66715
0.65907
0.67560
0.67078
0.66234
0.67453
0.71763
0.70940
0.72775
0.74516
0.73132
0.71869
0.71686
0.72634
0.72416
0.72810
0.73598
0.71726
0.71970
0.71637
0.70537
0.72475
0.73299
0.74059
0.73188
0.77348
0.76733
0.75879
0.75790
0.77062
0.76651
0.77173
0.76391
0.76835
0.77518
0.78680
0.77832
0.76471
0.76471
0.75681
0.73791
0.72574
0.74262
0.70976
0.71648
0.69699
0.70053
0.67181
0.64085
0.63952
0.63853
0.65446
0.65586
0.61509
0.57121
0.58585
0.63537
0.65995
0.64996
0.65599
0.65076
0.66401
0.67512
0.68962
0.68639
0.67923
0.61045
0.60185
0.57858
0.59098
0.62363
0.61673
0.64253
0.62571
0.63876
0.62186
0.59151
0.57357
0.57763
0.56163
0.55385
0.58449
0.61348
0.63917
0.62945
0.62299
0.60691
0.58360
0.59908
0.57744
0.58606
0.57841
0.56600
0.60084
0.58390
0.57005
0.55827
0.55378
0.56309
0.56819
0.58731
0.58281
0.57361
0.54202
0.53597
0.51250
0.48909
0.51535
0.51912
0.53632
0.56429
0.54976
0.52606
0.51129
0.53266
0.53078
0.53648
0.58446
0.62092
0.62603
0.62529
0.61195
0.60727
0.64120
0.62240
0.63218
0.63131
0.63208
0.64414
0.66390
0.66138
0.65402
0.64949
0.66434
0.67849
0.70220
0.70078
0.73869
0.76194
0.76839
0.76638
0.81350
0.79486
0.81733
0.82310
0.87710
0.85177
0.82972
0.84179
0.79439
0.78519
0.83166
0.81161
0.80036
0.83165
0.84899
0.82438
0.81826
0.82794
0.83443
0.80932
0.77867
0.78974
0.79002
0.77966
0.78100
0.81978
0.82688
0.80600
0.80899
0.84239
0.81831
0.81950
0.82648
0.85273
0.82835
0.78849
0.77055
0.78124
0.78428
0.85132
0.84606
0.83507
0.83401
0.85393
0.80645
0.79954
0.82062
0.82397
0.81427
0.79485
0.81113
0.80263
0.83062
0.81306
0.80377
0.80950
0.80019
0.84369
0.81432
0.80288
0.80206
0.80776
0.82220
0.83446
0.83422
0.83478
0.83908
0.82896
0.86228
0.85274
0.83473
0.84242
0.83959
0.82273
0.83473
0.83055
0.80318
0.81878
0.78408
0.81022
0.79074
0.77391
0.76313
0.76906
0.78396
0.75412
0.76179
0.79451
0.78525
0.80684
0.84011
0.86157
0.82448
0.84970
0.86506
0.88049
0.93153
0.92329
0.90649
0.91378
0.92473
0.87806
0.86021
0.85171
0.80137
0.80626
0.77830
0.79734
0.83864
0.85593
0.81806
0.81746
0.81867
0.82232
0.81485
0.82488
0.84394
0.84011
0.88556
0.92181
0.89705
0.94619
0.94922
0.94103
0.95565
0.99379
0.99365
0.98306
0.99625
0.97145
0.96122
0.97051
0.96685
0.96376
0.98607
0.99744
1.00000
0.97665
0.96303
0.95488
0.95830
0.96656
0.96992
0.96315
0.99632
1.00000
0.97972
0.95982
0.97072
0.97772
0.92882
0.92356
0.89972
0.90240
0.89274
0.88241
0.88026
0.85927
0.82361
0.83300
0.81370
0.79636
0.77466
0.79617
0.82577
0.85574
0.83038
0.84024
0.86329
0.85217
0.81283
0.81284
0.80914
0.77256
0.73907
0.76205
0.74471
0.78577
0.77959
0.75153
0.74650
0.75575
0.75136
0.76203
0.72880
0.73470
0.74108
0.78137
0.75630
0.74733
0.75706
0.78863
0.77359
0.79618
0.85746
0.83437
0.83434
0.80294
0.76555
0.75056
0.71598
0.71239
0.69089
0.71797
0.74353
0.71472
0.69549
0.69267
0.67950
0.67224
0.67535
0.65122
0.59731
0.63273
0.60075
0.58749
0.56067
0.52668
0.55995
0.58781
0.52866
0.53643
0.52299
0.50895
0.48864
0.48578
0.43975
0.45114
0.45139
0.45394
0.48156
0.43886
0.42814
0.42859
0.43066
0.44788
0.42191
0.44275
0.45043
0.48862
0.47501
0.48017
0.49615
0.51995
0.48041
0.44695
0.43793
0.45191
0.40395
0.39408
0.39959
0.40155
0.40389
0.40818
0.40131
0.40895
0.41441
0.41908
0.42171
0.45566
0.41490
0.41758
0.41758
0.43686
0.45698
0.43318
0.43047
0.43122
0.41783
0.45254
0.44165
0.46080
0.43856
0.44833
0.41356
0.42164
0.46323
0.48588
0.49637
0.46195
0.45123
0.44442
0.45813
0.42521
0.37878
0.36698
0.38387
0.39406
0.36156
0.36583
0.37098
0.37900
0.36742
0.37591
0.35688
0.37892
0.35523
0.35643
0.39108
0.42320
0.44095
0.45175
0.42387
0.42450
0.41573
0.48040
0.44875
0.45861
0.46742
0.45776
0.40446
0.40821
0.43774
0.43972
0.40135
0.42387
0.43333
0.43448
0.46801
0.48640
0.48436
0.47891
0.47361
0.48009
0.45649
0.50867
0.49296
0.48451
0.49464
0.45000
0.45790
0.43500
0.44758
0.38588
0.39733
0.42630
0.44791
0.48261
0.48906
0.50102
0.49471
0.50008
0.51821
0.52245
0.52130
0.52733
0.54476
0.54448
0.51130
0.54303
0.53184
0.54673
0.54948
0.59203
0.56280
0.57070
0.59145
0.58419
0.53871
0.58162
0.56892
0.57549
0.57591
0.57182
0.57154
0.58343
0.61205
0.62385
0.61840
0.59230
0.56927
0.48526
0.49611
0.50522
0.50032
0.50057
0.49690
0.48672
0.50112
0.50477
0.51001
0.49642
0.50753
0.49846
0.47883
0.45231
0.48555
0.49151
0.47925
0.50081
0.51882
0.54801
0.52861
0.53269
0.53112
0.53443
0.53310
0.53797
0.53793
0.53075
0.54035
0.53176
0.54305
0.54266
0.55006
0.50365
0.53914
0.53532
0.54980
0.53756
0.53746
0.53805
0.51160
0.49060
0.48259
0.47470
0.47969
0.46747
0.45253
0.45523
0.45708
0.46592
0.41971
0.40973
0.42298
0.43031
0.44045
0.41583
0.44743
0.47392
0.46928
0.45796
0.45153
0.44002
0.44981
0.42297
0.42270
0.41117
0.48357
0.51611
0.48951
0.49337
0.47063
0.50515
0.53193
0.49467
0.46823
0.52672
0.53084
0.53602
0.51209
0.50682
0.52643
0.51064
0.51110
0.50787
0.49697
0.49333
0.48765
0.46528
0.46638
0.44035
0.46106
0.43589
0.43432
0.41574
0.45001
0.46077
0.44363
0.46311
0.47819
0.47851
0.49641
0.50132
0.50941
0.53731
0.52875
0.54609
0.53302
0.54903
0.57786
0.56251
0.52896
0.51687
0.53335
0.53638
0.56078
0.56073
0.55245
0.57009
0.57550
0.61037
0.57979
0.58970
0.62465
0.59451
0.56952
0.53367
0.50801
0.47440
0.48895
0.45717
0.49186
0.46542
0.39769
0.37505
0.33591
0.32442
0.36308
0.36976
0.37207
0.31351
0.33139
0.32924
0.33210
0.29962
0.31511
0.33848
0.35680
0.40412
0.39612
0.37044
0.37561
0.37424
0.36668
0.37667
0.35505
0.33580
0.33795
0.33154
0.33407
0.35382
0.35027
0.33809
0.30810
0.29971
0.30944
0.31057
0.29122
0.30339
0.28918
0.28283
0.28575
0.30761
0.30191
0.27150
0.29466
0.28711
0.28266
0.33707
0.34308
0.37020
0.40115
0.42099
0.43757
0.43329
0.43199
0.46027
0.49555
0.49873
0.51710
0.53251
0.53739
0.52808
0.52022
0.52022
0.55380
0.55572
0.54785
0.55653
0.54915
0.56718
0.52903
0.50790
0.52354
0.54668
0.58041
0.59208
0.57644
0.58138
0.59402
0.57173
0.56387
0.56455
0.53981
0.52457
0.53018
0.51850
0.51862
0.52312
0.53198
0.52975
0.53762
0.54221
0.53482
0.52713
0.49916
0.48552
0.47414
0.46349
0.48428
0.50094
0.53317
0.55111
0.58792
0.60790
0.59782
0.64625
0.64751
0.65412
0.60897
0.56673
0.57645
0.56379
0.55372
0.60615
0.59688
0.65602
0.64576
0.65960
0.67336
0.69359
0.69952
0.72928
0.72965
0.72724
0.73167
0.68626
0.69626
0.72862
0.69597
0.69992
0.72775
0.75465
0.75541
0.72486
0.73165
0.74302
0.71591
0.71229
0.70906
0.69700
0.70091
0.69437
0.67042
0.68919
0.69581
0.68522
0.71982
0.73813
0.71906
0.73185
0.71517
0.71031
0.70088
0.70652
0.69565
0.69409
0.68934
0.68132
0.67825
0.69785
0.70030
0.71467
0.68962
0.68800
0.65434
0.64457
0.62130
0.62253
0.60289
0.62371
0.61907
0.61598
0.59606
0.59813
0.57627
0.58694
0.57967
0.57250
0.57674
0.57316
0.56095
0.56165
0.55399
0.58819
0.58042
0.58927
0.60189
0.63576
0.61468
0.59682
0.59477
0.57571
0.55381
0.55753
0.56416
0.58344
0.59880
0.59269
0.58108
0.53665
0.55810
0.56221
0.60560
0.62225
0.61363
0.61132
0.61113
0.63281
0.65212
0.65373
0.60392
0.61315
0.62002
0.62715
0.65163
0.65633
0.58714
0.60081
0.58810
0.56780
0.55831
0.55419
0.54759
0.51971
0.53503
0.53387
0.55817
0.54060
0.51224
0.51433
0.49137
0.51904
0.53855
0.53581
0.54130
0.55625
0.54692
0.54330
0.53447
0.51821
0.50188
0.48096
0.50610
0.48933
0.50666
0.48920
0.47033
0.47209
0.46857
0.44394
0.43181
0.41908
0.43140
0.42539
0.41584
0.38151
0.38133
0.38429
0.40032
0.41267
0.44942
0.42307
0.42984
0.44642
0.45005
0.44747
0.42470
0.40892
0.40288
0.42277
0.46705
0.48300
0.46164
0.44379
0.45441
0.45505
0.47061
0.47136
0.49042
0.49539
0.45727
0.47004
0.42358
0.41843
0.42392
0.42340
0.46799
0.44839
0.43642
0.43590
0.44685
0.39530
0.37401
0.37706
0.40429
0.39294
0.35796
0.32863
0.30467
0.35949
0.38075
0.39980
0.35199
0.34885
0.32459
0.31102
0.31777
0.32373
0.31088
0.32302
0.34457
0.34980
0.35395
0.35749
0.39441
0.40063
0.37543
0.39777
0.39777
0.45257
0.43878
0.44564
0.44567
0.45128
0.49404
0.50220
0.56308
0.57244
0.57113
0.63130
0.65243
0.64682
0.64033
0.63187
0.65060
0.67180
0.64295
0.59281
0.58426
0.58304
0.58460
0.60526
0.60569
0.58086
0.56059
0.57027
0.54088
0.59627
0.62020
0.61977
0.65012
0.62409
0.60816
0.61790
0.60122
0.62210
0.63264
0.64927
0.64867
0.64705
0.64560
0.63502
0.69688
0.67745
0.67683
0.67345
0.67177
0.67103
0.68056
0.68407
0.68294
0.68297
0.68119
0.67418
0.69994
0.65884
0.69159
0.67943
0.64656
0.68930
0.72021
0.75684
0.72951
0.74364
0.73984
0.74088
0.72217
0.72695
0.72709
0.70111
0.68729
0.69553
0.65513
0.68622
0.69053
0.69481
0.69772
0.67422
0.69616
0.69827
0.69592
0.67805
0.66642
0.66698
0.64184
0.65414
0.63572
0.61071
0.62040
0.62035
0.63358
0.62906
0.68369
0.70308
0.69049
0.69395
0.67145
0.69238
0.67148
0.67628
0.66341
0.65053
0.65729
0.69501
0.69439
0.74245
0.74629
0.74216
0.73879
0.75236
0.76596
0.79768
0.81028
0.86022
0.84962
0.82195
0.81394
0.80956
0.78113
0.78494
0.78992
0.78037
0.77950
0.75992
0.68893
0.68858
0.70904
0.73156
0.71255
0.74132
0.70941
0.70012
0.70222
0.68322
0.66079
0.62908
0.61690
0.59047
0.58289
0.55627
0.55337
0.58393
0.58596
0.59000
0.59421
0.59421
0.61490
0.61161
0.61354
0.63795
0.64765
0.62963
0.56154
0.58215
0.60102
0.57179
0.59688
0.59906
0.57358
0.58309
0.58790
0.57476
0.59105
0.60087
0.59703
0.55277
0.51564
0.50739
0.51431
0.51056
0.49475
0.51120
0.50849
0.52209
0.51890
0.53367
0.55076
0.57851
0.65319
0.60758
0.60623
0.61107
0.58604
0.59196
0.60430
0.63562
0.63590
0.61174
0.60619
0.62436
0.62604
0.62667
0.60476
0.60991
0.56003
0.54507
0.54495
0.53100
0.51544
0.51462
0.51919
0.52385
0.51286
0.51926
0.55824
0.54241
0.55204
0.54581
0.54311
0.56028
0.58000
0.63788
0.66070
0.65918
0.65593
0.69943
0.64618
0.65761
0.67093
0.70528
0.72202
0.71441
0.72158
0.75513
0.74782
0.74938
0.74024
0.69828
0.67387
0.67712
0.67149
0.68295
0.68742
0.70883
0.70393
0.72212
0.68694
0.64479
0.65774
0.66719
0.65978
0.62717
0.59689
0.58965
0.58910
0.57035
0.57011
0.55907
0.55826
0.56228
0.56456
0.55193
0.58757
0.57963
0.58564
0.58928
0.54011
0.53777
0.56922
0.56129
0.57566
0.56235
0.59609
0.60912
0.59191
0.68102
0.64905
0.64123
0.65757
0.66268
0.64752
0.63543
0.63208
0.62376
0.61074
0.61054
0.60361
0.58927
0.58725
0.59301
0.57694
0.58918
0.60917
0.58656
0.61322
0.59804
0.60633
0.60594
0.62080
0.58569
0.58775
0.58692
0.56034
0.60974
0.59962
0.60464
0.58047
0.56341
0.51781
0.54811
0.54826
0.54821
0.55189
0.56232
0.53359
0.54222
0.52037
0.55962
0.55306
0.57019
0.56646
0.55111
0.57210
0.56204
0.58685
0.58690
0.62791
0.62607
0.63487
0.61179
0.60138
0.59745
0.59246
0.58057
0.59797
0.61300
0.59709
0.58116
0.58536
0.56536
0.54859
0.52686
0.53014
0.51479
0.51605
0.53489
0.62304
0.61127
0.57711
0.57639
0.56546
0.54784
0.56403
0.56924
0.60377
0.60271
0.59660
0.61016
0.59837
0.61438
0.61394
0.64050
0.63909
0.66231
0.60829
0.63465
0.63212
0.61365
0.65517
0.65002
0.65569
0.65552
0.63816
0.59328
0.62470
0.60617
0.64324
0.64100
0.62613
0.66410
0.66279
0.65424
0.64220
0.64367
0.61953
0.60734
0.57768
0.55181
0.51699
0.50567
0.52194
0.51511
0.52978
0.55188
0.54835
0.53384
0.53826
0.58421
0.57758
0.61562
0.61491
0.59156
0.58384
0.52807
0.54272
0.54945
0.54444
0.60694
0.62264
0.61754
0.63300
0.64929
0.68536
0.66601
0.65316
0.60409
0.66847
0.69164
0.73662
0.71243
0.70852
0.72494
0.73394
0.68333
0.67647
0.66390
0.68832
0.67330
0.71803
0.71856
0.74383
0.74977
0.77079
0.77776
0.77247
0.73242
0.72950
0.72292
0.72825
0.75022
0.75450
0.73220
0.73715
0.72341
0.71774
0.74511
0.73942
0.72541
0.72895
0.75152
0.75606
0.77397
0.73134
0.73703
0.74254
0.75275
0.78467
0.78467
0.76667
0.82037
0.80491
0.79068
0.80898
0.81384
0.83084
0.84063
0.83338
0.85453
0.85647
0.86672
0.86534
0.79743
0.84945
0.87448
0.88935
0.88207
0.89884
0.91387
0.91546
0.91778
0.91421
0.91844
0.92124
0.95268
0.96963
0.94522
0.90534
0.87762
0.90018
0.91487
0.89464
0.90571
0.90446
0.92666
0.90209
0.92035
0.92233
0.93371
0.92262
0.96058
1.00000
1.00000
0.99835
0.99572
0.99996
1.00000
0.99369
0.99109
0.98122
1.00000
1.00000
0.98099
1.00000
0.99367
0.98673
0.98770
0.97596
0.95559
0.97884
0.98820
0.97519
0.99164
0.97620
0.96070
0.95097
0.92688
0.95815
0.95629
0.91682
0.90839
0.92532
0.92271
0.93687
0.98089
1.00000
0.97366
0.96472
0.98387
0.99687
0.99996
0.96571
0.98852
1.00000
0.99916
0.99359
0.99384
0.96221
0.99350
0.99118
0.98809
0.97873
0.94635
0.99404
0.96960
0.97820
0.97653
0.96066
0.92144
0.89299
0.92018
0.90390
0.90851
0.88545
0.87314
0.86273
0.85956
0.86024
0.86789
0.88382
0.87520
0.87922
0.89603
0.90484
0.88927
0.86503
0.87054
0.89033
0.88132
0.90505
0.91779
0.90740
0.90986
0.93870
0.92437
0.90761
0.89273
0.87489
0.88724
0.90843
0.86307
0.88613
0.84918
0.83428
0.82459
0.84463
0.82951
0.82356
0.80287
0.75935
0.73628
0.74468
0.73299
0.72338
0.71819
0.72514
0.76686
0.80110
0.78794
0.79464
0.78459
0.78921
0.81093
0.83048
0.82697
0.83583
0.83016
0.82341
0.82424
0.81526
0.81113
0.82877
0.82267
0.81730
0.82987
0.86605
0.83978
0.87364
0.86796
0.85418
0.85605
0.82732
0.82377
0.82004
0.81382
0.81918
0.83109
0.82982
0.81711
0.82322
0.77762
0.75189
0.74175
0.71641
0.70334
0.72659
0.75009
0.70789
0.72101
0.80131
0.79872
0.75837
0.78914
0.79919
0.81044
0.82878
0.83206
0.84782
0.86393
0.87478
0.84314
0.83589
0.84572
0.83949
0.85049
0.90341
0.92644
0.96619
0.88302
0.87896
0.91246
0.91690
0.93210
0.90963
0.90601
0.91017
0.93435
0.92933
0.96998
0.98025
0.98201
0.99553
0.99402
0.99629
0.99762
0.93882
0.95613
0.98720
0.98705
1.00000
0.99840
0.99603
0.96887
0.95647
0.93729
0.95821
0.96191
0.99790
0.99416
0.99382
0.98719
0.98076
0.98603
0.99872
0.98297
0.97815
0.97693
0.95314
0.98508
0.94237
0.93185
0.94188
0.95790
0.97382
0.94106
0.90970
0.92806
0.90625
0.94016
0.93137
0.92767
0.87738
0.86617
0.81802
0.87761
0.83875
0.80817
0.75482
0.75205
0.75478
0.73209
0.71868
0.65068
0.65735
0.67306
0.67746
0.67076
0.67448
0.67135
0.69892
0.73791
0.71943
0.74483
0.70746
0.68881
0.70738
0.68955
0.68730
0.69148
0.66211
0.64752
0.61053
0.60707
0.61128
0.60741
0.60706
0.61530
0.61305
0.67205
0.65140
0.65863
0.65634
0.64901
0.64516
0.61260
0.58131
0.57723
0.55180
0.50863
0.51376
0.52794
0.52783
0.53370
0.50513
0.51233
0.52033
0.53220
0.52488
0.54213
0.52060
0.54031
0.53976
0.50743
0.50120
0.50067
0.53680
0.48246
0.49278
0.49393
0.49379
0.52361
0.52845
0.51635
0.50029
0.50031
0.48967
0.46527
0.46306
0.47894
0.48834
0.46323
0.44765
0.43956
0.45818
0.41677
0.42922
0.43806
0.43750
0.43451
0.43232
0.43217
0.48216
0.43541
0.46144
0.41739
0.45860
0.47721
0.48733
0.50807
0.50714
0.53949
0.54554
0.53132
0.56026
0.53059
0.53151
0.56818
0.58949
0.59857
0.61604
0.61040
0.64959
0.62794
0.63072
0.66741
0.63741
0.64133
0.64522
0.63751
0.63881
0.62864
0.62278
0.60644
0.55616
0.57131
0.56544
0.57859
0.62228
0.61552
0.60774
0.61009
0.61016
0.60577
0.62767
0.65440
0.64947
0.67580
0.67391
0.68736
0.68996
0.67054
0.63149
0.59194
0.62668
0.63212
0.59806
0.59095
0.56699
0.62296
0.64051
0.64504
0.64109
0.59749
0.59280
0.59860
0.59193
0.60370
0.60405
0.58295
0.58671
0.58596
0.57898
0.55569
0.54847
0.55424
0.56109
0.56632
0.63779
0.63024
0.61312
0.67281
0.68277
0.70652
0.70660
0.68238
0.66312
0.66083
0.67953
0.69692
0.69567
0.70759
0.69810
0.70975
0.69454
0.68984
0.67681
0.69783
0.72531
0.72782
0.73124
0.69374
0.70097
0.70157
0.69288
0.70250
0.69166
0.66766
0.70795
0.71528
0.73163
0.69120
0.72172
0.71986
0.66409
0.65469
0.66702
0.67174
0.70943
0.69446
0.70544
0.66463
0.65947
0.64166
0.65222
0.64220
0.64652
0.63544
0.65129
0.62175
0.58840
0.55802
0.59611
0.54950
0.52825
0.52962
0.52770
0.56699
0.57013
0.57209
0.55947
0.55098
0.54241
0.55233
0.55521
0.59418
0.66292
0.64006
0.62149
0.64619
0.64301
0.64058
0.65026
0.62715
0.66596
0.68319
0.65149
0.66284
0.70003
0.70801
0.69241
0.70249
0.69940
0.69252
0.66097
0.66293
0.67277
0.66142
0.64723
0.61078
0.60772
0.60347
0.59739
0.59821
0.57671
0.61043
0.65673
0.65685
0.65315
0.66192
0.65026
0.66449
0.66079
0.65862
0.66151
0.66717
0.65902
0.65651
0.67533
0.68099
0.70295
0.72235
0.71704
0.74266
0.73300
0.75479
0.79390
0.77283
0.74418
0.72883
0.74135
0.69538
0.66259
0.68470
