0.01711
0.01158
0.01781
0.00343
0.00000
0.01048
0.01816
0.04403
0.06821
0.07242
0.01300
0.02261
0.02802
0.01979
0.05392
0.09675
0.14141
0.09667
0.10122
0.10822
0.10514
0.10758
0.15323
0.15481
0.19920
0.25253
0.22730
0.25065
0.24165
0.24234
0.24890
0.24557
0.23884
0.25939
0.25727
0.24359
0.29195
0.30851
0.33664
0.33249
0.32320
0.36643
0.36004
0.34337
0.35518
0.38947
0.40756
0.41643
0.40966
0.32467
0.31790
0.36631
0.34371
0.38288
0.35480
0.31502
0.27319
0.30314
0.26467
0.25950
0.24098
0.24832
0.25436
0.23171
0.25426
0.21904
0.18225
0.16512
0.17638
0.15859
0.19159
0.17437
0.16392
0.16229
0.14037
0.18704
0.21429
0.24083
0.22779
0.23764
0.27536
0.28339
0.25453
0.23826
0.25256
0.24588
0.26645
0.26279
0.26165
0.24819
0.23472
0.17433
0.19842
0.21312
0.19896
0.20178
0.20392
0.17588
0.15180
0.16495
0.19885
0.15850
0.15213
0.13961
0.07496
0.08257
0.06915
0.04912
0.05312
0.05106
0.08659
0.05026
0.09381
0.09449
0.06414
0.05285
0.04965
0.05887
0.02250
0.03726
0.03002
0.02947
0.02791
0.05367
0.06123
0.05580
0.05653
0.06991
0.06121
0.06268
0.04776
0.02908
0.06764
0.06505
0.07521
0.05445
0.06035
0.06576
0.13474
0.11451
0.11739
0.10421
0.09003
0.07091
0.06512
0.06217
0.04828
0.00474
0.02764
0.04590
0.01980
0.00206
0.00486
0.04646
0.07595
0.07723
0.05637
0.04759
0.11880
0.14253
0.10708
0.13934
0.12201
0.14232
0.09425
0.07738
0.09120
0.07424
0.09393
0.09185
0.10946
0.08187
0.06879
0.07904
0.10919
0.09198
0.07598
0.08927
0.12272
0.10433
0.10476
0.02811
0.05018
0.03151
0.02775
0.04995
0.03244
0.01538
0.02576
0.03014
0.05197
0.07078
0.07078
0.05907
0.06192
0.04465
0.06479
0.05510
0.04268
0.04917
0.08887
0.10955
0.09485
0.13808
0.16648
0.15201
0.15093
0.12284
0.14247
0.13800
0.11945
0.14703
0.13024
0.17362
0.13194
0.14088
0.13349
0.16003
0.17648
0.20642
0.17600
0.14083
0.18574
0.19334
0.20139
0.20644
0.19488
0.20767
0.19290
0.19122
0.22480
0.21072
0.19854
0.20005
0.20486
0.22071
0.22071
0.19962
0.21418
0.20854
0.19310
0.21169
0.20253
0.20240
0.22851
0.28480
0.27412
0.26747
0.25707
0.26195
0.28661
0.29313
0.27654
0.30520
0.29230
0.28599
0.25873
0.24615
0.29221
0.29368
0.29223
0.32486
0.32413
0.30536
0.29779
0.29979
0.32731
0.31580
0.31202
0.31376
0.27109
0.28159
0.27530
0.28330
0.26082
0.23175
0.22997
0.22339
0.22614
0.20094
0.19498
0.13502
0.15132
0.20389
0.21675
0.20790
0.20980
0.16737
0.14770
0.13104
0.10037
0.10029
0.10852
0.09726
0.11432
0.08317
0.05724
0.07108
0.07957
0.07706
0.10129
0.09928
0.10202
0.10084
0.13057
0.12847
0.11861
0.11546
0.13150
0.13495
0.15304
0.14298
0.13784
0.13926
0.15157
0.12683
0.12812
0.13737
0.13588
0.13994
0.13951
0.13985
0.14213
0.16179
0.17890
0.20742
0.19991
0.20821
0.19129
0.19924
0.15970
0.15351
0.13435
0.10996
0.11535
0.13796
0.12158
0.14465
0.12660
0.13476
0.13962
0.13103
0.16084
0.15863
0.17745
0.16371
0.16004
0.18355
0.19160
0.18706
0.15283
0.13247
0.12299
0.12523
0.14303
0.12965
0.11823
0.10871
0.11770
0.11848
0.12130
0.12267
0.11848
0.10405
0.08723
0.10839
0.10751
0.10843
0.12823
0.09863
0.08002
0.06130
0.10810
0.13033
0.12499
0.13010
0.07278
0.04867
0.06004
0.06505
0.06707
0.05997
0.08830
0.09053
0.08786
0.08572
0.10725
0.12225
0.13978
0.14471
0.16891
0.18633
0.19440
0.19492
0.22472
0.23958
0.23524
0.22453
0.21533
0.19532
0.20369
0.15222
0.16464
0.16622
0.16321
0.19554
0.19406
0.19228
0.24712
0.25639
0.22803
0.20240
0.21713
0.21260
0.16128
0.17591
0.18041
0.19475
0.13927
0.10107
0.11928
0.08225
0.05259
0.07548
0.07527
0.04808
0.03176
0.01363
0.00218
0.05517
0.04435
0.06363
0.05202
0.05882
0.05374
0.05272
0.09069
0.06666
0.04989
0.01518
0.03385
0.04741
0.04679
0.06652
0.05929
0.05031
0.04224
0.04558
0.06850
0.08039
0.09283
0.16121
0.16178
0.16283
0.17081
0.12057
0.09667
0.10002
0.10825
0.11520
0.17492
0.18413
0.19797
0.19741
0.20588
0.23883
0.23871
0.23370
0.22537
0.21675
0.25156
0.25913
0.25801
0.24040
0.23631
0.24959
0.23644
0.25026
0.25558
0.24463
0.26282
0.27097
0.25828
0.26719
0.25381
0.25311
0.25210
0.21639
0.21528
0.24528
0.22848
0.24056
0.17020
0.16817
0.18589
0.19467
0.19005
0.20482
0.19000
0.19521
0.23569
0.27581
0.26954
0.22834
0.24917
0.25349
0.23905
0.22973
0.30597
0.29878
0.29892
0.24139
0.23532
0.22949
0.24872
0.29109
0.27588
0.26891
0.29109
0.28978
0.28941
0.31022
0.31093
0.29243
0.28497
0.29454
0.29940
0.31601
0.30929
0.31575
0.32238
0.32603
0.30112
0.25035
0.24089
0.23804
0.23072
0.22780
0.23139
0.25156
0.22140
0.20073
0.17177
0.19574
0.23447
0.20884
0.22372
0.19178
0.16235
0.15206
0.15937
0.14364
0.14878
0.13489
0.12497
0.12258
0.07782
0.07756
0.10392
0.10456
0.12447
0.09441
0.13081
0.12589
0.17224
0.16300
0.17052
0.17207
0.19090
0.17912
0.19600
0.20663
0.17236
0.17081
0.18271
0.18106
0.16839
0.16009
0.15004
0.12475
0.13514
0.14583
0.08935
0.10173
0.09469
0.11591
0.11616
0.11036
0.10081
0.11201
0.07743
0.09078
0.02706
0.05674
0.08554
0.09816
0.10985
0.10036
0.10162
0.09048
0.08625
0.06273
0.02455
0.06367
0.03915
0.05493
0.02191
0.03762
0.02494
0.02621
0.06871
0.07888
0.10607
0.10489
0.10397
0.12182
0.14857
0.21085
0.20772
0.20494
0.21627
0.17128
0.15249
0.12623
0.11671
0.12123
0.10111
0.09852
0.07914
0.05427
0.12241
0.10340
0.14945
0.17650
0.18964
0.18396
0.15855
0.20521
0.19893
0.18840
0.13990
0.14544
0.18482
0.20164
0.16219
0.15477
0.16280
0.16449
0.15047
0.13875
0.11092
0.11248
0.12825
0.10818
0.12114
0.08416
0.06268
0.06694
0.11802
0.10978
0.08811
0.07210
0.04300
0.06704
0.03627
0.02323
0.03168
0.02105
0.01680
0.00011
0.04829
0.07023
0.03843
0.04968
0.08059
0.08345
0.08637
0.07699
0.06638
0.08334
0.10146
0.05574
0.05306
0.04542
0.01733
0.03848
0.03605
0.03318
0.03991
0.02610
0.04710
0.08294
0.08671
0.09430
0.11556
0.15413
0.16393
0.13620
0.15663
0.16558
0.15442
0.16622
0.21106
0.22982
0.18039
0.17355
0.16560
0.23992
0.26658
0.25010
0.25402
0.25146
0.21922
0.24059
0.24739
0.24611
0.23619
0.23909
0.24868
0.28515
0.28760
0.26982
0.29338
0.32443
0.33224
0.32958
0.31573
0.32315
0.33587
0.31788
0.34410
0.36790
0.38416
0.37720
0.39163
0.38877
0.36515
0.37264
0.38194
0.37005
0.38302
0.36898
0.36091
0.39975
0.40231
0.40514
0.41818
0.40736
0.39714
0.42351
0.41403
0.42354
0.33950
0.34444
0.34099
0.35732
0.37838
0.38455
0.38236
0.36780
0.35938
0.37929
0.35680
0.38760
0.37572
0.36764
0.35592
0.28537
0.30197
0.29161
0.29874
0.27861
0.25141
0.25513
0.23824
0.27932
0.26835
0.28420
0.28118
0.28783
0.30742
0.30918
0.32255
0.29978
0.29720
0.30728
0.32671
0.28816
0.27358
0.27897
0.30582
0.29952
0.31299
0.32050
0.31536
0.32098
0.34969
0.31848
0.34116
0.33617
0.32207
0.30642
0.36959
0.37269
0.36683
0.35801
0.36120
0.36737
0.33758
0.31377
0.31321
0.26709
0.27476
0.25715
0.26212
0.26965
0.23895
0.23338
0.25911
0.23563
0.22660
0.18671
0.18716
0.20219
0.21267
0.20757
0.24260
0.23186
0.21101
0.27440
0.27589
0.26510
0.25269
0.28200
0.29665
0.32337
0.30523
0.34792
0.36156
0.34820
0.37950
0.35045
0.34477
0.35691
0.34711
0.31897
0.28691
0.27369
0.28064
0.27964
0.30493
0.33463
0.32909
0.34134
0.35121
0.33849
0.27266
0.30599
0.31683
0.36339
0.40526
0.40295
0.37255
0.38292
0.36435
0.40383
0.39154
0.41907
0.44419
0.44080
0.43450
0.43069
0.45749
0.47847
0.44344
0.43100
0.44984
0.42688
0.42799
0.41039
0.35794
0.34033
0.34792
0.35004
0.38917
0.39650
0.38640
0.36630
0.39322
0.38276
0.36983
0.36049
0.40646
0.43723
0.39952
0.38658
0.39291
0.38274
0.36873
0.40293
0.39292
0.39135
0.36311
0.39207
0.41314
0.43808
0.43900
0.42865
0.43948
0.43809
0.45519
0.49976
0.54817
0.56396
0.57533
0.56989
0.59492
0.61903
0.57755
0.57128
0.60738
0.58963
0.56265
0.54530
0.56296
0.57890
0.58851
0.59994
0.62810
0.62854
0.58484
0.58119
0.59898
0.61868
0.61882
0.63973
0.63639
0.64077
0.61602
0.62479
0.64247
0.65863
0.68527
0.68713
0.65242
0.63006
0.60358
0.58731
0.57930
0.58994
0.59165
0.57824
0.59912
0.59888
0.58288
0.56376
0.61365
0.61723
0.60898
0.59925
0.60314
0.60056
0.61160
0.61237
0.61574
0.62140
0.63436
0.67626
0.66328
0.68262
0.72466
0.64679
0.68078
0.70605
0.70258
0.68161
0.66191
0.68831
0.69191
0.70648
0.71718
0.74520
0.76854
0.79415
0.79610
0.80040
0.79488
0.83552
0.84339
0.84517
0.85419
0.85559
0.86754
0.86843
0.90084
0.89530
0.90377
0.90448
0.91583
0.93397
0.95292
0.91633
0.92807
0.95077
0.95798
0.96449
0.95999
0.97773
0.99340
1.00000
0.99620
0.98611
0.95848
0.95125
1.00000
0.98920
1.00000
0.99161
0.99989
0.99485
0.98805
0.98563
0.96264
0.96972
0.98430
0.97298
0.99908
0.96952
0.94915
0.92203
0.89953
0.90455
0.91594
0.91919
0.90761
0.92145
0.92914
0.94186
0.93235
0.90499
0.87987
0.89053
0.91308
0.90241
0.89699
0.93352
0.92131
0.95159
0.95708
0.92278
0.91836
0.88438
0.90892
0.91167
0.93965
0.96625
0.98996
0.98998
0.99315
0.98892
1.00000
1.00000
0.96444
0.96866
0.97583
0.99993
0.97450
0.94264
0.91848
0.89816
0.92080
0.90670
0.94169
0.93216
0.91752
0.89133
0.90092
0.88759
0.89021
0.89282
0.88567
0.87645
0.88202
0.89051
0.85126
0.87729
0.90569
0.91146
0.93589
0.94382
0.90494
0.87370
0.89164
0.89602
0.90501
0.90501
0.95361
0.98892
0.97972
0.96886
0.95399
0.97043
0.96256
0.94672
0.92387
0.92362
0.91174
0.92245
0.93078
0.93070
0.88913
0.89520
0.89502
0.88844
0.88845
0.88160
0.87626
0.86996
0.86894
0.88512
0.90504
0.92317
0.93149
0.90317
0.92192
0.92647
0.92617
0.92272
0.95288
0.95158
0.94540
0.97844
0.99121
0.99208
0.98296
0.96619
0.97448
0.94880
0.93305
0.93313
0.93437
0.89681
0.92346
0.92118
0.92401
0.91754
0.90644
0.90487
0.89807
0.93745
0.91656
0.91506
0.89847
0.85200
0.85194
0.81313
0.83648
0.85387
0.85596
0.85603
0.86548
0.88317
0.92151
0.92358
0.89735
0.91562
0.89713
0.87894
0.87954
0.91354
0.96608
0.97057
0.97062
0.98212
0.93970
0.97199
0.99576
0.95983
0.89525
0.90095
0.90265
0.89998
0.87238
0.85100
0.83191
0.87774
0.84733
0.86850
0.80716
0.79109
0.81402
0.80554
0.79770
0.81659
0.81215
0.81453
0.81505
0.83952
0.84466
0.80714
0.80085
0.84433
0.84569
0.84014
0.84510
0.81063
0.79048
0.81312
0.81658
0.82697
0.79623
0.78911
0.78166
0.78195
0.79403
0.76820
0.80312
0.81456
0.78863
0.79848
0.81916
0.82205
0.84183
0.84477
0.81436
0.81470
0.79526
0.81757
0.84160
0.83232
0.80435
0.79585
0.80287
0.78766
0.78192
0.82064
0.86313
0.85161
0.85826
0.87804
0.91708
0.91972
0.89985
0.90628
0.90233
0.91054
0.90644
0.87092
0.84273
0.85100
0.86640
0.88133
0.87387
0.85894
0.85482
0.86072
0.87680
0.88938
0.90551
0.84561
0.85397
0.85501
0.87028
0.86490
0.89424
0.87441
0.87222
0.88600
0.89712
0.91336
0.90322
0.91479
0.93352
0.91461
0.93292
0.92415
0.91662
0.92973
0.93750
0.94897
0.97406
0.97365
1.00000
0.99449
0.95924
0.94538
0.93864
0.95851
0.91334
0.92204
0.91631
0.94175
0.96534
0.99440
0.99000
0.99913
1.00000
0.98611
0.99091
0.95007
0.95507
0.93726
0.93721
0.95350
0.92898
0.90948
0.91495
0.90380
0.91188
0.92282
0.93733
0.99850
0.99523
1.00000
1.00000
0.99618
0.98072
0.97295
0.95548
0.95917
0.96439
0.96586
0.97856
0.97245
0.98421
0.98404
0.98206
0.99996
1.00000
0.99841
0.97418
0.98025
0.97255
0.96491
0.99596
0.97206
0.95727
0.96542
0.96692
0.97538
0.97959
0.98387
0.97736
0.98497
0.96186
0.98535
0.98831
1.00000
1.00000
0.97900
0.98191
0.97860
0.99951
0.99555
0.98806
0.97374
0.98388
0.98067
0.99377
0.97390
0.95844
0.96217
0.97292
0.96673
1.00000
1.00000
0.97980
0.97679
0.98415
0.98767
0.99327
1.00000
0.96568
0.97960
1.00000
0.99993
0.98043
0.99088
0.99933
0.98591
0.99558
0.99740
0.98147
0.95505
0.94165
0.92602
0.92541
0.95291
0.96527
0.97782
0.96999
0.96512
0.99892
0.99882
0.98511
0.98958
0.99297
0.95392
0.92053
0.92220
0.93081
0.92635
0.92382
0.91505
0.94012
0.92031
0.90906
0.91033
0.90174
0.87430
0.88583
0.90868
0.91103
0.87535
0.88374
0.89725
0.90902
0.88517
0.88476
0.88356
0.90303
0.88803
0.87865
0.85540
0.81088
0.78239
0.80820
0.82472
0.86348
0.84602
0.86737
0.84657
0.83549
0.83133
0.81674
0.82291
0.81969
0.82756
0.84225
0.86697
0.86012
0.84951
0.82621
0.80888
0.80019
0.80577
0.81363
0.82098
0.83248
0.85032
0.83360
0.85751
0.85256
0.83168
0.77694
0.80569
0.80114
0.78218
0.81961
0.78475
0.78179
0.74076
0.75098
0.75095
0.73905
0.74098
0.74722
0.80076
0.86414
0.90739
0.92540
0.91655
0.90194
0.93174
0.93333
0.94249
0.97577
0.96967
0.96669
0.89838
0.92570
0.90965
0.93568
0.95338
0.92339
0.91427
0.90540
0.89443
0.90177
0.88422
0.86746
0.88479
0.84649
0.84018
0.82523
0.80156
0.77730
0.74966
0.73128
0.75306
0.78077
0.72852
0.72279
0.71443
0.70666
0.72429
0.70649
0.74636
0.72150
0.75057
0.73555
0.69589
0.71309
0.74441
0.73161
0.69569
0.72868
0.68850
0.68251
0.69458
0.70110
0.71338
0.70528
0.71116
0.67284
0.69465
0.67787
0.70131
0.70612
0.70600
0.70846
0.68358
0.66357
0.63906
0.64926
0.66822
0.65284
0.62475
0.67447
0.71180
0.71074
0.71110
0.70308
0.67015
0.74010
0.69936
0.68854
0.67769
0.70530
0.74869
0.75902
0.74845
0.75083
0.78794
0.77972
0.78342
0.74773
0.77360
0.73370
0.73969
0.75704
0.76071
0.75459
0.73997
0.75978
0.76524
0.71969
0.72315
0.70536
0.71606
0.68407
0.65320
0.64022
0.63997
0.63372
0.61351
0.62341
0.64413
0.62884
0.62909
0.63440
0.62986
0.63437
0.63291
0.59425
0.60104
0.61051
0.61127
0.63068
0.62342
0.65639
0.65304
0.65670
0.67852
0.67780
0.63515
0.61844
0.63769
0.62759
0.64838
0.67269
0.64708
0.65216
0.65089
0.60921
0.59406
0.61518
0.62263
0.63346
0.63143
0.61884
0.62205
0.59762
0.60461
0.59559
0.58824
0.57888
0.54360
0.54792
0.53190
0.53373
0.52574
0.57025
0.53497
0.53352
0.53040
0.52144
0.52538
0.51158
0.53772
0.53060
0.59741
0.59919
0.60533
0.64188
0.66501
0.66113
0.70718
0.69618
0.66958
0.67588
0.63869
0.62219
0.59636
0.58677
0.57479
0.58370
0.57651
0.56618
0.58703
0.60365
0.59261
0.53963
0.52419
0.51563
0.50637
0.52501
0.48581
0.49486
0.48516
0.49661
0.49689
0.48773
0.43888
0.41817
0.43525
0.42050
0.42279
0.41083
0.41559
0.40989
0.41595
0.39607
0.35108
0.33732
0.35114
0.35159
0.31852
0.35928
0.33597
0.35073
0.33163
0.35737
0.37273
0.34950
0.34862
0.33230
0.30972
0.28508
0.26190
0.27061
0.27178
0.25561
0.22973
0.23322
0.24720
0.24720
0.28021
0.27259
0.27027
0.23878
0.24068
0.24710
0.28285
0.27056
0.26408
0.21669
0.23020
0.19743
0.19855
0.17985
0.17034
0.16474
0.16378
0.14826
0.16075
0.16503
0.18591
0.19204
0.18068
0.17625
0.15578
0.19609
0.19000
0.15707
0.15949
0.14606
0.20628
0.21273
0.19683
0.22732
0.23964
0.23563
0.23475
0.23664
0.24159
0.25246
0.27072
0.30131
0.27698
0.31363
0.30646
0.26986
0.25415
0.24350
0.26981
0.29007
0.28905
0.33080
0.33817
0.34471
0.33815
0.34822
0.36412
0.32354
0.29655
0.30491
0.26583
0.26570
0.27548
0.27658
0.24800
0.22896
0.24800
0.28301
0.32859
0.35147
0.38840
0.37870
0.41909
0.43856
0.42769
0.46418
0.42791
0.38782
0.37122
0.39011
0.40748
0.43052
0.43356
0.38253
0.38856
0.39844
0.38151
0.37892
0.41266
0.42969
0.41712
0.42899
0.43139
0.46661
0.47131
0.45457
0.47423
0.49122
0.45509
0.44404
0.43957
0.42477
0.44665
0.43881
0.44512
0.47633
0.48210
0.48751
0.49808
0.50097
0.48422
0.46759
0.51422
0.49291
0.47330
0.44966
0.44822
0.41594
0.40313
0.42158
0.42430
0.41402
0.40444
0.38990
0.37142
0.36312
0.35974
0.33156
0.33988
0.34098
0.29986
0.30870
0.29327
0.30159
0.33574
0.37272
0.38141
0.37510
0.42227
0.41846
0.41876
0.42912
0.42784
0.43157
0.42907
0.40673
0.37525
0.35008
0.37838
0.36375
0.34841
0.34020
0.32922
0.32697
0.34313
0.30976
0.36879
0.37235
0.32505
0.33032
0.32860
0.36625
0.33183
0.32966
0.33256
0.31368
0.32457
0.31902
0.29999
0.30317
0.31268
0.29652
0.29898
0.29055
0.29965
0.32803
0.34536
0.37757
0.38816
0.39132
0.39618
0.38497
0.36379
0.33339
0.35051
0.36925
0.37414
0.40160
0.39615
0.38440
0.36872
0.37829
0.40705
0.39143
0.41451
0.44132
0.44406
0.48290
0.49485
0.50678
0.54976
0.55591
0.55732
0.58658
0.57836
0.55693
0.56002
0.56177
0.61953
0.61641
0.61444
0.63515
0.64212
0.63575
0.63799
0.61565
0.64050
0.64861
0.63715
0.59398
0.58050
0.55728
0.56237
0.58132
0.56704
0.57203
0.57455
0.55718
0.57577
0.56437
0.52859
0.50757
0.49383
0.50764
0.53180
0.53124
0.52628
0.57374
0.59211
0.58511
0.59359
0.59401
0.56757
0.57371
0.55377
0.59162
0.59505
0.55374
0.60379
0.62967
0.59283
0.59676
0.57277
0.55558
0.55749
0.56398
0.59239
0.58312
0.55929
0.60763
0.59312
0.59610
0.57675
0.58320
0.59693
0.58774
0.53119
0.56657
0.59930
0.58444
0.63512
0.68138
0.64418
0.67186
0.68106
0.66952
0.65713
0.64526
0.61500
0.63640
0.63495
0.63326
0.60449
0.59864
0.58300
0.57179
0.55048
0.55020
0.55103
0.59156
0.59078
0.59659
0.58947
0.55678
0.55911
0.56488
0.56901
0.56219
0.57506
0.56188
0.56380
0.55260
0.55000
0.55972
0.52341
0.50582
0.45925
0.47465
0.48223
0.50797
0.50659
0.51746
0.46529
0.49456
0.48317
0.48225
0.48469
0.47345
0.49235
0.54106
0.54204
0.51108
0.49238
0.49194
0.49329
0.46340
0.46255
0.42016
0.42992
0.41571
0.39853
0.43090
0.43022
0.43628
0.38247
0.38062
0.40460
0.40468
0.38939
0.39332
0.36845
0.40932
0.41022
0.42413
0.41999
0.36775
0.38920
0.40076
0.39686
0.39230
0.39887
0.40193
0.41344
0.44802
0.46775
0.48220
0.48787
0.51762
0.51911
0.49593
0.46258
0.44183
0.46542
0.46802
0.48093
0.44660
0.46214
0.46412
0.47068
0.48799
0.47110
0.49206
0.47666
0.45154
0.45553
0.44698
0.43745
0.45301
0.45476
0.47264
0.47409
0.47601
0.49055
0.49364
0.48230
0.51320
0.49956
0.51162
0.55163
0.58065
0.54199
0.55385
0.53817
0.51121
0.50435
0.49551
0.53464
0.55050
0.53108
0.59990
0.55496
0.56432
0.56813
0.56996
0.60118
0.59800
0.60753
0.59904
0.58371
0.64598
0.62361
0.61619
0.58084
0.58767
0.61207
0.65077
0.65557
0.66574
0.65367
0.65895
0.70874
0.72646
0.73780
0.70110
0.69402
0.67384
0.68809
0.66827
0.64204
0.67505
0.65561
0.63801
0.62883
0.63349
0.61493
0.61022
0.60728
0.63754
0.62792
0.64371
0.62734
0.65791
0.66839
0.71538
0.71960
0.74436
0.72371
0.72292
0.69974
0.71495
0.70613
0.73024
0.75792
0.77721
0.74603
0.75069
0.71126
0.69626
0.73519
0.69606
0.66184
0.69552
0.71973
0.70858
0.68940
0.66637
0.70160
0.68044
0.66286
0.63313
0.61763
0.59759
0.59759
0.58745
0.58454
0.59802
0.58795
0.58279
0.58489
0.60058
0.65386
0.63935
0.67137
0.66703
0.69880
0.71308
0.72425
0.71593
0.74029
0.80226
0.82418
0.82764
0.80589
0.80885
0.80587
0.82028
0.78816
0.80495
0.78681
0.73728
0.73017
0.70968
0.69904
0.68878
0.69262
0.68982
0.71078
0.69998
0.71107
0.69371
0.69831
0.66235
0.69334
0.66792
0.68327
0.67950
0.70171
0.72556
0.73057
0.75528
0.78412
0.82466
0.81143
0.84662
0.85005
0.89133
0.91223
0.88193
0.85796
0.84617
0.84220
0.83661
0.86648
0.87014
0.88637
0.88059
0.85013
0.83874
0.82237
0.84761
0.87714
0.86820
0.84758
0.86970
0.86139
0.86543
0.81466
0.83409
0.83846
0.86707
0.86708
0.90537
0.93266
0.93599
0.96015
0.96535
0.91720
0.90772
0.90044
0.88895
0.88923
0.87728
0.84326
0.83534
0.80829
0.78925
0.77099
0.74949
0.75031
0.74729
0.74565
0.75303
0.75104
0.73765
0.69726
0.69023
0.69552
0.64372
0.57240
0.58229
0.59936
0.57308
0.58594
0.58401
0.59145
0.59738
0.59787
0.56068
0.55314
0.61420
0.62841
0.58638
0.56770
0.55984
0.54835
0.53445
0.54061
0.54009
0.53675
0.56531
0.56351
0.55489
0.54828
0.56160
0.55860
0.51090
0.53024
0.57769
0.55364
0.55669
0.54544
0.55298
0.58264
0.57932
0.56779
0.58697
0.57879
0.57765
0.58030
0.56199
0.55309
0.58613
0.59709
0.58982
0.60803
0.60766
0.64628
0.67384
0.63584
0.61512
0.58414
0.58351
0.59458
0.63465
0.61701
0.60365
0.59545
0.52945
0.53488
0.52721
0.48820
0.46826
0.45888
0.43856
0.43489
0.44124
0.41946
0.42280
0.39526
0.40798
0.39827
0.41711
0.38500
0.35917
0.36873
0.36859
0.37174
0.37533
0.40693
0.43257
0.41730
0.41128
0.45410
0.45517
0.45601
0.45418
0.43751
0.43663
0.43085
0.46256
0.47068
0.48928
0.46236
0.48587
0.48476
0.48069
0.48598
0.49513
0.52920
0.49638
0.50356
0.50989
0.50660
0.50304
0.52130
0.55532
0.53484
0.53261
0.52778
0.53548
0.52945
0.53621
0.51949
0.51442
0.48978
0.48729
0.46466
0.47361
0.46328
0.45628
0.47128
0.44117
0.43439
0.43560
0.46868
0.46796
0.46769
0.48223
0.48282
0.51469
0.52363
0.53722
0.50839
0.47535
0.43636
0.44728
0.46639
0.44824
0.45225
0.46330
0.50868
0.50601
0.51398
0.51217
0.50310
0.50213
0.49159
0.48975
0.49950
0.48479
0.52333
0.50837
0.52492
0.49685
0.50608
0.54431
0.58283
0.58389
0.59172
0.59163
0.55829
0.56061
0.55019
0.56672
0.56655
0.55546
0.56394
0.55548
0.54898
0.56074
0.61252
0.59730
0.61039
0.60046
0.61761
0.59353
0.57340
0.56360
0.58114
0.59982
0.61369
0.59947
0.65303
0.65285
0.68467
0.65960
0.66935
0.66748
0.66654
0.67091
0.66403
0.66752
0.67207
0.66384
0.69504
0.71225
0.73924
0.75662
0.75437
0.76395
0.75992
0.77549
0.78994
0.77230
0.78741
0.81389
0.79743
0.76836
0.79675
0.77876
0.74693
0.74039
0.72980
0.76228
0.77194
0.77740
0.79042
0.80151
0.77002
0.77909
0.78767
0.77417
0.75917
0.75586
0.77874
0.75417
0.74422
0.72539
0.72539
0.71213
0.68949
0.71394
0.70101
0.64752
0.65237
0.66377
0.63701
0.64432
0.67285
0.64375
0.64571
0.63799
0.58994
0.59940
0.60759
0.64761
0.64769
0.67491
0.70159
0.65179
0.64305
0.63616
0.65465
0.65631
0.65856
0.66483
0.65834
0.64444
0.63040
0.63021
0.60609
0.62770
0.68204
0.68968
0.69373
0.69363
0.73072
0.71901
0.73681
0.72569
0.68499
0.67059
0.68308
0.63220
0.65718
0.69249
0.70468
0.70813
0.68398
0.68062
0.68246
0.65429
0.66024
0.67321
0.73608
0.72851
0.72104
0.73199
0.74253
0.71381
0.65730
0.69092
0.69092
0.67547
0.66602
0.66793
0.68454
0.70736
0.72323
0.71692
0.71178
0.67767
0.72247
0.71679
0.70317
0.68252
0.65078
0.66574
0.69026
0.66801
0.64360
0.67173
0.68459
0.69007
0.63402
0.61818
0.61677
0.62476
0.63819
0.65700
0.65271
0.64704
0.64974
0.67471
0.68703
0.69842
0.69920
0.72224
0.74283
0.71925
0.71593
0.73117
0.74719
0.75680
0.74327
0.71893
0.71061
0.71553
0.70710
0.69367
0.69535
0.69799
0.69016
0.70229
0.70460
0.69525
0.66776
0.64169
0.63076
0.60485
0.60667
0.66566
0.69930
0.66540
0.63586
0.62170
0.58913
0.58921
0.58198
0.60059
0.58950
0.57707
0.59959
0.55582
0.57866
0.57943
0.56301
0.54121
0.52204
0.53102
0.54520
0.53113
0.53820
0.50880
0.56370
0.58453
0.58024
0.58984
0.58069
0.56691
0.55331
0.54977
0.53372
0.55024
0.54399
0.54349
0.52341
0.49309
0.49188
0.47637
0.47816
0.45532
0.47322
0.46316
0.50345
0.48084
0.46436
0.47540
0.48656
0.47478
0.47124
0.42253
0.41805
0.38277
0.37364
0.41563
0.40935
0.39645
0.43468
0.43373
0.42742
0.45649
0.47091
0.45153
0.44314
0.42996
0.45400
0.43820
0.42812
0.43016
0.43726
0.47365
0.47565
0.44028
0.43937
0.42423
0.41054
0.44697
0.45729
0.44905
0.47957
0.50919
0.51045
0.53218
0.53260
0.54998
0.53127
0.54320
0.55743
0.57807
0.57660
0.56025
0.54647
0.53105
0.53532
0.50945
0.53166
0.49520
0.50671
0.44073
0.50280
0.52858
0.52589
0.48476
0.48736
0.48605
0.46396
0.52157
0.51082
0.51697
0.54959
0.58103
0.57295
0.58879
0.57282
0.58556
0.58533
0.59936
0.61468
0.65313
0.67915
0.70914
0.72507
0.70215
0.71290
0.75496
0.77581
0.77296
0.74226
0.82601
0.82490
0.83921
0.85901
0.84603
0.86630
0.83233
0.83869
0.86674
0.83432
0.89762
0.88226
0.88756
0.85167
0.87828
0.86049
0.83596
0.86243
0.88130
0.87125
0.87154
0.82553
0.82517
0.89816
0.89448
0.90002
0.86284
0.84314
0.82284
0.79209
0.80997
0.80797
0.77155
0.79362
0.81567
0.78416
0.78273
0.76578
0.75827
0.69543
0.67949
0.64415
0.64830
0.64390
0.62749
0.62177
0.65338
0.65275
0.66281
0.65879
0.63984
0.62819
0.66838
0.66655
0.71051
0.71009
0.69285
0.65982
0.66891
0.65727
0.65953
0.63392
0.65264
0.69021
0.69117
0.66049
0.67001
0.70147
0.70901
0.70950
0.68044
0.67678
0.68161
0.67959
0.65415
0.67652
0.66159
0.65958
0.64641
0.63405
0.60339
0.57399
0.61956
0.59974
0.60119
0.60901
0.60278
0.60219
0.63609
0.63339
0.65176
0.62992
0.64987
0.66999
0.62641
0.61802
0.64973
0.66374
0.61074
0.61062
0.61812
0.62883
0.65331
0.68582
0.67857
0.68113
0.68286
0.72345
0.74565
0.76959
0.79684
0.79729
0.77116
0.76574
0.76569
0.79580
0.80568
0.78954
0.79242
0.78660
0.83393
0.82374
0.84802
0.85177
0.89158
0.89475
0.92273
0.91229
0.90108
0.91575
0.92687
0.93536
0.94870
0.95368
0.94155
0.93400
0.96192
0.97356
0.95059
0.93210
0.94548
0.96639
0.98939
0.94573
0.95953
0.96559
0.93616
0.90629
0.88744
0.89407
0.95236
0.97992
1.00000
0.99409
0.99342
0.99124
0.97039
0.98621
0.99026
1.00000
0.96933
0.96553
0.98117
0.98274
0.96794
0.97729
0.95517
0.96992
0.98256
0.97286
0.91310
0.88120
0.86261
0.91901
0.90275
0.92090
0.92553
0.92804
0.90621
0.90232
0.86664
0.86047
0.85258
0.85553
0.86491
0.87730
0.87322
0.88096
0.90767
0.89698
0.89248
0.90086
0.94227
0.97560
0.94390
0.93289
0.94916
0.95717
0.97783
0.97328
0.97604
0.94559
0.93059
0.97791
0.95567
0.95438
0.98403
0.99996
0.98525
0.98598
0.98184
0.97006
1.00000
0.99993
0.97931
0.98520
0.98634
0.96631
0.97206
0.98974
0.96316
0.96637
0.97655
0.98606
0.94943
0.95747
0.96805
0.95212
0.93704
0.92049
0.92516
0.90821
0.90691
0.91133
0.92572
0.89735
0.92293
0.93535
0.92753
0.89662
0.86633
0.87732
0.92454
0.95636
0.94305
0.95767
0.95423
0.95261
0.94109
0.91166
0.89554
0.88319
0.88021
0.87340
0.84816
0.84739
0.83697
0.83137
0.82045
0.81532
0.80832
0.77039
0.76485
0.76483
0.78365
0.77829
0.77097
0.74269
0.75453
0.76370
0.74428
0.73639
0.73603
0.76066
0.77760
0.79670
0.80542
0.77474
0.75604
0.73391
0.76994
0.79854
0.78013
0.78916
0.78519
0.81341
0.78990
0.77509
0.78830
0.79458
0.81849
0.82501
0.86314
0.84325
0.81826
0.81911
0.80188
0.78599
0.82980
0.82514
0.81718
0.79643
0.76433
0.76864
0.78685
0.75590
0.71752
0.73731
0.75714
0.75660
0.71164
0.67750
0.67093
0.57790
0.59111
0.60005
0.61301
0.63429
0.68994
0.68706
0.67846
0.69398
0.76196
0.78208
0.78956
0.80351
0.83946
0.86980
0.88239
0.87159
0.83965
0.85782
0.80181
0.82247
0.82800
0.83395
0.80491
0.80118
0.80191
0.76885
0.77040
0.77160
0.76017
0.78351
0.74951
0.74018
0.73125
0.76042
0.76107
0.74240
0.74417
0.71377
0.73224
0.75804
0.74426
0.76252
0.79609
0.78938
0.81279
0.78322
0.75187
0.71479
0.73809
0.72677
0.73397
0.74338
0.74305
0.71855
0.73806
0.71025
0.75477
0.73800
0.71361
0.72325
0.75462
0.76513
0.75810
0.76599
0.76464
0.75054
0.76133
0.67885
0.67871
0.69849
0.69590
0.69113
0.70563
0.69287
0.69002
0.66844
0.63991
0.65657
0.70009
0.69182
0.67884
0.65769
0.63233
0.57719
0.57936
0.58401
0.57933
0.58512
0.58322
0.59565
0.60419
0.66950
0.66693
0.65503
0.68530
0.69052
0.71233
0.68103
0.71925
0.77189
0.79080
0.76755
0.74227
0.74583
0.75210
0.77325
0.74800
0.74777
0.73417
0.71105
0.71525
0.69090
0.69077
0.69217
0.71602
0.73642
0.74056
0.75036
0.73969
0.74721
0.71941
0.75174
0.74805
0.79124
0.77636
0.75900
0.71604
0.73111
0.72458
0.72906
0.74060
0.72434
0.72987
0.72718
0.75052
0.76980
0.75806
0.77456
0.79339
0.77033
0.79910
0.84338
0.84333
0.85281
0.80309
0.79792
0.81868
0.81364
0.80328
0.82220
0.81776
0.83970
0.86576
0.84592
0.90051
0.91987
0.91099
0.91460
0.90529
0.90368
0.93541
0.90339
0.92035
0.91247
0.90342
0.90233
0.90947
0.90133
0.86901
0.89440
0.87278
0.89506
0.90094
0.90291
0.92491
0.92116
0.89428
0.89428
0.87051
0.82152
0.84131
0.86609
0.87289
0.87783
0.86021
0.86070
0.86674
0.88481
0.90649
0.93682
0.92280
0.90874
0.90565
0.85251
0.85699
0.84589
0.87830
0.85382
0.89550
0.86427
0.84456
0.85713
0.83935
0.80437
0.82666
0.83306
0.83131
0.83214
0.85350
0.86532
0.82974
0.83966
0.85819
0.87892
0.86135
0.83413
0.83412
0.83231
0.81312
0.82495
0.80621
0.82871
0.78757
0.77761
0.74082
0.72162
0.72820
0.73262
0.74355
0.71405
0.74154
0.71245
0.72897
0.72536
0.77212
0.77217
0.74402
0.72316
0.72266
0.71890
0.76998
0.80812
0.83515
0.82910
0.83088
0.84735
0.85330
0.83103
0.83443
0.84491
0.83525
0.79955
0.78713
0.78408
0.79347
0.79407
0.80731
0.81284
0.81147
0.82565
0.81319
0.82065
0.86590
0.87253
0.86200
0.87405
0.85680
0.86137
0.87295
0.85702
0.88088
0.84588
0.81167
0.80747
0.79171
0.79463
0.76927
0.78914
0.78310
0.74312
0.72716
0.75518
0.76040
0.76832
0.77189
0.77248
0.79082
0.78546
0.74184
0.74126
0.73762
0.69760
0.69764
0.72625
0.72617
0.72283
0.75774
0.73422
0.72846
0.73615
0.72702
0.75550
0.75904
0.78853
0.75338
0.72582
0.73401
0.73977
0.72337
0.70555
0.70389
0.68141
0.68394
0.68334
0.67890
0.72777
0.70697
0.69533
0.71422
0.72151
0.71363
0.71261
0.73560
0.71230
0.70018
0.71376
0.70352
0.73392
0.68405
0.65675
0.67186
0.73284
0.69930
0.70511
0.69379
0.72034
0.73854
0.72968
0.73859
0.76532
0.74031
0.71260
0.67400
0.68435
0.69174
0.68724
0.67148
0.64129
0.63532
0.64861
0.64008
0.60081
0.60990
0.62973
0.56646
0.57370
0.59977
0.59846
0.57527
0.55719
0.57136
0.56298
0.54315
0.53683
0.52980
0.52902
0.54064
0.54598
0.53725
0.59440
0.60900
0.60929
0.56057
0.53807
0.52553
0.53043
0.52017
0.52222
0.52214
0.49526
0.50858
0.49061
0.49072
0.49381
0.54380
0.55973
0.59434
0.60640
0.59238
0.59000
0.60741
0.60756
0.59114
0.62148
0.60641
0.59650
0.61186
0.61270
0.60363
0.61516
0.66628
0.65699
0.63030
0.64143
0.62852
0.69170
0.70719
0.70850
0.71531
0.69311
0.70510
0.61920
0.64457
0.62553
0.62654
0.63974
0.62576
0.61502
0.60789
0.60927
0.56442
0.54796
0.56096
0.55415
0.53500
0.54601
0.54904
0.56940
0.57995
0.55768
0.51831
0.52604
0.53883
0.55008
0.55209
0.56651
0.56005
0.50201
0.49447
0.50502
0.53955
0.52871
0.52077
0.52055
0.55592
0.53332
0.54963
0.54299
0.51420
0.50870
0.48188
0.45930
0.48758
0.43959
0.46706
0.44267
0.46053
0.44169
0.40723
0.40565
0.41865
0.41253
0.42363
0.41944
0.43836
0.46174
0.41065
0.39101
0.39091
0.38253
0.35858
0.34122
0.33592
0.33683
0.33865
0.35377
0.33769
0.34949
0.33759
0.35240
0.33207
0.32127
0.31699
0.32883
0.30233
0.30329
0.27212
0.25668
0.28049
0.29371
0.28498
0.28429
0.27951
0.29593
0.29372
0.29129
0.28904
0.26554
0.26023
0.25605
0.29893
0.30978
0.31860
0.34635
0.36768
0.39779
0.40767
0.41061
0.40106
0.39940
0.38991
0.36796
0.30368
0.28422
0.25671
0.24439
0.25608
0.20941
0.17990
0.15104
0.17971
0.19258
0.19110
0.18325
0.16015
0.14689
0.17117
0.17646
0.19248
0.19362
0.19328
0.20213
0.17403
0.16128
0.13979
0.17670
0.15651
0.12507
0.11206
0.14437
0.13905
0.13626
0.14092
0.15365
0.11799
0.14837
0.10176
0.10168
0.10829
0.11315
0.08588
0.11119
0.12047
0.12304
0.11146
0.12682
0.14280
0.12212
0.13105
0.15935
0.15944
0.15173
0.14460
0.10765
0.11640
0.13009
0.12169
0.15913
0.18977
0.17722
0.16073
0.17269
0.14988
0.13301
0.14994
0.09241
0.09408
0.06052
0.08246
0.06273
0.09187
0.07514
0.08400
0.12025
0.16663
0.16208
0.11933
0.12316
0.11488
0.12475
0.11301
0.07525
0.09687
0.11069
0.16124
0.13502
0.11803
0.10829
0.05401
0.01601
0.02437
0.01793
0.07022
0.10405
0.09742
0.11124
0.11335
0.10289
0.09982
0.09971
0.11161
0.09127
0.07898
0.07421
0.10150
0.12002
0.09011
0.12315
0.12770
0.14880
0.17607
0.16637
0.17106
0.13192
0.11927
0.11655
0.09238
0.10891
0.10142
0.11398
0.11694
0.10834
0.10295
0.09280
0.14881
0.15311
0.15667
0.12793
0.15257
0.16881
0.21591
0.21321
0.20935
0.15842
0.09868
0.10028
0.09067
0.13461
0.16670
0.21077
0.19576
0.20480
0.26068
0.25306
0.25861
0.26536
0.27252
0.29314
0.28994
0.22122
0.22079
0.28301
0.25311
0.24454
0.22756
0.20976
0.21409
0.22676
0.26220
0.28658
0.31065
0.30710
0.32524
0.32593
0.30727
0.30041
0.29022
0.30620
0.28500
0.30144
0.26346
0.27878
0.28753
0.28696
0.22821
0.23275
0.22131
0.21879
0.25502
0.27646
0.25253
0.26793
0.25218
0.23509
0.22599
0.17797
0.14103
0.12655
0.13575
0.13116
0.10950
0.11380
0.09394
0.09884
0.12578
0.11522
0.12641
0.14685
0.16321
0.15019
0.13558
0.12892
0.15537
0.13858
0.14080
0.14418
0.12333
0.10340
0.10682
0.12042
0.15383
0.16494
0.15532
0.15819
0.18634
0.17317
0.16888
0.15182
0.12810
0.11085
0.17447
0.15996
0.19241
0.20096
0.22738
0.26511
0.26670
0.27290
0.24349
0.25226
0.29143
0.31474
0.29715
0.30044
0.32537
0.34076
0.33896
0.35030
0.35435
0.34481
0.30619
0.33168
0.32130
0.33911
0.33825
0.34925
0.41755
0.40354
0.38796
0.44213
0.41601
0.41825
0.38926
0.39786
0.38230
0.33591
0.32703
0.33564
0.32257
0.30411
0.28753
0.24768
0.22492
0.24602
0.23057
0.24820
0.25201
0.23179
0.22461
0.19922
0.24709
0.20227
0.17829
0.19543
0.18647
0.17370
0.17137
0.12497
0.11238
0.09352
0.10494
0.11714
0.12961
0.12353
0.15445
0.09609
0.07028
0.06821
0.10177
0.06010
0.07248
0.06708
0.07393
0.04324
0.05575
0.04186
0.02763
0.02153
0.01366
0.02808
0.02355
0.05643
0.07004
0.05594
0.05175
0.05762
0.06794
0.10955
0.13152
0.13375
0.16081
0.16169
0.12159
0.11347
0.11962
0.09809
0.13331
0.15586
0.16661
0.14996
0.15155
0.16501
0.17387
0.17193
0.14996
0.13498
0.11289
0.13223
0.14891
0.15739
0.18262
0.16677
0.13859
0.13574
0.17324
0.13941
0.09103
0.12677
0.10839
0.13953
0.12564
0.14680
0.13896
0.15729
0.16269
0.21134
0.20631
0.19739
0.20849
0.19421
0.17642
0.12614
0.12781
0.16475
0.14512
0.13427
0.18613
0.19436
0.21443
0.21130
0.24161
0.24546
0.22903
0.21141
0.24371
0.23133
0.26876
0.25795
0.25612
0.26186
0.23397
0.22596
0.23645
0.23987
0.24044
0.23534
0.25612
0.25767
0.25759
0.23813
0.25860
0.22657
0.23827
0.25638
0.25514
0.23937
0.23311
0.23267
0.22821
0.22790
0.23778
0.24082
0.22445
0.21544
0.21888
0.20869
0.25953
0.29764
0.30779
0.31938
0.33195
0.34452
0.34016
0.33837
0.34107
0.32392
0.31944
0.31247
0.30503
0.31047
0.30973
0.33745
0.35312
0.34403
0.35020
0.36185
0.35655
0.38624
0.39810
0.38516
0.39567
0.36856
0.35566
0.33713
0.37796
0.40403
0.40333
0.40747
0.38899
0.39608
0.38840
0.40622
0.40305
0.40121
0.39806
0.40797
0.40483
0.41619
0.39288
0.42237
0.42488
0.41572
0.40492
0.38212
0.37289
0.37289
0.39554
0.39341
0.36807
0.35382
0.35678
0.33622
0.32052
0.32714
0.32878
0.31370
0.33162
0.32911
0.33192
0.33789
0.31171
0.31162
0.25380
0.24643
0.23778
0.17710
0.19256
0.20007
0.23623
0.24129
0.27868
0.29537
0.27962
0.30506
0.29221
0.31604
0.32074
0.31124
0.28128
0.28233
0.28587
0.26584
0.26708
0.29083
0.28727
0.27495
0.27671
0.28877
0.31493
0.28843
0.31171
0.30055
0.27810
0.29048
0.29677
0.26206
0.27570
0.28656
0.29323
0.30281
0.27279
0.28486
0.24263
0.22343
0.21635
0.25377
0.26382
0.26735
0.28846
0.22863
0.22139
0.20786
0.25525
0.25250
0.25073
0.20763
0.23773
0.24840
0.24821
0.22795
0.25260
0.26431
0.23421
0.24281
0.19570
0.19146
0.20965
0.21549
0.24321
0.24887
0.24314
0.25575
0.23075
0.22216
0.22138
0.21600
0.18672
0.20621
0.23500
0.24935
0.25253
0.24560
0.24835
0.25737
0.28410
0.26930
0.29446
0.28955
0.27141
0.23499
0.25759
0.23735
0.21852
0.23682
0.25080
0.23850
0.25186
0.21260
0.22397
0.19745
0.19061
0.18357
0.22879
0.23442
0.22193
0.23033
0.16601
0.13999
0.13760
0.18484
0.19787
0.16371
0.17468
0.15202
0.13775
0.12810
0.10070
0.09307
0.03989
0.05009
0.01486
0.03635
0.06625
0.06848
0.06459
0.05088
0.07424
0.07424
0.06838
0.09028
0.08877
0.10060
0.11929
0.11091
0.11075
0.10499
0.10697
0.09110
0.13005
0.15069
0.09241
0.07696
0.08204
0.07707
0.06535
0.05935
0.08627
0.08625
0.09647
0.06891
0.04582
0.08917
0.07762
0.08788
0.07427
0.07154
0.07513
0.05481
0.03726
0.00000
0.01857
0.02076
0.00864
0.05313
0.06306
0.05234
0.04435
0.02565
0.01049
0.01534
0.00909
0.00000
0.01300
0.01303
0.01844
0.01610
0.02950
0.03330
0.05528
0.02696
0.02168
0.02042
0.00000
0.01009
0.01745
0.04580
0.06209
0.07554
0.12489
0.14392
0.15168
0.17294
0.19369
0.23017
0.24420
0.24416
0.22054
0.21397
0.22354
0.21941
0.26040
0.24157
0.24324
0.27648
0.28388
0.28307
0.28165
0.29358
0.28710
0.27049
0.28838
0.26101
0.25120
0.23024
0.24826
0.22054
0.21551
0.22072
0.20556
0.18920
0.19893
0.21269
0.18683
0.20371
0.21851
0.22594
0.20553
0.15832
0.16177
0.18242
0.17761
0.18819
0.18052
0.14708
0.13433
0.14918
0.15669
0.18469
0.18281
0.19325
0.18485
0.20897
0.20189
0.23192
0.23187
0.21955
0.23045
0.25487
0.28250
0.31132
0.33516
0.40047
0.40826
0.40970
0.41557
0.44040
0.42786
0.45505
0.46062
0.46596
0.46660
0.43209
0.41094
0.38525
0.35090
0.35646
0.37032
0.36710
0.39350
0.39773
0.40059
0.39519
0.38616
0.37669
0.37688
0.40502
0.40401
0.40187
0.41524
0.48278
0.51163
0.50204
0.47354
0.45644
0.45409
0.43991
0.44371
0.44036
0.49577
0.48626
0.48303
0.47822
0.47839
0.45465
0.47080
0.45873
0.45491
0.43204
0.42575
0.43254
0.45812
0.43857
0.38029
0.37450
0.37282
0.40211
0.43362
0.42203
0.43733
0.41740
0.42406
0.41202
0.42154
0.46761
0.47877
0.47658
0.47977
0.50224
0.47937
0.52047
0.53545
0.52467
0.54649
0.57720
0.57972
0.58669
0.58644
0.60732
0.60920
0.60824
0.60605
0.61647
0.62661
0.64053
0.61090
0.57857
0.57883
0.60313
0.66971
0.67596
0.68277
0.67471
0.70624
0.69467
0.71141
0.69582
0.65804
0.66314
0.66309
0.65680
0.61673
0.62371
0.63776
0.61900
0.63617
0.65139
0.64470
0.68246
0.65626
0.68743
0.70875
0.71492
0.73686
0.75703
0.77302
0.77913
0.76329
0.78732
0.78412
0.75166
0.75017
0.77311
0.73618
0.75634
0.75096
0.77553
0.79017
0.83650
0.83885
0.84243
0.82794
0.81863
0.81577
0.79040
0.82710
0.83713
0.82620
0.79883
0.78155
0.80367
0.82356
0.86634
0.85773
0.86212
0.85261
0.86468
0.80664
0.76103
0.72987
0.73004
0.71665
0.72808
0.77703
0.79296
0.77302
0.77526
0.74157
0.77469
0.76360
0.75516
0.69690
0.69183
0.69114
0.67149
0.69682
0.66495
0.65017
0.64288
0.66107
0.67908
0.67724
0.72505
0.69048
0.68031
0.70373
0.65469
0.63068
0.63244
0.62875
0.62599
0.64310
0.69547
0.67161
0.65245
0.64219
0.66119
0.70396
0.71885
0.71734
0.72243
0.71257
0.72113
0.69161
0.69496
0.68366
0.68269
0.70017
0.73498
0.72205
0.70053
0.73878
0.72723
0.70274
0.70408
0.73591
0.70717
0.69810
0.70237
0.70198
0.71713
0.72776
0.73554
0.72759
0.74445
0.71223
0.70262
0.69930
0.66014
0.63362
0.65917
0.70042
0.69557
0.68526
0.69158
0.71230
0.73615
0.70247
0.73678
0.68152
0.66625
0.64835
0.62357
0.61185
0.60062
0.63135
0.64674
0.65623
0.66435
0.64982
0.71506
0.71207
0.71892
0.76806
0.74096
0.71785
0.69118
0.65852
0.66471
0.68963
0.66891
0.64332
0.61335
0.63427
0.59733
0.58137
0.58084
0.53854
0.51599
0.51078
0.53301
0.56755
0.58181
0.57657
0.57061
0.59707
0.61802
0.65398
0.63210
0.63301
0.62691
0.61558
0.64495
0.64512
0.65615
0.65622
0.64778
0.61363
0.63167
0.63598
0.62849
0.66600
0.65594
0.63722
0.63656
0.65564
0.66048
0.68616
0.69250
0.74410
0.72108
0.72394
0.70180
0.66750
0.66355
0.62211
0.62496
0.62124
0.63479
0.63839
0.62061
0.59135
0.58417
0.57525
0.56334
0.56857
0.56038
0.54112
0.53894
0.51109
0.47473
0.46185
0.46500
0.43740
0.40993
0.40469
0.40858
0.40123
0.42966
0.43917
0.45692
0.47064
0.47064
0.45599
0.44833
0.42541
0.43092
0.43571
0.45174
0.46027
0.46764
0.46610
0.46714
0.44493
0.45087
0.47021
0.47638
0.46817
0.46698
0.45380
0.46452
0.44090
0.44717
0.44141
0.43134
0.42451
0.43461
0.44642
0.41435
0.42374
0.40325
0.40683
0.40250
0.38842
0.41294
0.45614
0.47442
0.44760
0.47071
0.49720
0.51046
0.51228
0.56236
0.53500
0.53175
0.51055
0.50413
0.54825
0.53227
0.51205
0.50385
0.49016
0.46801
0.53347
0.54802
0.57327
0.57765
0.57888
0.62180
0.60651
0.59293
0.62431
0.59433
0.59932
0.62496
0.58196
0.56415
0.55072
0.54811
0.54418
0.52936
0.54903
0.52817
0.52802
0.54700
0.58053
0.56337
0.54964
0.56546
0.56591
0.59444
0.58111
0.62335
0.63671
0.65299
0.68952
0.68823
0.69651
0.68325
0.65513
0.65524
0.65242
0.64463
0.64880
0.63275
0.62384
0.63477
0.64661
0.64701
0.64878
0.66510
0.67821
0.67911
0.67985
0.67985
0.71974
0.71443
0.76099
0.73532
0.75837
0.76392
0.76327
0.68515
0.69554
0.69811
0.71093
0.72231
0.70552
0.72432
0.78225
0.79432
0.78102
0.76584
0.78124
0.81459
0.81295
0.85494
0.86005
0.81838
0.85911
0.89380
0.87681
0.85747
0.86937
0.86185
0.92150
0.90594
0.91531
0.92646
0.91536
0.95796
0.96810
0.99138
0.99994
0.99807
0.99546
0.98935
1.00000
0.99377
0.99936
0.99843
0.99310
0.97118
1.00000
0.98809
0.99576
0.99442
0.99997
0.96534
0.95464
0.93870
0.93623
0.93674
0.93316
0.96859
0.97507
0.96660
0.95743
0.94831
0.93082
0.92344
0.93695
0.94443
0.98377
0.99074
0.99803
0.98808
1.00000
1.00000
1.00000
0.98924
0.99076
1.00000
0.99927
0.99970
0.97542
0.99250
0.96792
0.94718
0.93557
0.96387
0.94272
0.97406
0.94481
0.95158
0.94523
0.91696
0.91362
0.92767
0.92992
0.88788
0.87911
0.88571
0.85434
0.85960
0.85208
0.85339
0.83251
0.78484
0.81990
0.77920
0.76166
0.73322
0.70528
0.71504
0.72060
0.69753
0.69449
0.66101
0.66635
0.63773
0.62624
0.63175
0.66446
0.66010
0.65773
0.68876
0.70629
0.68552
0.62001
0.63342
0.64090
0.66156
0.65861
0.63024
0.62077
0.62935
0.63901
0.63033
0.64081
0.63717
0.64799
0.64730
0.66191
0.63073
0.65207
0.64327
0.65049
0.61940
0.64979
0.64291
0.62861
0.64887
0.66015
0.63538
0.63371
0.68232
0.69214
0.72248
0.72953
0.75136
0.78149
0.75711
0.79942
0.79189
0.77302
0.78006
0.79042
0.77506
0.80390
0.86147
0.86061
0.83857
0.86267
0.84186
0.85681
0.88303
0.88061
0.88123
0.89284
0.93031
0.92872
0.97346
0.97744
0.99307
0.99396
0.96129
0.95897
0.95367
0.94635
0.92102
0.93309
0.94516
0.94554
0.92985
0.94116
0.93083
0.92042
0.92813
0.94547
0.93843
0.88167
0.92802
0.91766
0.91893
0.87318
0.91190
0.86043
0.84747
0.78530
0.81605
0.80153
0.76310
0.77151
0.79798
0.78286
0.79595
0.80211
0.78264
0.77318
0.78874
0.79482
0.81790
0.80442
0.81437
0.78248
0.79397
0.78472
0.75345
0.74408
0.72854
0.75614
0.79116
0.78189
0.80724
0.80263
0.78953
0.78313
0.77437
0.77202
0.76139
0.75868
0.78411
0.79150
0.80158
0.85991
0.81445
0.81326
0.74840
0.72215
0.71974
0.69132
0.68936
0.66840
0.69118
0.65994
0.66208
0.68470
0.71177
0.69774
0.69072
0.67384
0.68535
0.68504
0.66670
0.66001
0.66601
0.67697
0.70964
0.71087
0.68688
0.63531
0.63002
0.66747
0.65358
0.65833
0.62181
0.59510
0.60935
0.63453
0.63776
0.64505
0.62679
0.59425
0.58262
0.55605
0.55804
0.54026
0.57267
0.58685
0.58522
0.58356
0.57799
0.60015
0.61663
0.64381
0.64124
0.64763
0.63351
0.63412
0.61885
0.63205
0.62749
0.57944
0.57671
0.57755
0.54039
0.56731
0.59043
0.56061
0.58217
0.57140
0.60788
0.61744
0.58643
0.59378
0.60644
0.61807
0.61432
0.59166
0.60426
0.60565
0.61527
0.64196
0.62101
0.62999
0.64085
0.63977
0.65763
0.62650
0.65397
0.66988
0.67756
0.68671
0.71491
0.71641
0.72400
0.74858
0.76312
0.77074
0.78121
0.81209
0.78605
0.77737
0.76978
0.75479
0.78315
0.79225
0.79506
0.75110
0.78992
0.76943
0.71946
0.73474
0.67951
0.66470
0.64612
0.65744
0.64548
0.64098
0.64445
0.65821
0.66605
0.68148
0.66535
0.65500
0.64615
0.66534
0.65869
0.64731
0.63056
0.66214
0.65444
0.61383
0.64944
0.66425
0.65030
0.63415
0.63825
0.63045
0.65446
0.62828
0.60050
0.61522
0.63188
0.62993
0.62019
0.63290
0.62523
0.62029
0.62576
0.65805
0.62858
0.60515
0.62013
0.59459
0.58797
0.56369
0.54749
0.54406
0.55672
0.54789
0.53010
0.58486
0.58400
0.57850
0.58746
0.56448
0.60362
0.57622
0.57344
0.54109
0.53937
0.52655
0.54084
0.53820
0.53782
0.52627
0.55289
0.57308
0.55846
0.55506
0.58603
0.58614
0.59843
0.61155
0.61888
0.63086
0.60700
0.62988
0.63957
0.62549
0.62180
0.65385
0.66299
0.66818
0.65678
0.67074
0.66858
0.66033
0.64883
0.65735
0.66513
0.67397
0.67827
0.67810
0.68194
0.68043
0.65329
0.64659
0.64938
0.64411
0.62853
0.62888
0.61580
0.61970
0.61283
0.61109
0.60564
0.60452
0.62235
0.61920
0.64038
0.67395
0.70779
0.69122
0.67885
0.65317
0.64015
0.64715
0.65210
0.61766
0.59804
0.58393
0.59915
0.59871
0.64528
0.60826
0.61360
0.61802
0.60672
0.60151
0.54978
0.54905
0.48510
0.54221
0.55841
0.60204
0.57244
0.56416
0.54366
0.52040
0.53437
0.47762
0.48953
0.46844
0.39047
0.35546
0.33480
0.35406
0.35754
0.35751
0.39309
0.44949
0.46191
0.45886
0.45213
0.43038
0.47981
0.49682
0.48246
0.49853
0.49389
0.51758
0.50545
0.50416
0.48809
0.44659
0.39494
0.40130
0.41198
0.41733
0.43359
0.45078
0.43977
0.42161
0.39982
0.38736
0.39226
0.37754
0.35088
0.31657
0.32119
0.32449
0.31116
0.29382
0.29936
0.26533
0.28487
0.27043
0.30360
0.26884
0.28781
0.29630
0.28621
0.25281
0.24396
0.23036
0.22435
0.23841
0.21016
0.22291
0.22550
0.19483
0.20183
0.18543
0.18629
0.14722
0.16642
0.14529
0.10112
0.08287
0.07057
0.10335
0.08935
0.09351
0.10128
0.10828
0.13254
0.12856
0.13271
0.15155
0.16256
0.19398
0.18176
0.16827
0.14394
0.13852
0.12751
0.12019
0.09394
0.09606
0.06089
0.03827
0.03560
0.04838
0.03156
0.03331
0.03442
0.09229
0.10923
0.09656
0.10151
0.09008
0.09539
0.09080
0.11743
0.10925
0.12953
0.08195
0.08278
0.07468
0.04820
0.04584
0.04156
0.00950
0.00834
0.02735
0.01347
0.03392
0.00898
0.03538
0.03933
0.02980
0.06359
0.07788
0.09644
0.09173
0.09636
0.09156
0.04394
0.05838
0.03437
0.04707
0.09914
0.12097
0.12115
0.12287
0.12430
0.13630
0.11769
0.16224
0.16216
0.17080
0.17424
0.16635
0.16896
0.16436
0.14924
0.19381
0.21653
0.18294
0.17910
0.15625
0.15528
0.12951
0.13800
0.11165
0.11175
0.10946
0.13924
0.08699
0.10461
0.08819
0.08506
0.06821
0.02855
0.01790
0.02810
0.02568
0.01256
0.02356
0.03013
0.00694
0.00628
0.00000
0.00269
0.00000
0.00000
0.02187
0.03210
0.03586
0.01318
0.00535
0.02007
0.03890
0.08606
0.08606
0.10290
0.12775
0.12735
0.07613
0.05037
0.05449
0.04700
0.05557
0.05267
0.09127
0.06178
0.08142
0.08627
0.09402
0.10184
0.08424
0.06331
0.05161
0.04481
0.02246
0.03309
0.06733
0.06869
0.06766
0.04029
0.11404
0.10366
0.12382
0.15904
0.17845
0.17217
0.16475
0.17160
0.17787
0.17449
0.18328
0.18418
0.21894
0.24741
0.24640
0.27421
0.26673
0.25365
0.23492
0.25220
0.22935
0.23566
0.24020
0.23150
0.25024
0.25508
0.22296
0.23585
0.24713
0.26313
0.24073
0.25460
0.25399
0.27104
0.25966
0.23571
0.27722
0.26907
0.26714
0.25076
0.21315
0.21567
0.21177
0.22428
0.19331
0.22922
0.25071
0.25662
0.26779
0.26895
0.26015
0.27011
0.26450
0.26795
0.24858
0.23000
0.21080
0.21128
0.23632
0.22532
0.23652
0.23304
0.26983
0.26986
0.28753
0.28302
0.25593
0.25006
0.29083
0.27429
0.24338
0.23884
0.22034
0.23424
0.25167
0.21025
0.21673
0.21281
0.21949
0.22279
0.22848
0.22907
0.23178
0.23028
0.24014
0.23513
0.22943
0.24648
0.27004
0.27510
0.27313
0.26096
0.22018
0.19341
0.18563
0.17889
0.21353
0.17298
0.13897
0.16002
0.16455
0.16961
0.18393
0.16958
0.18664
0.17566
0.17611
0.14415
0.12566
0.10319
0.12777
0.10651
0.10940
0.10473
0.09897
0.09199
0.06350
0.08369
0.08428
0.09260
0.07713
0.04089
0.04374
0.03604
0.03067
0.05118
0.05427
0.09082
0.07859
0.10455
0.11035
0.10190
0.09156
0.08325
0.09066
0.11866
0.12685
0.18233
0.18773
0.16745
0.18978
0.19876
0.18036
0.17664
0.16183
0.21008
0.23269
0.26857
0.25706
0.25195
0.23541
0.23249
0.23105
0.26011
0.26408
0.29879
0.31788
0.32433
0.37934
0.37941
0.39240
0.40392
0.41034
0.39589
0.45053
0.47042
0.46267
0.45138
0.43769
0.42002
0.43443
0.42616
0.41161
0.41420
0.41580
0.38937
0.38634
0.38248
0.36319
0.34447
0.34998
0.34449
0.34492
0.35800
0.33986
0.31231
0.32485
0.34111
0.33333
0.33048
0.35017
0.35971
0.38924
0.35834
0.35664
0.35369
0.34741
0.37617
0.37450
0.38999
0.37098
0.33124
0.34027
0.30861
0.28340
0.28648
0.29430
0.30368
0.30574
0.31392
0.33358
0.33982
0.36289
0.37393
0.38670
0.38619
0.37335
0.40154
0.40611
0.40258
0.40341
0.41488
0.49257
0.50856
0.52337
0.51734
0.49047
0.51687
0.49650
0.51277
0.51840
0.50036
0.51792
0.48285
0.47928
0.49800
0.49244
0.47485
0.45372
0.47183
0.53612
0.54575
0.53856
0.54624
0.54324
0.53052
0.53329
0.54727
0.54977
0.54699
0.54102
0.49917
0.50684
0.49857
0.53338
0.53514
0.50444
0.49955
0.54817
0.52234
0.53339
0.53202
0.52328
0.59237
0.59608
0.60858
0.59084
0.55189
0.54750
0.57155
0.56905
0.55049
0.55935
0.56647
0.58314
0.56356
0.57348
0.58975
0.58959
0.61128
0.61645
0.62311
0.61589
0.62000
0.63987
0.66269
0.65921
0.67140
0.66729
0.66786
0.66121
0.72088
0.72176
0.69637
0.67648
0.68094
0.67333
0.67974
0.65402
0.65251
0.64957
0.64800
0.62471
0.60976
0.62947
0.61056
0.60598
0.59810
0.54450
0.55743
0.53932
0.53852
0.55574
0.54300
0.52300
0.50114
0.50801
0.50683
0.49945
0.52323
0.53126
0.53006
0.48736
0.50545
0.48042
0.48926
0.49198
0.53695
0.55327
0.58929
0.62290
0.61169
0.60400
0.61415
0.63086
0.60809
0.60755
0.55901
0.56845
0.57851
0.56509
0.57312
0.59920
0.60516
0.61406
0.64452
0.64854
0.67965
0.69076
0.68468
0.70298
0.71898
0.71383
0.69244
0.69232
0.70869
0.65138
0.60997
0.62642
0.62468
0.62577
0.60539
0.61794
0.61383
0.58368
0.59530
0.59110
0.58016
0.54714
0.58848
0.60356
0.59367
0.58357
0.56235
0.56392
0.54390
0.61525
0.60098
0.55692
0.55120
0.58998
0.56016
0.54185
0.49713
0.50965
0.53608
0.52860
0.52288
0.55671
0.56949
0.55578
0.55441
0.57076
0.59470
0.61573
0.63410
0.64305
0.63762
0.63694
0.64232
0.63755
0.69381
0.68665
0.69623
0.70081
0.68391
0.66672
0.68730
0.68568
0.70016
0.69220
0.69024
0.68914
0.68280
0.64423
0.64554
0.64306
0.63241
0.61445
0.60216
0.60903
0.58888
0.56008
0.56659
0.52696
0.54337
0.52813
0.54370
0.46598
0.44938
0.43244
0.39841
0.38883
0.37172
0.36580
0.37935
0.39148
0.39027
0.41087
0.40077
0.39874
0.40381
0.42159
0.41579
0.39086
0.39232
0.39215
0.38156
0.35957
0.38126
0.39359
0.40260
0.37253
0.38565
0.37329
0.36806
0.36050
0.35232
0.34508
0.34108
0.33886
0.32267
0.32060
0.29806
0.28000
0.28734
0.29853
0.34088
0.33801
0.37819
0.38591
0.38072
0.39015
0.38579
0.36454
0.35366
0.35881
0.38754
0.40638
0.40887
0.41987
0.41991
0.43613
0.39683
0.38524
0.40986
0.39954
0.40027
0.40013
0.41831
0.40815
0.37556
0.40007
0.43559
0.45600
0.42967
0.41144
0.42558
0.46140
0.45600
0.48023
0.47378
0.47044
0.51808
0.50175
0.48098
0.45365
0.47333
0.43491
0.44714
0.40199
0.39889
0.38397
0.38534
0.40690
0.41885
0.40483
0.41017
0.40942
0.42824
0.40581
0.42812
0.41240
0.42112
0.47116
0.46436
0.50290
0.47085
0.45391
0.48761
0.48686
0.48649
0.44769
0.44154
0.45464
0.47541
0.47329
0.50248
0.51686
0.52054
0.51049
0.47943
0.51536
0.52577
0.54015
0.54153
0.52368
0.53576
0.50620
0.51617
0.51008
0.54865
0.53480
0.55674
0.58040
0.60563
0.61437
0.61812
0.61233
0.63360
0.69099
0.69740
0.67726
0.67847
0.66700
0.62642
0.59004
0.58784
0.61707
0.63677
0.60745
0.58621
0.59654
0.55483
0.56269
0.56383
0.56233
0.58305
0.53397
0.52931
0.50134
0.52485
0.52544
0.51056
0.51215
0.47349
0.46833
0.48272
0.48272
0.47751
0.47015
0.45626
0.49740
0.47087
0.52363
0.53938
0.56202
0.53607
0.53868
0.52431
0.51314
0.48737
0.49062
0.48128
0.47507
0.47956
0.49975
0.49753
0.45136
0.43585
0.43398
0.43212
0.44732
0.40478
0.38224
0.37791
0.41713
0.40988
0.42558
0.44244
0.44008
0.45056
0.44202
0.41332
0.39851
0.38430
0.33760
0.35550
0.37957
0.37332
0.33949
0.34598
0.39430
0.38528
0.39195
0.33998
0.35358
0.35357
0.31083
0.28503
0.32514
0.33268
0.33282
0.34601
0.35257
0.36331
0.32997
0.30014
0.27363
0.24993
0.28400
0.26820
0.25622
0.25502
0.25713
0.27155
0.26161
0.27283
0.30223
0.29921
0.31449
0.35404
0.37295
0.38508
0.41280
0.44911
0.47800
0.47445
0.45931
0.46737
0.46902
0.45527
0.48520
0.47224
0.48425
0.49040
0.46310
0.46430
0.47631
0.49140
0.51397
0.55327
0.53546
0.53522
0.51461
0.50034
0.47116
0.47139
0.49105
0.48027
0.47705
0.47200
0.43321
0.43426
0.42673
0.46040
0.46331
0.44707
0.41807
0.43793
0.41521
0.40870
0.41565
0.41887
0.37110
0.37574
0.37450
0.35379
0.38496
0.40582
0.37007
0.38053
0.33665
0.33713
0.39752
0.39713
0.40936
0.39246
0.38815
0.37322
0.35543
0.36429
0.35415
0.35332
0.29054
0.29165
0.31572
0.31274
0.29836
0.29491
0.29963
0.27890
0.25330
0.26337
0.26132
0.24238
0.25679
0.21755
0.22634
0.22457
0.23917
0.24619
0.25219
0.23840
0.26825
0.26271
0.23749
0.25717
0.20979
0.18695
0.18993
0.19180
0.19795
0.18037
0.14445
0.18987
0.14277
0.14360
0.16021
0.18462
0.16565
0.17045
0.17591
0.17205
0.16423
0.17429
0.16849
0.14808
0.15538
0.15656
0.17356
0.16886
0.17707
0.16392
0.16252
0.17924
0.15915
0.13420
0.08180
0.09414
0.11217
0.11190
0.07146
0.02229
0.05930
0.07492
0.06975
0.01564
0.00845
0.01465
0.00014
0.01461
0.00794
0.03409
0.03600
0.04090
0.03485
0.04122
0.08650
0.04210
0.01185
0.01347
0.01541
0.05733
0.07023
0.09486
0.08652
0.12421
0.12938
0.12089
0.11799
0.11513
0.10779
0.13407
0.14904
0.12084
0.14258
0.10694
0.08892
0.03141
0.05064
0.03988
0.04420
0.07900
0.07058
0.06753
0.05144
0.05355
0.06554
0.07175
0.07012
0.05741
0.06025
0.07715
0.09393
0.09368
0.08687
0.08982
0.09139
0.08258
0.08242
0.10469
0.10588
0.10108
0.08153
0.08402
0.06306
0.05881
0.04332
0.04360
0.02418
0.01046
0.01752
0.02267
0.04875
0.03752
0.02030
0.02987
0.00645
0.04569
0.05576
0.04925
0.03032
0.06178
0.08079
0.08034
0.10859
0.09069
0.07065
0.10229
0.12598
0.11460
0.11999
0.10415
0.09502
0.08548
0.11041
0.11892
0.11057
0.08759
0.07893
0.06681
0.07159
0.09769
0.07420
0.07040
0.06545
0.06915
0.06194
0.06969
0.08124
0.06920
0.03694
0.03962
0.03183
0.03485
0.03360
0.05149
0.03477
0.02572
0.02324
0.03075
0.00000
0.01843
0.01975
0.01968
0.04820
0.03362
0.05359
0.03724
0.03275
0.02749
0.02152
0.00000
0.02955
0.05116
0.07034
0.06733
0.08516
0.09789
0.04244
0.04600
0.07481
0.06263
0.07940
0.08929
0.08869
0.06531
0.08125
0.06981
0.05527
0.03742
0.03751
0.06431
0.07912
0.10071
0.11921
0.11995
0.13564
0.15140
0.16642
0.18444
0.19523
0.19924
0.17829
0.18738
0.18867
0.20039
0.21301
0.20739
0.20966
0.21229
0.22391
0.24006
0.26831
0.26733
0.28588
0.31040
0.28173
0.30628
0.32418
0.32797
0.36908
0.36417
0.37919
0.41164
0.41343
0.42031
0.42728
0.43519
0.39586
0.40969
0.38755
0.39262
0.37142
0.36712
0.37952
0.39265
0.39033
0.39428
0.42900
0.43255
0.42193
0.44148
0.45531
0.45600
0.47707
0.44631
0.48483
0.48170
0.48508
0.48376
0.47891
0.44447
0.47802
0.50106
0.51016
0.52661
0.54462
0.55975
0.53728
0.53346
0.57351
0.55024
0.54882
0.55656
0.52830
0.58451
0.57998
0.57140
0.54237
0.53477
0.54886
0.54274
0.54826
0.56868
0.55302
0.53818
0.49078
0.47651
0.49267
0.47093
0.47837
0.46381
0.51509
0.50954
0.51626
0.48984
0.52250
0.52305
0.53327
0.53318
0.50058
0.53108
0.48771
0.49015
0.47764
0.47217
0.49364
0.51068
0.51648
0.52553
0.53783
0.51168
0.50601
0.50354
0.51894
0.50056
0.54090
0.56796
0.56552
0.57792
0.56431
0.54357
0.55069
0.54465
0.54675
0.54646
0.55558
0.56531
0.56709
0.54482
0.54258
0.52712
0.53897
0.51902
0.49491
0.48551
0.49976
0.47480
0.45578
0.46608
0.48489
0.45444
0.45932
0.45392
0.44289
0.45073
0.45233
0.46694
0.46985
0.50483
0.56436
0.55606
0.53761
0.52125
0.47359
0.48507
0.48081
0.48724
0.52292
0.52292
0.49305
0.47127
0.47561
0.46363
0.51718
0.56648
0.57015
0.55478
0.58082
0.59986
0.61573
0.61605
0.63675
0.65723
0.67075
0.68596
0.72814
0.75017
0.77322
0.77998
0.76898
0.77799
0.77227
0.73628
0.73699
0.73001
0.75959
0.78365
0.77802
0.81274
0.78505
0.78812
0.81347
0.84239
0.85333
0.80748
0.79014
0.79221
0.79376
0.77362
0.77918
0.81145
0.80493
0.77637
0.78895
0.77217
0.76614
0.75674
0.76289
0.78226
0.77912
0.75552
0.70588
0.67585
0.69526
0.68549
0.68935
0.70744
0.70172
0.70866
0.71089
0.69751
0.67177
0.70070
0.71635
0.73327
0.72441
0.72439
0.70079
0.66637
0.66038
0.65792
0.72641
0.70282
0.69389
0.69958
0.70898
0.70178
0.71613
0.77350
0.76316
0.77376
0.78263
0.77019
0.79132
0.78773
0.83480
0.82168
0.80353
0.76791
0.78968
0.79499
0.79011
0.78155
0.79904
0.79624
0.76361
0.76354
0.74177
0.73804
0.73518
0.71110
0.73191
0.73758
0.76619
0.73728
0.69936
0.67574
0.66152
0.67651
0.68754
0.67739
0.68489
0.67515
0.66583
0.63036
0.69266
0.67793
0.69157
0.71157
0.71581
0.68655
0.70396
0.72705
0.70904
0.72206
0.73380
0.72202
0.73773
0.72159
0.70652
0.68853
0.65896
0.65881
0.64850
0.64655
0.69114
0.66449
0.70491
0.69587
0.68014
0.68391
0.70800
0.70162
0.68531
0.69368
0.64567
0.63113
0.63032
0.60198
0.55617
0.55379
0.56325
0.54418
0.54388
0.53358
0.50192
0.51844
0.53746
0.51937
0.52574
0.52144
0.52036
0.53916
0.52519
0.51058
0.48231
0.49749
0.44600
0.40132
0.37499
0.36173
0.39936
0.41319
0.41486
0.42532
0.38658
0.34943
0.37717
0.37527
0.37827
0.36668
0.36037
0.38362
0.39820
0.42937
0.40250
0.34278
0.32605
0.31426
0.31862
0.30015
0.30389
0.30937
0.30281
0.27192
0.28423
0.29686
0.29045
0.27477
0.30201
0.30450
0.30071
0.29940
0.27028
0.25953
0.25979
0.31221
0.30596
0.26140
0.26576
0.27812
0.26399
0.28940
0.28566
0.30635
0.33266
0.33584
0.35026
0.30058
0.30042
0.31047
0.30905
0.28579
0.26566
0.25318
0.23339
0.26130
0.25780
0.25606
0.27745
0.28544
0.26591
0.23963
0.23136
0.24465
0.24427
0.21733
0.20435
0.22253
0.23151
0.25452
0.24553
0.27183
0.26057
0.25154
0.26026
0.25600
0.25119
0.24589
0.25981
0.25738
0.25711
0.26121
0.24029
0.26873
0.29038
0.28570
0.25575
0.27793
0.26775
0.27089
0.24344
0.26181
0.27338
0.22687
0.25176
0.21810
0.18686
0.21600
0.22762
0.23212
0.21945
0.24506
0.27541
0.32233
0.34085
0.40234
0.40097
0.39588
0.37799
0.36190
0.38746
0.39252
0.37746
0.33970
0.34972
0.34391
0.36291
0.37554
0.35290
0.35416
0.33713
0.30823
0.32975
0.32070
0.34227
0.35058
0.39368
0.38943
0.44899
0.44251
0.42545
0.42557
0.40830
0.41831
0.47673
0.46197
0.45504
0.45705
0.44899
0.41209
0.38782
0.38853
0.40929
0.41692
0.40025
0.42132
0.41974
0.40729
0.40751
0.38125
0.39309
0.37206
0.32105
0.32072
0.35329
0.33794
0.30558
0.26034
0.24852
0.26652
0.24781
0.19412
0.19427
0.20909
0.25171
0.28855
0.23963
0.22643
0.20443
0.18513
0.22645
0.24030
0.24033
0.22611
0.19459
0.17728
0.19570
0.23363
0.23726
0.24663
0.26515
0.26302
0.24444
0.26216
0.26302
0.23703
0.25061
0.24319
0.22375
0.18873
0.19095
0.21448
0.20508
0.24832
0.22693
0.24808
0.25421
0.24684
0.23343
0.25380
0.29085
0.31928
0.34527
0.34022
0.34726
0.33971
0.35890
0.34053
0.35936
0.33825
0.36219
0.33402
0.35464
0.34541
0.35717
0.35856
0.34848
0.35605
0.34113
0.34098
0.33313
0.37324
0.34230
0.36938
0.35636
0.37886
0.37271
0.35743
0.33602
0.32920
0.31377
0.29689
0.30564
0.30659
0.30279
0.31358
0.31377
0.32151
0.33351
0.33879
0.33678
0.29059
0.31761
0.33922
0.33976
0.34280
0.37325
0.36058
0.34426
0.31760
0.29676
0.28936
0.29212
0.30474
0.30216
0.28273
0.29297
0.28549
0.27185
0.27874
0.28777
0.33451
0.36290
0.34621
0.29581
0.28367
0.26428
0.24305
0.23277
0.23491
0.24534
0.25860
0.32755
0.28849
0.30045
0.32291
0.31465
0.30862
0.33783
0.29423
0.26331
0.27085
0.28447
0.28062
0.24993
0.22341
0.20847
0.20920
0.18068
0.16357
0.17323
0.16289
0.19043
0.15896
0.15936
0.15565
0.17336
0.16511
0.14004
0.15838
0.12602
0.14524
0.14593
0.14927
0.10437
0.05147
0.04790
0.01941
0.02302
0.05163
0.06031
0.04730
0.02199
0.01012
0.02385
0.07767
0.11857
0.11335
0.12857
0.13214
0.13524
0.11646
0.09727
0.13418
0.12003
0.10004
0.11338
0.10778
0.13859
0.18168
0.18094
0.21583
0.18617
0.19615
0.18005
0.18836
0.19445
0.20222
0.22312
0.24397
0.22511
0.15701
0.15519
0.16071
0.14688
0.15075
0.17895
0.18229
0.15472
0.13645
0.15453
0.11607
0.12917
0.12577
0.12516
0.12200
0.15518
0.14853
0.16322
0.19255
0.21731
0.22387
0.22805
0.18647
0.16084
0.20289
0.21643
0.20405
0.17840
0.16689
0.15656
0.16852
0.15957
0.16194
0.15276
0.11471
0.14125
0.13983
0.11174
0.12085
0.14050
0.12409
0.12579
0.13032
0.14135
0.15270
0.15157
0.15793
0.17952
0.17787
0.20166
0.19338
0.18437
0.18906
0.17993
0.18700
0.17321
0.17555
0.14175
0.16627
0.17520
0.15621
0.09926
0.07360
0.09977
0.11489
0.06716
0.06635
0.08583
0.09988
0.08904
0.07443
0.05838
0.07600
0.08256
0.08916
0.11466
0.07735
0.07530
0.08250
0.06946
0.05348
0.08895
0.05787
0.06929
0.06177
0.06540
0.02609
0.03733
0.02173
0.03365
0.01737
0.02889
0.02385
0.05157
0.04739
0.05826
0.06876
0.11534
0.10858
0.12805
0.10214
0.10807
0.11019
0.10573
0.11491
0.07744
0.08313
0.07647
0.05771
0.06499
0.02297
0.00000
0.01843
0.04290
0.05865
0.00297
0.00950
0.02817
0.01768
0.01389
0.03355
0.01332
0.05128
0.03501
0.05936
0.04025
0.06967
0.08291
0.07824
0.08982
0.11985
0.13459
0.10400
0.11635
0.12399
0.10553
0.13593
0.14432
0.16912
0.13591
0.19492
0.19362
0.18065
0.18843
0.18469
0.19512
0.19204
0.20424
0.21733
0.25553
0.23133
0.18473
0.20423
0.13403
0.13113
0.14954
0.14215
0.15775
0.15428
0.15013
0.14142
0.08970
0.08236
0.04187
0.03696
0.05209
0.05094
0.01790
0.02479
0.06297
0.06341
0.06952
0.07235
0.03225
0.08142
0.05681
0.07534
0.05083
0.05155
0.03894
0.05825
0.05966
0.04512
0.07187
0.06511
0.07129
0.04692
0.01088
0.00571
0.00119
0.03174
0.04914
0.05171
0.04692
0.03363
0.00302
0.00379
0.01935
0.03392
0.05743
0.09630
0.09905
0.11420
0.11348
0.11201
0.08488
0.09781
0.08629
0.08622
0.09172
0.09982
0.09240
0.11836
0.12479
0.10549
0.12820
0.12437
0.13149
0.12032
0.10959
0.11314
0.08681
0.08921
0.10418
0.15671
0.15222
0.15995
0.11360
0.12266
0.13323
0.17021
0.13524
0.12759
0.16571
0.13188
0.12385
0.13172
0.11446
0.11480
0.06720
0.05208
0.08832
0.07348
0.06633
0.03404
0.06697
0.09901
0.08727
0.08328
0.10900
0.11083
0.11178
0.10458
0.09417
0.09748
0.07242
0.09281
0.11216
0.08656
0.09250
0.09445
0.13459
0.13207
0.10487
0.09449
0.09242
0.11916
0.13389
0.10118
0.09159
0.11657
0.14795
0.11269
0.09446
0.10118
0.09825
0.14578
0.14152
0.16767
0.17331
0.18988
0.17878
0.18238
0.17487
0.18402
0.17143
0.20595
0.17821
0.18860
0.17413
0.17063
0.19983
0.29696
0.30894
0.29985
0.26735
0.25159
0.26648
0.24706
0.24358
0.27999
0.28622
0.29504
0.28272
0.27175
0.25088
0.21305
0.26344
0.28121
0.26471
0.25781
0.26715
0.26206
0.26289
0.23846
0.24725
0.22852
0.28338
0.27529
0.27959
0.28862
0.28972
0.29017
0.32779
0.33230
0.32915
0.31710
0.34117
0.33551
0.31507
0.35159
0.37010
0.37754
0.39042
0.35343
0.36766
0.35738
0.34728
0.32850
0.29955
0.29747
0.28725
0.30639
0.33124
0.33625
0.33646
0.33193
0.32548
0.35330
0.36980
0.40557
0.41609
0.41105
0.42991
0.43570
0.44006
0.43619
0.44164
0.44452
0.45904
0.50133
0.46858
0.47290
0.47001
0.48353
0.51113
0.51401
0.49212
0.50811
0.47879
0.46757
0.43075
0.41970
0.39037
0.40364
0.38565
0.38164
0.38485
0.37527
0.39187
0.41767
0.41402
0.41921
0.40584
0.40270
0.38504
0.39497
0.39222
0.41227
0.40455
0.37541
0.34591
0.32933
0.32653
0.31224
0.32767
0.30064
0.24891
0.22520
0.23849
0.23027
0.24853
0.21182
0.18174
0.23941
0.23525
0.22318
0.20345
0.19092
0.15616
0.11522
0.13208
0.13101
0.11967
0.09646
0.11611
0.11100
0.11670
0.12810
0.10016
0.13199
0.13664
0.14635
0.14544
0.12003
0.12168
0.14715
0.18196
0.19882
0.19477
0.19477
0.20030
0.15443
0.13956
0.13025
0.13073
0.14317
0.14638
0.17057
0.17567
0.19657
0.19504
0.22251
0.23289
0.26406
0.23436
0.25101
0.24985
0.25305
0.24576
0.23431
0.21266
0.21731
0.22172
0.22587
0.30384
0.29487
0.27269
0.27374
0.30758
0.36459
0.30861
0.30313
0.30329
0.30536
0.27647
0.31050
0.31014
0.31889
0.30367
0.28664
0.31779
0.34573
0.29916
0.31128
0.32692
0.31982
0.31685
0.36578
0.37756
0.34741
0.37001
0.36074
0.35007
0.36104
0.36904
0.38237
0.37538
0.37815
0.37445
0.38063
0.37892
0.38898
0.40475
0.45721
0.43653
0.43407
0.45325
0.48307
0.46942
0.47796
0.49763
0.47354
0.48187
0.48705
0.49934
0.47584
0.49753
0.46162
0.49591
0.50056
0.49088
0.55853
0.56721
0.57163
0.55531
0.55772
0.58663
0.54780
0.56152
0.54820
0.51122
0.53643
0.53115
0.54979
0.56608
0.59705
0.59269
0.54387
0.56101
0.58124
0.61237
0.59875
0.64641
0.64641
0.64949
0.62186
0.64090
0.64764
0.62403
0.61965
0.63203
0.58303
0.54761
0.54603
0.56610
0.57149
0.59556
0.67019
0.67262
0.66536
0.65640
0.67603
0.67886
0.68874
0.68825
0.70413
0.71191
0.67796
0.68240
0.69755
0.70031
0.69245
0.72488
0.72188
0.72433
0.73278
0.74500
0.74236
0.76363
0.75067
0.73203
0.72824
0.72490
0.72318
0.73732
0.77023
0.72389
0.73288
0.69371
0.68734
0.69518
0.69718
0.69038
0.70288
0.73193
0.74763
0.74968
0.74221
0.74221
0.69945
0.68459
0.67726
0.69737
0.67861
0.70205
0.71294
0.69722
0.70266
0.68416
0.68602
0.72283
0.67761
0.60685
0.59610
0.60874
0.63099
0.62500
0.56522
0.56788
0.57054
0.57949
0.56769
0.61498
0.59625
0.62666
0.63157
0.61763
0.62390
0.64477
0.65073
0.66307
0.66330
0.61844
0.64534
0.66776
0.67173
0.72998
0.75347
0.76482
0.72648
0.71551
0.71214
0.72150
0.74007
0.71903
0.74245
0.72101
0.72310
0.71918
0.67680
0.68530
0.70837
0.66794
0.66413
0.64626
0.63083
0.64561
0.65772
0.67329
0.67631
0.68506
0.74672
0.74672
0.73851
0.73680
0.74690
0.74288
0.78358
0.77783
0.82883
0.83257
0.82319
0.83264
0.79479
0.81617
0.84122
0.86879
0.85869
0.82117
0.82888
0.79540
0.78235
0.77375
0.79704
0.78313
0.76132
0.75017
0.73327
0.75935
0.77965
0.80592
0.83229
0.87140
0.89450
0.87770
0.86529
0.87344
0.87670
0.90206
0.92074
0.90782
0.88962
0.88567
0.85889
0.88854
0.84532
0.84967
0.84821
0.89486
0.93846
0.89972
0.91868
0.90657
0.92619
0.90809
0.86368
0.87023
0.88569
0.86841
0.92590
0.95440
0.94149
0.98732
0.99976
0.96530
0.96631
0.91409
0.88836
0.88796
0.88543
0.88746
0.86877
0.86886
0.83178
0.82685
0.79612
0.79960
0.79853
0.77097
0.77936
0.73497
0.72811
0.73966
0.73332
0.73216
0.71940
0.72747
0.73046
0.76998
0.77100
0.77378
0.78577
0.72977
0.68282
0.67236
0.67859
0.69024
0.67046
0.66171
0.64763
0.65585
0.66602
0.67576
0.63402
0.64436
0.61435
0.62839
0.64093
0.67500
0.68420
0.68936
0.68127
0.67407
0.71353
0.69343
0.67487
0.67730
0.66620
0.68079
0.69565
0.76311
0.77292
0.75861
0.77613
0.77928
0.72515
0.75552
0.73408
0.69359
0.73526
0.71221
0.74420
0.78890
0.74674
0.72263
0.73881
0.71563
0.68843
0.69114
0.71412
0.70719
0.69636
0.69688
0.68542
0.70437
0.70318
0.71004
0.69656
0.68234
0.69432
0.68017
0.68315
0.67298
0.66488
0.67617
0.71304
0.70507
0.71261
0.68461
0.76006
0.76920
0.78666
0.74701
0.80919
0.83403
0.84196
0.86849
0.86565
0.87051
0.89568
0.90927
0.90321
0.92193
0.92577
0.95707
0.99474
0.99834
0.99709
0.99993
1.00000
0.99855
0.98199
0.98307
0.96980
0.96008
0.95184
0.88517
0.86579
0.87325
0.89109
0.85618
0.84284
0.83719
0.81878
0.84311
0.86086
0.91103
0.91027
0.85533
0.86227
0.86728
0.86753
0.83281
0.84025
0.83329
0.84265
0.83325
0.80866
0.80109
0.81559
0.82123
0.79320
0.83025
0.84174
0.86054
0.86599
0.87279
0.85274
0.83562
0.85570
0.80668
0.81575
0.81920
0.81496
0.83460
0.84938
0.82313
0.83362
0.82672
0.80726
0.81736
0.79541
0.80372
0.83095
0.81696
0.81200
0.77989
0.76137
0.81117
0.79685
0.84362
0.81853
0.83667
0.91185
0.89571
0.87810
0.88280
0.86346
0.85250
0.89367
0.90408
0.91514
0.92364
0.92852
0.93822
0.95550
0.92459
0.93486
0.94584
0.93349
0.91801
0.92231
0.93580
0.94196
0.95420
0.92344
0.83387
0.83773
0.82353
0.83476
0.86490
0.86788
0.85028
0.86106
0.85210
0.84105
0.85184
0.84969
0.82226
0.84220
0.82796
0.82600
0.83273
0.81999
0.79396
0.78669
0.78999
0.79539
0.78532
0.78912
0.79808
0.83596
0.83226
0.80221
0.77823
0.78637
0.79770
0.80577
0.79687
0.79334
0.78424
0.79256
0.80220
0.78782
0.75398
0.75669
0.78861
0.78780
0.80350
0.78682
0.77853
0.77975
0.75798
0.78319
0.78337
0.79341
0.81795
0.82631
0.87512
0.83468
0.85382
0.83939
0.82937
0.84754
0.83780
0.82703
0.81676
0.84807
0.82076
0.81177
0.80011
0.78831
0.79121
0.79240
0.79406
0.80867
0.79718
0.77704
0.73802
0.71983
0.71845
0.73751
0.73196
0.76388
0.76750
0.73803
0.68445
0.67393
0.71439
0.71949
0.73385
0.70024
0.68229
0.68770
0.69389
0.70256
0.73426
0.75079
0.75317
0.76588
0.78717
0.78897
0.76411
0.80038
0.78031
0.81109
0.83133
0.82449
0.80176
0.81564
0.80572
0.80041
0.84186
0.81723
0.84773
0.82874
0.83017
0.81072
0.78340
0.78827
0.78153
0.78357
0.75328
0.77399
0.77345
0.77078
0.80860
0.78800
0.78537
0.78564
0.80962
0.83094
0.81762
0.80880
0.80316
0.80360
0.80289
0.84281
0.85020
0.85690
0.86529
0.86853
0.85163
0.82752
0.84016
0.80285
0.81104
0.81857
0.82766
0.82079
0.87283
0.86733
0.85628
0.86614
0.87538
0.92240
0.94819
0.98984
0.99974
1.00000
0.99652
0.99431
1.00000
0.97716
0.97060
0.93621
0.97803
1.00000
0.98754
0.96592
0.98505
0.99072
0.98306
0.99436
0.97966
0.95600
0.96553
0.96902
0.95947
0.94750
0.93103
0.93636
0.96261
0.96205
0.95867
0.95325
0.96584
0.94364
0.96047
0.93295
0.96195
0.96146
0.94344
0.95981
0.94736
0.89566
0.86381
0.88467
0.85452
0.82451
0.85142
0.86124
0.91557
0.93201
0.95877
0.95834
0.94482
0.92763
0.91588
0.94637
0.92500
0.93525
0.93093
0.92766
0.94541
0.93441
0.92546
0.89643
0.91253
0.89869
0.90234
0.92291
0.90940
0.92922
0.94160
0.93128
0.88872
0.88444
0.85901
0.86908
0.86697
0.93708
0.92965
0.92671
0.90056
0.93797
0.93614
0.95176
0.94128
0.92484
0.93449
0.95180
0.94075
0.91810
0.92105
0.89125
0.89956
0.89824
0.90685
0.86849
0.84607
0.87307
0.91250
0.98157
0.98723
0.98963
0.99047
0.99952
0.98496
0.98445
0.98923
0.92797
0.99504
0.98664
0.96372
0.92195
0.94805
0.91643
0.88621
0.92732
0.91979
0.91850
0.92106
0.91502
0.91500
0.91530
0.94166
0.93289
0.99557
0.96997
0.99617
0.95325
0.94732
0.94086
0.95483
0.91490
0.95337
0.95839
0.95187
0.93542
0.93691
0.94130
0.92500
0.96963
0.97810
0.99707
0.97458
0.96155
0.92331
0.90750
0.88670
0.86504
0.85365
0.85924
0.87065
0.84624
0.83295
0.80877
0.82437
0.79532
0.78881
0.80501
0.80190
0.80541
0.78414
0.76062
0.78217
0.79711
0.81136
0.76610
0.78909
0.76495
0.77624
0.77544
0.78039
0.77775
0.81515
0.81164
0.78568
0.79134
0.79913
0.76260
0.76286
0.69093
0.68677
0.69571
0.66690
0.70347
0.70290
0.66593
0.67768
0.66135
0.63794
0.61087
0.59534
0.58615
0.60788
0.58545
0.57583
0.59343
0.57942
0.58879
0.60633
0.61162
0.60618
0.58929
0.58956
0.60030
0.59054
0.59048
0.58925
0.62109
0.60933
0.60251
0.59574
0.59165
0.59688
0.59358
0.56905
0.55775
0.59645
0.60742
0.60057
0.59813
0.61562
0.64534
0.63181
0.59096
0.60312
0.61904
0.62673
0.63465
0.60226
0.59511
0.62192
0.60895
0.60626
0.61011
0.57442
0.58250
0.54553
0.53671
0.53681
0.52232
0.53789
0.56356
0.56358
0.56130
0.58857
0.58766
0.61851
0.61396
0.58557
0.54945
0.56025
0.57987
0.58480
0.58326
0.58057
0.57427
0.61214
0.61989
0.61208
0.61149
0.59820
0.54525
0.56263
0.56484
0.55293
0.55789
0.56852
0.56051
0.58513
0.58718
0.56609
0.60194
0.58808
0.59112
0.60278
0.61374
0.59291
0.56843
0.58705
0.54411
0.54476
0.57205
0.57079
0.55938
0.55296
0.53896
0.51612
0.50775
0.52674
0.52191
0.52590
0.48803
0.49777
0.50746
0.49465
0.48807
0.45077
0.42238
0.42078
0.35450
0.35232
0.34005
0.35102
0.31703
0.33625
0.32314
0.30417
0.27039
0.27176
0.24916
0.26201
0.28710
0.29975
0.30501
0.32979
0.32054
0.30188
0.35030
0.33739
0.31426
0.32816
0.30487
0.34639
0.36780
0.37045
0.36917
0.35899
0.36964
0.35106
0.37256
0.33988
0.31631
0.33495
0.32819
0.28518
0.29330
0.29141
0.28927
0.28141
0.25945
0.28317
0.30206
0.21527
0.21317
0.20248
0.19915
0.19447
0.18388
0.20074
0.21110
0.20265
0.20910
0.20676
0.19609
0.19710
0.15635
0.11792
0.09760
0.08053
0.07422
0.07994
0.07871
0.07048
0.04013
0.02441
0.00099
0.01692
0.01348
0.00000
0.01955
0.03269
0.07103
0.08186
0.06606
0.07708
0.06913
0.09211
0.09374
0.09995
0.07873
0.08515
0.05230
0.06368
0.12423
0.09769
0.07996
0.06268
0.06261
0.07248
0.09679
0.05900
0.05190
0.02590
0.03567
0.03513
0.00397
0.02277
0.03381
0.04443
0.01655
0.05782
0.04432
0.03447
0.02364
0.02968
0.01468
0.01301
0.04840
0.05886
0.05202
0.10079
0.09755
0.09511
0.07741
0.06174
0.07754
0.07754
0.07026
0.04415
0.06156
0.07312
0.07110
0.04925
0.04847
0.08787
0.08585
0.06138
0.05354
0.04417
0.09225
0.10265
0.12890
0.14894
0.13083
0.13965
0.17180
0.16603
0.19025
0.16636
0.17027
0.16528
0.18903
0.17998
0.17995
0.13758
0.09321
0.07708
0.07313
0.10278
0.13001
0.15357
0.17865
0.13011
0.13201
0.12083
0.13100
0.14429
0.13681
0.11957
0.12711
0.12315
0.12335
0.10110
0.05205
0.03469
0.06327
0.04929
0.03158
0.03502
0.03712
0.04936
0.10488
0.10614
0.11645
0.09408
0.12090
0.12492
0.16218
0.16007
0.15415
0.11591
0.14378
0.14280
0.12873
0.13691
0.12320
0.11229
0.09229
0.13461
0.12314
0.11764
0.15837
0.15243
0.13750
0.15277
0.12582
0.14972
0.16862
0.17224
0.15071
0.15652
0.12859
0.13617
0.15176
0.14976
0.14119
0.13196
0.10132
0.10587
0.07185
0.09126
0.12212
0.07853
0.06443
0.08186
0.08150
0.12842
0.11562
0.09014
0.12580
0.15201
0.13413
0.13611
0.13039
0.18530
0.20059
0.25246
0.25193
0.21259
0.18912
0.18290
0.16804
0.16837
0.17123
0.15160
0.16180
0.13094
0.18205
0.17016
0.15150
0.13923
0.14061
0.14769
0.15023
0.15158
0.14897
0.17801
0.15653
0.13516
0.07920
0.06972
0.05380
0.07298
0.07171
0.02287
0.07084
0.07370
0.04874
0.01878
0.03308
0.08696
0.09049
0.02606
0.04294
0.05561
0.07125
0.08364
0.06118
0.08064
0.06853
0.06670
0.06473
0.05449
0.03909
0.05124
0.03548
0.02995
0.05044
0.04715
0.02146
0.03331
0.05247
0.03539
0.02329
0.02418
0.01780
0.01098
0.00454
0.02611
0.04398
0.07145
0.07443
0.09386
0.08156
0.10602
0.10963
0.13791
0.16024
0.18578
0.15406
0.21115
0.21533
0.21103
0.22052
0.18455
0.20802
0.19907
0.21285
0.22094
0.17212
0.16890
0.16952
0.17878
0.17048
0.18282
0.20852
0.19260
0.19828
0.18544
0.20930
0.22715
0.23289
0.21802
0.26320
0.27980
0.29115
0.31193
0.31123
0.33814
0.33192
0.31425
0.26388
0.23600
0.22956
0.19386
0.19488
0.18784
0.16752
0.15240
0.17307
0.14741
0.16091
0.14182
0.12773
0.15247
0.16794
0.17685
0.16828
0.12713
0.17143
0.14981
0.17232
0.17212
0.16925
0.18235
0.19373
0.18830
0.18272
0.16503
0.17755
0.19235
0.17228
0.20606
0.21144
0.22852
0.25256
0.25193
0.26442
0.27758
0.27066
0.28681
0.27775
0.25759
0.25936
0.27666
0.28485
0.27426
0.27592
0.28490
0.29221
0.30681
0.31022
0.32800
0.35470
0.34458
0.33809
0.31840
0.29931
0.30816
0.31207
0.30589
0.32706
0.31522
0.28241
0.25577
0.27354
0.26884
0.25997
0.25952
0.20501
0.20345
0.21776
0.20689
0.18731
0.15118
0.14023
0.10938
0.09694
0.12968
0.11789
0.08687
0.06988
0.08225
0.05675
0.04221
0.03820
0.11471
0.10886
0.07189
0.07586
0.03753
0.04487
0.04467
0.06022
0.08918
0.06356
0.06035
0.05830
0.07038
0.08477
0.06259
0.03604
0.05585
0.07960
0.10368
0.12746
0.09177
0.11655
0.13038
0.15319
0.18189
0.19252
0.16487
0.13855
0.13041
0.12271
0.11314
0.12455
0.11371
0.10992
0.08281
0.07444
0.06546
0.06695
0.09038
0.08173
0.08502
0.03309
0.03283
0.01359
0.02281
0.00752
0.01063
0.01939
0.01208
0.01328
0.00907
0.02086
0.02197
0.04422
0.05707
0.05174
0.04801
0.05169
0.05223
0.02924
0.04865
0.08217
0.07294
0.06055
0.05569
0.04647
0.02763
0.00528
0.03730
0.02076
0.03417
0.04868
0.08489
0.08607
0.08194
0.04816
0.02852
0.04563
0.01724
0.06479
0.02336
0.00278
0.05103
0.06293
0.06724
0.05458
0.06631
0.05330
0.07044
0.09679
0.06015
0.02557
0.05238
0.04320
0.04407
0.05117
0.04841
0.03455
0.03274
0.07381
0.09840
0.12999
0.12788
0.18561
0.16395
0.21022
0.20011
0.17487
0.22008
0.21255
0.23280
0.26628
0.31733
0.31667
0.31865
0.31274
0.31336
0.33313
0.39169
0.38738
0.35093
0.32408
0.34108
0.32357
0.31971
0.32659
0.33366
0.32183
0.34616
0.35708
0.37026
0.38827
0.43019
0.45578
0.39573
0.39811
0.40193
0.38671
0.39973
0.41209
0.40354
0.37422
0.33541
0.31968
0.32791
0.35421
0.37032
0.38606
0.34214
0.31541
0.30331
0.32072
0.32314
0.31520
0.33439
0.29787
0.31221
0.30773
0.31197
0.31890
0.32374
0.32805
0.34449
0.30686
0.38023
0.38502
0.37186
0.39523
0.42383
0.46217
0.45960
0.45896
0.45674
0.45920
0.45355
0.43248
0.40861
0.36499
0.37380
0.38453
0.42637
0.41579
0.41977
0.42581
0.47300
0.48232
0.49304
0.49711
0.48061
0.46548
0.43097
0.43209
0.41012
0.40998
0.43201
0.44297
0.43603
0.43128
0.44665
0.47833
0.46171
0.47935
0.46296
0.42860
0.43480
0.40018
0.42981
0.44460
0.47106
0.47660
0.44914
0.44818
0.46629
0.45753
0.47461
0.46840
0.47336
0.48517
0.46391
0.45060
0.45282
0.48103
0.48321
0.46753
0.48589
0.50047
0.48714
0.50871
0.51100
0.53792
0.49767
0.50491
0.49975
0.48237
0.45619
0.47830
0.48295
0.43249
0.43436
0.44600
0.47146
0.49799
0.50013
0.49048
0.51216
0.55322
0.53761
0.51868
0.51416
0.49752
0.52241
0.47629
0.43826
0.40742
0.39804
0.42110
0.41137
0.40476
0.37779
0.36789
0.32792
0.30182
0.31890
0.31265
0.33143
0.32183
0.35087
0.34690
0.32871
0.34236
0.34236
0.31596
0.31448
0.33817
0.34189
0.34149
0.34107
0.30969
0.31897
0.32347
0.34048
0.37293
0.35752
0.35563
0.35832
0.33687
0.31587
0.29876
0.27071
0.29298
0.33264
0.34315
0.34618
0.31980
0.29382
0.30490
0.30312
0.30638
0.30888
0.32597
0.33584
0.36278
0.39662
0.38889
0.38868
0.40793
0.37171
0.34861
0.34458
0.33678
0.36036
0.36874
0.35620
0.33825
0.32663
0.33559
0.29147
0.31334
0.32682
0.29485
0.33262
0.32594
0.31336
0.28552
0.29342
0.32475
0.33898
0.33078
0.29070
0.30188
0.30314
0.30561
0.30470
0.28668
0.30624
0.31696
0.31642
0.31217
0.31354
0.34272
0.34158
0.33007
0.33123
0.36076
0.35744
0.33614
0.32931
0.30508
0.30524
0.28451
0.27946
0.30322
0.29535
0.30967
0.31937
0.30034
0.32108
0.31715
0.33435
0.36574
0.37236
0.34109
0.33168
0.31352
0.32006
0.32635
0.33859
0.31237
0.32701
0.31520
0.32397
0.27855
0.31990
0.32435
0.31207
0.31561
0.32561
0.35732
0.32273
0.30790
0.30592
0.32489
0.29325
0.29060
0.28333
0.27199
0.27172
0.25929
0.27347
0.28339
0.26043
0.29045
0.28934
0.31156
0.28973
0.29896
0.33877
0.32109
0.31739
0.34226
0.33792
0.35098
0.38002
0.35301
0.33465
0.33888
0.34566
0.33617
0.30909
0.30176
0.33690
0.32247
0.32241
0.34144
0.35878
0.36605
0.37374
0.36054
0.34612
0.32840
0.32311
0.36362
0.35922
0.36090
0.35438
0.38108
0.36318
0.38764
0.38388
0.37059
0.41484
0.43409
0.42915
0.43863
0.44753
0.43678
0.45242
0.47102
0.47032
0.49195
0.48043
0.50153
0.49175
0.48212
0.45245
0.38342
0.40534
0.39143
0.39551
0.38916
0.35929
0.35561
0.38981
0.39283
0.39326
0.41395
0.41994
0.41371
0.41091
0.40866
0.38685
0.42782
0.43116
0.46025
0.41322
0.39179
0.37266
0.37120
0.36374
0.34322
0.29719
0.31819
0.31488
0.31419
0.30902
0.33117
0.31691
0.31703
0.30729
0.29290
0.28816
0.24081
0.23309
0.21062
0.22665
0.23132
0.25782
0.25734
0.28198
0.29057
0.28919
0.29900
0.30752
0.32009
0.34531
0.35499
0.39110
0.41909
0.44015
0.43658
0.42421
0.43849
0.45460
0.47759
0.45227
0.45421
0.45718
0.46478
0.43167
0.42000
0.38389
0.39414
0.39911
0.39546
0.40198
0.41680
0.41772
0.42262
0.43287
0.43248
0.45600
0.44582
0.48272
0.45767
0.46650
0.45594
0.47733
0.42575
0.41991
0.43352
0.42867
0.46434
0.48013
0.49464
0.52382
0.48168
0.47483
0.47283
0.49103
0.48837
0.46905
0.40243
0.40285
0.36160
0.39745
0.39563
0.38937
0.35874
0.32923
0.34305
0.35062
0.33963
0.35442
0.34255
0.32683
0.31018
0.34359
0.38483
0.34578
0.32546
0.30929
0.31434
0.30130
0.31105
0.29439
0.29560
0.27746
0.29705
0.28108
0.28191
0.26007
0.24490
0.25994
0.29136
0.28517
0.29266
0.30075
0.32464
0.34519
0.35021
0.36673
0.36346
0.37386
0.39067
0.38151
0.36884
0.36714
0.39597
0.37460
0.33194
0.30774
0.32913
0.31749
0.31770
0.32129
0.34994
0.38618
0.42290
0.43837
0.46556
0.47338
0.46603
0.49502
0.46064
0.45728
0.44492
0.42512
0.39464
0.39975
0.39680
0.38284
0.38565
0.39092
0.42596
0.36695
0.38243
0.38302
0.36056
0.30461
0.32082
0.34720
0.31298
0.34573
0.32966
0.33168
0.32671
0.31385
0.30782
0.31485
0.31664
0.31692
0.30757
0.29655
0.28620
0.25529
0.24849
0.27947
0.27392
0.30082
0.27811
0.27270
0.26690
0.28532
0.27957
0.27636
0.31087
0.33722
0.34820
0.34855
0.36665
0.36669
0.36525
0.35184
0.36776
0.39586
0.36127
0.39912
0.37067
0.39468
0.38099
0.42365
0.41006
0.42641
0.40778
0.42089
0.37639
0.35718
0.33711
0.33724
0.34838
0.32184
0.34287
0.34353
0.35226
0.37756
0.39429
0.39043
0.36618
0.32256
0.34934
0.34356
0.35104
0.35854
0.37522
0.38484
0.38492
0.40504
0.40466
0.40788
0.38997
0.41199
0.39801
0.41945
0.46514
0.47244
0.46568
0.48556
0.49896
0.50345
0.49973
0.49160
0.46816
0.45442
0.47123
0.46901
0.47733
0.48339
0.54370
0.52160
0.52728
0.53841
0.55873
0.60385
0.62645
0.61615
0.56974
0.56187
0.54172
0.52722
0.56299
0.55649
0.55212
0.52335
0.54006
0.53458
0.54574
0.56560
0.54947
0.55719
0.53612
0.53498
0.56220
0.49679
0.46260
0.48404
0.50252
0.49074
0.49599
0.51973
0.55849
0.51028
0.48453
0.49266
0.49977
0.48768
0.50717
0.48266
0.49738
0.50242
0.51011
0.49138
0.49096
0.52430
0.53079
0.50361
0.49198
0.48822
0.48870
0.47860
0.47353
0.47360
0.47047
0.47133
0.44788
0.47160
0.46473
0.45201
0.41165
0.39790
0.37751
0.38210
0.36636
0.39027
0.38598
0.37176
0.36336
0.36357
0.38498
0.36433
0.35829
0.33923
0.36545
0.36197
0.37893
0.36963
0.39799
0.39603
0.41730
0.44505
0.44559
0.46084
0.49015
0.49573
0.49338
0.51351
0.48159
0.42975
0.44023
0.41439
0.42213
0.41287
0.36290
0.36656
0.34569
0.33307
0.33817
0.27540
0.28225
0.24205
0.24208
0.24563
0.23390
0.15939
0.17074
0.15722
0.15304
0.13001
0.12579
0.09749
0.12467
0.11180
0.13167
0.15272
0.17365
0.17693
0.17783
0.17232
0.20377
0.21094
0.23682
0.24071
0.21137
0.22251
0.20427
0.18027
0.19083
0.14189
0.11943
0.12539
0.12797
0.13215
0.07540
0.08099
0.07622
0.10493
0.10758
0.10767
0.09269
0.12070
0.13232
0.18864
0.17656
0.16031
0.18258
0.16685
0.15626
0.16096
0.16701
0.17839
0.21497
0.22274
0.21984
0.24012
0.24988
0.22474
0.19369
0.20123
0.21044
0.17303
0.14675
0.14078
0.13270
0.13390
0.14782
0.16274
0.16514
0.14709
0.11913
0.11300
0.07350
0.05333
0.08974
0.08132
0.04718
0.05606
0.05157
0.04194
0.06166
0.06165
0.06890
0.09907
0.11679
0.09814
0.09010
0.08251
0.07028
0.09169
0.14151
0.16580
0.21282
0.20536
0.20907
0.20890
0.20449
0.24374
0.23611
0.21866
0.22064
0.22434
0.20681
0.19219
0.15008
0.14075
0.11567
0.11416
0.15130
0.19576
0.21784
0.20854
0.23209
0.18882
0.14837
0.12720
0.12407
0.11846
0.13108
0.12637
0.07778
0.05223
0.06203
0.05051
0.06985
0.09429
0.09085
0.09414
0.09406
0.09280
0.09296
0.08438
0.06430
0.06885
0.05826
0.03727
0.03206
0.02097
0.02810
0.04209
0.03288
0.03159
0.03426
0.00072
0.02965
0.03391
0.05458
0.07449
0.04392
0.03887
0.03423
0.06598
0.01337
0.06218
0.05924
0.06590
0.08993
0.08878
0.11604
0.11069
0.10791
0.14725
0.10563
0.10681
0.10289
0.06789
0.07749
0.11491
0.12454
0.13404
0.13462
0.13270
0.13842
0.15303
0.13237
0.12226
0.12814
0.12033
0.14085
0.14710
0.13255
0.07679
0.08627
0.09132
0.09663
0.11904
0.16089
0.15633
0.16359
0.15428
0.11382
0.13085
0.15805
0.15955
0.12664
0.12529
0.12164
0.12861
0.13726
0.15025
0.10598
0.11739
0.10985
0.11163
0.12838
0.12872
0.10234
0.12604
0.08860
0.06549
0.09685
0.08957
0.10423
0.13633
0.13292
0.17587
0.15939
0.16603
0.18390
0.13709
0.11297
0.12075
0.10063
0.09744
0.09611
0.09611
0.10112
0.11969
0.08063
0.11262
0.10428
0.08390
0.07627
0.06420
0.05646
0.04014
0.04591
0.04413
0.09692
0.11559
0.08686
0.12234
0.10275
0.08764
0.07806
0.08142
0.05478
0.06313
0.05999
0.08226
0.09493
0.12246
0.12198
0.13696
0.14660
0.10216
0.13977
0.14832
0.17040
0.11675
0.11258
0.10271
0.09682
0.12137
0.15388
0.16835
0.18152
0.18312
0.17309
0.15058
0.17402
0.18991
0.18213
0.16653
0.19276
0.19381
0.17449
0.17220
0.16734
0.15089
0.20700
0.22356
0.22995
0.21892
0.23062
0.23843
0.21967
0.21519
0.19856
0.22113
0.25741
0.21639
0.25862
0.24941
0.24313
0.24054
0.23768
0.23959
0.23695
0.25150
0.23650
0.23254
0.20693
0.20905
0.21573
0.19461
0.22716
0.23380
0.19588
0.22913
0.22109
0.21208
0.21409
0.20714
0.22957
0.23319
0.22121
0.24893
0.22444
0.24191
0.25535
0.24260
0.24246
0.23617
0.27269
0.28593
0.28066
0.32570
0.34781
0.32820
0.35802
0.36701
0.34314
0.33277
0.35975
0.37397
0.37097
0.40696
0.43821
0.45379
0.45315
0.45952
0.47603
0.46100
0.43765
0.42246
0.38044
0.35762
0.35618
0.36695
0.36947
0.36733
0.40362
0.40242
0.39919
0.42200
0.42075
0.44595
0.42633
0.43043
0.42394
0.42312
0.43531
0.43231
0.43951
0.41126
0.38029
0.36765
0.34584
0.36876
0.34743
0.33310
0.33828
0.34127
0.33369
0.33147
0.32718
0.33193
0.33702
0.33038
0.33874
0.33145
0.28887
0.29176
0.34791
0.34933
0.35309
0.30330
0.27436
0.28671
0.27513
0.24999
0.25850
0.29924
0.32071
