0.01574
0.01362
0.03876
0.07880
0.12364
0.15348
0.17110
0.14341
0.15021
0.15542
0.17750
0.19964
0.20952
0.19340
0.19342
0.21024
0.19721
0.17240
0.18207
0.17669
0.18667
0.16736
0.19398
0.20526
0.20030
0.19642
0.19321
0.18544
0.17614
0.18694
0.21415
0.21603
0.18911
0.21518
0.19704
0.18002
0.20728
0.18321
0.22071
0.25105
0.24507
0.23373
0.22632
0.22302
0.24159
0.22967
0.20604
0.22584
0.24468
0.19676
0.19093
0.18748
0.23191
0.26272
0.28188
0.27079
0.30094
0.30719
0.33454
0.30701
0.29512
0.31671
0.33456
0.29845
0.31453
0.31905
0.29832
0.30613
0.31729
0.32236
0.31873
0.31860
0.32298
0.33128
0.33562
0.35833
0.32396
0.34005
0.36627
0.37196
0.38899
0.39224
0.35835
0.34349
0.36446
0.37937
0.37708
0.35330
0.31929
0.30897
0.29328
0.33020
0.32381
0.32877
0.33687
0.32887
0.33239
0.26694
0.25002
0.26297
0.24623
0.23624
0.24029
0.24507
0.23644
0.24419
0.25407
0.26631
0.27312
0.32780
0.37559
0.32921
0.35147
0.35155
0.34599
0.34074
0.33930
0.34521
0.33267
0.33271
0.33011
0.38575
0.36548
0.37855
0.34916
0.35981
0.36865
0.37813
0.39797
0.42460
0.42682
0.43155
0.43681
0.44699
0.45676
0.45917
0.41036
0.44718
0.46982
0.46869
0.48755
0.49494
0.48807
0.47412
0.47743
0.44317
0.45196
0.46044
0.44814
0.44510
0.44184
0.45962
0.45976
0.44113
0.45298
0.45400
0.44392
0.45756
0.43013
0.38850
0.39129
0.39111
0.36401
0.39093
0.32910
0.33735
0.35717
0.36421
0.36464
0.38239
0.38270
0.39893
0.40741
0.38196
0.37089
0.39839
0.40696
0.37197
0.37883
0.37504
0.39851
0.41592
0.41831
0.42296
0.45708
0.46395
0.49677
0.46166
0.44983
0.44353
0.45048
0.43049
0.41601
0.38095
0.37386
0.36360
0.34190
0.31392
0.30034
0.29541
0.27700
0.25774
0.22672
0.22131
0.26082
0.26162
0.25498
0.25561
0.27073
0.23963
0.20548
0.21933
0.21585
0.19115
0.19577
0.20220
0.18916
0.19579
0.21432
0.17091
0.21838
0.16870
0.19107
0.18876
0.18217
0.20603
0.18667
0.19202
0.20414
0.19568
0.22955
0.22956
0.21882
0.20975
0.19181
0.17962
0.16187
0.19211
0.19849
0.19592
0.19963
0.20473
0.21641
0.20580
0.22572
0.24243
0.23932
0.22899
0.25047
0.25678
0.29433
0.28896
0.30794
0.29715
0.31223
0.29294
0.29840
0.27016
0.24971
0.26705
0.28358
0.33814
0.31451
0.31205
0.31057
0.31136
0.31998
0.34559
0.32681
0.34355
0.31536
0.30081
0.33938
0.33604
0.37058
0.37174
0.38785
0.36127
0.36174
0.36309
0.36693
0.37382
0.37721
0.36912
0.40085
0.39577
0.39015
0.37391
0.39843
0.39181
0.39241
0.40868
0.39994
0.40633
0.39125
0.37841
0.41857
0.44406
0.43494
0.45771
0.45705
0.45271
0.46503
0.43928
0.44757
0.45450
0.43735
0.39170
0.38532
0.37134
0.37140
0.39111
0.37291
0.40103
0.38565
0.35245
0.32140
0.32709
0.34725
0.35452
0.34446
0.37971
0.35021
0.36346
0.36959
0.39300
0.39729
0.42013
0.43600
0.41553
0.43348
0.44331
0.44235
0.44144
0.42333
0.42221
0.43985
0.43510
0.45857
0.47060
0.46086
0.46904
0.42718
0.41655
0.38999
0.42921
0.43571
0.44605
0.47245
0.45248
0.39951
0.36922
0.34739
0.38506
0.36797
0.39464
0.42898
0.43209
0.41914
0.46123
0.48445
0.49034
0.50295
0.47188
0.45482
0.43727
0.44289
0.44972
0.43912
0.40766
0.42055
0.43540
0.42025
0.38841
0.42975
0.46990
0.46397
0.46534
0.46592
0.43578
0.43256
0.46641
0.45380
0.45018
0.45074
0.43302
0.49674
0.50427
0.52773
0.51411
0.50880
0.49869
0.49803
0.49766
0.45380
0.47629
0.48993
0.50126
0.50342
0.48373
0.51477
0.48987
0.45530
0.43863
0.43229
0.44023
0.46197
0.45054
0.45721
0.44467
0.44116
0.42923
0.44944
0.45734
0.50757
0.49186
0.50969
0.50063
0.49151
0.48451
0.49954
0.52877
0.54260
0.53439
0.50932
0.53005
0.52524
0.51238
0.52423
0.52753
0.55385
0.56660
0.58060
0.57761
0.56936
0.57203
0.57732
0.57601
0.56131
0.58315
0.56727
0.56002
0.56939
0.58132
0.59088
0.61927
0.63113
0.66044
0.66993
0.67280
0.65205
0.67550
0.64732
0.60908
0.60060
0.59836
0.54672
0.54256
0.51623
0.51536
0.53187
0.55831
0.54404
0.54701
0.53298
0.56465
0.58048
0.65690
0.65576
0.64571
0.64136
0.64222
0.63116
0.62003
0.58947
0.56261
0.59145
0.59160
0.58059
0.60088
0.58788
0.60033
0.60124
0.59605
0.60087
0.60590
0.58166
0.57191
0.55311
0.54167
0.54991
0.55005
0.55152
0.55432
0.55169
0.56987
0.58164
0.60569
0.59618
0.59718
0.61433
0.59835
0.57496
0.59191
0.63561
0.61618
0.62577
0.67379
0.63553
0.63833
0.64850
0.69477
0.67467
0.66908
0.60323
0.61065
0.60488
0.59367
0.61047
0.60825
0.61238
0.59993
0.60457
0.61400
0.63205
0.65348
0.67490
0.68406
0.65866
0.65247
0.61956
0.65347
0.66742
0.64707
0.63209
0.64940
0.65694
0.65439
0.66279
0.65353
0.67138
0.67346
0.68021
0.70164
0.69979
0.68552
0.67684
0.66463
0.64462
0.64220
0.66385
0.66193
0.64974
0.64081
0.65521
0.61397
0.66995
0.68381
0.70003
0.70430
0.68040
0.64996
0.66879
0.65642
0.65209
0.63682
0.63673
0.60959
0.57998
0.58099
0.58366
0.58709
0.60555
0.61775
0.62360
0.62050
0.60847
0.58647
0.60284
0.60287
0.60074
0.58748
0.59795
0.59911
0.59646
0.66406
0.67614
0.67623
0.68086
0.67251
0.67601
0.66495
0.69612
0.70676
0.70730
0.68956
0.68228
0.69939
0.70496
0.72843
0.76138
0.76037
0.78727
0.76373
0.74338
0.76381
0.79682
0.81068
0.80386
0.82444
0.84932
0.86882
0.88522
0.89529
0.90384
0.94986
0.94404
0.95741
0.97460
0.96479
0.98558
0.97721
0.97511
0.99155
0.96570
0.98734
0.99512
1.00000
1.00000
0.97098
0.95754
0.95472
0.97307
0.98380
0.93058
0.90531
0.89587
0.90577
0.91187
0.94297
0.90711
0.91678
0.94485
0.94728
0.95152
0.95520
0.93168
0.92877
0.94082
0.94892
0.94974
0.94489
0.92128
0.93115
0.89771
0.90418
0.90198
0.91209
0.90898
0.94080
0.91465
0.92790
0.92670
0.96274
0.94060
0.95004
0.94997
0.92416
0.89508
0.88586
0.85933
0.83707
0.83509
0.81380
0.87406
0.88020
0.88036
0.86510
0.91414
0.92667
0.90275
0.92011
0.90634
0.88816
0.90604
0.91168
0.89510
0.86224
0.86100
0.84667
0.84961
0.86436
0.85131
0.87090
0.89109
0.88084
0.88120
0.90490
0.88613
0.88991
0.89233
0.91787
0.90764
0.92263
0.93324
0.93965
0.96024
0.93069
0.94561
0.90705
0.94615
0.99811
1.00000
0.98230
0.97443
0.97208
0.99574
0.99151
0.96982
0.95518
0.94229
0.93634
0.93479
0.94669
0.95392
0.94455
0.93661
0.93768
0.84871
0.81921
0.81047
0.82501
0.81642
0.78622
0.77271
0.74199
0.75021
0.74793
0.72101
0.71911
0.71842
0.71790
0.75010
0.76210
0.75968
0.76021
0.75183
0.72542
0.71563
0.67798
0.69684
0.68193
0.68220
0.68630
0.69936
0.70174
0.66609
0.65952
0.68725
0.74659
0.74490
0.74555
0.77376
0.76595
0.75851
0.75751
0.74944
0.76093
0.76585
0.73575
0.73659
0.72032
0.72657
0.69092
0.67516
0.68199
0.69414
0.64875
0.64680
0.63551
0.62009
0.64364
0.63121
0.67704
0.66798
0.64605
0.66692
0.70424
0.70472
0.72443
0.71138
0.72611
0.70783
0.72736
0.75177
0.73949
0.71349
0.67799
0.69488
0.67570
0.68184
0.67654
0.68648
0.68841
0.69283
0.70151
0.69023
0.67864
0.70411
0.72515
0.71295
0.74599
0.75922
0.76784
0.75981
0.71302
0.71023
0.73439
0.73893
0.74058
0.78467
0.78673
0.84797
0.87121
0.85716
0.88187
0.93603
0.90896
0.90523
0.92951
0.91592
0.94113
0.95749
0.95591
0.99962
0.99112
0.98383
0.99960
0.98579
0.97303
0.98113
0.97195
0.97143
0.98347
0.96502
0.97343
0.92425
0.95669
0.95324
0.94296
0.95183
0.98049
0.98262
0.99371
0.95057
0.96353
0.96373
0.96529
0.93116
0.95747
0.96344
0.93918
0.93992
0.90698
0.89110
0.88122
0.84571
0.88318
0.87532
0.87657
0.84355
0.85131
0.88075
0.85512
0.84531
0.86162
0.84179
0.88113
0.88011
0.88012
0.88094
0.89828
0.87852
0.91331
0.89322
0.89631
0.91070
0.92153
0.91279
0.91006
0.89742
0.86964
0.87878
0.87714
0.87209
0.86013
0.83118
0.84402
0.85470
0.84471
0.83855
0.85163
0.82876
0.82722
0.84761
0.82872
0.80115
0.78837
0.77579
0.79846
0.79208
0.76860
0.77958
0.75026
0.75235
0.74527
0.74486
0.72785
0.69203
0.69256
0.66497
0.66333
0.66769
0.66688
0.66173
0.65538
0.63946
0.61676
0.61289
0.64216
0.65564
0.66612
0.67968
0.65374
0.64471
0.65277
0.64871
0.64296
0.68458
0.70469
0.69996
0.71877
0.77647
0.76588
0.71748
0.72149
0.70040
0.69742
0.70338
0.69619
0.68348
0.63852
0.65158
0.64577
0.61194
0.61238
0.62613
0.58587
0.59403
0.58896
0.56693
0.58064
0.55847
0.56476
0.54224
0.52187
0.52906
0.52874
0.53693
0.54797
0.55170
0.54846
0.52231
0.54142
0.52832
0.53065
0.52331
0.51990
0.53956
0.55075
0.57666
0.57272
0.56376
0.60339
0.54083
0.52185
0.48529
0.50584
0.49772
0.49706
0.48931
0.51558
0.51039
0.52102
0.52302
0.56348
0.61310
0.63913
0.66147
0.61214
0.58958
0.58781
0.57356
0.57719
0.55625
0.57111
0.57144
0.58011
0.54887
0.56249
0.58643
0.59986
0.61499
0.62382
0.63752
0.62874
0.60376
0.58708
0.58701
0.57081
0.54745
0.56094
0.56562
0.55901
0.54773
0.52714
0.50926
0.50836
0.51865
0.52800
0.55296
0.56690
0.60141
0.57349
0.63964
0.62328
0.60272
0.63553
0.67497
0.67735
0.67904
0.69621
0.69688
0.70067
0.69599
0.68028
0.70325
0.72183
0.75759
0.73574
0.75896
0.77836
0.78394
0.74961
0.69242
0.66921
0.63743
0.60312
0.60861
0.58068
0.61827
0.60564
0.59999
0.64632
0.69303
0.67734
0.69475
0.69163
0.68086
0.68368
0.67758
0.68247
0.67070
0.66850
0.69924
0.73576
0.68562
0.68955
0.70788
0.69429
0.72801
0.68762
0.70287
0.66704
0.67012
0.63702
0.63433
0.61402
0.62140
0.59993
0.60637
0.58057
0.59724
0.57216
0.55206
0.54171
0.55025
0.56566
0.56357
0.55529
0.53997
0.51999
0.50583
0.49203
0.49903
0.51706
0.53410
0.53729
0.56176
0.54981
0.54496
0.55162
0.57083
0.50784
0.50835
0.51087
0.49850
0.49632
0.48361
0.47857
0.48117
0.48091
0.47552
0.44964
0.43588
0.41709
0.45541
0.47872
0.47905
0.49997
0.55961
0.58060
0.56227
0.54014
0.55460
0.56552
0.56635
0.56173
0.54601
0.55351
0.54126
0.52917
0.49616
0.48821
0.50128
0.53555
0.53904
0.54703
0.53140
0.51958
0.50907
0.48378
0.50977
0.49144
0.47629
0.48622
0.48477
0.47808
0.47765
0.48911
0.51038
0.51038
0.52763
0.50892
0.51901
0.52272
0.52010
0.54963
0.56700
0.58873
0.60772
0.62184
0.63169
0.61457
0.59753
0.60492
0.62765
0.64100
0.66320
0.64850
0.65341
0.65357
0.67970
0.71296
0.69841
0.71308
0.69539
0.64859
0.63484
0.62754
0.63281
0.62778
0.59725
0.64552
0.63123
0.64350
0.60185
0.58286
0.59371
0.60119
0.59030
0.64053
0.62930
0.66171
0.66754
0.65887
0.67803
0.68174
0.66926
0.64596
0.64057
0.62615
0.61684
0.61672
0.60707
0.60755
0.62869
0.67950
0.68613
0.67458
0.64527
0.63567
0.63568
0.61586
0.64976
0.65524
0.64743
0.65475
0.68547
0.70144
0.68137
0.68830
0.66367
0.67613
0.66307
0.64728
0.65856
0.62371
0.64483
0.67032
0.65494
0.66548
0.67651
0.69226
0.66606
0.68800
0.68291
0.68869
0.69064
0.67313
0.69319
0.67233
0.67772
0.67231
0.67464
0.70636
0.69255
0.68974
0.69478
0.69561
0.67904
0.70825
0.66953
0.67829
0.69235
0.67557
0.69743
0.65949
0.66491
0.68942
0.70753
0.73725
0.74524
0.75376
0.75981
0.76477
0.75905
0.75996
0.77677
0.79541
0.81279
0.81129
0.78146
0.80212
0.78468
0.78769
0.75573
0.74800
0.74174
0.75585
0.74951
0.77164
0.78400
0.77689
0.78880
0.81356
0.82057
0.81723
0.83208
0.83704
0.84600
0.84945
0.88029
0.88604
0.90567
0.88585
0.87653
0.87951
0.87298
0.91466
0.88868
0.91001
0.90396
0.91311
0.89808
0.94229
0.91922
0.86596
0.86944
0.87179
0.89840
0.93870
0.98734
0.96750
0.96337
0.99090
1.00000
1.00000
0.98134
0.99687
0.98579
0.97970
0.98510
1.00000
1.00000
0.99570
0.95203
0.98610
1.00000
1.00000
0.99553
1.00000
1.00000
0.98319
0.99284
0.97791
0.96883
0.94999
0.91900
0.93362
0.90758
0.89424
0.86757
0.83974
0.81751
0.80670
0.83255
0.80958
0.80414
0.80065
0.81411
0.80586
0.82283
0.87251
0.88456
0.88669
0.88949
0.87494
0.84247
0.84826
0.88728
0.85358
0.80537
0.79535
0.80231
0.79828
0.79336
0.79307
0.77965
0.79432
0.80406
0.77819
0.78369
0.76895
0.75761
0.75599
0.72559
0.71622
0.75364
0.79466
0.83854
0.87028
0.89463
0.88611
0.89471
0.93195
0.89362
0.90435
0.90641
0.87591
0.87436
0.88037
0.88997
0.90364
0.88148
0.86591
0.84760
0.79156
0.79862
0.76635
0.77054
0.73075
0.74046
0.76408
0.74279
0.78871
0.79022
0.77929
0.77357
0.77062
0.74617
0.74885
0.76815
0.77885
0.78979
0.78484
0.74172
0.72682
0.71310
0.72686
0.67173
0.66263
0.66492
0.67072
0.65734
0.60534
0.60403
0.64942
0.58891
0.56081
0.57091
0.61164
0.61338
0.58695
0.57072
0.57542
0.58373
0.60159
0.59289
0.58419
0.54819
0.50224
0.47984
0.51576
0.50810
0.53280
0.52347
0.54236
0.53948
0.53337
0.55541
0.53401
0.56114
0.55521
0.55094
0.55695
0.54034
0.56024
0.54764
0.54905
0.56182
0.60029
0.61802
0.60817
0.61644
0.63068
0.61798
0.60538
0.61593
0.63074
0.61155
0.65133
0.65293
0.65905
0.66538
0.68912
0.71125
0.67025
0.67599
0.73525
0.73536
0.73922
0.75929
0.76602
0.70971
0.69476
0.68640
0.70343
0.67789
0.65695
0.67639
0.65720
0.56957
0.55820
0.52349
0.50589
0.51702
0.48612
0.47413
0.51395
0.51416
0.54089
0.55113
0.55639
0.58430
0.54593
0.58616
0.60856
0.60655
0.59491
0.59894
0.55975
0.56612
0.53660
0.52907
0.51189
0.50691
0.50083
0.46113
0.44901
0.45513
0.49509
0.52658
0.54717
0.54399
0.55524
0.59895
0.56400
0.55505
0.57776
0.58785
0.56071
0.58985
0.58613
0.63497
0.64049
0.59702
0.58453
0.53395
0.52545
0.52740
0.53604
0.54217
0.57865
0.59017
0.57456
0.57724
0.54160
0.54945
0.53913
0.55573
0.54968
0.55776
0.55754
0.56088
0.58783
0.59538
0.58965
0.59182
0.57733
0.56839
0.53763
0.55367
0.55648
0.55236
0.54524
0.53504
0.53360
0.50508
0.46579
0.46296
0.46092
0.44083
0.42108
0.39643
0.38534
0.42675
0.42833
0.38594
0.37481
0.36365
0.36087
0.34155
0.34465
0.39939
0.42406
0.43504
0.44460
0.43978
0.44942
0.51231
0.48477
0.48205
0.45004
0.44579
0.44159
0.42865
0.41632
0.41195
0.42718
0.36374
0.34478
0.34022
0.34379
0.33741
0.32071
0.31355
0.27964
0.30464
0.30755
0.36009
0.40348
0.40377
0.36461
0.34319
0.33075
0.35221
0.36010
0.32093
0.31741
0.32330
0.32225
0.32162
0.30167
0.31287
0.29647
0.27720
0.31120
0.32175
0.32202
0.33283
0.31555
0.31443
0.30402
0.33175
0.33625
0.31305
0.33115
0.34861
0.35337
0.32956
0.34863
0.35306
0.33355
0.31855
0.28602
0.27237
0.28184
0.27179
0.27274
0.26830
0.24930
0.22518
0.26377
0.25169
0.25282
0.22603
0.22760
0.20184
0.19322
0.15362
0.17185
0.15495
0.18332
0.14575
0.15445
0.14023
0.12469
0.12141
0.15031
0.16084
0.13924
0.12820
0.12131
0.12245
0.08474
0.10846
0.11057
0.15763
0.16089
0.14180
0.16672
0.16961
0.17886
0.21072
0.24635
0.19267
0.18774
0.16127
0.18286
0.19216
0.18286
0.21907
0.25606
0.24870
0.27236
0.29309
0.28688
0.29062
0.27596
0.24564
0.24859
0.21849
0.22515
0.21188
0.26200
0.24442
0.21461
0.21422
0.18959
0.18182
0.20968
0.17126
0.18553
0.15680
0.17626
0.16164
0.16342
0.13601
0.12164
0.12875
0.12570
0.10826
0.10183
0.11100
0.14656
0.17825
0.15385
0.18523
0.16611
0.13899
0.14466
0.15630
0.12794
0.12480
0.10308
0.08885
0.10877
0.10732
0.08020
0.08570
0.09006
0.10701
0.07178
0.05551
0.05761
0.07496
0.10099
0.08090
0.06137
0.07026
0.10408
0.10715
0.08637
0.10510
0.11581
0.13071
0.15894
0.15322
0.16230
0.13311
0.11699
0.13167
0.13715
0.12586
0.15632
0.14934
0.12782
0.16628
0.15482
0.16779
0.16970
0.18223
0.20989
0.25585
0.28213
0.25096
0.22585
0.17715
0.18697
0.16047
0.15130
0.12498
0.08892
0.10149
0.08290
0.08734
0.08125
0.07740
0.01948
0.00592
0.00000
0.01306
0.03953
0.05922
0.09044
0.07603
0.10031
0.10521
0.09575
0.08436
0.07386
0.06407
0.05423
0.06728
0.09613
0.08591
0.09674
0.08491
0.06887
0.08281
0.04828
0.02720
0.06806
0.03891
0.03865
0.05061
0.04133
0.03000
0.00552
0.02039
0.02983
0.03366
0.03703
0.06172
0.06188
0.10216
0.09433
0.10132
0.13295
0.14879
0.12225
0.11392
0.10668
0.04895
0.05063
0.04828
0.03502
0.05522
0.04441
0.06354
0.06366
0.11134
0.14064
0.12639
0.06974
0.07584
0.07106
0.06084
0.07590
0.07150
0.04425
0.02171
0.01194
0.00486
0.00010
0.01141
0.03225
0.08139
0.10236
0.11040
0.11634
0.12072
0.08334
0.05351
0.04496
0.00589
0.02966
0.07571
0.07996
0.09932
0.10495
0.06622
0.08147
0.08365
0.11480
0.09706
0.14207
0.15427
0.15224
0.16346
0.15572
0.11574
0.10393
0.11284
0.14126
0.12110
0.15676
0.11000
0.13730
0.14421
0.13492
0.15616
0.17709
0.14950
0.17373
0.15147
0.14606
0.12565
0.12760
0.10243
0.15777
0.19701
0.17734
0.17276
0.15506
0.14891
0.16969
0.19391
0.19268
0.20106
0.21061
0.22133
0.20967
0.20091
0.22692
0.24062
0.21325
0.19625
0.20010
0.17990
0.22618
0.23352
0.21703
0.24158
0.26956
0.30373
0.30368
0.29970
0.30820
0.30922
0.31059
0.32919
0.32643
0.31280
0.32424
0.30832
0.29704
0.27088
0.26504
0.27218
0.24918
0.25100
0.22567
0.20442
0.22685
0.24394
0.29039
0.29472
0.29785
0.30592
0.33222
0.32387
0.30839
0.30121
0.28841
0.29573
0.33673
0.31520
0.35147
0.39948
0.39577
0.39698
0.37612
0.38756
0.36454
0.36603
0.44874
0.42267
0.40658
0.39488
0.39312
0.34231
0.36366
0.37300
0.38325
0.37129
0.37152
0.35718
0.37037
0.40731
0.39774
0.41878
0.43637
0.43593
0.42591
0.43986
0.44061
0.43516
0.43832
0.44365
0.46037
0.45406
0.48704
0.49207
0.49263
0.45229
0.44897
0.46878
0.47447
0.51458
0.50607
0.54766
0.54741
0.54648
0.52940
0.51152
0.52221
0.52893
0.55765
0.58480
0.61161
0.58909
0.57219
0.58255
0.56612
0.59362
0.57316
0.58776
0.59009
0.58135
0.61821
0.63738
0.63183
0.62628
0.64701
0.62056
0.59015
0.56988
0.57042
0.57353
0.56627
0.60441
0.59947
0.57795
0.57942
0.55503
0.58213
0.59532
0.59531
0.63457
0.62586
0.65678
0.66194
0.65607
0.66002
0.63864
0.64938
0.67003
0.65684
0.58790
0.58298
0.61139
0.61677
0.59658
0.60465
0.54033
0.52348
0.50585
0.51981
0.48218
0.45890
0.46466
0.45782
0.44665
0.42176
0.44763
0.42573
0.41156
0.38768
0.40137
0.40667
0.40361
0.43934
0.43681
0.43254
0.43010
0.43358
0.42633
0.42663
0.43795
0.37537
0.35653
0.37095
0.40279
0.39537
0.42051
0.43047
0.46154
0.48875
0.49651
0.50763
0.50565
0.51756
0.53434
0.52358
0.53888
0.55394
0.56607
0.53569
0.50421
0.50230
0.51737
0.50269
0.46340
0.44736
0.41672
0.39769
0.41505
0.40354
0.38649
0.41050
0.41118
0.39729
0.40793
0.39119
0.40602
0.39671
0.41913
0.48673
0.47969
0.51969
0.53315
0.53214
0.53062
0.52791
0.54946
0.55055
0.54307
0.50107
0.52738
0.53816
0.52139
0.53877
0.54225
0.51093
0.50433
0.51838
0.51272
0.50401
0.50443
0.49552
0.47198
0.48187
0.46799
0.44513
0.43069
0.42777
0.43642
0.46256
0.41948
0.39041
0.41763
0.44924
0.45051
0.45175
0.44950
0.45961
0.47382
0.47509
0.48451
0.49138
0.44710
0.44452
0.43780
0.44802
0.44749
0.42695
0.45722
0.45334
0.43172
0.42835
0.44779
0.43242
0.43067
0.46527
0.45581
0.43868
0.44760
0.43210
0.40984
0.43732
0.46070
0.45127
0.49484
0.46989
0.45384
0.42916
0.43921
0.46207
0.47299
0.47552
0.47591
0.45796
0.46874
0.44748
0.45762
0.46048
0.47058
0.48816
0.53333
0.52432
0.53700
0.53302
0.53062
0.53001
0.49237
0.49369
0.48792
0.50371
0.54482
0.54899
0.54934
0.55505
0.55403
0.55129
0.57293
0.58062
0.53613
0.53169
0.56379
0.57811
0.55782
0.57358
0.54313
0.53140
0.51937
0.52151
0.55316
0.58322
0.61780
0.58739
0.56086
0.57495
0.62379
0.61923
0.61488
0.63832
0.64170
0.62720
0.63781
0.64228
0.65338
0.65663
0.66342
0.65323
0.66097
0.60402
0.68132
0.67374
0.68203
0.70452
0.72009
0.74332
0.73358
0.71571
0.74157
0.75232
0.76642
0.73212
0.72779
0.72670
0.71067
0.71166
0.72444
0.72053
0.67835
0.64558
0.63499
0.63167
0.66327
0.66660
0.67731
0.64952
0.63866
0.69015
0.70090
0.72277
0.68097
0.67204
0.63608
0.65964
0.64496
0.61499
0.59165
0.59988
0.62268
0.64472
0.67350
0.67773
0.68083
0.68528
0.72128
0.73982
0.71011
0.72886
0.72485
0.74019
0.73704
0.71896
0.72929
0.77206
0.76611
0.73328
0.69115
0.69568
0.70463
0.67784
0.67294
0.63527
0.65868
0.62786
0.63599
0.67126
0.64408
0.68647
0.68843
0.69062
0.65834
0.63584
0.64058
0.66150
0.69070
0.68906
0.71662
0.68898
0.68750
0.68127
0.70508
0.66547
0.67861
0.69399
0.71041
0.72054
0.70068
0.64494
0.63647
0.65501
0.69608
0.71302
0.70377
0.68938
0.69633
0.73513
0.72171
0.68822
0.68446
0.72698
0.73610
0.68943
0.68150
0.68955
0.68231
0.73106
0.72288
0.71860
0.71605
0.71425
0.70776
0.68236
0.70630
0.69153
0.68304
0.64955
0.66499
0.69456
0.67721
0.67804
0.66559
0.68097
0.69808
0.65343
0.66413
0.69507
0.69028
0.71758
0.72074
0.73497
0.73292
0.76168
0.80989
0.79165
0.80491
0.80296
0.75793
0.73403
0.78137
0.76626
0.78914
0.75095
0.74070
0.73237
0.71198
0.72808
0.71409
0.69597
0.69083
0.69715
0.73125
0.76828
0.77958
0.75996
0.78716
0.80708
0.77015
0.73652
0.79156
0.79465
0.80559
0.81094
0.81508
0.79403
0.79108
0.76943
0.75486
0.74078
0.77300
0.77247
0.78749
0.76219
0.76635
0.76316
0.75305
0.75436
0.74942
0.77326
0.76075
0.76264
0.76297
0.75768
0.78844
0.77847
0.77151
0.76612
0.73294
0.76957
0.75729
0.78069
0.75471
0.78327
0.81527
0.78928
0.81693
0.82806
0.85189
0.85522
0.88591
0.88527
0.87736
0.90626
0.89388
0.90526
0.91951
0.93907
0.90691
0.88584
0.86730
0.87344
0.90740
0.88658
0.95867
0.95637
0.97353
0.94868
0.99406
0.94821
0.94313
0.90717
0.90045
0.91302
0.91555
0.92989
0.94334
0.93727
0.89740
0.87210
0.89730
0.84275
0.87950
0.83970
0.84219
0.84333
0.88005
0.88008
0.87119
0.86549
0.82718
0.82637
0.82415
0.80942
0.78428
0.82223
0.82713
0.82776
0.86409
0.89421
0.86853
0.86298
0.86790
0.85676
0.90894
0.88477
0.84298
0.87005
0.86039
0.86115
0.86774
0.89297
0.92237
0.91963
0.91224
0.88879
0.91537
0.94177
0.96701
0.95185
0.94074
0.92972
0.87726
0.85477
0.84372
0.87305
0.87598
0.86092
0.83645
0.84480
0.84112
0.86712
0.86976
0.88526
0.89176
0.86888
0.90318
0.89484
0.85803
0.85595
0.81797
0.82339
0.80687
0.79299
0.77038
0.79149
0.79078
0.79552
0.78472
0.78689
0.78700
0.78700
0.76893
0.75761
0.73617
0.74859
0.74961
0.77006
0.80924
0.80298
0.76608
0.79228
0.84290
0.86024
0.86042
0.82391
0.82399
0.82694
0.81404
0.80910
0.85007
0.83134
0.83184
0.85151
0.82376
0.83481
0.82540
0.82891
0.80692
0.80735
0.80095
0.77959
0.77007
0.78287
0.77121
0.73367
0.72736
0.72666
0.73160
0.75033
0.79451
0.80587
0.78760
0.77115
0.75493
0.79903
0.80734
0.81001
0.83999
0.85804
0.87948
0.90236
0.91067
0.93045
0.91161
0.90824
0.91255
0.94036
0.97774
0.98616
0.98423
0.99851
0.97398
0.99034
0.97709
0.92873
0.87083
0.83385
0.82997
0.82934
0.83851
0.82520
0.82672
0.83358
0.81803
0.81064
0.83189
0.83192
0.84983
0.86567
0.85994
0.89523
0.88066
0.88982
0.90926
0.87468
0.90199
0.89459
0.89696
0.89010
0.86608
0.88398
0.88140
0.87728
0.85819
0.87595
0.87178
0.84264
0.84102
0.84913
0.83362
0.82409
0.84004
0.83479
0.86296
0.85719
0.87910
0.90703
0.89757
0.89293
0.91289
0.89087
0.87462
0.85053
0.88669
0.84929
0.83398
0.83299
0.88891
0.88122
0.84704
0.85978
0.86863
0.83713
0.81965
0.83077
0.82961
0.82370
0.82238
0.81175
0.79727
0.78491
0.77783
0.79424
0.79271
0.80987
0.84578
0.84005
0.84444
0.84054
0.81066
0.81031
0.81961
0.80908
0.78949
0.77285
0.76606
0.72817
0.70840
0.67863
0.69455
0.68234
0.68288
0.67336
0.67640
0.66910
0.66861
0.67832
0.67913
0.70005
0.72105
0.69269
0.68268
0.68425
0.63682
0.64222
0.63015
0.62388
0.62858
0.64069
0.64673
0.61825
0.64242
0.64512
0.59229
0.58323
0.57165
0.59029
0.59620
0.54097
0.58136
0.55488
0.57088
0.56778
0.55982
0.56254
0.57752
0.57363
0.61874
0.61373
0.55085
0.60533
0.62328
0.64158
0.64585
0.64111
0.63266
0.58926
0.60793
0.61146
0.64361
0.66957
0.66621
0.66558
0.67891
0.69081
0.66249
0.66915
0.67987
0.67924
0.69405
0.69972
0.69800
0.73756
0.72375
0.71926
0.72551
0.73594
0.74264
0.74416
0.77187
0.77946
0.78774
0.78333
0.80037
0.80300
0.81771
0.81445
0.81357
0.79457
0.80099
0.78197
0.80874
0.80090
0.81371
0.82560
0.83261
0.81961
0.85046
0.84655
0.82029
0.79059
0.79605
0.78373
0.80473
0.80549
0.81641
0.82153
0.84640
0.82890
0.82634
0.84088
0.81224
0.82282
0.81379
0.82159
0.82389
0.84130
0.87654
0.90528
0.92610
0.88873
0.88417
0.86549
0.89052
0.87907
0.86378
0.89433
0.87982
0.88610
0.87585
0.87814
0.89853
0.89294
0.85325
0.85324
0.85145
0.85847
0.86222
0.88159
0.87435
0.86237
0.89484
0.93621
0.95616
0.95145
0.95668
0.94158
0.94585
0.96880
0.95695
0.94065
0.94324
0.95386
0.92861
0.93922
0.94104
0.91862
0.91348
0.93107
0.94089
0.99954
0.96954
0.96675
0.96470
0.98060
0.99215
0.99419
1.00000
0.99879
0.99998
1.00000
0.99565
0.97498
0.97430
0.97833
1.00000
0.97456
0.96403
0.96994
0.98769
1.00000
0.99804
0.94125
0.95404
0.95542
0.92526
0.92540
0.91860
0.90456
0.89756
0.89751
0.90911
0.89540
0.92563
0.92547
0.95254
0.96074
0.97988
0.97027
0.96262
0.94224
0.96099
0.95133
0.98017
0.98060
0.99778
0.99732
1.00000
0.98736
0.97601
0.96703
0.92876
0.93987
0.96573
0.95662
0.92113
0.91605
0.91605
0.89428
0.90748
0.93641
0.93648
0.91888
0.91762
0.94628
0.95932
0.93427
0.90069
0.87547
0.92395
0.89661
0.88836
0.85377
0.86024
0.85411
0.86111
0.84546
0.82632
0.83190
0.81328
0.81815
0.84944
0.83896
0.84429
0.88355
0.89893
0.91098
0.95888
0.99746
0.97397
0.95150
0.94459
0.95809
0.94655
0.94597
0.97808
0.92886
0.91262
0.90616
0.91506
0.94012
0.92199
0.92303
0.90670
0.90080
0.90584
0.90139
0.88617
0.97926
0.99737
1.00000
0.99987
1.00000
0.98039
0.97834
1.00000
1.00000
0.99940
0.99025
0.95081
0.98298
0.95185
0.93089
0.94269
0.93620
0.90669
0.93286
0.90104
0.90215
0.87020
0.85832
0.85936
0.87630
0.85592
0.79320
0.83524
0.82445
0.80325
0.79793
0.79635
0.81581
0.83797
0.87668
0.92216
0.92280
0.92620
0.90838
0.86973
0.87684
0.90281
0.90512
0.88934
0.89647
0.88747
0.87825
0.86796
0.86825
0.85324
0.84803
0.86190
0.84737
0.81576
0.84369
0.89410
0.92238
0.86827
0.84756
0.85449
0.84015
0.80514
0.79714
0.78054
0.80855
0.82774
0.85057
0.81864
0.79828
0.83182
0.83292
0.84717
0.82747
0.83968
0.83999
0.84115
0.84783
0.85766
0.87553
0.85995
0.89937
0.89874
0.91587
0.90454
0.91515
0.92074
0.86991
0.86365
0.86795
0.84491
0.82214
0.84216
0.80947
0.84457
0.79800
0.80045
0.78782
0.79405
0.78546
0.76505
0.75052
0.75430
0.74350
0.70743
0.71738
0.70973
0.69252
0.71081
0.73010
0.73948
0.77103
0.74976
0.72481
0.73125
0.77700
0.74729
0.75739
0.76081
0.73840
0.72543
0.78238
0.79817
0.80856
0.80857
0.79079
0.78425
0.76494
0.75374
0.74994
0.74192
0.76764
0.75998
0.74936
0.73706
0.76261
0.73615
0.75142
0.75947
0.76121
0.76566
0.74446
0.70488
0.69564
0.72340
0.73085
0.73340
0.78316
0.74832
0.72992
0.73545
0.73176
0.73224
0.74298
0.74462
0.72128
0.70411
0.71433
0.73890
0.76028
0.76237
0.75632
0.81118
0.79585
0.77540
0.80383
0.82647
0.80134
0.81126
0.78929
0.80372
0.77377
0.77492
0.77259
0.77173
0.77226
0.75602
0.70776
0.69156
0.65806
0.64011
0.68621
0.67926
0.67836
0.70214
0.72583
0.72579
0.72027
0.79481
0.81592
0.81981
0.83868
0.84530
0.82321
0.86776
0.87403
0.86552
0.88583
0.87941
0.82537
0.82380
0.82992
0.84728
0.82071
0.82897
0.82553
0.78458
0.74138
0.71515
0.71728
0.67841
0.66878
0.62832
0.62526
0.66351
0.67770
0.67185
0.65715
0.62373
0.65960
0.64619
0.64320
0.62648
0.68001
0.66421
0.68049
0.66936
0.66856
0.66875
0.65402
0.64343
0.66988
0.66583
0.68893
0.71162
0.67838
0.64084
0.65149
0.63634
0.63193
0.60826
0.61631
0.61206
0.60926
0.61429
0.59224
0.60489
0.61596
0.61591
0.64450
0.60919
0.62562
0.63483
0.61707
0.62249
0.63566
0.63584
0.64712
0.63472
0.62147
0.61012
0.58005
0.59909
0.59881
0.63436
0.64755
0.59955
0.60407
0.58730
0.59042
0.63561
0.62673
0.62602
0.62141
0.61565
0.61450
0.58390
0.58505
0.51071
0.48178
0.45667
0.45015
0.44991
0.41199
0.42980
0.47404
0.47639
0.48515
0.46129
0.47193
0.45539
0.44841
0.46406
0.46396
0.44112
0.44265
0.43073
0.39895
0.37593
0.37330
0.38110
0.37677
0.31691
0.30916
0.32759
0.30381
0.33199
0.36773
0.37929
0.39481
0.37289
0.37672
0.32934
0.33681
0.33474
0.28773
0.30425
0.32701
0.35234
0.33189
0.33667
0.34241
0.30893
0.30725
0.31838
0.28124
0.27759
0.28654
0.28542
0.30650
0.30211
0.29246
0.29105
0.30083
0.29835
0.26944
0.27331
0.24294
0.24087
0.23695
0.24233
0.26698
0.25342
0.26731
0.32188
0.31916
0.30729
0.32393
0.34249
0.33881
0.34475
0.31538
0.28175
0.32812
0.27792
0.28454
0.25798
0.30053
0.26028
0.27512
0.26570
0.27182
0.24726
0.23847
0.28847
0.29431
0.27245
0.29063
0.27242
0.27969
0.29330
0.28942
0.28710
0.31244
0.32762
0.35187
0.35270
0.33353
0.30120
0.33123
0.35121
0.34007
0.32888
0.31613
0.30025
0.29682
0.32771
0.32261
0.36679
0.34219
0.33699
0.31582
0.31273
0.29803
0.28372
0.30755
0.32208
0.30520
0.31993
0.33194
0.31499
0.28355
0.28575
0.27994
0.27744
0.29558
0.33734
0.30695
0.34039
0.36283
0.36185
0.34799
0.35926
0.37598
0.35563
0.32619
0.35761
0.37373
0.36876
0.38167
0.41212
0.42482
0.41656
0.38696
0.38127
0.35029
0.32770
0.34862
0.35209
0.38364
0.39443
0.40177
0.38990
0.41373
0.39360
0.42147
0.41302
0.42066
0.41844
0.43876
0.46640
0.43226
0.45333
0.47616
0.50030
0.48013
0.46912
0.45481
0.46340
0.49601
0.50092
0.48942
0.48946
0.48288
0.47566
0.47068
0.45862
0.46616
0.47780
0.45383
0.49695
0.50002
0.51705
0.50459
0.48979
0.51695
0.51610
0.53289
0.56328
0.57468
0.55859
0.57017
0.57855
0.60391
0.65879
0.71800
0.74079
0.73288
0.74536
0.76147
0.77936
0.77261
0.75203
0.77747
0.77224
0.75025
0.74290
0.68288
0.69292
0.66119
0.65147
0.63149
0.60278
0.61096
0.55852
0.60047
0.63554
0.65582
0.65493
0.62198
0.62988
0.61071
0.59858
0.61484
0.63808
0.61485
0.60535
0.59966
0.59711
0.62170
0.59430
0.60065
0.57180
0.58284
0.61134
0.60175
0.58965
0.56957
0.53115
0.53245
0.52435
0.50089
0.52666
0.55576
0.58704
0.59328
0.59812
0.60695
0.60582
0.58154
0.57181
0.58820
0.64303
0.64720
0.64346
0.62576
0.63790
0.62539
0.60528
0.59119
0.54620
0.58137
0.55884
0.55472
0.57280
0.57952
0.58318
0.56660
0.58135
0.58901
0.58804
0.59238
0.59629
0.56752
0.55893
0.57298
0.57104
0.58409
0.60898
0.64011
0.61274
0.60899
0.59821
0.57581
0.59206
0.60057
0.58047
0.53427
0.53915
0.58098
0.59791
0.60761
0.62262
0.64646
0.63658
0.61775
0.61264
0.59592
0.57497
0.59443
0.60839
0.62363
0.61491
0.61082
0.58886
0.56851
0.54412
0.57333
0.58031
0.55309
0.57668
0.57749
0.56210
0.55142
0.54540
0.59012
0.56983
0.63742
0.65968
0.67160
0.66753
0.68786
0.71263
0.73301
0.72996
0.71363
0.71166
0.72253
0.71770
0.68235
0.68261
0.69347
0.71081
0.75992
0.72868
0.72220
0.71290
0.70905
0.70480
0.69505
0.70029
0.68887
0.69439
0.67315
0.69240
0.71529
0.72068
0.72964
0.74929
0.76743
0.76290
0.76148
0.76735
0.75980
0.77033
0.81329
0.82146
0.81544
0.77178
0.78640
0.78434
0.77556
0.79193
0.80772
0.80177
0.84295
0.85195
0.86268
0.86247
0.88404
0.87779
0.86821
0.86691
0.85399
0.78237
0.78411
0.79719
0.80695
0.81534
0.80986
0.81558
0.85864
0.87870
0.89767
0.87711
0.85808
0.85392
0.87556
0.89784
0.92486
0.91422
0.91139
0.89268
0.86763
0.88473
0.87118
0.85053
0.81237
0.80275
0.79876
0.81847
0.80943
0.78273
0.80232
0.78724
0.78161
0.84033
0.82933
0.85649
0.86695
0.83387
0.87997
0.87105
0.83669
0.81078
0.80337
0.77185
0.79113
0.77378
0.78163
0.77460
0.79498
0.81303
0.80983
0.84617
0.82179
0.79169
0.82007
0.83540
0.83045
0.82799
0.79407
0.79905
0.80384
0.83424
0.84978
0.79369
0.77471
0.78716
0.85075
0.84829
0.88330
0.86913
0.88548
0.88203
0.87412
0.87827
0.90398
0.85172
0.86677
0.85729
0.89421
0.96476
0.92570
0.93795
0.98336
0.97428
0.95569
0.96468
0.97370
0.99983
0.95636
0.96485
0.94523
0.95414
0.96449
0.96878
0.95862
0.94445
0.93058
0.92463
0.92304
0.90530
0.89350
0.90519
0.89980
0.88081
0.86198
0.90304
0.93533
0.92992
0.93194
0.95279
0.94567
0.96388
0.99168
0.98727
1.00000
0.98437
0.98315
0.95754
0.98960
1.00000
0.99633
0.98107
0.96531
0.96989
0.97237
0.99931
0.99200
0.99725
1.00000
0.98963
0.96137
0.96795
0.95077
0.95520
0.97961
0.99025
0.97244
0.96282
0.92045
0.92886
0.95659
0.94779
0.91923
0.90085
0.90061
0.91825
0.92899
0.93597
0.91869
0.94581
0.97992
0.98975
0.97110
0.93536
0.98340
0.99662
0.99931
0.99591
0.98114
0.99059
0.97521
0.96968
0.99007
0.92282
0.93439
0.92073
0.91565
0.92628
0.88865
0.85824
0.91422
0.92465
0.94205
0.96351
0.91390
0.88069
0.86972
0.84692
0.85442
0.87849
0.85663
0.85893
0.87133
0.85877
0.83598
0.84465
0.85505
0.85346
0.84320
0.83669
0.82313
0.81006
0.78730
0.82056
0.80955
0.83495
0.83012
0.85056
0.88174
0.89934
0.93111
0.93735
0.94911
0.94830
0.91251
0.90914
0.92471
0.90489
0.91345
0.96359
0.97754
0.95620
0.97788
0.98042
0.99596
0.99111
1.00000
1.00000
1.00000
0.99646
1.00000
1.00000
1.00000
1.00000
0.97960
0.96536
0.95371
0.98933
0.98938
0.99374
0.96933
0.96954
0.96963
0.99442
0.98188
0.94850
0.93588
0.93892
0.96055
0.96034
0.97267
0.98516
0.99993
0.97462
0.99999
0.97640
0.95244
0.93320
0.96294
0.94875
0.96258
0.92116
0.89858
0.89217
0.90745
0.91653
0.91625
0.94333
0.94908
0.94986
0.93649
0.92802
0.95952
0.96055
0.94640
0.90818
0.85719
0.87780
0.90279
0.86307
0.86708
0.85032
0.83679
0.83345
0.81598
0.80537
0.83303
0.85908
0.84227
0.84974
0.87408
0.92434
0.88056
0.83374
0.81937
0.79250
0.78599
0.78890
0.81766
0.80725
0.84365
0.87414
0.86033
0.82459
0.84768
0.85185
0.84501
0.90118
0.90492
0.87298
0.85987
0.87229
0.87819
0.87069
0.84869
0.84369
0.83404
0.82474
0.81343
0.77020
0.76613
0.75261
0.79139
0.77300
0.71712
0.70371
0.73701
0.74729
0.74357
0.72119
0.67324
0.67356
0.68381
0.67157
0.67850
0.65674
0.66955
0.69325
0.68829
0.66512
0.63115
0.60377
0.61273
0.59043
0.59475
0.61153
0.62060
0.65096
0.66790
0.69182
0.68610
0.74964
0.71508
0.70928
0.70028
0.70707
0.71937
0.73278
0.77074
0.79720
0.78217
0.79042
0.72451
0.70717
0.67925
0.63949
0.64989
0.65026
0.62752
0.64586
0.65945
0.68497
0.70928
0.71470
0.71884
0.71244
0.70340
0.74703
0.75005
0.70705
0.71948
0.71344
0.73399
0.73121
0.73995
0.79726
0.82820
0.86314
0.86390
0.88334
0.88500
0.88376
0.86737
0.89392
0.88206
0.90323
0.91607
0.92040
0.92659
0.87657
0.88962
0.89456
0.92757
0.94384
0.93611
0.91568
0.91807
0.87753
0.89008
0.88325
0.89932
0.91284
0.93073
0.94058
0.93680
0.95066
0.92513
0.93878
0.91645
0.90625
0.88656
0.86753
0.85270
0.84392
0.83850
0.85438
0.85478
0.83283
0.82350
0.81934
0.83698
0.85446
0.88002
0.92717
0.96428
0.96846
0.98624
0.99191
0.99792
0.98550
0.98754
0.99264
0.98255
0.99846
0.99154
0.98620
0.98779
0.99897
1.00000
0.95576
0.93895
0.95260
0.96242
0.96793
0.96991
0.96427
0.97866
0.99869
0.96135
0.98620
0.99858
0.94771
0.92230
0.91195
0.90895
0.92379
0.91297
0.93782
0.88464
0.84958
0.88479
0.85681
0.85649
0.85091
0.86694
0.87013
0.86914
0.91469
0.89857
0.91232
0.92064
0.89091
0.87265
0.89664
0.90061
0.90167
0.91378
0.89096
0.93014
0.98711
0.95647
0.96205
1.00000
1.00000
0.98654
1.00000
0.97207
0.95263
0.92161
0.90825
0.88655
0.86044
0.84616
0.82537
0.81814
0.85832
0.87289
0.84267
0.85095
0.84555
0.83453
0.83174
0.86478
0.84311
0.83273
0.83043
0.81302
0.78997
0.78531
0.77729
0.78460
0.79559
0.78068
0.76934
0.77805
0.76612
0.77695
0.80096
0.81761
0.82243
0.79814
0.79595
0.74781
0.66037
0.66363
0.67086
0.70968
0.76036
0.79092
0.79092
0.81177
0.78433
0.76258
0.77534
0.79432
0.83212
0.84140
0.87386
0.87686
0.89114
0.89862
0.86760
0.87176
0.83128
0.85457
0.84145
0.82336
0.90827
0.88244
0.90999
0.91390
0.93811
0.91471
0.93104
0.93058
0.92770
0.94136
0.94887
0.92749
0.92378
0.98439
0.96317
0.98320
0.95672
0.94333
0.95062
0.94186
0.90183
0.91546
0.93267
0.91504
0.89994
0.93032
0.92093
0.90616
0.93317
0.90463
0.91365
0.89338
0.88985
0.87934
0.87488
0.90432
0.91929
0.92401
0.93051
0.92275
0.91563
0.92962
0.90985
0.90699
0.91925
0.94922
0.94355
0.93235
0.88423
0.89394
0.90613
0.89168
0.90242
0.91224
0.94511
0.92990
0.91770
0.90264
0.88743
0.92077
0.89876
0.86882
0.84661
0.84059
0.85573
0.81564
0.81382
0.82284
0.86712
0.84227
0.88124
0.87406
0.91568
0.94566
0.95915
0.94127
0.93455
0.95110
0.99400
0.97254
0.97459
0.97970
0.99855
0.96101
0.97487
0.97141
0.94910
0.96090
0.92579
0.91880
0.87709
0.82880
0.82156
0.80613
0.82574
0.82934
0.83377
0.87048
0.89475
0.89368
0.91664
0.91807
0.90693
0.92086
0.92460
0.94879
0.91765
0.88490
0.87987
0.85043
0.89805
0.89078
0.89545
0.87631
0.88785
0.87803
0.86363
0.85600
0.86067
0.85300
0.86768
0.89467
0.89111
0.95187
0.95613
0.96550
0.95963
0.94036
0.93790
0.95749
0.96128
0.97228
0.98408
0.92425
0.95346
0.94442
0.93106
0.93470
0.94343
0.93258
0.95006
0.94613
0.94191
0.90849
0.92330
0.90498
0.92320
0.91893
0.94718
0.90381
0.88332
0.91569
0.92638
0.91852
0.97492
0.91856
0.91350
0.92294
0.91795
0.90743
0.92578
0.89528
0.86181
0.86320
0.86650
0.86053
0.86944
0.92372
0.90478
0.90572
0.90122
0.87333
0.90563
0.88603
0.84134
0.81080
0.79202
0.81855
0.83667
0.85873
0.83862
0.87214
0.86141
0.86791
0.88027
0.90659
0.90772
0.90297
0.93082
0.95602
0.93812
0.90923
0.92506
0.94131
0.94286
0.99497
0.99163
0.96006
0.97059
0.98056
0.99773
0.97334
0.97334
1.00000
1.00000
0.98718
0.97749
0.98849
0.99997
0.97660
0.95444
0.94846
0.98790
0.97997
0.93632
0.93704
0.94647
0.93916
0.93265
0.93996
0.93316
0.93488
0.95521
0.95799
0.95721
0.94062
0.95702
0.98767
0.97654
0.95221
0.98544
0.98045
0.95799
0.98321
0.95723
0.97464
1.00000
0.99359
0.93029
0.93712
0.95904
0.96330
0.99343
0.99577
0.94054
0.94548
0.95215
0.95020
0.96126
0.99474
1.00000
0.97550
0.96420
0.99403
0.96202
0.94979
0.92573
0.89883
0.85928
0.85179
0.86870
0.89297
0.87834
0.87213
0.90344
0.88142
0.97165
0.94802
0.96877
0.96611
0.99115
0.98225
0.98236
1.00000
1.00000
0.99885
0.99443
1.00000
0.98564
0.97709
0.97112
1.00000
0.99956
1.00000
0.98379
0.98477
0.95986
0.95817
0.91637
0.89952
0.85824
0.87051
0.88354
0.89901
0.86809
0.86270
0.90005
0.89114
0.86538
0.85708
0.82820
0.84543
0.88683
0.90056
0.90859
0.88936
0.85458
0.84188
0.86372
0.84223
0.87978
0.86657
0.89621
0.90202
0.90896
0.89632
0.93757
0.91695
0.92441
0.92289
0.90736
0.91617
0.86270
0.85258
0.81518
0.82984
0.83035
0.81167
0.79264
0.78528
0.83977
0.83748
0.85164
0.85357
0.86587
0.84723
0.88126
0.89842
0.90218
0.91153
0.90307
0.91160
0.93726
0.93965
0.98365
0.92860
0.92163
0.92874
0.91717
0.91654
0.98862
0.98834
0.95497
1.00000
1.00000
0.98991
0.95244
0.92469
0.96976
0.98222
0.93779
0.97743
0.94527
0.97308
0.99732
0.98914
0.99130
0.98065
0.98977
0.99283
0.95606
0.96762
0.99304
0.97965
0.95925
0.96550
0.93446
0.93423
0.93466
0.90858
0.91775
0.91626
0.92297
0.88608
0.89227
0.85237
0.85252
0.85516
0.84133
0.84483
0.85217
0.83278
0.81947
0.84710
0.84045
0.86094
0.84269
0.84323
0.85324
0.84040
0.81160
0.80246
0.80285
0.79320
0.79935
0.82069
0.77768
0.77437
0.79387
0.79750
0.78250
0.77474
0.79338
0.78195
0.81821
0.84002
0.83209
0.81952
0.86582
0.87201
0.87610
0.90624
0.84848
0.87914
0.88936
0.89636
0.87594
0.88136
0.91291
0.91607
0.90623
0.88742
0.87757
0.88599
0.89982
0.91471
0.95215
0.94935
0.92418
0.94829
0.95127
0.89798
0.91335
0.95285
0.91976
0.91704
0.90268
0.90302
0.92469
0.94927
0.98831
0.99656
0.98397
0.96562
0.98393
0.99326
0.91809
0.87777
0.92979
0.95712
0.95214
0.94811
0.95835
0.94254
0.92139
0.94891
0.92536
0.92954
0.92220
0.89961
0.89841
0.89841
0.91609
0.93974
0.92968
0.94349
0.96231
0.95489
0.96050
0.96430
0.92567
0.93087
0.89410
0.86724
0.89422
0.89033
0.93169
0.88303
0.90781
0.91382
0.93027
0.94945
0.94641
0.93556
0.91096
0.94139
0.93829
0.94114
0.95836
0.94648
0.92347
0.88508
0.89642
0.89244
0.88905
0.91088
0.89027
0.92569
0.92948
0.92654
0.91078
0.91049
0.92144
0.94035
0.94203
0.92285
0.93296
0.92596
0.93062
0.93529
0.92927
0.92219
0.93210
0.95132
0.94126
0.93638
0.94355
0.97271
1.00000
1.00000
0.98034
0.96027
0.97002
0.99463
0.98797
0.99734
0.97463
0.92437
0.93265
0.97628
0.97343
0.96442
0.99377
0.97669
0.99295
0.98698
0.98936
0.99925
1.00000
0.99934
0.96459
0.96315
0.92297
0.88750
0.88293
0.89797
0.91439
0.89716
0.88121
0.88423
0.85222
0.83697
0.87128
0.89785
0.90717
0.91567
0.93835
0.92586
0.97103
0.97815
0.96791
0.94933
0.90344
0.91210
0.91327
0.93609
0.94400
0.94747
0.94714
0.95852
0.96696
0.98356
0.97408
0.99713
0.98377
0.95736
0.98249
0.97978
0.96555
0.95173
0.95956
0.92528
0.94315
0.95157
0.97588
0.98470
0.99595
0.95564
0.98275
0.99774
0.99486
0.99505
0.99170
0.95574
0.94800
0.92336
0.88601
0.86566
0.84814
0.85377
0.84321
0.87722
0.88669
0.88628
0.91609
0.87780
0.87895
0.87923
0.90010
0.90595
0.91799
0.94283
0.92749
0.93220
0.90150
0.90584
0.87238
0.89225
0.88430
0.88916
0.86426
0.83929
0.84456
0.84966
0.83796
0.84157
0.86858
0.84847
0.85690
0.85662
0.87648
0.87952
0.88522
0.88974
0.89849
0.92527
0.92999
0.92971
0.97590
0.97097
0.99997
0.97840
0.98884
0.97385
0.96299
0.94834
0.93746
0.93004
0.92884
0.92904
0.92761
0.93887
0.95583
0.92925
0.92321
0.89494
0.94871
0.94087
0.91768
0.82200
0.82076
0.81497
0.78571
0.78905
0.75105
0.75050
0.70863
0.69963
0.70888
0.72293
0.76817
0.73854
0.73406
0.81795
0.80805
0.83338
0.85016
0.84666
0.87630
0.87103
0.83018
0.84366
0.85611
0.84786
0.84810
0.82624
0.84226
0.82659
0.83768
0.87407
0.88471
0.85423
0.79684
0.79113
0.81674
0.80427
0.79340
0.80009
0.79711
0.78821
0.80001
0.76454
0.76705
0.75256
0.76882
0.73699
0.74725
0.73482
0.74145
0.72419
0.75218
0.73337
0.74881
0.75912
0.77616
0.79594
0.81506
0.79633
0.79827
0.80615
0.75634
0.74137
0.73160
0.73195
0.69939
0.68596
0.67621
0.68421
0.67150
0.66408
0.66063
0.67053
0.67417
0.68558
0.67087
0.68261
0.68011
0.65490
0.65172
0.70363
0.72122
0.70872
0.69832
0.66473
0.68062
0.67535
0.70857
0.73006
0.77376
0.77049
0.79880
0.76039
0.71006
0.74989
0.75416
0.76122
0.78106
0.78475
0.78984
0.78010
0.78584
0.79703
0.80305
0.78467
0.79240
0.78780
0.79615
0.80048
0.80964
0.78643
0.77951
0.77176
0.81091
0.80504
0.80126
0.82437
0.83869
0.81987
0.82891
0.83994
0.83078
0.83479
0.84132
0.82544
0.83704
0.87003
0.89112
0.90505
0.84806
0.85373
0.84176
0.86482
0.81305
0.89217
0.92260
0.94041
0.94266
0.94054
0.95863
0.96977
0.99998
0.99797
1.00000
0.99397
0.98733
0.96863
0.96102
0.95619
0.95010
0.93309
0.97370
0.94731
0.94771
0.95141
0.94282
0.93447
0.92859
0.90409
0.93162
0.93102
0.87325
0.88792
0.83213
0.81939
0.81284
0.85059
0.83596
0.84298
0.85433
0.85775
0.84101
0.80756
0.79328
0.78205
0.80454
0.76175
0.76649
0.75417
0.72618
0.74005
0.76055
0.78607
0.80174
0.79174
0.78598
0.76250
0.75899
0.74288
0.79247
0.83844
0.83392
0.78323
0.78891
0.81250
0.81519
0.84261
0.84450
0.88073
0.83270
0.82762
0.77454
0.77793
0.78948
0.79955
0.76937
0.76892
0.73234
0.73164
0.73888
0.75630
0.75976
0.73927
0.78349
0.80725
0.78307
0.76009
0.76039
0.75987
0.75138
0.76017
0.73298
0.73801
0.72558
0.75397
0.72885
0.70818
0.67288
0.65750
0.67207
0.68155
0.65194
0.68791
0.66611
0.62449
0.64141
0.66606
0.68136
0.68425
0.68366
0.68792
0.70519
0.71684
0.76296
0.72881
0.75009
0.72779
0.73009
0.71422
0.73283
0.73247
0.74036
0.74262
0.71280
0.80188
0.80187
0.79989
0.82287
0.81660
0.81158
0.79742
0.81404
0.81173
0.81139
0.87705
0.89461
0.87724
0.86881
0.84870
0.83260
0.84343
0.86288
0.87115
0.87846
0.90485
0.89237
0.85060
0.84410
0.80230
0.80934
0.80757
0.80882
0.80438
0.75008
0.75172
0.74227
0.71987
0.72934
0.72427
0.68970
0.67039
0.68293
0.68697
0.66107
0.63674
0.59959
0.59424
0.58133
0.57712
0.57311
0.60686
0.61999
0.55759
0.58041
0.52683
0.47109
0.48796
0.47657
0.47863
0.46428
0.42881
0.44161
0.44594
0.42801
0.42794
0.40215
0.37721
0.37715
0.41280
0.41646
0.41305
0.42673
0.37091
0.33296
0.34432
0.33105
0.30928
0.31358
0.28882
0.28791
0.26701
0.25700
0.24570
0.24121
0.24225
0.24812
0.23981
0.24863
0.26673
0.28345
0.29091
0.28851
0.28527
0.30395
0.30624
0.29627
0.28814
0.26624
0.24208
0.24714
0.20754
0.22861
0.23423
0.22286
0.20942
0.19790
0.20536
0.20512
0.21819
0.22705
0.20100
0.22044
0.22332
0.21318
0.17197
0.18489
0.18912
0.17910
0.18466
0.17792
0.20646
0.21674
0.21131
0.21844
0.19178
0.16702
0.13038
0.13967
0.13031
0.13018
0.12975
0.14880
0.12412
0.10800
0.13403
0.13361
0.15419
0.16308
0.15992
0.14568
0.15602
0.12657
0.07302
0.06385
0.05535
0.09442
0.11843
0.12677
0.07368
0.07851
0.09141
0.08936
0.11011
0.11538
0.07443
0.07492
0.03479
0.04930
0.04045
0.02709
0.05116
0.04486
0.04055
0.03870
0.05773
0.06732
0.04803
0.05080
0.04534
0.02991
0.01838
0.00000
0.00098
0.02607
0.05535
0.07341
0.11767
0.13471
0.15202
0.15608
0.19696
0.18770
0.19188
0.18072
0.15927
0.15071
0.12615
0.12919
0.10361
0.09592
0.10688
0.10029
0.11833
0.09701
0.10794
0.11605
0.11436
0.15441
0.16462
0.15514
0.18982
0.19991
0.20856
0.20276
0.20603
0.16276
0.15674
0.14040
0.12596
0.12065
0.10399
0.12057
0.14055
0.13945
0.12216
0.12578
0.10504
0.11971
0.14444
0.17808
0.16292
0.15304
0.17215
0.14507
0.14544
0.12349
0.12230
0.12082
0.13993
0.10038
0.10377
0.12695
0.13622
0.13858
0.14877
0.18731
0.15050
0.15842
0.15026
0.15230
0.15575
0.14653
0.10484
0.11678
0.15321
0.17070
0.17088
0.19330
0.22833
0.24940
0.22059
0.19735
0.17299
0.18102
0.18844
0.16531
0.12593
0.13623
0.10542
0.07142
0.08820
0.06367
0.08473
0.08384
0.06722
0.01135
0.01981
0.00688
0.00792
0.01413
0.00962
0.01046
0.00418
0.04801
0.02616
0.03802
0.03732
0.03041
0.06123
0.04508
0.02879
0.04179
0.06454
0.06194
0.06345
0.07820
0.08760
0.07718
0.05278
0.04714
0.05831
0.00737
0.04578
0.04785
0.03172
0.03430
0.07042
0.09027
0.07994
0.09266
0.11733
0.11649
0.13191
0.12305
0.13199
0.08055
0.06931
0.07602
0.09967
0.03440
0.09045
0.11190
0.10324
0.10684
0.10239
0.11520
0.10243
0.05319
0.06891
0.09701
0.07754
0.08647
0.06752
0.08486
0.07233
0.02858
0.04542
0.09113
0.05237
0.03192
0.04882
0.08077
0.09372
0.10545
0.10988
0.10731
0.10707
0.11529
0.11944
0.12136
0.10786
0.14505
0.19127
0.19071
0.17369
0.17206
0.14949
0.17454
0.15533
0.15742
0.15362
0.10221
0.11314
0.08028
0.07573
0.06866
0.06301
0.05911
0.10050
0.12687
0.13576
0.07914
0.07600
0.10509
0.11341
0.13140
0.10496
0.08086
0.05929
0.05258
0.01191
0.00215
0.03413
0.06823
0.05223
0.06556
0.08581
0.07217
0.10114
0.07767
0.11377
0.10134
0.10494
0.07487
0.09767
0.10359
0.09453
0.10956
0.08525
0.06905
0.05552
0.04269
0.10581
0.11230
0.12996
0.13020
0.10655
0.11289
0.05400
0.05482
0.06452
0.08131
0.09556
0.09681
0.09604
0.12765
0.17402
0.18290
0.17258
0.15368
0.15953
0.14279
0.13022
0.10303
0.12400
0.13165
0.13270
0.07305
0.07355
0.07547
0.03332
0.04788
0.07081
0.05599
0.08265
0.08486
0.10343
0.08848
0.08483
0.05502
0.04398
0.05786
0.07244
0.03911
0.05252
0.03784
0.03188
0.01072
0.00171
0.01083
0.01197
0.00498
0.01132
0.02255
0.04703
0.03775
0.03504
0.05240
0.03553
0.07436
0.06755
0.08394
0.09067
0.09998
0.08503
0.06838
0.06979
0.03482
0.04128
0.04834
0.05516
0.05447
0.03641
0.02940
0.03042
0.04515
0.01529
0.03545
0.05461
0.07348
0.07174
0.05126
0.04127
0.01330
0.02634
0.04692
0.05761
0.04610
0.07183
0.11447
0.11302
0.11052
0.12415
0.15409
0.14056
0.09995
0.10979
0.09625
0.07962
0.07228
0.05607
0.04465
0.03365
0.03149
0.02732
0.02426
0.01681
0.00000
0.03921
0.04450
0.04483
0.06266
0.03857
0.02390
0.00377
0.00000
0.03463
0.06070
0.11838
0.15930
0.17467
0.19779
0.19265
0.17342
0.19385
0.21247
0.22776
0.21449
0.24774
0.29148
0.29428
0.28814
0.23971
0.24979
0.24780
0.23922
0.21183
0.21380
0.24244
0.22948
0.22032
0.23653
0.25447
0.20551
0.23653
0.20542
0.19357
0.17875
0.13264
0.17563
0.17544
0.16188
0.15294
0.12308
0.06263
0.05467
0.04643
0.08401
0.08218
0.07600
0.07565
0.09640
0.08599
0.12290
0.09709
0.08414
0.08106
0.11117
0.10188
0.06219
0.06936
0.06172
0.04264
0.05315
0.10062
0.10764
0.11556
0.12826
0.10896
0.10700
0.04847
0.05506
0.00969
0.01597
0.02739
0.00000
0.00000
0.01733
0.01480
0.00000
0.00727
0.02855
0.02724
0.03496
0.04031
0.02205
0.00000
0.00907
0.01758
0.02916
0.08209
0.11721
0.12516
0.14907
0.11984
0.13596
0.16531
0.16531
0.14063
0.15216
0.15846
0.18751
0.21733
0.20230
0.21069
0.20814
0.20874
0.19620
0.24263
0.25680
0.30004
0.29113
0.32138
0.32848
0.31997
0.35203
0.34622
0.34882
0.34574
0.36301
0.34648
0.34508
0.36642
0.36912
0.34495
0.37963
0.35921
0.35546
0.38014
0.38609
0.34646
0.36580
0.38116
0.35242
0.37826
0.38515
0.36039
0.33964
0.37205
0.35492
0.38426
0.39150
0.39119
0.40802
0.43582
0.41673
0.38499
0.35886
0.36231
0.33117
0.31377
0.34625
0.38153
0.38249
0.38281
0.36125
0.38993
0.38477
0.38146
0.38250
0.39879
0.38426
0.37890
0.38526
0.36662
0.36989
0.37933
0.39644
0.38053
0.34321
0.34624
0.32922
0.35567
0.40133
0.40658
0.38904
0.39610
0.40860
0.40207
0.39332
0.41855
0.39465
0.38853
0.38698
0.37272
0.42440
0.40981
0.39733
0.43614
0.45007
0.42708
0.38498
0.39343
0.43697
0.42142
0.40311
0.39391
0.42900
0.42583
0.41632
0.43838
0.40575
0.39967
0.40050
0.40378
0.41701
0.38732
0.40365
0.39943
0.40971
0.40609
0.38925
0.39489
0.40066
0.39511
0.40441
0.40396
0.39811
0.38502
0.37834
0.45763
0.46390
0.45253
0.46021
0.47147
0.46111
0.45628
0.45570
0.42134
0.41043
0.41008
0.37852
0.41307
0.39346
0.38999
0.42312
0.40996
0.39352
0.36859
0.37584
0.37540
0.38673
0.36789
0.36376
0.37655
0.37823
0.37429
0.36988
0.34930
0.35966
0.35860
0.34517
0.32316
0.32327
0.34811
0.34754
0.38182
0.37917
0.35870
0.33998
0.32533
0.30699
0.30604
0.28844
0.30812
0.24768
0.23093
0.23361
0.22157
0.20810
0.20175
0.19444
0.21272
0.19449
0.21455
0.21682
0.21505
0.23199
0.22529
0.27287
0.27588
0.29164
0.27737
0.25202
0.33754
0.34775
0.34089
0.33715
0.38634
0.38153
0.42426
0.41329
0.46339
0.42096
0.43534
0.46590
0.47546
0.44415
0.46493
0.45307
0.44219
0.43748
0.43125
0.43675
0.45017
0.41866
0.44289
0.42016
0.42850
0.41597
0.43276
0.38226
0.36313
0.38041
0.38785
0.38997
0.36381
0.35207
0.36991
0.38631
0.40793
0.41132
0.44023
0.42675
0.37920
0.35276
0.35649
0.36375
0.33108
0.34233
0.33335
0.31732
0.28830
0.28754
0.30610
0.34140
0.32811
0.38964
0.38339
0.40306
0.43958
0.39673
0.39244
0.41718
0.39352
0.39473
0.38999
0.38339
0.41658
0.41677
0.37864
0.38708
0.39333
0.37155
0.38786
0.35033
0.33021
0.32638
0.31928
0.32269
0.34073
0.32038
0.32132
0.35046
0.35070
0.34165
0.35545
0.35619
0.39057
0.42214
0.41145
0.41076
0.40419
0.39324
0.39839
0.40178
0.39145
0.37986
0.35869
0.38309
0.38051
0.37092
0.35342
0.35213
0.37769
0.37196
0.37089
0.40608
0.38177
0.40460
0.39310
0.38789
0.38758
0.39167
0.41911
0.42312
0.40995
0.41195
0.42688
0.44655
0.46190
0.46463
0.45974
0.47599
0.47189
0.46699
0.47358
0.44283
0.44645
0.45442
0.42470
0.46812
0.44010
0.46025
0.42533
0.41265
0.44148
0.44249
0.47529
0.48440
0.46386
0.47244
0.47465
0.43845
0.45716
0.45588
0.46926
0.48070
0.49700
0.48388
0.47727
0.42599
0.41878
0.39646
0.41722
0.37282
0.34470
0.35489
0.36754
0.36681
0.36668
0.41001
0.39464
0.39093
0.36971
0.37384
0.39690
0.38948
0.35944
0.32368
0.29886
0.26720
0.26332
0.23034
0.22022
0.20350
0.19029
0.17119
0.12705
0.08603
0.04217
0.07013
0.10836
0.09594
0.09871
0.06017
0.07239
0.09542
0.09898
0.11649
0.11506
0.14817
0.17526
0.19605
0.19780
0.22476
0.23973
0.27353
0.25326
0.25058
0.22673
0.26102
0.26878
0.32713
0.32535
0.30158
0.26591
0.25699
0.25154
0.25510
0.26935
0.27902
0.26482
0.25393
0.27457
0.29865
0.29660
0.29671
0.29278
0.29763
0.29181
0.29757
0.31881
0.36314
0.36839
0.38560
0.40140
0.37915
0.34436
0.36079
0.37193
0.37839
0.35563
0.37494
0.39518
0.41230
0.39236
0.38641
0.38407
0.37511
0.37852
0.37500
0.38957
0.39194
0.40929
0.40442
0.40641
0.45435
0.50883
0.51656
0.47191
0.48996
0.49056
0.44494
0.46801
0.49550
0.51565
0.46845
0.48253
0.45467
0.47221
0.47221
0.46318
0.45014
0.46115
0.46895
0.45453
0.43465
0.42834
0.45617
0.46310
0.48789
0.50476
0.48593
0.47048
0.47132
0.47924
0.47523
0.46600
0.47468
0.45036
0.46016
0.45416
0.43931
0.47632
0.45869
0.46996
0.46507
0.46419
0.46819
0.46994
0.43289
0.42959
0.44951
0.40480
0.42425
0.43603
0.41792
0.43683
0.41105
0.40668
0.38631
0.35281
0.31388
0.31038
0.34499
0.31746
0.34280
0.33896
0.32539
0.31925
0.31956
0.31029
0.27554
0.25156
0.24699
0.25936
0.25966
0.22688
0.25087
0.25651
0.33046
0.33297
0.33422
0.37116
0.36521
0.34914
0.34919
0.37195
0.36007
0.35339
0.34628
0.32755
0.31115
0.29788
0.26664
0.26957
0.27520
0.25650
0.26181
0.21390
0.24215
0.25708
0.23252
0.23742
0.27089
0.28745
0.28676
0.28705
0.27250
0.29786
0.32407
0.35393
0.34805
0.32008
0.33391
0.30849
0.30602
0.31071
0.27364
0.30227
0.33283
0.30457
0.32020
0.32221
0.34497
0.34498
0.36839
0.35895
0.36956
0.37381
0.41248
0.39029
0.38894
0.38299
0.38947
0.35853
0.33042
0.32207
0.32207
0.31381
0.35484
0.36438
0.36703
0.36114
0.36235
0.34992
0.31976
0.30872
0.31043
0.31147
0.29611
0.27586
0.24912
0.24157
0.25214
0.28840
0.29657
0.28193
0.29216
0.25313
0.21483
0.19967
0.21402
0.23780
0.23931
0.22773
0.24614
0.20333
0.17455
0.17760
0.25175
0.29096
0.29207
0.31990
0.32737
0.30234
0.29392
0.29593
0.32676
0.34810
0.35662
0.39138
0.37609
0.38776
0.39205
0.41676
0.44665
0.45210
0.46102
0.43251
0.38975
0.42423
0.38438
0.43490
0.44464
0.43786
0.36438
0.33628
0.33494
0.35247
0.36216
0.36261
0.37680
0.38814
0.35638
0.36726
0.34251
0.33696
0.34366
0.33871
0.34297
0.31909
0.32498
0.33627
0.32595
0.29634
0.22884
0.21452
0.23569
0.23392
0.25561
0.26680
0.28403
0.28161
0.28334
0.29194
0.30330
0.29262
0.31905
0.31929
0.31247
0.31827
0.27965
0.26827
0.23823
0.25332
0.21632
0.25991
0.27727
0.27412
0.27373
0.21556
0.21067
0.19016
0.17317
0.14679
0.11287
0.10313
0.13802
0.13602
0.13372
0.12646
0.11517
0.16414
0.17301
0.15247
0.14416
0.14420
0.17793
0.18718
0.13201
0.12076
0.09988
0.09847
0.08738
0.10170
0.11346
0.10698
0.10111
0.08259
0.06115
0.10998
0.10501
0.10338
0.08751
0.06667
0.06791
0.07960
0.09788
0.09531
0.11307
0.11603
0.11535
0.11510
0.10328
0.10203
0.09948
0.09072
0.09747
0.14202
0.14320
0.16877
0.12243
0.14768
0.16958
0.15953
0.16487
0.16252
0.13936
0.16741
0.15551
0.12170
0.12405
0.11998
0.11478
0.10646
0.06757
0.06180
0.07890
0.07444
0.06933
0.08169
0.07308
0.06486
0.08388
0.06839
0.05709
0.04899
0.02827
0.02495
0.03525
0.04522
0.03005
0.08624
0.08756
0.07106
0.07227
0.05205
0.11729
0.11503
0.12840
0.12923
0.10658
0.11447
0.14223
0.15112
0.14209
0.14524
0.12897
0.14940
0.13306
0.14870
0.10049
0.06988
0.09250
0.11811
0.12731
0.09870
0.06438
0.05941
0.02868
0.05082
0.08282
0.08726
0.05599
0.05584
0.05113
0.05268
0.06955
0.07596
0.10449
0.10450
0.13697
0.14015
0.15721
0.14390
0.16760
0.13731
0.15064
0.14951
0.13728
0.14895
0.10643
0.09075
0.10869
0.12288
0.19389
0.14736
0.11512
0.15436
0.14345
0.14730
0.16079
0.13146
0.14639
0.13820
0.14276
0.14308
0.16245
0.18617
0.18527
0.16167
0.13879
0.09808
0.10856
0.12096
0.12935
0.12827
0.13944
0.16462
0.19318
0.21842
0.26383
0.27593
0.33895
0.32141
0.32187
0.31466
0.27897
0.27229
0.24059
0.22129
0.24023
0.20358
0.22159
0.23534
0.22287
0.23514
0.22159
0.23669
0.22936
0.23557
0.23670
0.21650
0.21344
0.18012
0.21933
0.19419
0.21365
0.27741
0.24224
0.23227
0.25393
0.26047
0.24060
0.25728
0.26515
0.24897
0.24749
0.24673
0.25033
0.26168
0.29185
0.30337
0.31645
0.29626
0.27352
0.29317
0.24250
0.23489
0.24285
0.31820
0.31345
0.29371
0.28245
0.24977
0.24979
0.21283
0.21346
0.22729
0.22883
0.22782
0.24419
0.22411
0.22329
0.19999
0.22279
0.24438
0.23123
0.23316
0.24482
0.23732
0.26851
0.21270
0.18253
0.20622
0.22928
0.24234
0.23767
0.21271
0.26566
0.31553
0.27889
0.28870
0.28764
0.31401
0.31187
0.29732
0.30910
0.32456
0.35088
0.36658
0.36839
0.35041
0.33808
0.32938
0.33060
0.28086
0.32563
0.33129
0.30800
0.32065
0.29482
0.32093
0.30394
0.28523
0.26820
0.24468
0.25035
0.25259
0.22838
0.19602
0.19531
0.18275
0.20995
0.17268
0.14989
0.17027
0.10511
0.09199
0.08799
0.11487
0.09856
0.08664
0.08439
0.09759
0.07398
0.09647
0.07211
0.07997
0.04808
0.01630
0.00001
0.00000
0.00000
0.01409
0.00438
0.03712
0.02760
0.04643
0.08099
0.09425
0.08885
0.07637
0.06744
0.09616
0.12432
0.11826
0.10178
0.16212
0.18640
0.17220
0.10167
0.08654
0.11688
0.13298
0.12192
0.08915
0.06069
0.08925
0.09773
0.11580
0.11105
0.15298
0.18812
0.17959
0.16050
0.14204
0.15390
0.15593
0.14833
0.13103
0.15343
0.13621
0.15166
0.17165
0.12491
0.12073
0.10701
0.08994
0.11505
0.11512
0.10375
0.10220
0.11242
0.05913
0.06079
0.07894
0.10549
0.11620
0.15853
0.12011
0.11686
0.10514
0.17531
0.20353
0.20012
0.20937
0.21666
0.23160
0.24063
0.20106
0.18508
0.17345
0.24682
0.22687
0.25283
0.23439
0.22915
0.22743
0.20752
0.20887
0.20655
0.22322
0.20283
0.21240
0.13256
0.12342
0.11766
0.15659
0.08971
0.07479
0.08565
0.09415
0.09746
0.12262
0.10875
0.11702
0.10941
0.12938
0.14272
0.16898
0.15846
0.13554
0.11113
0.08732
0.06192
0.02163
0.00937
0.02227
0.06107
0.08703
0.07689
0.06695
0.05476
0.04300
0.06876
0.07666
0.05928
0.05897
0.04138
0.05772
0.07946
0.08259
0.10487
0.12715
0.12588
0.09640
0.07941
0.05164
0.05467
0.03266
0.06542
0.07481
0.08716
0.09883
0.11045
0.12730
0.15126
0.13058
0.14656
0.11554
0.12245
0.11566
0.10596
0.10473
0.13131
0.12123
0.14260
0.14234
0.16955
0.12993
0.13749
0.11796
0.10674
0.10115
0.13034
0.14231
0.14366
0.15484
0.15939
0.16716
0.15732
0.16316
0.16630
0.20170
0.20786
0.19675
0.23835
0.23039
0.23584
0.24846
0.22102
0.22568
0.23351
0.22228
0.28437
0.29138
0.26035
0.26904
0.26190
0.27201
0.27288
0.30145
0.32344
0.37516
0.38689
0.39292
0.38949
0.41442
0.41550
0.40989
0.40296
0.39690
0.40277
0.39980
0.39759
0.42383
0.42272
0.40569
0.39747
0.41575
0.41525
0.44100
0.43541
0.41520
0.41773
0.41754
0.45346
0.45301
0.44818
0.43468
0.43276
0.40713
0.40209
0.40277
0.40276
0.39025
0.38267
0.40802
0.41750
0.40202
0.36989
0.35468
0.37104
0.37445
0.35626
0.38677
0.38283
0.41161
0.38140
0.37841
0.40062
0.40278
0.41835
0.44555
0.41962
0.40216
0.40321
0.37122
0.37396
0.39261
0.40840
0.38747
0.37637
0.38189
0.38190
0.37949
0.38722
0.39631
0.37449
0.32426
0.34103
0.32078
0.33938
0.33376
0.31213
0.32644
0.30711
0.33805
0.38183
0.37712
0.34352
0.35728
0.35390
0.33390
0.32692
0.32514
0.33306
0.35581
0.36756
0.35613
0.34679
0.32615
0.32507
0.30912
0.29726
0.30558
0.36020
0.37631
0.37004
0.35618
0.31537
0.29462
0.32291
0.33363
0.34692
0.37179
0.39328
0.39152
0.40362
0.39155
0.34878
0.38427
0.36243
0.31423
0.31880
0.29908
0.33592
0.32059
0.31609
0.30995
0.32203
0.37603
0.38020
0.39357
0.36450
0.35338
0.35269
0.33223
0.34727
0.36801
0.36277
0.35629
0.35203
0.38278
0.37179
0.37433
0.39537
0.44887
0.41525
0.39002
0.36587
0.34297
0.35364
0.38275
0.41059
0.41406
0.39810
0.39389
0.42565
0.44270
0.45403
0.44592
0.42079
0.44400
0.41617
0.38732
0.41716
0.45205
0.43302
0.43298
0.44262
0.40153
0.40201
0.41218
0.40798
0.39214
0.38977
0.33945
0.34580
0.36215
0.35268
0.37746
0.35728
0.36770
0.38394
0.37314
0.35684
0.35635
0.34333
0.36053
0.35397
0.36344
0.38162
0.38665
0.38746
0.39524
0.38061
0.38489
0.43154
0.41590
0.39447
0.36484
0.36741
0.38796
0.39850
0.40764
0.40579
0.42644
0.45817
0.44053
0.44053
0.49515
0.44778
0.46115
0.45968
0.48791
0.50069
0.49442
0.50403
0.47667
0.47332
0.44676
0.49569
0.49598
0.51365
0.48522
0.49147
0.48470
0.53266
0.53822
0.56946
0.62704
0.62223
0.58640
0.56995
0.58265
0.59070
0.55992
0.58303
0.62431
0.62105
0.62308
0.61847
0.64288
0.66917
0.68384
0.68161
0.68230
0.67349
0.65472
0.69193
0.68332
0.68457
0.69849
0.73943
0.74317
0.72216
0.72124
0.74612
0.78056
0.76805
0.75722
0.77561
0.79339
0.71320
0.70737
0.72422
0.71921
0.68914
0.67725
0.67783
0.66756
0.63180
0.63208
0.64915
0.61477
0.62562
0.58108
0.56079
0.56141
0.56839
0.59877
0.61687
0.61369
0.64449
0.66434
0.65722
0.63736
0.63745
0.64435
0.67900
0.70388
0.70603
0.72084
0.74079
0.73000
0.71007
0.73356
0.71359
0.69984
0.68397
0.66716
0.67298
0.70390
0.72855
0.72911
0.71338
0.70797
0.70490
0.70391
0.68759
0.65654
0.68978
0.68622
0.68379
0.72499
0.71689
0.74180
0.74174
0.72382
0.74258
0.74085
0.69177
0.71401
0.74405
0.76116
0.78790
0.76694
0.75673
0.73138
0.72730
0.69952
0.70509
0.68977
0.73335
0.75911
0.77040
0.73999
0.75523
0.76298
0.70812
0.67241
0.67734
0.71028
0.70671
0.68881
0.69364
0.70187
0.69588
0.69868
0.76856
0.76764
0.78939
0.78675
0.80888
0.80530
0.80808
0.78930
0.83169
0.81433
0.79630
0.77719
0.74602
0.76823
0.75218
0.77244
0.78584
0.81309
0.79377
0.75808
0.75712
0.73947
0.71430
0.70153
0.70109
0.68979
0.68786
0.69868
0.68362
0.66109
0.72872
0.72352
0.72068
0.71798
0.67906
0.72656
0.74670
0.75126
0.72245
0.72345
0.73454
0.72732
0.72228
0.69136
0.70249
0.70984
0.67487
0.67765
0.68354
0.69337
0.71947
0.70928
0.69702
0.72551
0.69956
0.69648
0.70054
0.66485
0.65442
0.67239
0.69121
0.65326
0.67562
0.68801
0.68470
0.64789
0.64555
0.66635
0.64273
0.64236
0.65930
0.66014
0.65714
0.62150
0.60776
0.61767
0.61514
0.59107
0.62062
0.56028
0.56515
0.53999
0.53587
0.53403
0.54035
0.54430
0.55530
0.57026
0.60550
0.60729
0.54283
0.50497
0.47975
0.45088
0.41866
0.42653
0.44802
0.43926
0.43368
0.45477
0.45049
0.44027
0.45011
0.44409
0.43914
0.47574
0.47547
0.47424
0.48640
0.51640
0.55004
0.53112
0.52470
0.53198
0.53561
0.53136
0.52340
0.53982
0.50063
0.51557
0.53790
0.52422
0.53522
0.52930
0.51046
0.49572
0.48482
0.46961
0.46595
0.47880
0.45995
0.46704
0.45948
0.44710
0.45000
0.45351
0.45006
0.44421
0.52452
0.52444
0.52296
0.52313
0.54885
0.56061
0.50756
0.52516
0.50876
0.49905
0.49981
0.49801
0.45182
0.41363
0.44003
0.43360
0.43901
0.45887
0.44942
0.46177
0.46188
0.44898
0.44888
0.45031
0.42875
0.39042
0.40033
0.35895
0.36039
0.35536
0.34336
0.36545
0.34693
0.34569
0.31974
0.30808
0.30777
0.31433
0.33802
0.36075
0.33537
0.38809
0.31294
0.33015
0.32870
0.36086
0.36485
0.34345
0.36502
0.36864
0.38286
0.35839
0.35511
0.32096
0.32069
0.28683
0.30382
0.34161
0.32070
0.32005
0.31250
0.33140
0.32363
0.28365
0.29378
0.31388
0.30557
0.27712
0.28870
0.31162
0.31293
0.33245
0.30291
0.26749
0.29339
0.26992
0.24758
0.24316
0.24875
0.22440
0.19155
0.23030
0.25068
0.24680
0.25295
0.28038
0.29948
0.30430
0.31969
0.34664
0.34730
0.37380
0.33625
0.34126
0.29773
0.27592
0.27099
0.25725
0.25575
0.25910
0.28662
0.27932
0.30269
0.32631
0.37551
0.38686
0.44472
0.48505
0.52265
0.51582
0.52269
0.53294
0.51133
0.49522
0.52256
0.53524
0.52079
0.52241
0.50432
0.45153
0.44870
0.47229
0.41691
0.42052
0.42511
0.43906
0.41310
0.39767
0.43898
0.46857
0.45084
0.43733
0.50761
0.52243
0.54629
0.56674
0.54106
0.59422
0.59506
0.60227
0.57022
0.59838
0.61777
0.66897
0.69177
0.69028
0.70800
0.70146
0.71136
0.69411
0.68829
0.68804
0.73745
0.74442
0.74409
0.78381
0.76461
0.74926
0.79179
0.77347
0.76184
0.76105
0.76588
0.75840
0.70924
0.75476
0.75773
0.75826
0.80306
0.79369
0.79529
0.77171
0.75947
0.74223
0.74223
0.75043
0.75514
0.76556
0.77687
0.76964
0.77156
0.77032
0.78781
0.79339
0.80078
0.78828
0.79848
0.80180
0.84212
0.85645
0.87328
0.90076
0.88660
0.90098
0.86851
0.87242
0.85705
0.92706
0.92218
0.94297
0.95364
0.96407
0.94850
0.93323
0.93621
0.94786
0.94017
0.96295
0.96721
0.97298
0.96986
1.00000
0.97146
0.98363
1.00000
0.99889
0.98792
0.93769
0.93386
0.92368
0.94554
0.96024
0.96195
0.97580
0.98252
0.98167
0.98246
0.96928
0.96899
0.96544
0.96662
0.94500
0.96909
0.99348
0.99178
0.96502
0.99945
0.98789
1.00000
0.99224
0.95203
0.94176
0.92604
0.93652
0.93411
0.87868
0.87891
0.83166
0.81757
0.83173
0.80503
0.81279
0.80620
0.82628
0.79024
0.80708
0.81013
0.81299
0.81388
0.83347
0.86930
0.91477
0.90241
0.90382
0.89882
0.91481
0.95415
0.94354
0.98217
1.00000
0.97289
0.92964
0.93000
0.93700
0.95265
0.96196
0.96393
0.99641
0.99989
0.97206
0.93075
0.96582
0.94325
0.97257
1.00000
0.97660
0.96402
0.94713
0.92599
0.92251
0.92637
0.88709
0.88608
0.88683
0.91211
0.92942
0.94103
0.94620
0.97175
0.96303
0.94261
0.95752
0.99616
0.98093
0.98399
0.98075
0.95463
0.94328
0.91814
0.96244
0.95815
0.98818
0.99973
0.96811
0.97411
0.97312
0.99336
0.99769
0.99840
0.99037
0.97921
0.98157
0.99688
1.00000
0.97479
0.99154
0.94975
0.95727
0.97985
0.97791
0.99803
0.97075
0.95432
0.94727
0.94488
0.93660
0.94430
0.93918
0.94203
0.95041
0.97681
0.98552
0.97067
0.97581
0.98872
0.98840
0.97291
0.94502
0.92937
0.92880
0.92077
0.89159
0.92039
0.94462
0.91837
0.93856
0.94216
0.94880
0.95798
0.93219
0.89597
0.91164
0.88699
0.88792
0.88620
0.88051
0.91775
0.92209
0.94071
0.95139
0.95009
0.95240
0.94728
0.94104
0.96930
0.94722
0.95047
0.95791
0.93057
0.90661
0.93048
0.92862
0.91946
0.93019
0.94852
0.95793
0.96728
1.00000
0.98798
0.94785
1.00000
0.99602
0.98988
0.98434
0.97489
0.94394
0.94049
0.93272
0.95621
0.95438
0.96391
0.94595
0.94044
0.92080
0.89736
0.90783
0.91627
0.88410
0.88048
0.88815
0.93661
0.94994
0.92427
0.92892
0.93121
0.92462
0.86858
0.83152
0.83347
0.80888
0.78414
0.81246
0.82942
0.82814
0.83819
0.83961
0.79931
0.77483
0.80995
0.77694
0.77244
0.77806
0.82610
0.81208
0.78473
0.78179
0.79204
0.77957
0.76566
0.73089
0.72594
0.72602
0.74569
0.75631
0.73754
0.77634
0.77266
0.77738
0.82061
0.80558
0.77553
0.80767
0.80954
0.80991
0.82002
0.82952
0.82931
0.84475
0.82575
0.87590
0.94353
0.94054
0.94617
0.94342
0.96057
0.95327
0.93903
0.89952
0.88429
0.88653
0.85447
0.86420
0.89525
0.88092
0.85425
0.87468
0.86212
0.87376
0.88844
0.85292
0.85831
0.83831
0.82718
0.83418
0.83930
0.84326
0.86215
0.85779
0.85550
0.81840
0.79658
0.80645
0.79916
0.81833
0.81617
0.87262
0.88410
0.85355
0.84951
0.85292
0.86079
0.87070
0.89528
0.91460
0.90372
0.89855
0.90750
0.87765
0.88264
0.90605
0.90783
0.90783
0.91487
0.92900
0.91890
0.92373
0.94069
0.96255
0.95234
0.93850
0.92384
0.92967
0.88845
0.87670
0.86273
0.84585
0.80801
0.79788
0.78226
0.79333
0.82095
0.80814
0.77692
0.83139
0.83438
0.81384
0.80463
0.83269
0.84062
0.86551
0.88386
0.86247
0.83630
0.79180
0.78167
0.77834
0.78688
0.84799
0.84814
0.87920
0.89388
0.91757
0.91219
0.91660
0.93722
0.96487
0.97725
0.93503
0.92471
0.94005
0.96499
0.98535
1.00000
0.98749
0.98037
0.99473
1.00000
0.97755
0.97753
0.98304
0.99766
0.99762
1.00000
0.97603
0.99955
0.98541
0.98289
0.97730
0.98551
0.98903
0.98176
0.95007
0.93503
0.94639
0.91681
0.91042
0.91042
0.89126
0.94315
0.96717
0.92681
0.95276
0.99273
0.99829
0.99993
0.97470
0.99036
0.99996
0.98832
0.99134
0.99980
0.97125
0.97647
0.98663
0.99832
0.99935
0.98832
0.98444
0.97719
0.95305
0.96945
0.96872
0.99129
0.99994
0.99995
1.00000
0.99867
0.98602
0.99604
0.98871
0.97407
0.96795
0.95288
0.96430
0.94167
0.96455
0.95108
0.96184
0.96726
0.96551
0.92982
0.91906
0.91844
0.91576
0.90516
0.88521
0.87340
0.87692
0.87135
0.86174
0.85114
0.87599
0.86557
0.82254
0.80845
0.82796
0.83229
0.80053
0.83011
0.87063
0.93891
0.93895
0.91849
0.93272
0.92908
0.94322
0.91861
0.94085
0.93398
0.96740
0.97917
0.99740
0.97702
0.93540
0.92075
0.92370
0.90744
0.88681
0.90213
0.89173
0.89563
0.90147
0.89338
0.88663
0.88077
0.87734
0.88011
0.89386
0.85996
0.87599
0.82282
0.84990
0.87138
0.89437
0.88660
0.84787
0.86764
0.87045
0.87622
0.86389
0.86195
0.87945
0.88699
0.86670
0.83262
0.82563
0.82521
0.79734
0.77633
0.79083
0.79560
0.82522
0.82710
0.82486
0.82488
0.79907
0.83043
0.82159
0.83034
0.79160
0.81430
0.83937
0.84671
0.79979
0.80706
0.77700
0.78885
0.77977
0.79367
0.80058
0.81902
0.84133
0.82809
0.84260
0.90544
0.90043
0.87450
0.88683
0.91499
0.94828
0.95642
0.95510
0.98208
0.97807
0.98229
1.00000
0.99895
0.96089
0.98118
0.96472
0.98918
1.00000
1.00000
0.99146
0.96675
0.95269
0.94872
0.93245
0.92937
0.88388
0.88811
0.83513
0.77517
0.77509
0.80158
0.81580
0.86253
0.86475
0.87033
0.85536
0.87484
0.87014
0.87952
0.89145
0.87971
0.82590
0.85171
0.83954
0.84489
0.82057
0.83070
0.83922
0.86740
0.84393
0.83096
0.82239
0.81830
0.81991
0.85196
0.84072
0.78607
0.79118
0.80454
0.83280
0.86989
0.85686
0.84800
0.82938
0.79161
0.75560
0.74620
0.76853
0.76892
0.73737
0.72740
0.75776
0.77444
0.78391
0.78695
0.77761
0.79811
0.78841
0.75836
0.74699
0.75135
0.76114
0.75438
0.77146
0.76166
0.75989
0.76968
0.75567
0.76459
0.75501
0.77325
0.77203
0.78658
0.74936
0.75820
0.79484
0.82348
0.80230
0.81294
0.81166
0.84498
0.84260
0.79847
0.78661
0.81784
0.79631
0.78272
0.73943
0.72166
0.70057
0.69949
0.66840
0.66921
0.67026
0.66646
0.68321
0.68971
0.67251
0.69059
0.67914
0.66148
0.67657
0.67445
0.66208
0.66854
0.66297
0.70144
0.69384
0.66109
0.65653
0.64197
0.63349
0.63406
0.63600
0.64193
0.62738
0.62846
0.60159
0.60313
0.62056
0.62584
0.63854
0.65678
0.66632
0.66294
0.69011
0.70628
0.73339
0.76302
0.76333
0.74611
0.71802
0.65392
0.61992
0.64192
0.63610
0.66853
0.69435
0.67078
0.67526
0.68642
0.65906
0.61831
0.61164
0.62557
0.65123
0.64128
0.63645
0.62920
0.57784
0.60914
0.63849
0.63752
0.64613
0.62482
0.60682
0.59613
0.57554
0.55406
0.56207
0.53630
0.52975
0.53612
0.50383
0.49705
0.48302
0.43684
0.43042
0.39453
0.38726
0.38421
0.35360
0.36122
0.37811
0.37378
0.34637
0.34253
0.33846
0.33811
0.34854
0.36566
0.37789
0.41544
0.47010
0.48295
0.49250
0.49624
0.48654
0.51492
0.55091
0.53206
0.51960
0.51047
0.52607
0.50972
0.51548
0.54153
0.53703
0.57102
0.56687
0.56287
0.55856
0.58412
0.58497
0.54497
0.53788
0.54327
0.53417
0.50826
0.49196
0.49818
0.49423
0.46825
0.44851
0.43927
0.44191
0.44926
0.46290
0.44671
0.50189
0.51345
0.51210
0.48853
0.51030
0.51443
0.50999
0.49996
0.53044
0.52590
0.58845
0.58543
0.61328
0.61335
0.56528
0.54902
0.54331
0.55792
0.49446
0.52401
0.53632
0.50811
0.48433
0.53393
0.45453
0.47849
0.50863
0.46776
0.49298
0.49845
0.47335
0.47766
0.53035
0.54340
0.55298
0.54378
0.49519
0.47639
0.46933
0.46373
0.45359
0.46722
0.41721
0.40769
0.37250
0.39587
0.34970
0.40026
0.45526
0.44300
0.44163
0.51057
0.46468
0.46286
0.48142
0.46819
0.49100
0.49124
0.47484
0.51057
0.48524
0.49790
0.48621
0.49746
0.50728
0.45124
0.47306
0.51767
0.50598
0.52146
0.48083
0.45627
0.43502
0.37001
0.34851
0.32779
0.31860
0.32930
0.33995
0.32692
0.33066
0.32399
0.27131
0.25610
0.22745
0.23460
0.24235
0.28056
0.31457
0.32724
0.36970
0.41123
0.43325
0.40631
0.40068
0.40919
0.39926
0.38872
0.36599
0.37613
0.36050
0.36281
0.38137
0.36147
0.35392
0.34039
0.33728
0.30954
0.31446
0.34889
0.35304
0.34823
0.33066
0.33664
0.32727
0.31604
0.31255
0.33829
0.31764
0.29985
0.30508
0.32997
0.26007
0.25988
0.23963
0.26449
0.27667
0.25552
0.25666
0.25231
0.26992
0.25353
0.25035
0.25905
0.25511
0.24662
0.25189
0.24342
0.20437
0.23782
0.22097
0.23995
0.27548
0.25171
0.24391
0.23593
0.19073
0.19497
0.18914
0.14742
0.13019
0.12644
0.11718
0.13191
0.19126
0.17341
0.21613
0.17833
0.13855
0.13887
0.14991
0.14990
0.10805
0.11852
0.11400
0.09551
0.07083
0.04700
0.00821
0.02109
0.00698
0.02406
0.04362
0.02993
0.02948
0.02996
0.01769
0.01610
0.02772
0.02404
0.07669
0.08850
0.11047
0.10923
0.12926
0.13930
0.10601
0.14069
0.10744
0.12211
0.16381
0.15248
0.15121
0.13087
0.16472
0.15645
0.14860
0.13798
0.14166
0.12236
0.13042
0.13798
0.14814
0.12102
0.12078
0.11570
0.11972
0.10813
0.05186
0.04999
0.07505
0.04913
0.05234
0.07361
0.08955
0.10016
0.08427
0.11460
0.11712
0.06527
0.07937
0.08471
0.10330
0.08273
0.10515
0.11319
0.10816
0.11535
0.14139
0.15333
0.17972
0.20482
0.17335
0.10947
0.10741
0.08936
0.07439
0.10052
0.09970
0.11290
0.12304
0.12502
0.11451
0.11611
0.11294
0.12123
0.13977
0.16197
0.17723
0.21301
0.19502
0.22753
0.24183
0.24392
0.23125
0.23975
0.23402
0.28532
0.26179
0.28424
0.28924
0.29301
0.24860
0.25487
0.24865
0.26027
0.21912
0.22121
0.20680
0.17443
0.12191
0.14727
0.10044
0.07098
0.07423
0.09402
0.09112
0.09820
0.11755
0.10600
0.11665
0.11853
0.12680
0.11620
0.11023
0.11726
0.13536
0.15824
0.15120
0.15983
0.15233
0.16934
0.17011
0.16035
0.20777
0.22254
0.22418
0.22029
0.18881
0.19198
0.21119
0.20711
0.16265
0.19450
0.19460
0.19447
0.19877
0.20351
0.21068
0.24214
0.24835
0.26057
0.24752
0.23241
0.19456
0.20358
0.21142
0.17365
0.18143
0.19538
0.19878
0.17871
0.14741
0.16222
0.20856
0.23038
0.19724
0.20777
0.25945
0.26881
0.23324
0.26849
0.27188
0.28360
0.34292
0.36276
0.33983
0.32221
0.38044
0.38622
0.41947
0.43505
0.42596
0.39031
0.41625
0.43832
0.48893
0.47564
0.46276
0.41744
0.42024
0.38420
0.40744
0.39579
0.40294
0.38580
0.38645
0.38173
0.38307
0.35563
0.35167
0.36096
0.38014
0.42831
0.38622
0.37413
0.38824
0.40192
0.40444
0.38244
0.35412
0.37334
0.37858
0.37639
0.38516
0.37959
0.38384
0.32413
0.36183
0.33299
0.30988
0.30785
0.33345
0.32112
0.31843
0.32851
0.30567
0.30201
0.31194
0.32093
0.32218
0.32316
0.30401
0.30543
0.29542
0.28081
0.27569
0.30432
0.30855
0.29913
0.33404
0.32703
0.27024
0.24287
0.27392
0.27256
0.23755
0.19942
0.18776
0.20285
0.16334
0.16000
0.14793
0.15166
0.14418
0.15644
0.12183
0.07098
0.09157
0.08246
0.05134
0.07433
0.01615
0.01569
0.02230
0.02808
0.02682
0.03574
0.03356
0.03063
0.01863
0.00480
0.02280
0.01744
0.00275
0.01259
0.00000
0.00000
0.00000
0.04239
0.04166
0.04339
0.07053
0.07118
0.07811
0.06206
0.06406
0.07765
0.06645
0.09468
0.11074
0.07061
0.07690
0.08669
0.11064
0.12990
0.12542
0.11998
0.06658
0.05126
0.05200
0.05487
0.02229
0.03092
0.02743
0.02695
0.08453
0.06567
0.09688
0.09688
0.10256
0.11052
0.10769
0.14387
0.13879
0.11435
0.13421
0.15931
0.17289
0.18848
0.21646
0.19980
0.20736
0.20516
0.20395
0.18983
0.17157
0.21870
0.24482
0.29111
0.28390
0.27577
0.29026
0.28471
0.26253
0.26653
0.25465
0.23683
0.23181
0.25455
0.26413
0.26684
0.30909
0.28919
0.26478
0.28115
0.27417
0.27142
0.23833
0.25213
0.28624
0.29215
0.30930
0.29978
0.28097
0.27629
0.26204
0.28780
0.33698
0.30698
0.30869
0.31838
0.35256
0.31504
0.32063
0.31948
0.28586
0.27410
0.27426
0.27810
0.28118
0.32430
0.31774
0.26263
0.23951
0.26536
0.25497
0.24267
0.27537
0.28049
0.30917
0.31032
0.28987
0.30637
0.31269
0.35211
0.38610
0.37152
0.36239
0.34823
0.35004
0.28760
0.26140
0.26875
0.25208
0.24952
0.24189
0.22415
0.20774
0.21690
0.21830
0.22827
0.19717
0.22434
0.20785
0.22083
0.20684
0.21117
0.20459
0.24163
0.23193
0.25205
0.25049
0.25566
0.25008
0.25903
0.28227
0.28326
0.28488
0.28488
0.28644
0.28610
0.29199
0.29115
0.28109
0.30584
0.31427
0.30665
0.26345
0.24447
0.24931
0.27366
0.28689
0.30523
0.33556
0.33579
0.37456
0.36956
0.32778
0.30703
0.29791
0.30073
0.30744
0.30469
0.29803
0.28041
0.30708
0.31206
0.29253
0.32251
0.32950
0.34061
0.32071
0.29176
0.23604
0.24362
0.22513
0.22388
0.20395
0.15936
0.16016
0.17102
0.17411
0.17382
0.23261
0.21847
0.23510
0.21344
0.25800
0.26513
0.29036
0.29720
0.29478
0.25428
0.25641
0.27687
0.25356
0.25568
0.27619
0.23030
0.31532
0.32988
0.37066
0.36983
0.41183
0.43513
0.40592
0.43852
0.46313
0.48420
0.53766
0.53517
0.50568
0.52376
0.56930
0.59355
0.59516
0.62078
0.66205
0.66010
0.64421
0.64820
0.65262
0.65649
0.63651
0.60749
0.60576
0.56422
0.59713
0.59858
0.57651
0.56182
0.53562
0.56055
0.58027
0.56582
0.53924
0.48793
0.47886
0.47139
0.41745
0.40534
0.37906
0.41589
0.41569
0.39125
0.40170
0.38877
0.36035
0.32836
0.33162
0.34183
0.37335
0.36649
0.40298
0.42787
0.40866
0.38329
0.36545
0.36436
0.34570
0.34489
0.35159
0.33930
0.27774
0.30568
0.31812
0.29983
0.28052
0.21221
0.19050
0.21900
0.23924
0.24618
0.21381
0.22639
0.23392
0.27193
0.28748
0.28302
0.27303
0.29937
0.27732
0.24157
0.20146
0.22087
0.22621
0.23447
0.28062
0.25709
0.26763
0.25824
0.23677
0.24106
0.24726
0.26849
0.26780
0.26725
0.28950
0.30139
0.28832
0.26496
0.26298
0.26644
0.29967
0.28249
0.29018
0.28067
0.27607
0.30323
0.28608
0.30256
0.29768
0.33610
0.31154
0.34820
0.37988
0.37088
0.45066
0.44323
0.44018
0.41447
0.40778
0.39184
0.40072
0.36229
0.35208
0.34925
0.38918
0.41136
0.40397
0.38998
0.36280
0.33115
0.34691
0.34463
0.33725
0.39004
0.35710
0.35180
0.38392
0.39263
0.39767
0.40092
0.40905
0.40192
0.44881
0.41351
0.38966
0.37900
0.40645
0.40195
0.41297
0.40843
0.40050
0.37290
0.36444
0.36209
0.39356
0.40707
0.39933
0.39574
0.35091
0.39748
0.38123
0.37775
0.35609
0.34129
0.35742
0.36045
0.39446
0.45165
0.47981
0.44072
0.40135
0.41827
0.37092
0.37863
0.36288
0.38865
0.36487
0.32500
0.31855
0.32181
0.33642
0.33915
0.33684
0.34443
0.37278
0.36141
0.35924
0.32001
0.31358
0.31159
0.27293
0.24694
0.29771
0.28529
0.27671
0.29310
0.29888
0.32459
0.34060
0.32851
0.34908
0.35948
0.30872
0.33793
0.34077
0.29892
0.25701
0.26417
0.30935
0.35929
0.36000
0.34832
0.32408
0.30657
0.30388
0.26792
0.25100
0.27003
0.25601
0.26436
0.26880
0.30906
0.29415
0.26921
0.26552
0.25367
0.22567
0.19412
0.19409
0.18393
0.16872
0.18869
0.16672
0.15223
0.14191
0.11639
0.07933
0.13314
0.12144
0.12776
0.14031
0.15516
0.14954
0.09637
0.06789
0.08394
0.05883
0.05592
0.05099
0.02221
0.03746
0.01129
0.02195
0.05501
0.06977
0.06831
0.10758
0.10850
0.11350
0.14665
0.13155
0.12975
0.12617
0.13453
0.12140
0.07876
0.11391
0.11206
0.08045
0.07656
0.06455
0.05390
0.04868
0.04912
0.03761
0.03043
0.01150
0.01847
0.02868
0.01476
0.03518
0.03468
0.02218
0.01345
0.01958
0.03765
0.06085
0.05165
0.03611
0.03487
0.03144
0.04000
0.02390
0.05127
0.08606
0.08587
0.07050
0.04792
0.04851
0.05701
0.04384
0.05377
0.07747
0.11316
0.12666
0.12485
0.11005
0.09486
0.09560
0.09030
0.09994
0.08290
0.05645
0.06444
0.05827
0.07076
0.08243
0.09171
0.10068
0.14365
0.12443
0.13884
0.12899
0.13834
0.14576
0.17433
0.19882
0.19836
0.14639
0.11845
0.15216
0.15989
0.17497
0.17995
0.19474
0.22691
0.23844
0.28411
0.30917
0.30620
0.29910
0.34908
0.33758
0.32387
0.33567
0.36425
0.36264
0.31711
0.31875
0.31689
0.30353
0.35640
0.34900
0.35223
0.36419
0.35495
0.34811
0.35412
0.40083
0.41841
0.41008
0.41847
0.45668
0.48553
0.47785
0.50112
0.53093
0.54590
0.56404
0.56342
0.54748
0.54175
0.54963
0.53993
0.48801
0.46731
0.49908
0.55630
0.57599
0.55152
0.54802
0.55628
0.55003
0.55569
0.54264
0.56016
0.57283
0.55100
0.54761
0.52663
0.55885
0.60045
0.60196
0.59155
0.58827
0.61847
0.65497
0.65039
0.66406
0.64814
0.60901
0.59953
0.55639
0.54563
0.56413
0.58394
0.53700
0.52649
0.52719
0.47791
0.46134
0.48428
0.50794
0.51585
0.52449
0.59127
0.61042
0.60778
0.60610
0.58738
0.55154
0.57770
0.58536
0.59439
0.59924
0.63606
0.62503
0.62160
0.63019
0.62163
0.64265
0.65110
0.65486
0.64166
0.62337
0.57422
0.55883
0.58238
0.56193
0.52206
0.53082
0.51150
0.48579
0.49760
0.50362
0.52194
0.53344
0.54498
0.54112
0.56832
0.57834
0.57726
0.59310
0.59906
0.61035
0.61969
0.59841
0.56564
0.53388
0.50753
0.51559
0.50596
0.55287
0.53418
0.53114
0.55014
0.55779
0.55942
0.59811
0.60460
0.59615
0.60015
0.59938
0.58783
0.58673
0.57882
0.57333
0.58872
0.61921
0.63947
0.66774
0.67973
0.63342
0.61696
0.62313
0.61051
0.60063
0.60515
0.62043
0.66285
0.64837
0.65167
0.65574
0.66307
0.66804
0.68125
0.68471
0.69705
0.67679
0.66133
0.64013
0.66129
0.65700
0.62331
0.59186
0.61432
0.58297
0.58767
0.57661
0.53750
0.49806
0.49591
0.50649
0.49179
0.54180
0.55381
0.57608
0.58039
0.56386
0.55565
0.56132
0.56012
0.55537
0.55671
0.56920
0.57757
0.59289
0.58770
0.59150
0.58709
0.60122
0.59899
0.56084
0.57515
0.55645
0.55917
0.62243
0.60155
0.61975
0.59651
0.63302
0.62093
0.65472
0.67325
0.68420
0.69697
0.71362
0.72855
0.73355
0.73834
0.78577
0.79088
0.77678
0.78116
0.79902
0.80630
0.78731
0.78547
0.78883
0.75131
0.75105
0.75205
0.75694
0.74439
0.75236
0.75891
0.73497
0.73049
0.71114
0.71611
0.70202
0.70202
0.70148
0.71507
0.71392
0.68446
0.67629
0.67292
0.69141
0.72345
0.75359
0.73199
0.67382
0.67107
0.69976
0.69049
0.65984
0.64626
0.62322
0.63183
0.61792
0.59803
0.61604
0.59885
0.56787
0.58122
0.57738
0.61712
0.61399
0.62562
0.60311
0.61516
0.65061
0.65379
0.63415
0.63569
0.63078
0.62493
0.63022
0.66586
0.65644
0.65426
0.64541
0.62892
0.65481
0.63583
0.62111
0.60160
0.59345
0.63213
0.66181
0.70001
0.74385
0.75015
0.68927
0.68304
0.69679
0.66541
0.66245
0.65717
0.64654
0.61419
0.57304
0.56975
0.59068
0.57880
0.58229
0.63533
0.61463
0.62905
0.62897
0.58601
0.57008
0.55538
0.55283
0.54044
0.54406
0.52422
0.52457
0.52399
0.55681
0.57443
0.56354
0.54539
0.53540
0.56078
0.54838
0.54341
0.52410
0.51870
0.50302
0.53578
0.52767
0.56092
0.57059
0.58033
0.59276
0.57168
0.55176
0.53353
0.53535
0.52305
0.54976
0.56408
0.58865
0.60085
0.59849
0.63262
0.64171
0.63448
0.65575
0.68104
0.61979
0.62460
0.60542
0.56911
0.56435
0.57862
0.59712
0.57129
0.59897
0.61801
0.65111
0.62796
0.67532
0.65137
0.64383
0.67253
0.69906
0.68663
0.68181
0.66471
0.66608
0.65205
0.62565
0.61392
0.63779
0.60284
0.61311
0.62257
0.58641
0.57904
0.57412
0.55660
0.55836
0.57655
0.57144
0.54527
0.57278
0.55020
0.54685
0.57189
0.56421
0.55073
0.52911
0.56514
0.57245
0.57143
0.57510
0.49799
0.47177
0.48782
0.45831
0.46663
0.45072
0.41572
0.43003
0.41652
0.37865
0.35590
0.32384
0.29434
0.30872
0.31171
0.32035
0.34188
0.32896
0.32923
0.32359
0.31241
0.29895
0.32153
0.31624
0.33668
0.35251
0.32507
0.33066
0.30889
0.30988
0.31065
0.31494
0.33411
0.35332
0.33942
0.36733
0.36074
0.37173
0.34848
0.37500
0.38108
0.36281
0.32874
0.32690
0.34029
0.31489
0.34953
0.33513
0.34829
0.31396
0.33826
0.36296
0.35252
0.36005
0.36010
0.35996
0.38533
0.36458
0.39667
0.40597
0.43236
0.45756
0.42042
0.43924
0.45455
0.46065
0.45573
0.46137
0.47247
0.47567
0.50582
0.50580
0.51913
0.49496
0.49415
0.43808
0.43013
0.39715
0.38399
0.38316
0.36589
0.34485
0.35468
0.31363
0.31446
0.31306
0.27141
0.30495
0.31044
0.31426
0.28153
0.26946
0.25967
0.25835
0.24766
0.24197
0.24603
0.24674
0.23905
0.23503
0.25925
0.23727
0.22603
0.22147
0.20169
0.24141
0.23768
0.22240
0.22397
0.21218
0.23506
0.22361
0.24894
0.25061
0.27524
0.29850
0.28006
0.28043
0.26431
0.25427
0.26734
0.28984
0.34761
0.35297
0.35069
0.36169
0.33091
0.30452
0.30559
0.27672
0.27077
0.27492
0.25039
0.24940
0.24312
0.23090
0.23145
0.20253
0.20535
0.19714
0.21706
0.19707
0.21148
0.23088
0.23139
0.21882
0.19648
0.17864
0.16854
0.20920
0.20105
0.22902
0.21598
0.28048
0.28302
0.27433
0.27785
0.24807
0.27851
0.24618
0.23333
0.23735
0.24936
0.27331
0.24060
0.24472
0.25196
0.24184
0.23556
0.23360
0.23615
0.23359
0.28646
0.29837
0.31464
0.35066
0.33933
0.38950
0.35545
0.35602
0.38233
0.39014
0.34658
0.37439
0.34941
0.36357
0.36959
0.35264
0.35214
0.38214
0.37227
0.35982
0.34528
0.35873
0.36798
0.35389
0.36210
0.34521
0.34734
0.33734
0.33966
0.35636
0.37640
0.40996
0.42737
0.41612
0.42851
0.39578
0.37903
0.34637
0.33726
0.31803
0.35251
0.36684
0.35866
0.35039
0.32410
0.35859
0.37665
0.41431
0.37084
0.36395
0.34269
0.32641
0.33271
0.38430
0.39413
0.41644
0.36658
0.36726
0.34938
0.39679
0.39219
0.37770
0.36530
0.35073
0.35154
0.36779
0.35777
0.38154
0.35905
0.35337
0.36555
0.36495
0.38001
0.37934
0.41608
0.42152
0.45009
0.45153
0.48294
0.46126
0.47483
0.48533
0.48510
0.49528
0.49330
0.48215
0.47331
0.46304
0.47200
0.50404
0.50569
0.46225
0.46980
0.43326
0.41646
0.42155
0.40958
0.40305
0.41033
0.42877
0.43315
0.42287
0.44580
0.47488
0.49859
0.48203
0.50181
0.52406
0.53407
0.51012
0.50822
0.50066
0.49596
0.47219
0.44467
0.44771
0.43430
0.45687
0.49113
0.51813
0.53148
0.50538
0.49778
0.52253
0.53801
0.50251
0.54022
0.55091
0.54250
0.55515
0.54938
0.55165
0.52128
0.50981
0.47718
0.46956
0.48417
0.47858
0.48196
0.51788
0.48626
0.50981
0.48324
0.45076
0.45487
0.42281
0.40468
0.38351
0.38886
0.38217
0.38506
0.35577
0.36644
0.37137
0.33144
0.31790
0.31467
0.35956
0.32376
0.34525
0.40484
0.39776
0.43873
0.43070
0.43375
0.43942
0.41363
0.42330
0.39645
0.38185
0.36372
0.38168
0.38423
0.40120
0.39539
0.39275
0.36401
0.32657
0.30648
0.28225
0.28945
0.28120
0.26287
0.26684
0.29821
0.27940
0.27761
0.27821
0.24191
0.25032
0.27923
0.31706
0.29559
0.26194
0.26238
0.26011
0.28203
0.28220
