0.00601
0.00242
0.00264
0.03050
0.03466
0.06175
0.03206
0.03031
0.07912
0.09380
0.10427
0.09163
0.11819
0.09978
0.11540
0.10231
0.10562
0.09454
0.13949
0.14855
0.16094
0.19010
0.20163
0.18964
0.19142
0.22368
0.21437
0.19414
0.20783
0.21737
0.22786
0.23358
0.26285
0.26241
0.26025
0.26399
0.25849
0.25256
0.30281
0.29646
0.27875
0.29959
0.30903
0.32777
0.30577
0.33990
0.35077
0.37702
0.37312
0.35725
0.35050
0.32885
0.30441
0.32401
0.37980
0.35504
0.38025
0.39627
0.33698
0.34515
0.34797
0.35482
0.37337
0.37973
0.37767
0.39478
0.38361
0.36848
0.33128
0.32184
0.31490
0.31076
0.33762
0.34896
0.40508
0.42575
0.44509
0.45291
0.41308
0.44152
0.43997
0.45079
0.44617
0.45570
0.45538
0.43830
0.40501
0.44394
0.42765
0.42340
0.46280
0.43713
0.43821
0.44094
0.43841
0.44092
0.42428
0.45139
0.48090
0.47198
0.46678
0.45368
0.43453
0.44326
0.39771
0.39599
0.41884
0.43471
0.43476
0.43531
0.45294
0.45118
0.41242
0.40115
0.41530
0.38595
0.35085
0.32168
0.31470
0.29338
0.26214
0.27556
0.27477
0.29952
0.30609
0.31843
0.30094
0.31274
0.35832
0.38241
0.37471
0.35518
0.33963
0.32394
0.29916
0.30232
0.31380
0.31699
0.31564
0.30584
0.33753
0.34950
0.36590
0.35077
0.29435
0.29752
0.33427
0.32892
0.30758
0.33709
0.34448
0.33760
0.32626
0.33494
0.30919
0.33446
0.32381
0.28891
0.31788
0.30548
0.33141
0.33299
0.33570
0.32402
0.36326
0.34347
0.36757
0.36481
0.40046
0.33602
0.34184
0.33976
0.31616
0.33850
0.34974
0.35006
0.35578
0.35542
0.35578
0.36984
0.37226
0.35751
0.35732
0.32937
0.30876
0.26026
0.20071
0.19147
0.14150
0.13835
0.13070
0.12675
0.12971
0.12551
0.14270
0.12711
0.09383
0.09240
0.08020
0.10691
0.10534
0.08797
0.08149
0.08381
0.05989
0.04500
0.05022
0.05961
0.05264
0.03245
0.02199
0.06420
0.04806
0.08274
0.04585
0.04873
0.04321
0.05292
0.06021
0.08570
0.05811
0.05474
0.05255
0.08488
0.10670
0.11511
0.10858
0.16153
0.20844
0.24910
0.25373
0.27334
0.26476
0.25247
0.28517
0.28656
0.23757
0.22619
0.21549
0.22155
0.24384
0.27315
0.28751
0.31879
0.33262
0.33262
0.36443
0.33902
0.32320
0.33830
0.32900
0.31380
0.31530
0.32045
0.33077
0.33058
0.33312
0.38011
0.36967
0.35498
0.35822
0.37956
0.40707
0.40309
0.38743
0.37678
0.32665
0.29579
0.33237
0.32155
0.32569
0.31321
0.33767
0.29476
0.29184
0.30957
0.29123
0.30585
0.27647
0.27591
0.29505
0.30385
0.27415
0.28566
0.28119
0.28853
0.29310
0.32861
0.35715
0.35598
0.34592
0.35029
0.36294
0.39189
0.40000
0.44000
0.43136
0.45895
0.42630
0.43928
0.42905
0.42950
0.45991
0.48675
0.47158
0.44445
0.43663
0.44640
0.48164
0.49679
0.48670
0.49311
0.50109
0.48779
0.47997
0.45309
0.42983
0.43570
0.37466
0.39522
0.41191
0.45858
0.44957
0.48517
0.49450
0.52182
0.50792
0.54110
0.56499
0.54645
0.55061
0.56681
0.55760
0.54375
0.52640
0.49924
0.48322
0.47071
0.46332
0.40971
0.41540
0.38771
0.39014
0.35917
0.36414
0.35585
0.35659
0.36316
0.37991
0.37033
0.33612
0.42716
0.39027
0.38988
0.36963
0.38322
0.34850
0.29073
0.28593
0.30594
0.26738
0.25045
0.25564
0.26242
0.29845
0.31975
0.31561
0.31070
0.30198
0.29341
0.29630
0.31180
0.29803
0.30286
0.33761
0.35657
0.36081
0.35727
0.39781
0.37783
0.37825
0.36172
0.36683
0.36706
0.40151
0.38727
0.40877
0.41415
0.40043
0.42154
0.45933
0.41488
0.42013
0.46822
0.48212
0.48819
0.44247
0.41125
0.38367
0.38277
0.36982
0.37762
0.36296
0.34319
0.34020
0.34641
0.35400
0.38681
0.42747
0.44413
0.43562
0.41588
0.42320
0.42393
0.43163
0.44465
0.43336
0.44489
0.41059
0.41598
0.40882
0.40903
0.37525
0.39818
0.39311
0.33555
0.32571
0.33629
0.30164
0.32289
0.31150
0.32716
0.34978
0.32937
0.33628
0.32767
0.32022
0.33906
0.34490
0.37177
0.40348
0.38019
0.37546
0.34813
0.33739
0.35027
0.34145
0.35884
0.36569
0.35335
0.37413
0.37662
0.39430
0.42386
0.39138
0.38607
0.37963
0.36406
0.36005
0.35565
0.36134
0.32021
0.32876
0.31360
0.30330
0.28242
0.28600
0.27160
0.24561
0.24828
0.28121
0.26600
0.25167
0.26457
0.29700
0.30929
0.32966
0.32271
0.26466
0.32555
0.36367
0.36052
0.36370
0.35811
0.35320
0.39238
0.37737
0.40794
0.41002
0.42304
0.43066
0.35959
0.34777
0.34123
0.33497
0.37905
0.38295
0.37034
0.31572
0.34068
0.32732
0.33828
0.35758
0.38711
0.40534
0.40135
0.38330
0.38515
0.38515
0.35383
0.33223
0.34345
0.35530
0.37154
0.33661
0.28764
0.32532
0.31154
0.29851
0.27562
0.27485
0.30230
0.30836
0.37805
0.35385
0.37768
0.43179
0.41552
0.43866
0.43454
0.44631
0.42874
0.47942
0.46780
0.41942
0.41020
0.41180
0.42863
0.45027
0.44605
0.45818
0.44445
0.44873
0.49258
0.47431
0.49394
0.53980
0.52743
0.53695
0.51962
0.46709
0.46172
0.45300
0.38743
0.36680
0.36043
0.38513
0.39140
0.38765
0.36888
0.39153
0.34748
0.39963
0.34556
0.35346
0.35832
0.36506
0.31460
0.34951
0.35371
0.37275
0.39162
0.37556
0.35946
0.34454
0.34650
0.33432
0.30165
0.32307
0.33348
0.34614
0.38314
0.41206
0.40973
0.38445
0.37551
0.38632
0.38050
0.37566
0.32864
0.33017
0.30282
0.30963
0.32368
0.32909
0.31063
0.28906
0.30453
0.28518
0.25534
0.21665
0.21324
0.18964
0.18672
0.17558
0.18857
0.17469
0.16355
0.19343
0.17175
0.17630
0.16025
0.18925
0.16730
0.18605
0.17253
0.15220
0.16747
0.16120
0.15448
0.15499
0.15499
0.15306
0.13192
0.13392
0.11893
0.10165
0.10043
0.08762
0.08228
0.03102
0.02497
0.01908
0.04940
0.04874
0.05258
0.08136
0.07313
0.08052
0.09362
0.12054
0.11384
0.13486
0.12609
0.12294
0.15168
0.15712
0.20893
0.21647
0.20621
0.19004
0.19738
0.19119
0.17327
0.14498
0.14732
0.15646
0.11969
0.13858
0.13920
0.14333
0.16289
0.15734
0.17334
0.20456
0.22241
0.22974
0.23282
0.26595
0.28293
0.31439
0.33858
0.35097
0.35700
0.36093
0.37103
0.36182
0.36815
0.35382
0.38243
0.42247
0.41360
0.40054
0.40433
0.39177
0.36711
0.37090
0.37517
0.36466
0.36506
0.34662
0.35210
0.36621
0.38012
0.38302
0.35088
0.36618
0.37128
0.35725
0.38842
0.38241
0.39011
0.39935
0.45752
0.45016
0.46288
0.46210
0.45633
0.46774
0.43714
0.43827
0.45962
0.47068
0.45644
0.49002
0.50216
0.50194
0.48311
0.50205
0.49576
0.51485
0.52991
0.57013
0.54108
0.52099
0.52666
0.55247
0.54522
0.55549
0.55805
0.54506
0.53802
0.52250
0.54096
0.53280
0.49491
0.48418
0.49826
0.47554
0.45983
0.45691
0.49689
0.48631
0.51592
0.49129
0.49331
0.50379
0.51357
0.48301
0.49247
0.49847
0.49568
0.49589
0.48685
0.46533
0.48751
0.44219
0.44260
0.44415
0.41530
0.40807
0.41382
0.40996
0.43926
0.44721
0.45551
0.44057
0.45376
0.47037
0.46831
0.45509
0.47951
0.50150
0.48989
0.47494
0.46782
0.43866
0.42874
0.45911
0.39981
0.42055
0.43084
0.42198
0.41119
0.41748
0.42796
0.44822
0.42984
0.44001
0.45526
0.44471
0.41689
0.40427
0.39734
0.36599
0.38084
0.38000
0.38900
0.42914
0.44573
0.46410
0.44959
0.41796
0.41397
0.40678
0.37311
0.37984
0.36347
0.36157
0.34049
0.30284
0.29052
0.25760
0.22823
0.23516
0.25676
0.25556
0.26888
0.32403
0.34833
0.33651
0.32738
0.32283
0.32229
0.31109
0.28868
0.28274
0.29504
0.33803
0.35295
0.32520
0.33340
0.35036
0.34631
0.35951
0.34566
0.33913
0.33903
0.33290
0.32496
0.32882
0.34080
0.35686
0.32090
0.32616
0.35558
0.40050
0.38626
0.36893
0.39300
0.37801
0.39648
0.39101
0.40305
0.39113
0.42051
0.43516
0.47395
0.46762
0.50253
0.54577
0.54616
0.53713
0.51938
0.54741
0.51871
0.54084
0.52971
0.48943
0.46567
0.45048
0.42730
0.41568
0.38461
0.38161
0.38560
0.38604
0.34503
0.34495
0.35583
0.34442
0.33929
0.33252
0.33135
0.30272
0.26307
0.24308
0.16210
0.16351
0.16206
0.14121
0.16114
0.14903
0.16734
0.15660
0.17259
0.17468
0.23220
0.22499
0.23424
0.19979
0.19853
0.17146
0.14395
0.11928
0.14459
0.13677
0.11448
0.11422
0.07172
0.06598
0.05644
0.05396
0.00000
0.00000
0.04130
0.05456
0.02784
0.02592
0.05023
0.05981
0.06916
0.03148
0.05427
0.05337
0.08279
0.08110
0.06718
0.02235
0.02084
0.04253
0.05426
0.05147
0.03967
0.00000
0.02136
0.02323
0.06718
0.07265
0.06251
0.06037
0.06947
0.09426
0.10579
0.06649
0.06657
0.07727
0.07568
0.06279
0.02552
0.04474
0.03351
0.04486
0.04486
0.04091
0.05509
0.06213
0.04012
0.06066
0.03666
0.05281
0.06841
0.06183
0.08016
0.07707
0.07364
0.09452
0.11384
0.06566
0.04626
0.04128
0.06395
0.09253
0.13836
0.14062
0.15119
0.13036
0.12991
0.10927
0.09666
0.05291
0.07661
0.06867
0.06236
0.08268
0.09633
0.10921
0.10429
0.10592
0.13960
0.14667
0.14889
0.13085
0.13475
0.14235
0.11206
0.12823
0.14535
0.12700
0.10728
0.10489
0.09397
0.09353
0.07128
0.04124
0.05265
0.06294
0.06960
0.06814
0.05897
0.05081
0.00498
0.03762
0.02338
0.06179
0.06198
0.07320
0.09382
0.10029
0.10705
0.14705
0.15653
0.18235
0.19405
0.21556
0.20623
0.22572
0.23520
0.24179
0.24406
0.23792
0.23902
0.17849
0.16206
0.17775
0.22718
0.22349
0.19776
0.19436
0.19844
0.18655
0.22166
0.22727
0.24164
0.22533
0.22076
0.21941
0.19656
0.16887
0.14609
0.15326
0.13353
0.12226
0.13538
0.10323
0.04622
0.04343
0.05919
0.05362
0.06609
0.05237
0.03385
0.06202
0.04815
0.05837
0.03869
0.02448
0.02808
0.02757
0.02297
0.00850
0.02272
0.00000
0.00709
0.03874
0.04573
0.05358
0.04106
0.05066
0.00729
0.01454
0.04113
0.03875
0.09396
0.10682
0.15895
0.13378
0.14436
0.16283
0.19630
0.24086
0.25457
0.25937
0.27027
0.26270
0.26952
0.27444
0.22700
0.22037
0.20408
0.20733
0.23649
0.22242
0.20823
0.18031
0.22180
0.18363
0.18408
0.19836
0.19786
0.24033
0.24623
0.25551
0.26595
0.30154
0.24483
0.24944
0.22854
0.24822
0.24274
0.24603
0.21007
0.19019
0.20624
0.24133
0.25053
0.27739
0.28654
0.26644
0.29071
0.29617
0.30019
0.33227
0.30750
0.28419
0.29773
0.32021
0.30196
0.32271
0.32409
0.32159
0.36088
0.36806
0.37612
0.36801
0.35797
0.34056
0.34239
0.31746
0.29825
0.31488
0.32018
0.31805
0.34892
0.35448
0.37638
0.37119
0.39498
0.38901
0.40678
0.40528
0.43637
0.41957
0.44286
0.47552
0.48640
0.47549
0.44616
0.45355
0.46849
0.43988
0.46595
0.45144
0.46547
0.48805
0.48796
0.45632
0.44988
0.45282
0.46785
0.44819
0.47648
0.46544
0.48990
0.51623
0.51547
0.52653
0.54015
0.55153
0.55129
0.55523
0.54140
0.50476
0.49297
0.47229
0.44888
0.46677
0.44627
0.46359
0.47685
0.48565
0.48381
0.49452
0.50064
0.50138
0.55752
0.58966
0.61323
0.56435
0.55787
0.53875
0.54039
0.55015
0.56274
0.57428
0.55517
0.52522
0.50640
0.48895
0.48969
0.49979
0.54314
0.54226
0.49689
0.48030
0.50107
0.49898
0.49738
0.51960
0.49531
0.50606
0.49563
0.50909
0.53276
0.51776
0.49526
0.47644
0.49236
0.50860
0.50718
0.52747
0.53316
0.53895
0.55948
0.59579
0.60996
0.58790
0.54473
0.56000
0.59493
0.57728
0.57486
0.57557
0.57019
0.57947
0.56792
0.56064
0.57056
0.58185
0.59703
0.63071
0.64180
0.66267
0.66045
0.68476
0.68238
0.66617
0.69867
0.69863
0.70340
0.70887
0.69837
0.71123
0.71578
0.70110
0.69848
0.68967
0.69520
0.72994
0.70035
0.72783
0.67054
0.66254
0.65846
0.63062
0.61753
0.60563
0.62926
0.62412
0.61997
0.62418
0.65377
0.59830
0.55614
0.52055
0.53047
0.51521
0.50452
0.50421
0.53546
0.51718
0.51333
0.54903
0.55452
0.53418
0.52244
0.49677
0.50642
0.51449
0.51427
0.50352
0.51247
0.55608
0.55227
0.56588
0.55865
0.55857
0.55707
0.50991
0.50505
0.53194
0.54947
0.53893
0.54102
0.53638
0.53959
0.52894
0.54322
0.55990
0.53506
0.56682
0.57177
0.56609
0.61019
0.57889
0.62075
0.62783
0.63165
0.61690
0.62141
0.63715
0.65876
0.65734
0.65934
0.65721
0.62816
0.58906
0.57095
0.58279
0.61708
0.61168
0.66209
0.66177
0.65454
0.66591
0.68013
0.67527
0.66856
0.67209
0.64082
0.64435
0.67495
0.66312
0.64452
0.63535
0.60676
0.61140
0.60394
0.62164
0.62613
0.64390
0.66569
0.67389
0.67072
0.64975
0.63400
0.63637
0.63995
0.66821
0.67498
0.66037
0.62253
0.62155
0.61786
0.63660
0.63706
0.63699
0.63529
0.63071
0.62872
0.64802
0.65692
0.66588
0.63630
0.62021
0.60541
0.57127
0.61426
0.58185
0.59471
0.57091
0.55614
0.55628
0.55644
0.55596
0.58952
0.58860
0.58737
0.55609
0.55869
0.55466
0.56604
0.56354
0.55699
0.52728
0.52525
0.52856
0.47357
0.47357
0.48028
0.47454
0.46897
0.44753
0.49351
0.51187
0.46890
0.40921
0.43430
0.44909
0.45467
0.43126
0.41578
0.42957
0.44525
0.43460
0.44704
0.48269
0.45582
0.47768
0.48136
0.49606
0.55436
0.54380
0.52319
0.55619
0.56582
0.58821
0.60263
0.59893
0.57025
0.56187
0.57285
0.57287
0.54949
0.54381
0.53018
0.52486
0.53506
0.52444
0.50252
0.49494
0.47147
0.49246
0.50676
0.50212
0.50413
0.50588
0.51549
0.52129
0.53425
0.56947
0.56704
0.57539
0.55460
0.55770
0.51216
0.46375
0.49370
0.47814
0.43079
0.43051
0.43994
0.41266
0.36747
0.35629
0.33564
0.32500
0.35100
0.35609
0.35380
0.34489
0.33614
0.32771
0.32938
0.33712
0.30743
0.30660
0.29243
0.28942
0.28879
0.29362
0.31941
0.30490
0.27845
0.29351
0.30892
0.33444
0.33392
0.30653
0.30383
0.26551
0.28665
0.27194
0.21402
0.23160
0.22317
0.19042
0.19474
0.16166
0.14683
0.15804
0.19066
0.19140
0.16993
0.17405
0.17810
0.16091
0.14607
0.15291
0.13257
0.16935
0.17086
0.17381
0.16803
0.15982
0.16935
0.17051
0.20233
0.15599
0.15673
0.13941
0.13748
0.13225
0.13538
0.15254
0.13945
0.10860
0.11866
0.11159
0.11335
0.11064
0.09542
0.08350
0.13018
0.16084
0.15784
0.17299
0.20654
0.22070
0.19166
0.23460
0.23883
0.22617
0.21768
0.25238
0.26602
0.22010
0.18142
0.20356
0.20365
0.18482
0.20538
0.21338
0.21621
0.21143
0.21650
0.21988
0.24696
0.24821
0.25980
0.28612
0.35114
0.35751
0.36464
0.38862
0.38250
0.38518
0.39191
0.40135
0.39120
0.39652
0.41699
0.39610
0.36933
0.36415
0.37048
0.40665
0.40818
0.41611
0.44116
0.43669
0.44277
0.44829
0.43906
0.43415
0.43324
0.46513
0.47342
0.45181
0.44262
0.43307
0.37428
0.36643
0.36240
0.36921
0.34406
0.30110
0.32230
0.32767
0.31767
0.32099
0.34994
0.34964
0.36128
0.37091
0.39240
0.37471
0.40057
0.42666
0.42142
0.44427
0.47435
0.46450
0.47559
0.45828
0.41417
0.42073
0.44056
0.41797
0.40905
0.39803
0.40677
0.42855
0.40331
0.41774
0.42709
0.41912
0.40834
0.38392
0.41568
0.40043
0.39106
0.38042
0.39140
0.39202
0.40154
0.41587
0.38960
0.37850
0.38182
0.37662
0.41409
0.44580
0.44116
0.44424
0.43347
0.44902
0.47224
0.45619
0.45691
0.47108
0.45528
0.46448
0.43668
0.46383
0.45939
0.45119
0.48094
0.48064
0.47816
0.48594
0.49890
0.51300
0.48727
0.49022
0.49036
0.53529
0.50177
0.53560
0.55932
0.57399
0.57524
0.60895
0.57369
0.60285
0.60792
0.61053
0.55918
0.56227
0.55492
0.50781
0.45920
0.44361
0.44039
0.47223
0.47741
0.47500
0.50863
0.49413
0.45776
0.48600
0.49997
0.48532
0.47565
0.44237
0.41949
0.39144
0.38984
0.44870
0.45467
0.43708
0.44059
0.47158
0.47630
0.49175
0.48790
0.49562
0.48656
0.46071
0.46897
0.46966
0.45015
0.42784
0.46494
0.46198
0.47085
0.43439
0.47977
0.44712
0.41338
0.41457
0.38781
0.39342
0.40267
0.40621
0.38548
0.38405
0.37665
0.37961
0.42144
0.41161
0.39772
0.40766
0.36017
0.36368
0.32400
0.32146
0.29024
0.29654
0.30153
0.25359
0.22975
0.24974
0.24271
0.24786
0.26894
0.27015
0.29405
0.34803
0.33998
0.34150
0.31916
0.31281
0.30474
0.33693
0.32587
0.36018
0.40112
0.41155
0.42737
0.42098
0.41743
0.40010
0.40169
0.38433
0.40135
0.41225
0.38842
0.35842
0.32611
0.28041
0.25633
0.25608
0.25255
0.24225
0.24097
0.22918
0.24070
0.25849
0.24764
0.29243
0.29255
0.30014
0.32907
0.31192
0.31445
0.32207
0.31043
0.29558
0.29076
0.26065
0.30051
0.30891
0.33295
0.35180
0.38030
0.37720
0.37085
0.44052
0.42823
0.42830
0.41032
0.42527
0.41890
0.42803
0.42430
0.44305
0.41805
0.36848
0.33517
0.33112
0.35478
0.33434
0.33932
0.34436
0.34821
0.39239
0.38706
0.44993
0.47400
0.43880
0.43326
0.41707
0.43689
0.45226
0.47947
0.47625
0.46626
0.49280
0.48650
0.47681
0.44570
0.42167
0.41958
0.38679
0.40245
0.44792
0.46870
0.46990
0.45883
0.45599
0.46402
0.43338
0.45005
0.45169
0.45956
0.46673
0.47180
0.43386
0.46117
0.43580
0.43210
0.41904
0.43185
0.41932
0.42472
0.39046
0.38652
0.39041
0.41814
0.39834
0.43444
0.41257
0.42447
0.39963
0.40835
0.40297
0.37538
0.37271
0.37281
0.37317
0.41646
0.43967
0.43893
0.44074
0.40117
0.40412
0.41698
0.44739
0.45953
0.43601
0.45209
0.42235
0.39010
0.37649
0.32652
0.36457
0.39461
0.39641
0.41009
0.42390
0.42681
0.42581
0.43464
0.44499
0.48177
0.47946
0.47092
0.47384
0.51574
0.47987
0.48777
0.48374
0.49905
0.48895
0.44546
0.44105
0.48750
0.48796
0.50949
0.54633
0.53760
0.53325
0.49154
0.46467
0.44590
0.44144
0.44532
0.37837
0.37914
0.39507
0.43504
0.43844
0.42282
0.40700
0.42901
0.40966
0.40653
0.44393
0.44471
0.51184
0.47645
0.48354
0.46122
0.44381
0.44212
0.44779
0.43489
0.42694
0.41701
0.44129
0.45107
0.43158
0.41007
0.41121
0.43368
0.42405
0.39397
0.38254
0.37242
0.35802
0.32805
0.34398
0.35964
0.34666
0.32739
0.31763
0.37648
0.33098
0.32820
0.31320
0.31018
0.35922
0.36051
0.38134
0.38940
0.38407
0.36443
0.36399
0.39318
0.39053
0.39408
0.40677
0.42367
0.40184
0.33334
0.37703
0.37934
0.36529
0.37161
0.34768
0.33295
0.33482
0.33812
0.32276
0.34416
0.35197
0.33768
0.31808
0.31714
0.29916
0.32986
0.33962
0.39313
0.36730
0.37571
0.34793
0.34377
0.38599
0.41330
0.41892
0.42085
0.41318
0.40625
0.37288
0.39818
0.40062
0.39248
0.40463
0.39776
0.37584
0.35746
0.33417
0.30527
0.28319
0.26786
0.28509
0.28804
0.27956
0.25681
0.22588
0.21183
0.19802
0.18002
0.21652
0.28136
0.31471
0.33622
0.35791
0.35640
0.35711
0.37169
0.37950
0.37609
0.36124
0.35409
0.35822
0.33237
0.35481
0.35938
0.32971
0.33095
0.31810
0.32271
0.33102
0.33199
0.35124
0.29218
0.28643
0.30103
0.31008
0.33403
0.30071
0.32602
0.36072
0.38716
0.43178
0.43754
0.47360
0.44416
0.45843
0.45931
0.42867
0.46114
0.43893
0.44247
0.43426
0.42265
0.41198
0.41770
0.42536
0.41382
0.42041
0.43713
0.42026
0.43942
0.44285
0.44875
0.46821
0.43708
0.40800
0.44207
0.46843
0.46562
0.49072
0.49393
0.46091
0.47099
0.47091
0.44874
0.45966
0.46965
0.48151
0.50633
0.49841
0.51388
0.51863
0.51480
0.49154
0.49127
0.49115
0.50832
0.48409
0.47494
0.47545
0.51703
0.56606
0.55743
0.56173
0.60028
0.62960
0.62231
0.60953
0.57297
0.53992
0.55612
0.54152
0.56576
0.61065
0.63318
0.64078
0.63630
0.67523
0.68565
0.70392
0.65364
0.67702
0.69742
0.67637
0.67394
0.67489
0.68996
0.69918
0.66232
0.71496
0.74835
0.74299
0.72543
0.75145
0.71375
0.73940
0.74487
0.76696
0.76844
0.78701
0.79806
0.79065
0.77468
0.77884
0.79030
0.78085
0.78964
0.81472
0.79728
0.75558
0.75670
0.78484
0.75154
0.72377
0.73367
0.73184
0.72968
0.73014
0.76088
0.79862
0.82318
0.86126
0.86950
0.85577
0.86428
0.84738
0.85381
0.85528
0.83149
0.82952
0.80204
0.80724
0.78055
0.80061
0.77712
0.76715
0.76976
0.78586
0.79736
0.79787
0.73371
0.75778
0.78209
0.76004
0.75716
0.75904
0.77020
0.79796
0.79900
0.79234
0.79779
0.79459
0.78488
0.75259
0.73589
0.72843
0.70876
0.68182
0.66751
0.65137
0.63217
0.59246
0.58939
0.62192
0.61824
0.63557
0.61164
0.60895
0.63617
0.62684
0.60886
0.61743
0.61464
0.61283
0.60906
0.62860
0.63775
0.63715
0.64999
0.62640
0.67384
0.67898
0.65200
0.67244
0.68485
0.66960
0.64175
0.64772
0.65884
0.66527
0.67683
0.61322
0.60670
0.57001
0.57144
0.56247
0.58812
0.59072
0.56040
0.56687
0.52948
0.51562
0.51629
0.52445
0.50971
0.53164
0.53200
0.55511
0.56352
0.59828
0.58553
0.59104
0.61657
0.59578
0.59647
0.61851
0.61116
0.59431
0.59355
0.59697
0.58553
0.57880
0.56592
0.59050
0.56491
0.53021
0.51793
0.51750
0.52336
0.50812
0.51784
0.54353
0.56128
0.56641
0.53141
0.54023
0.52684
0.52143
0.53138
0.51576
0.56629
0.58039
0.58296
0.59854
0.63350
0.64924
0.67720
0.66817
0.64827
0.63580
0.62061
0.61984
0.63033
0.63983
0.65770
0.63400
0.63715
0.68652
0.65016
0.58852
0.54940
0.57855
0.60301
0.58010
0.59110
0.59715
0.59987
0.57227
0.61102
0.62872
0.61875
0.59366
0.56063
0.59286
0.58181
0.55207
0.54845
0.54777
0.54071
0.54387
0.53999
0.53359
0.57269
0.57579
0.57141
0.56837
0.58113
0.62512
0.56445
0.57486
0.57549
0.56940
0.56766
0.57456
0.58523
0.54207
0.52123
0.50766
0.52790
0.47837
0.47177
0.48867
0.50872
0.51539
0.51422
0.51730
0.51675
0.51948
0.53981
0.52699
0.52284
0.51737
0.49265
0.47055
0.50432
0.47420
0.47914
0.47316
0.48270
0.51417
0.51595
0.52593
0.57747
0.56096
0.56233
0.57826
0.59432
0.60287
0.62026
0.60968
0.62551
0.60499
0.60832
0.63838
0.62040
0.62799
0.63702
0.63678
0.64527
0.64520
0.63788
0.61390
0.64613
0.61520
0.61906
0.61113
0.62050
0.62936
0.61615
0.62147
0.61344
0.58871
0.62052
0.60518
0.62538
0.63405
0.63004
0.63873
0.63782
0.63901
0.62880
0.62670
0.63416
0.63416
0.68299
0.67088
0.66336
0.69452
0.71145
0.68833
0.69100
0.72201
0.73366
0.71261
0.71557
0.71927
0.72672
0.75767
0.77221
0.71732
0.69771
0.71275
0.69019
0.69029
0.73811
0.71576
0.75485
0.71746
0.71054
0.70669
0.67969
0.66708
0.66967
0.68494
0.69349
0.69613
0.69125
0.71377
0.70915
0.72694
0.73469
0.76449
0.74535
0.77044
0.77807
0.76924
0.78022
0.80409
0.80347
0.82285
0.79006
0.78545
0.75247
0.73820
0.77346
0.74501
0.75241
0.71423
0.71972
0.71016
0.72964
0.71679
0.74658
0.75876
0.71839
0.76980
0.76003
0.74682
0.78154
0.76170
0.75625
0.72781
0.75672
0.68895
0.70523
0.71981
0.70890
0.73282
0.77713
0.76582
0.75624
0.72045
0.70741
0.70234
0.74481
0.71936
0.72564
0.72108
0.74764
0.74194
0.74604
0.75628
0.77797
0.77549
0.75823
0.75904
0.76164
0.74927
0.73105
0.71795
0.70574
0.67103
0.72155
0.71416
0.70624
0.71693
0.70608
0.68631
0.67338
0.67813
0.66956
0.67434
0.73405
0.76793
0.74625
0.74988
0.76991
0.79300
0.75095
0.73201
0.74257
0.77746
0.82340
0.83373
0.83369
0.82900
0.78946
0.79549
0.78208
0.78201
0.76674
0.75761
0.72367
0.73306
0.73885
0.72360
0.66952
0.65017
0.63046
0.66294
0.63575
0.62988
0.62496
0.59981
0.60528
0.62400
0.63151
0.63802
0.64031
0.64770
0.59895
0.54674
0.51966
0.50714
0.46072
0.46917
0.47821
0.46621
0.46698
0.45663
0.46296
0.45072
0.46939
0.45208
0.46903
0.45060
0.49229
0.50793
0.51126
0.51755
0.54139
0.57396
0.56340
0.56179
0.55795
0.57622
0.59982
0.60231
0.56655
0.58135
0.60041
0.60522
0.61072
0.59671
0.60174
0.63319
0.58484
0.57138
0.58179
0.57654
0.59333
0.56741
0.55873
0.54658
0.55075
0.53069
0.54502
0.56844
0.60165
0.62619
0.62275
0.68848
0.69220
0.71870
0.69637
0.70116
0.71692
0.69810
0.70283
0.66879
0.69655
0.71312
0.70180
0.72679
0.75002
0.78485
0.78120
0.78306
0.77590
0.76061
0.73413
0.72957
0.76220
0.75937
0.74668
0.74509
0.75492
0.74035
0.74044
0.70097
0.69495
0.72276
0.71979
0.69984
0.70116
0.68295
0.61584
0.60250
0.58435
0.56509
0.59071
0.60866
0.60933
0.61715
0.61214
0.61574
0.62854
0.64154
0.65351
0.63556
0.64074
0.64778
0.63088
0.62159
0.59182
0.59105
0.60290
0.63027
0.65445
0.62459
0.60532
0.61204
0.58631
0.65608
0.64796
0.59653
0.58982
0.61485
0.62897
0.60759
0.61983
0.60834
0.62586
0.60512
0.60081
0.61766
0.64556
0.64915
0.62338
0.62681
0.66237
0.66164
0.65114
0.66158
0.65680
0.65615
0.69298
0.68029
0.65571
0.64170
0.61246
0.61258
0.59625
0.60087
0.59025
0.55498
0.55613
0.56831
0.57387
0.56608
0.54550
0.55616
0.56372
0.56528
0.55377
0.56665
0.55440
0.53179
0.50014
0.53488
0.54019
0.47440
0.48259
0.49618
0.47673
0.47149
0.42596
0.47853
0.50402
0.49607
0.48964
0.47919
0.47302
0.44664
0.49664
0.46159
0.44345
0.47631
0.48439
0.51857
0.50153
0.49599
0.47906
0.47876
0.47995
0.47506
0.52630
0.50372
0.47545
0.47501
0.48479
0.47722
0.48402
0.47849
0.48186
0.49293
0.45027
0.43718
0.42910
0.41650
0.44295
0.43684
0.39989
0.42176
0.45243
0.44687
0.45049
0.49354
0.46120
0.48632
0.47993
0.48480
0.49121
0.47951
0.49841
0.49059
0.47305
0.49475
0.51638
0.54571
0.52836
0.51749
0.51160
0.48902
0.49786
0.47533
0.44943
0.44768
0.42861
0.41585
0.41095
0.40314
0.41545
0.43906
0.44957
0.46792
0.47049
0.43361
0.42279
0.45793
0.47696
0.48011
0.50119
0.48517
0.48998
0.50597
0.49013
0.47969
0.49272
0.50253
0.51605
0.52242
0.53784
0.60791
0.61281
0.68431
0.68281
0.67152
0.64664
0.64139
0.64233
0.65526
0.64814
0.69320
0.64308
0.65503
0.63345
0.63786
0.61800
0.61588
0.61874
0.61413
0.62240
0.64051
0.64938
0.64434
0.68784
0.65908
0.64834
0.64997
0.65520
0.62628
0.62305
0.61379
0.63416
0.62279
0.61630
0.61096
0.61692
0.59490
0.58709
0.59191
0.60515
0.58789
0.56199
0.58229
0.58737
0.58076
0.56704
0.52821
0.51608
0.46247
0.45688
0.49021
0.49941
0.52261
0.49735
0.49878
0.50077
0.53715
0.53590
0.53461
0.52543
0.57833
0.62091
0.62875
0.64640
0.64626
0.64084
0.64022
0.61753
0.63127
0.62746
0.64130
0.64106
0.64487
0.63240
0.66022
0.65227
0.60139
0.62788
0.60554
0.57970
0.59158
0.55845
0.57404
0.60650
0.59546
0.59333
0.58504
0.62227
0.65882
0.63326
0.64454
0.62788
0.64119
0.63851
0.64168
0.67639
0.69513
0.68908
0.68746
0.68855
0.68243
0.68195
0.67417
0.66229
0.62404
0.59510
0.62373
0.61984
0.62555
0.58809
0.55475
0.55705
0.57510
0.60283
0.61404
0.62305
0.64917
0.67068
0.75906
0.73714
0.73218
0.73394
0.68716
0.73341
0.73751
0.69795
0.67122
0.66290
0.68947
0.69148
0.68890
0.66105
0.69146
0.71395
0.68982
0.70460
0.68627
0.68249
0.63811
0.62178
0.59868
0.60716
0.63247
0.60707
0.62834
0.72359
0.69964
0.70354
0.68878
0.69310
0.69304
0.69683
0.68361
0.64955
0.62542
0.62168
0.61792
0.61153
0.58565
0.59692
0.62064
0.59775
0.63906
0.64959
0.63451
0.60662
0.59625
0.60528
0.59360
0.58730
0.62637
0.64081
0.65319
0.66072
0.63520
0.66037
0.64343
0.64775
0.63892
0.66021
0.65479
0.60829
0.59928
0.58101
0.59465
0.62370
0.63923
0.63942
0.61232
0.62357
0.60501
0.61230
0.61972
0.64369
0.62855
0.66914
0.66120
0.66741
0.69849
0.68586
0.67155
0.67632
0.66411
0.68563
0.67704
0.68730
0.68404
0.70830
0.73211
0.69260
0.69574
0.70328
0.73209
0.67064
0.64060
0.62422
0.65160
0.64011
0.63694
0.66895
0.65903
0.65839
0.64617
0.67191
0.68603
0.67472
0.67517
0.72436
0.71298
0.73068
0.70679
0.72232
0.71573
0.72993
0.73959
0.72775
0.71119
0.71765
0.75284
0.74663
0.75307
0.76241
0.77071
0.78668
0.78129
0.79106
0.78071
0.77165
0.78346
0.78631
0.82017
0.81004
0.77890
0.76344
0.75818
0.75593
0.75621
0.75997
0.75534
0.72761
0.73273
0.78238
0.75894
0.73842
0.71594
0.73139
0.70463
0.70875
0.70889
0.72342
0.71535
0.71403
0.70734
0.72718
0.71833
0.68561
0.67213
0.69192
0.67920
0.65760
0.64404
0.60343
0.64541
0.61904
0.62153
0.64587
0.62673
0.63550
0.64524
0.62007
0.60856
0.61647
0.64704
0.66029
0.69299
0.66247
0.67212
0.69083
0.70371
0.72206
0.69739
0.70663
0.69713
0.69817
0.68898
0.66469
0.70411
0.70165
0.70594
0.69442
0.68671
0.68879
0.71491
0.68935
0.75152
0.70722
0.71302
0.71400
0.72231
0.70944
0.69497
0.67147
0.63748
0.65484
0.65470
0.66126
0.65272
0.64786
0.65325
0.66881
0.67822
0.66634
0.65252
0.64029
0.65059
0.61665
0.60873
0.57564
0.57458
0.57986
0.58406
0.58802
0.55738
0.54628
0.54862
0.55310
0.53250
0.53186
0.54548
0.54172
0.54043
0.55713
0.55553
0.57209
0.55820
0.57698
0.56661
0.58691
0.59055
0.56738
0.57899
0.58627
0.61094
0.57505
0.55325
0.55338
0.47970
0.46994
0.43490
0.43186
0.38677
0.39353
0.41995
0.41707
0.44429
0.43823
0.41148
0.40388
0.41358
0.45580
0.43721
0.43798
0.39806
0.36833
0.35686
0.36038
0.37062
0.37381
0.41644
0.41301
0.37885
0.35907
0.36283
0.40099
0.36698
0.37327
0.44977
0.42902
0.41813
0.42005
0.42033
0.43411
0.44135
0.44693
0.43543
0.41378
0.40298
0.37906
0.36782
0.31054
0.31645
0.30108
0.33425
0.33746
0.38264
0.40987
0.41058
0.41287
0.41163
0.39358
0.41371
0.43567
0.46611
0.47171
0.44829
0.44802
0.43200
0.43566
0.43094
0.43610
0.42296
0.42953
0.45088
0.44607
0.44452
0.44560
0.44268
0.44770
0.41742
0.45994
0.48983
0.46747
0.48166
0.47375
0.48760
0.46761
0.43321
0.40081
0.38802
0.36337
0.35470
0.30366
0.34145
0.30895
0.30391
0.31916
0.36182
0.35977
0.32383
0.32537
0.33273
0.36977
0.36183
0.41112
0.41959
0.40883
0.44823
0.48569
0.53202
0.52048
0.53380
0.53795
0.57429
0.55341
0.53557
0.56386
0.55149
0.52290
0.55101
0.57605
0.57143
0.56335
0.55415
0.52131
0.48145
0.48003
0.49784
0.46474
0.43103
0.41107
0.39672
0.43557
0.40281
0.44384
0.43864
0.45181
0.46047
0.45141
0.44954
0.45928
0.46845
0.43829
0.46897
0.46845
0.46748
0.50005
0.50437
0.51980
0.52039
0.49066
0.51851
0.54061
0.53866
0.54042
0.50858
0.50737
0.48703
0.49641
0.52654
0.54259
0.54928
0.54823
0.54017
0.57349
0.59585
0.60167
0.59390
0.59981
0.62150
0.62312
0.61230
0.59461
0.60711
0.63539
0.65381
0.63402
0.60159
0.62183
0.64098
0.66915
0.70274
0.70631
0.81401
0.80876
0.83358
0.81077
0.79407
0.83979
0.82602
0.79018
0.74798
0.72999
0.71778
0.69084
0.70337
0.68699
0.69096
0.69495
0.65250
0.67983
0.67046
0.71984
0.69831
0.72312
0.72308
0.66294
0.68717
0.68357
0.66471
0.66655
0.65521
0.70915
0.69751
0.71292
0.71291
0.72719
0.71580
0.74975
0.76414
0.77777
0.76226
0.74053
0.71740
0.71469
0.71177
0.70184
0.72081
0.73535
0.71242
0.64385
0.65229
0.66248
0.68524
0.69364
0.69747
0.70748
0.74056
0.74228
0.77327
0.81016
0.81970
0.82450
0.84000
0.78155
0.78370
0.73791
0.73736
0.71200
0.70949
0.72594
0.75510
0.77998
0.77881
0.79060
0.77944
0.77516
0.77376
0.77293
0.79062
0.79746
0.80568
0.79073
0.81214
0.83158
0.85393
0.81940
0.82945
0.89288
0.90800
0.94060
0.94047
0.92103
0.88069
0.86819
0.81965
0.83530
0.77754
0.77174
0.73266
0.74798
0.73479
0.67004
0.63833
0.64800
0.65543
0.64461
0.64060
0.63154
0.62272
0.62460
0.62558
0.61121
0.60824
0.60392
0.59658
0.59473
0.61936
0.61042
0.57565
0.53755
0.56551
0.55438
0.56456
0.55413
0.54163
0.53107
0.53611
0.53370
0.57689
0.56101
0.53956
0.50629
0.50967
0.51092
0.51438
0.53592
0.56049
0.57263
0.53204
0.54966
0.53198
0.53428
0.55957
0.55435
0.56218
0.56459
0.57392
0.58625
0.59702
0.61435
0.61363
0.62244
0.62083
0.61590
0.65119
0.64979
0.62818
0.62508
0.64718
0.64773
0.63511
0.60825
0.64472
0.65405
0.69141
0.64636
0.67119
0.65815
0.68158
0.68345
0.70233
0.70980
0.69962
0.70652
0.69093
0.68223
0.67674
0.68901
0.66184
0.67519
0.66873
0.66670
0.69267
0.67190
0.64436
0.63259
0.63023
0.59212
0.59054
0.59793
0.62106
0.62222
0.58472
0.58462
0.56644
0.53646
0.49772
0.50475
0.44502
0.46081
0.47195
0.49133
0.49329
0.50789
0.53204
0.54560
0.53374
0.52985
0.51098
0.51606
0.51931
0.51177
0.50878
0.51870
0.56132
0.58299
0.58890
0.60531
0.61594
0.58100
0.57713
0.51498
0.52221
0.50388
0.51877
0.51444
0.47841
0.49040
0.49534
0.53019
0.47497
0.46396
0.44632
0.42634
0.42792
0.43650
0.42276
0.41952
0.38396
0.40433
0.43074
0.39954
0.42161
0.40160
0.43809
0.42326
0.46483
0.47380
0.49530
0.50867
0.53599
0.54445
0.51440
0.47134
0.49647
0.49307
0.49022
0.50811
0.51351
0.53867
0.53331
0.54156
0.52156
0.46569
0.43238
0.44064
0.42569
0.42174
0.43165
0.45153
0.45741
0.48149
0.46178
0.46709
0.47204
0.46445
0.46446
0.49176
0.48761
0.51585
0.49769
0.51697
0.49614
0.49125
0.51342
0.52261
0.53614
0.49976
0.45105
0.46695
0.49720
0.47723
0.49474
0.50348
0.55493
0.51994
0.48355
0.49547
0.50949
0.46537
0.45019
0.46434
0.46118
0.48570
0.46795
0.46000
0.50066
0.46564
0.49644
0.51564
0.50181
0.47756
0.47526
0.49178
0.44814
0.47424
0.48990
0.50152
0.49692
0.50714
0.50502
0.50223
0.45809
0.43909
0.44523
0.45341
0.45832
0.38064
0.38064
0.41649
0.43243
0.42094
0.42040
0.41700
0.43254
0.41545
0.39665
0.37740
0.38094
0.37874
0.36386
0.34756
0.32472
0.32631
0.30782
0.33842
0.32444
0.36985
0.36594
0.36224
0.36149
0.36307
0.35229
0.34824
0.35213
0.30274
0.30464
0.29489
0.30045
0.30120
0.28372
0.28332
0.30697
0.29328
0.31822
0.33796
0.37723
0.36179
0.32872
0.32210
0.33107
0.32526
0.31259
0.31806
0.33469
0.34244
0.34625
0.34891
0.34910
0.37803
0.37277
0.38543
0.38210
0.36491
0.33238
0.31988
0.28762
0.33675
0.30571
0.31860
0.30970
0.31608
0.33434
0.31525
0.31788
0.29929
0.30625
0.30716
0.33973
0.32535
0.30006
0.28535
0.26591
0.24618
0.24352
0.27602
0.27152
0.26078
0.25761
0.25346
0.22591
0.20906
0.21134
0.21054
0.19456
0.16779
0.16076
0.17365
0.21382
0.20468
0.23155
0.21917
0.18955
0.17826
0.14762
0.15871
0.12745
0.11192
0.10940
0.13310
0.12738
0.15197
0.18594
0.21302
0.22081
0.18371
0.17065
0.17890
0.19492
0.18826
0.21874
0.22516
0.23433
0.20471
0.19268
0.20270
0.20550
0.23065
0.19341
0.22823
0.22568
0.19884
0.21112
0.24842
0.22480
0.21252
0.18692
0.16329
0.15793
0.14486
0.16517
0.13579
0.14265
0.14665
0.14761
0.14261
0.16176
0.18983
0.18123
0.18387
0.20204
0.20889
0.18049
0.18672
0.15048
0.11541
0.14790
0.19503
0.23575
0.19319
0.14477
0.13729
0.12964
0.12728
0.09169
0.07040
0.08166
0.08634
0.07569
0.11299
0.14784
0.14264
0.15194
0.15794
0.15740
0.14107
0.17565
0.18669
0.21784
0.25698
0.23406
0.24726
0.23548
0.25193
0.24508
0.26066
0.30306
0.29025
0.28381
0.27675
0.29792
0.28224
0.34277
0.34631
0.35429
0.35938
0.35133
0.37446
0.38449
0.40931
0.41101
0.38697
0.40566
0.42195
0.43794
0.42908
0.43802
0.43101
0.43248
0.44807
0.43197
0.41646
0.42556
0.41635
0.47259
0.45997
0.45974
0.44828
0.43044
0.44523
0.45956
0.44154
0.43095
0.44846
0.43603
0.41433
0.38713
0.36070
0.38304
0.39104
0.38644
0.39347
0.40719
0.39412
0.37347
0.39795
0.38934
0.37725
0.40753
0.39433
0.38093
0.34180
0.33999
0.36072
0.37094
0.38017
0.41176
0.44171
0.45199
0.47242
0.46219
0.46383
0.43967
0.46529
0.49034
0.53360
0.50036
0.50615
0.48819
0.46842
0.43845
0.42770
0.45777
0.39205
0.38119
0.40767
0.41908
0.41212
0.42403
0.42937
0.47359
0.46136
0.45362
0.47410
0.45594
0.44426
0.42011
0.43490
0.43238
0.40134
0.41385
0.40325
0.39031
0.38472
0.36816
0.34816
0.35597
0.34687
0.31780
0.34984
0.36592
0.33660
0.33468
0.37511
0.43695
0.44341
0.42479
0.41193
0.39098
0.37618
0.41696
0.40766
0.41507
0.43407
0.43236
0.45341
0.45459
0.44451
0.43579
0.42207
0.40602
0.40239
0.42193
0.39946
0.40180
0.39321
0.38237
0.32898
0.31024
0.22625
0.25853
0.24286
0.24876
0.23104
0.20156
0.17156
0.17441
0.13313
0.13599
0.13079
0.17052
0.15029
0.14301
0.11949
0.07633
0.07478
0.06012
0.07374
0.06222
0.09324
0.11807
0.10341
0.08777
0.09960
0.10190
0.12192
0.12092
0.13794
0.11772
0.15126
0.16657
0.13333
0.16551
0.16722
0.18659
0.13472
0.16144
0.15583
0.19851
0.16517
0.16643
0.14395
0.14858
0.15511
0.13215
0.14577
0.13410
0.09971
0.09827
0.07762
0.10246
0.06656
0.07108
0.06840
0.07160
0.05153
0.06552
0.06036
0.07954
0.06967
0.07250
0.08079
0.09114
0.07064
0.09732
0.07957
0.05796
0.07184
0.03438
0.02050
0.01132
0.01523
0.03063
0.03578
0.05776
0.09959
0.10333
0.08618
0.06799
0.08654
0.07712
0.07538
0.07740
0.09069
0.07207
0.07568
0.06150
0.05355
0.04606
0.07595
0.10299
0.16290
0.16694
0.13195
0.14906
0.15961
0.16578
0.13138
0.15073
0.17195
0.14766
0.15293
0.13161
0.15303
0.19160
0.15426
0.17875
0.18124
0.21381
0.20021
0.20493
0.15559
0.14067
0.11675
0.13597
0.13151
0.14371
0.14750
0.17934
0.15758
0.16319
0.14951
0.10157
0.11970
0.14282
0.12808
0.14420
0.15606
0.11559
0.14031
0.11429
0.10975
0.11339
0.12923
0.11955
0.11304
0.07854
0.05459
0.07177
0.08313
0.10362
0.11903
0.15731
0.13973
0.16010
0.16217
0.15639
0.17604
0.15707
0.11249
0.11986
0.12827
0.13894
0.13050
0.10500
0.11916
0.15028
0.14449
0.11783
0.09641
0.11040
0.13803
0.07354
0.08639
0.04941
0.02595
0.06333
0.04591
0.06632
0.05760
0.07675
0.08608
0.10958
0.10095
0.08070
0.11081
0.09033
0.10324
0.10058
0.05549
0.05031
0.05023
0.05333
0.04163
0.04645
0.05623
0.03051
0.05759
0.09246
0.10960
0.09585
0.12718
0.14520
0.15941
0.17193
0.14930
0.13346
0.10539
0.08964
0.09488
0.06823
0.08499
0.08613
0.04294
0.02216
0.04631
0.06846
0.08622
0.08679
0.07815
0.07299
0.10297
0.13119
0.18445
0.17710
0.19522
0.23086
0.21638
0.23156
0.20922
0.22831
0.21029
0.15581
0.15499
0.16329
0.16119
0.14567
0.13235
0.09047
0.08350
0.08103
0.04983
0.05830
0.08034
0.09747
0.10119
0.11688
0.09085
0.09927
0.14415
0.13944
0.13707
0.16389
0.22701
0.27008
0.27814
0.27862
0.28627
0.28551
0.29312
0.25184
0.24279
0.26630
0.27089
0.27453
0.25334
0.28025
0.26525
0.25509
0.27868
0.28007
0.29660
0.29052
0.29384
0.31237
0.26520
0.24778
0.22190
0.20764
0.20606
0.17892
0.16231
0.18836
0.19995
0.20718
0.22785
0.28576
0.32415
0.31859
0.33688
0.33022
0.28654
0.29930
0.27129
0.26309
0.24974
0.23967
0.23645
0.19738
0.18815
0.18684
0.17391
0.17207
0.17207
0.20330
0.19162
0.20824
0.18369
0.20550
0.20464
0.21331
0.23066
0.23345
0.23352
0.25621
0.25621
0.27168
0.26290
0.26431
0.29546
0.30491
0.31234
0.28651
0.27570
0.27480
0.31194
0.29172
0.28631
0.27812
0.27159
0.31336
0.27346
0.27086
0.28456
0.28373
0.28664
0.31790
0.31170
0.30459
0.31331
0.32500
0.32240
0.31264
0.29567
0.29104
0.31235
0.27235
0.25750
0.29708
0.29599
0.28511
0.29147
0.28143
0.26867
0.26872
0.25035
0.25281
0.23011
0.24793
0.28802
0.28386
0.26197
0.22105
0.19455
0.21727
0.19005
0.17878
0.16654
0.18959
0.21242
0.18962
0.19507
0.16094
0.17193
0.21876
0.21103
0.19163
0.17156
0.18189
0.21835
0.20707
0.18702
0.19106
0.18108
0.22194
0.22669
0.22415
0.21130
0.23417
0.25503
0.25050
0.30254
0.26908
0.27011
0.28127
0.34859
0.33848
0.33887
0.33532
0.35421
0.34012
0.36620
0.42027
0.41330
0.42338
0.41277
0.42520
0.43618
0.47747
0.45125
0.45178
0.48430
0.48949
0.47081
0.47210
0.48772
0.46130
0.45292
0.49544
0.48854
0.48972
0.49249
0.48613
0.48861
0.45672
0.47352
0.48394
0.48624
0.46350
0.47244
0.51356
0.53248
0.54489
0.55587
0.54486
0.54955
0.53746
0.55217
0.53835
0.54005
0.56080
0.60973
0.59929
0.56972
0.55712
0.52714
0.54901
0.51416
0.52743
0.48425
0.49787
0.49986
0.51615
0.46616
0.49520
0.49119
0.52468
0.53525
0.52365
0.52365
0.48779
0.48511
0.47852
0.46637
0.45944
0.47944
0.47391
0.48867
0.48593
0.48111
0.46245
0.43434
0.42798
0.44727
0.44259
0.41077
0.39004
0.40086
0.39608
0.42466
0.45166
0.44604
0.42719
0.42090
0.41887
0.41702
0.43299
0.43113
0.43959
0.44123
0.43227
0.41633
0.42808
0.43307
0.43309
0.44370
0.41191
0.41104
0.38862
0.38396
0.42508
0.42025
0.39684
0.42847
0.45007
0.44860
0.46929
0.46573
0.46087
0.45954
0.45725
0.44300
0.43266
0.42323
0.44045
0.45515
0.47990
0.40809
0.39359
0.38043
0.39559
0.39693
0.40643
0.40805
0.42503
0.47061
0.44476
0.45821
0.40161
0.39037
0.37187
0.39843
0.38295
0.43093
0.41983
0.40568
0.42385
0.39719
0.37100
0.33233
0.31880
0.29437
0.25997
0.28295
0.26529
0.27088
0.28952
0.29539
0.30061
0.26798
0.30306
0.28550
0.27803
0.27090
0.27585
0.29319
0.30167
0.31779
0.32432
0.31510
0.31017
0.29174
0.26215
0.30487
0.29294
0.31436
0.31515
0.34406
0.35259
0.35653
0.32202
0.38141
0.39409
0.42487
0.39094
0.40698
0.42041
0.42378
0.39234
0.37496
0.39867
0.39597
0.42358
0.38213
0.37672
0.37752
0.35921
0.38084
0.36025
0.36101
0.38625
0.41423
0.42123
0.45579
0.47198
0.48950
0.45610
0.49277
0.45990
0.47025
0.49034
0.48682
0.48565
0.48695
0.46333
0.41967
0.42687
0.41597
0.40553
0.38221
0.36859
0.38115
0.39384
0.38671
0.42496
0.45613
0.45140
0.45070
0.43232
0.45170
0.45051
0.42313
0.44420
0.46047
0.47755
0.47624
0.52962
0.53854
0.54834
0.57199
0.57265
0.56394
0.58276
0.62908
0.62448
0.61489
0.59933
0.59066
0.59437
0.61279
0.63221
0.63541
0.63235
0.63548
0.62752
0.58563
0.58563
0.66196
0.64101
0.62445
0.61820
0.65479
0.66260
0.64318
0.63276
0.62932
0.62575
0.62501
0.62531
0.63542
0.61418
0.60892
0.59924
0.59248
0.55732
0.55537
0.57059
0.60169
0.60002
0.55170
0.55133
0.54784
0.54478
0.50726
0.50231
0.51813
0.54160
0.49995
0.51357
0.53790
0.51953
0.53625
0.53786
0.54341
0.52283
0.52178
0.50629
0.52513
0.50513
0.55742
0.55261
0.57148
0.57849
0.56181
0.55748
0.54623
0.55689
0.57118
0.55587
0.54040
0.56425
0.58065
0.59858
0.62381
0.65533
0.64519
0.65785
0.61430
0.62222
0.58944
0.56610
0.58789
0.59911
0.60660
0.60403
0.64707
0.61952
0.65699
0.67936
0.67482
0.67838
0.67880
0.71395
0.70390
0.72642
0.72115
0.74921
0.76251
0.76132
0.77180
0.77973
0.77160
0.76477
0.75405
0.76279
0.76685
0.77758
0.76139
0.76255
0.72774
0.73875
0.76563
0.77285
0.76745
0.80786
0.84310
0.83147
0.82264
0.79966
0.78177
0.74219
0.76136
0.76953
0.77464
0.73580
0.76144
0.70054
0.71775
0.72424
0.69622
0.67302
0.67831
0.63817
0.68714
0.69120
0.66022
0.65372
0.65389
0.65409
0.61501
0.63403
0.63800
0.66967
0.67999
0.70723
0.67937
0.66167
0.68714
0.64638
0.64111
0.61611
0.62277
0.61523
0.61536
0.63826
0.62709
0.58788
0.58565
0.58442
0.58345
0.60203
0.59998
0.58897
0.58162
0.55258
0.54752
0.53821
0.51058
0.53288
0.52360
0.53843
0.54000
0.59936
0.60249
0.61712
0.62636
0.63776
0.61501
0.62656
0.70998
0.68876
0.67477
0.69012
0.68653
0.70256
0.70294
0.72767
0.76077
0.77108
0.77772
0.74705
0.72291
0.70934
0.70219
0.70020
0.70924
0.69660
0.69807
0.70472
0.70519
0.70468
0.72336
0.71094
0.74927
0.72904
0.76273
0.76002
0.75792
0.76902
0.77004
0.77816
0.81235
0.77577
0.82701
0.80737
0.76493
0.76320
0.81124
0.79716
0.78967
0.82963
0.83351
0.81727
0.85066
0.81218
0.79511
0.79536
0.81775
0.82952
0.85446
0.89125
0.90627
0.91924
0.94648
0.95103
0.94301
0.97417
0.96868
0.97789
0.95530
0.93219
0.90232
0.87779
0.89134
0.92536
0.91716
0.91003
0.95746
0.91120
0.92851
0.88740
0.91857
0.95467
0.95987
0.94117
0.95657
0.96264
0.91903
0.92876
0.91824
0.89773
0.90463
0.93092
0.91653
0.94108
0.93413
0.93781
0.95494
0.94961
0.95582
0.92386
0.89075
0.88572
0.89158
0.89714
0.90004
0.90521
0.88853
0.88854
0.89679
0.92313
0.92934
0.94005
0.97878
0.97166
0.97151
0.96739
0.99277
0.98732
0.97112
0.96636
0.96097
0.96996
0.95580
0.94119
0.92566
0.89838
0.87456
0.89090
0.92155
0.88859
0.90251
0.90461
0.90149
0.90777
0.92268
0.91529
0.91482
0.91517
0.90389
0.90816
0.96155
0.99618
0.97494
0.99427
1.00000
0.96138
0.98769
0.99941
0.98594
0.99456
0.96786
0.92058
0.92367
0.92301
0.95612
0.96541
0.99996
0.97850
0.97193
0.96583
0.98699
0.97756
0.96358
0.99174
0.95144
0.97966
0.99776
0.98000
0.97813
1.00000
0.98267
1.00000
0.99308
0.99846
0.99080
0.98281
0.97866
0.99219
1.00000
0.99968
0.98505
1.00000
0.99987
0.98189
0.98791
0.99749
0.97716
1.00000
0.96612
0.90458
0.92917
1.00000
0.98847
0.97619
0.99832
1.00000
0.99900
0.99495
0.99016
1.00000
0.98964
0.98524
1.00000
0.99425
1.00000
1.00000
0.99676
0.99603
0.99041
0.98310
0.97361
0.93799
0.89382
0.88767
0.86025
0.86426
0.88292
0.87218
0.84981
0.82007
0.83619
0.82804
0.79328
0.79488
0.75437
0.77582
0.77378
0.77443
0.80223
0.78349
0.81858
0.83420
0.79205
0.77892
0.79129
0.79454
0.76915
0.76667
0.77065
0.74981
0.74879
0.75899
0.75155
0.73818
0.73046
0.73808
0.73840
0.74864
0.78843
0.79067
0.81083
0.79749
0.76691
0.79593
0.81084
0.84594
0.87846
0.88854
0.89736
0.91110
0.89212
0.89985
0.84307
0.86736
0.85675
0.85599
0.86781
0.86666
0.86292
0.85187
0.80560
0.81502
0.79155
0.79509
0.78891
0.82022
0.81134
0.83246
0.84358
0.82360
0.81502
0.82627
0.83611
0.80743
0.80335
0.80845
0.80633
0.81327
0.77963
0.79361
0.76656
0.73783
0.73714
0.72903
0.71929
0.72020
0.72407
0.71820
0.69702
0.69612
0.69537
0.71777
0.70731
0.70213
0.69186
0.69023
0.68855
0.70063
0.69917
0.71341
0.69303
0.69712
0.69290
0.68285
0.68560
0.67683
0.68267
0.66870
0.66621
0.63398
0.65125
0.68230
0.63573
0.65618
0.62849
0.62851
0.63074
0.64044
0.64030
0.63150
0.64578
0.62474
0.63101
0.63470
0.64896
0.68172
0.69659
0.68310
0.69954
0.66699
0.67312
0.65887
0.71247
0.73169
0.74914
0.72560
0.70348
0.68308
0.66778
0.66922
0.66039
0.64341
0.61907
0.63977
0.64460
0.63802
0.66257
0.62215
0.61134
0.62743
0.62136
0.59187
0.60736
0.59962
0.57921
0.56438
0.50653
0.50686
0.49760
0.48408
0.49210
0.48704
0.47376
0.47309
0.48419
0.48535
0.45387
0.43845
0.44804
0.40826
0.39597
0.40820
0.43750
0.42919
0.40712
0.42237
0.42370
0.43940
0.44720
0.45677
0.47820
0.47581
0.49981
0.47186
0.45739
0.45636
0.45264
0.45494
0.41913
0.44395
0.44423
0.44975
0.41100
0.41034
0.42689
0.43388
0.44354
0.41218
0.41089
0.42559
0.40240
0.40835
0.40689
0.42147
0.41809
0.41771
0.44640
0.43837
0.45542
0.44995
0.48139
0.48940
0.50781
0.49794
0.52997
0.54195
0.54412
0.51192
0.52065
0.51193
0.48609
0.51821
0.53723
0.53741
0.54018
0.55241
0.54203
0.51958
0.50389
0.47889
0.51122
0.51162
0.49551
0.52584
0.53277
0.52978
0.56048
0.55386
0.55320
0.57513
0.57350
0.58209
0.60916
0.61144
0.58549
0.60649
0.55914
0.50482
0.52428
0.54051
0.56234
0.55179
0.54005
0.55410
0.58838
0.62726
0.63284
0.63000
0.62264
0.62557
0.62674
0.65053
0.63196
0.67717
0.68924
0.66316
0.65194
0.66170
0.70553
0.67203
0.67427
0.67699
0.66249
0.71780
0.74860
0.75039
0.77580
0.76800
0.75466
0.79071
0.77253
0.75113
0.73231
0.70377
0.73517
0.69992
0.69007
0.69120
0.69545
0.68325
0.69582
0.70315
0.68868
0.67049
0.70950
0.66641
0.68257
0.64715
0.63926
0.67255
0.66903
0.64438
0.62126
0.59628
0.57386
0.56877
0.59314
0.55514
0.56499
0.54563
0.52522
0.54319
0.54534
0.53403
0.54690
0.50909
0.53394
0.55569
0.51115
0.51872
0.51865
0.50075
0.46920
0.45768
0.51005
0.51130
0.52934
0.51588
0.54479
0.54605
0.51865
0.52851
0.51019
0.52913
0.52022
0.52530
0.54236
0.58725
0.58909
0.59823
0.59921
0.59780
0.64685
0.63078
0.64524
0.61447
0.64507
0.63731
0.62969
0.63747
0.61925
0.60262
0.60193
0.60694
0.62212
0.60431
0.61743
0.62232
0.64804
0.63714
0.61802
0.64097
0.61306
0.61058
0.61684
0.63168
0.64660
0.64066
0.60021
0.59803
0.57197
0.58317
0.55083
0.56487
0.53300
0.57459
0.55341
0.56767
0.54957
0.51187
0.51570
0.51936
0.50782
0.48359
0.49169
0.48779
0.47020
0.45020
0.41127
0.40523
0.43333
0.40271
0.41189
0.42086
0.39667
0.39565
0.40789
0.42185
0.40237
0.40292
0.40321
0.38612
0.38849
0.40302
0.43095
0.39803
0.38108
0.36074
0.32079
0.30573
0.30659
0.30536
0.32216
0.32674
0.32614
0.29781
0.29706
0.30093
0.24237
0.23236
0.22299
0.22464
0.26640
0.29107
0.25465
0.22879
0.23451
0.26000
0.25792
0.25438
0.25417
0.25769
0.26848
0.26147
0.29853
0.29343
0.28519
0.26752
0.24262
0.24837
0.23791
0.24027
0.23269
0.22014
0.21875
0.22197
0.23862
0.22430
0.24732
0.23878
0.24009
0.25389
0.26326
0.27124
0.27224
0.26469
0.21386
0.22562
0.25654
0.28233
0.27500
0.31804
0.34765
0.35760
0.38625
0.40599
0.39550
0.39607
0.41226
0.41376
0.40625
0.41620
0.42531
0.45092
0.50121
0.46766
0.47172
0.47769
0.45888
0.44102
0.46608
0.46713
0.44169
0.43403
0.42977
0.44924
0.45581
0.43947
0.47575
0.51639
0.50147
0.52324
0.48228
0.52380
0.53640
0.51648
0.52420
0.51470
0.53767
0.55870
0.52783
0.54013
0.52130
0.55379
0.52935
0.55591
0.50668
0.48154
0.48417
0.50325
0.46453
0.44547
0.42299
0.41025
0.38371
0.39141
0.40060
0.40616
0.37965
0.37762
0.38958
0.38910
0.36270
0.38962
0.37774
0.44279
0.43869
0.40754
0.38871
0.37250
0.36014
0.36014
0.39502
0.38245
0.39090
0.38706
0.41925
0.39035
0.38179
0.38191
0.39952
0.36951
0.38919
0.38173
0.37652
0.36481
0.38629
0.35287
0.33518
0.34580
0.35775
0.36690
0.32493
0.36313
0.32362
0.33038
0.30722
0.29877
0.30053
0.30922
0.29577
0.30465
0.28015
0.28169
0.31685
0.33976
0.32534
0.33325
0.34959
0.32751
0.31813
0.31308
0.28497
0.26819
0.28564
0.27181
0.26947
0.25008
0.24768
0.23646
0.25198
0.23651
0.25310
0.24928
0.25766
0.25521
0.31085
0.34034
0.35232
0.38830
0.41828
0.43678
0.43390
0.43389
0.43186
0.42362
0.46014
0.45288
0.46551
0.47373
0.45659
0.48812
0.49544
0.50444
0.50024
0.49821
0.49826
0.51822
0.54426
0.57353
0.59617
0.57878
0.57255
0.52674
0.55496
0.53360
0.54395
0.57794
0.57999
0.58840
0.58576
0.59131
0.56384
0.53179
0.53928
0.54530
0.54990
0.53388
0.54227
0.53605
0.52821
0.53424
0.46897
0.47850
0.47981
0.46879
0.46740
0.45278
0.47573
0.51102
0.49599
0.50212
0.49489
0.46697
0.45260
0.43516
0.41735
0.43493
0.41245
0.43625
0.43499
0.45247
0.44678
0.44764
0.44824
0.45380
0.44769
0.40577
0.43066
0.42488
0.39542
0.40916
0.39778
0.39048
0.41113
0.35296
0.32435
0.27100
0.29625
0.28298
0.28761
0.28888
0.29828
0.30801
0.28004
0.27572
0.26332
0.25698
0.26936
0.24144
0.27741
0.28255
0.28815
0.31437
0.35178
0.34746
0.37613
0.31770
0.32063
0.30829
0.31802
0.31561
0.29593
0.29208
0.28322
0.28196
0.28177
0.28578
0.30638
0.30930
0.31385
0.33695
0.31506
0.31121
0.33324
0.30758
0.29798
0.28499
0.30925
0.30136
0.30202
0.30131
0.32290
0.29336
0.33465
0.32819
0.32459
0.32201
0.31229
0.32330
0.32149
0.32427
0.29935
0.30632
0.32397
0.35061
0.36551
0.38800
0.38581
0.38440
0.36378
0.36605
0.32650
0.34571
0.33890
0.32829
0.31233
0.26086
0.25357
0.25740
0.28786
0.29130
0.29130
0.29130
0.30856
0.30381
0.32006
0.30624
0.32273
0.30679
0.29684
0.30786
0.30687
0.32474
0.35459
0.39732
0.37685
0.33864
0.35330
0.34297
0.30744
0.27008
0.29510
0.32393
0.35997
0.34927
0.35659
0.33927
0.33796
0.38433
0.36794
0.36828
0.34861
0.35834
0.39601
0.36282
0.39164
0.34012
0.38121
0.40913
0.39994
0.38463
0.39295
0.40171
0.40329
0.41116
0.38851
0.39101
0.41365
0.40776
0.40539
0.41920
0.40225
0.38683
0.40785
0.41228
0.38986
0.42636
0.44811
0.45627
0.41980
0.45035
0.44509
0.43190
0.43069
0.41855
0.43417
0.45116
0.45223
0.43607
0.43607
0.44739
0.47913
0.47652
0.47746
0.42368
0.39817
0.37144
0.37292
0.36867
0.40110
0.39990
0.39079
0.38808
0.38639
0.36920
0.37850
0.38402
0.37340
0.37931
0.38344
0.39749
0.43217
0.44127
0.44405
0.45054
0.46911
0.50655
0.52192
0.49794
0.50687
0.50776
0.49340
0.47085
0.46946
0.43347
0.41014
0.40403
0.41435
0.40451
0.40486
0.43132
0.43802
0.49587
0.50169
0.48637
0.46960
0.47340
0.46756
0.47950
0.47161
0.46318
0.48348
0.45087
0.46795
0.44770
0.45824
0.45792
0.45739
0.46193
0.46651
0.46562
0.47884
0.45100
0.37859
0.39246
0.40537
0.41008
0.39474
0.39526
0.37469
0.38794
0.41271
0.33489
0.36402
0.38390
0.36623
0.37301
0.38939
0.38941
0.39412
0.40457
0.43106
0.43106
0.44791
0.44781
0.37974
0.38904
0.39713
0.39212
0.39574
0.40127
0.39885
0.40839
0.38209
0.38763
0.36959
0.35803
0.36202
0.35731
0.37817
0.36411
0.38694
0.43730
0.46294
0.45354
0.45080
0.43158
0.41564
0.41626
0.40362
0.38675
0.39283
0.36556
0.37735
0.33755
0.29408
0.32658
0.33027
0.31245
0.33666
0.34043
0.36217
0.34140
0.35932
0.34019
0.34861
0.32247
0.33758
0.34271
0.34705
0.33871
0.33955
0.34439
0.35066
0.37452
0.38696
0.41684
0.40890
0.40531
0.41108
0.43316
0.43945
0.44507
0.49024
0.48842
0.47371
0.45173
0.46028
0.45474
0.45560
0.42588
0.41994
0.41903
0.43944
0.43912
0.46458
0.48241
0.48485
0.42472
0.40269
0.41275
0.41825
0.40877
0.39867
0.40608
0.40608
0.39274
0.42316
0.47422
0.46309
0.47189
0.43151
0.45160
0.44457
0.46783
0.46164
0.48493
0.47342
0.45935
0.49096
0.45563
0.47035
0.48910
0.50194
0.53684
0.57848
0.60677
0.57802
0.56683
0.56243
0.56152
0.55528
0.57331
0.59213
0.60572
0.62403
0.65532
0.68526
0.69812
0.73986
0.74298
0.75817
0.77405
0.77325
0.81606
0.81386
0.84201
0.83419
0.83306
0.87252
0.84319
0.80877
0.81950
0.80853
0.80520
0.79703
0.74918
0.75355
0.73689
0.76802
0.78886
0.79634
0.81826
0.82053
0.81337
0.82795
0.79407
0.77863
0.77894
0.73349
0.74103
0.73244
0.71849
0.71047
0.69375
0.71776
0.73131
0.73131
0.74054
0.73860
0.76813
0.76704
0.77285
0.79434
0.79434
0.78928
0.80728
0.84539
0.80424
0.76833
0.75473
0.73901
0.75075
0.75838
0.75657
0.74333
0.76846
0.75904
0.74795
0.72209
0.74929
0.70972
0.71080
0.74897
0.75558
0.75841
0.77935
0.79322
0.80665
0.83827
0.77105
0.75003
0.73084
0.76753
0.78268
0.76815
0.74559
0.73238
0.70375
0.69930
0.69819
0.71479
0.75113
0.78434
0.76983
0.77703
0.76232
0.79001
0.78535
0.77432
0.75605
0.75252
0.73921
0.74698
0.73565
0.75126
0.73584
0.72329
0.72119
0.69010
0.74776
0.77269
0.75197
0.77246
0.76518
0.78423
0.77428
0.76623
0.73375
0.71107
0.68093
0.71705
0.75959
0.74967
0.77356
0.76566
0.76352
0.79781
0.78445
0.79504
0.79504
0.76394
0.76626
0.77595
0.78998
0.77552
0.76008
0.76304
0.80702
0.78874
0.78374
0.78213
0.77715
0.76436
0.76004
0.77008
0.75329
0.73280
0.64537
0.61355
0.59446
0.59459
0.59922
0.56126
0.57894
0.57438
0.53224
0.55160
0.54334
0.56359
0.56477
0.59757
0.59949
0.62570
0.59474
0.60231
0.62463
0.62684
0.66440
0.67578
0.67054
0.70294
0.71774
0.73049
0.79045
0.79324
0.76283
0.72095
0.71647
0.71129
0.70939
0.70766
0.67307
0.69033
0.69526
0.65048
0.57024
0.58916
0.57724
0.57613
0.56311
0.55522
0.59552
0.60540
0.59860
0.58525
0.56100
0.56157
0.56013
0.57647
0.57524
0.57995
0.61621
0.63865
0.66956
0.67323
0.66692
0.65467
0.64616
0.64016
0.62703
0.61948
0.60205
0.59322
0.56051
0.56286
0.54416
0.56393
0.57202
0.54622
0.53148
0.52785
0.51976
0.49409
0.44333
0.46858
0.44467
0.40044
0.38833
0.44131
0.45678
0.42986
0.41536
0.46739
0.44748
0.44142
0.45009
0.46278
0.46943
0.43590
0.42968
0.44725
0.43043
0.38910
0.38646
0.34565
0.35385
0.33741
0.33772
0.32135
0.33110
0.35791
0.33901
0.31953
0.37029
0.35366
0.35961
0.33973
0.33996
0.30878
0.28701
0.32047
0.31472
0.33061
0.30767
0.29803
0.29836
0.29161
0.29130
0.29312
0.31235
0.32750
0.25739
0.23174
0.22905
0.23924
0.25041
0.25668
0.30391
0.29124
0.26716
0.28916
0.32227
0.31345
0.35710
0.35186
0.33659
0.33363
0.34043
0.35470
0.32933
0.31882
0.31205
0.31156
0.31907
0.32908
0.33488
0.36636
0.42857
0.43918
0.43304
0.45791
0.48839
0.46884
0.48081
0.44136
0.43471
0.40317
0.39593
0.39776
0.37403
0.35555
0.33190
0.31724
0.36837
0.37337
0.39226
0.41452
0.41126
0.40463
0.38723
0.41736
0.42503
0.44095
0.41174
0.39719
0.35369
0.37850
0.40144
0.38609
0.33547
0.31106
0.29041
0.26501
0.27761
0.25146
0.27155
0.27738
0.27744
0.24370
0.23114
0.19662
0.17034
0.16994
0.17846
0.16190
0.15575
0.17425
0.16626
0.16612
0.16209
0.12207
0.13620
0.16060
0.18339
0.19816
0.18740
0.19885
0.24152
0.25526
0.26784
0.30413
0.34863
0.35783
0.37981
0.36339
0.32867
0.32366
0.34308
0.34054
0.36109
0.36435
0.37158
0.36005
0.36687
0.36197
0.34711
0.37132
0.35407
0.35082
0.33123
0.30959
0.34772
0.39292
0.37605
0.40195
0.37987
0.37626
0.37055
0.37904
0.35373
0.37327
0.37476
0.36635
0.36756
0.38863
0.38569
0.40603
0.42549
0.44380
0.46293
0.48258
0.48537
0.50551
0.49197
0.47411
0.44274
0.45573
0.44468
0.48486
0.46550
0.46931
0.48132
0.46198
0.50169
0.49528
0.44009
0.45233
0.44521
0.44964
0.43879
0.43418
0.46725
0.45671
0.45328
0.43578
0.40808
0.41338
0.42068
0.40697
0.42795
0.41030
0.43323
0.41168
0.38964
0.38378
0.41153
0.43100
0.45711
0.48315
0.46819
0.49048
0.48454
0.46548
0.49090
0.50889
0.45262
0.47746
0.49210
0.50803
0.46494
0.45375
0.45946
0.46651
0.46707
0.49974
0.48364
0.47213
0.51096
0.46337
0.45450
0.45770
0.44000
0.39030
0.37200
0.35324
0.41125
0.42943
0.42946
0.42778
0.40140
0.39447
0.42354
0.42354
0.43288
0.42885
0.40947
0.36073
0.34906
0.37427
0.35320
0.34696
0.39329
0.39595
0.39049
0.37382
0.38022
0.39049
0.38429
0.38373
0.39208
0.36118
0.42016
0.45037
0.44996
0.42380
0.41570
0.40738
0.38583
0.38036
0.35454
0.37848
0.34229
0.35678
0.35620
0.34553
0.34379
0.37383
0.38700
0.37539
0.39305
0.39795
0.41124
0.40724
0.42266
0.45565
0.49399
0.48296
0.44560
0.43456
0.41542
0.40567
0.40909
0.40343
0.40074
0.35932
0.34141
0.32223
0.32714
0.31814
0.29630
0.30104
0.26753
0.29501
0.31202
0.24423
0.24671
0.26036
0.26069
0.26862
0.28642
0.23647
0.24366
0.26158
0.27465
0.31097
0.30667
0.27407
0.25147
0.25075
0.26696
0.28638
0.27616
0.25419
0.28248
0.30385
0.32856
0.33406
0.34616
0.36900
0.37622
0.36087
0.36679
0.39198
0.38208
0.35382
0.38347
0.37028
0.36828
0.37730
0.32393
0.30536
0.35543
0.37830
0.40504
0.40612
0.41838
0.41306
0.35657
0.35749
0.37764
0.38594
0.41490
0.40433
0.41309
0.36506
0.38705
0.38598
0.39573
0.40394
0.40490
0.40094
0.37852
0.37325
0.34469
0.35428
0.37360
0.38485
0.40819
0.38764
0.38999
0.38947
0.40841
0.44261
0.42551
0.45567
0.47319
0.44876
0.44739
0.44153
0.42555
0.40582
0.43568
0.41577
0.41492
0.43132
0.40182
0.39042
0.38572
0.39008
0.36919
0.39201
0.41092
0.42809
0.42191
0.42627
0.43423
0.46676
0.48731
0.46134
0.43280
0.41286
0.43579
0.45283
0.42124
0.40921
0.36528
0.35182
0.34010
0.33040
0.32941
0.35676
0.34229
0.36912
0.37524
0.35756
0.36350
0.40295
0.47456
0.46118
0.46254
0.48299
0.52527
0.48939
0.49899
0.52873
0.53559
0.54140
0.51763
0.51932
0.53115
0.54526
0.53291
0.53506
0.55500
0.56027
0.54351
0.54334
0.53987
0.53778
0.54372
0.53408
0.53130
0.51169
0.53072
0.52540
0.55492
0.54867
0.54690
0.57248
0.57141
0.54093
0.51134
0.52244
0.55590
0.55891
0.53626
0.52893
0.53376
0.52396
0.52854
0.49039
0.48315
0.49904
0.50077
0.51374
0.47055
0.48393
0.53389
0.54595
0.55884
0.55878
0.55964
0.56599
0.58416
0.58629
0.59422
0.57088
0.58144
0.59055
0.61097
0.62202
0.59426
0.59794
0.61263
0.61077
0.61634
0.61019
0.62244
0.64589
0.64509
0.63612
0.64405
0.65993
0.66320
0.67974
0.67158
0.69088
0.68648
0.66754
0.64448
0.65156
0.63039
0.63273
0.66733
0.70850
0.72834
0.71083
0.70703
0.68949
0.70089
0.70492
0.68662
0.68822
0.69218
0.70701
0.72295
0.72492
0.76404
0.77737
0.74071
0.76321
0.75350
0.73966
0.71885
0.70158
0.65476
0.66239
0.67660
0.65525
0.64651
0.66915
0.63489
0.64707
0.65720
0.65625
0.65649
0.68618
0.68949
0.69522
0.74369
0.75630
0.73037
0.72868
0.73261
0.74238
0.81351
0.81428
0.80632
0.80352
0.79436
0.78495
0.79835
0.80875
0.84775
0.83992
0.83773
0.87849
0.86292
0.85674
0.83638
0.78125
0.77077
0.77729
0.79021
0.78569
0.80188
0.80551
0.77998
0.76370
0.74279
0.71899
0.69499
0.70069
0.70731
0.69641
0.69068
0.69298
0.70659
0.71576
0.73044
0.69634
0.70157
0.73118
0.73785
0.70892
0.73847
0.72201
0.73174
0.72827
0.74299
0.71910
0.73337
0.72636
0.69623
0.69258
0.70543
0.69433
0.71338
0.75017
0.75256
0.76728
0.80099
0.80148
0.79192
0.74546
0.77309
0.77799
0.77204
0.77254
0.76417
0.75582
0.73803
0.74856
0.75136
0.76694
0.74886
0.75598
0.74823
0.76165
0.74659
0.71913
0.66960
0.68148
0.67645
0.69705
0.69710
0.71717
0.72301
0.73903
0.71215
0.73196
0.75494
0.72983
0.74189
0.75356
0.76466
0.77625
0.78965
0.76428
0.75582
0.80917
0.81319
0.80907
0.82358
0.83201
0.84977
0.84941
0.86441
0.89079
0.88907
0.89197
0.93574
0.93110
0.95585
0.92206
0.89577
0.90504
0.91302
0.88863
0.88696
0.87769
0.88936
0.90076
0.89121
0.87811
0.85603
0.86638
0.82650
0.84494
0.82465
0.83190
0.86092
0.87485
0.89279
0.91851
0.91657
0.91281
0.91764
0.88961
0.88024
0.90590
0.89909
0.88689
0.89102
0.92113
0.93495
0.95844
0.98004
0.93105
0.88376
0.87523
0.91468
0.91468
0.92682
0.92373
0.93472
0.93782
0.92523
0.92613
0.92478
0.92396
0.92792
0.92178
0.91685
0.91158
0.95207
0.90953
0.92715
0.92721
0.96456
0.94860
0.96400
0.97822
0.99784
0.98962
0.96944
0.96677
0.97324
0.91306
0.87577
0.85134
0.84552
0.82686
0.82328
0.83923
0.86796
0.90117
0.91848
0.93310
0.91259
0.93689
0.94114
0.93442
0.91798
0.92066
0.93606
0.93498
0.93310
0.95386
0.95194
0.95835
0.96659
0.96110
0.97548
0.95934
0.93240
0.91413
0.90105
0.88975
0.91923
0.91246
0.92130
0.95117
0.90722
0.93657
0.93915
0.93019
0.90165
0.91857
0.91830
0.92864
0.95197
0.94252
0.93836
0.93002
0.92778
0.90140
0.91383
0.92691
0.89755
0.90355
0.95055
0.94890
0.96441
0.95229
0.93066
0.92910
0.92740
0.87952
0.89828
0.90859
0.90808
0.88594
0.90770
0.91063
0.88183
0.87456
0.85504
0.84273
0.84638
0.86452
0.87583
0.86088
0.87770
0.84904
0.84583
0.83811
0.82853
0.86680
0.89121
0.84904
0.84705
0.86646
0.86940
0.87486
0.88799
0.89803
0.90168
0.88983
0.91836
0.90134
0.89031
0.89120
0.87809
0.88810
0.85235
0.85800
0.87076
0.86676
0.80460
0.78053
0.79047
0.77443
0.77222
0.77964
0.77428
0.79930
0.80926
0.84152
0.84529
0.85939
0.86607
0.86228
0.85000
0.84863
0.87194
0.84114
0.84107
0.80272
0.87365
0.87755
0.87396
0.88852
0.88695
0.89952
0.89325
0.86256
0.84719
0.84379
0.84430
0.85214
0.83743
0.86315
0.91124
0.92203
0.93100
0.93235
0.96168
0.93697
0.92318
0.96188
0.97198
0.95073
0.95746
0.93995
0.94434
0.97976
0.96808
0.97109
0.96326
0.98050
0.98881
0.98998
0.98525
0.97322
0.97946
0.95718
0.98194
0.98096
0.98790
0.99769
0.96483
0.95761
0.93400
0.91078
0.92062
0.93488
0.92989
0.90292
0.88735
0.87366
0.87515
0.84403
0.83833
0.82683
0.87791
0.83952
0.82552
0.82956
0.81867
0.84019
0.86821
0.87324
0.87875
0.86005
0.91154
0.94667
0.97712
0.98889
0.96901
0.94051
0.93354
0.94564
0.94784
0.93758
0.90878
0.88590
0.91497
0.87543
0.87586
0.82010
0.81772
0.79691
0.78437
0.78620
0.77554
0.77108
0.75227
0.74705
0.75218
0.78541
0.76274
0.79611
0.79275
0.78906
0.81275
0.81515
0.76903
0.79338
0.76704
0.76073
0.75632
0.75812
0.76819
0.75294
0.71918
0.69917
0.70281
0.70390
0.67972
0.69902
0.70994
0.69217
0.69615
0.68712
0.69968
0.70329
0.70776
0.72290
0.70565
0.72948
0.69353
0.68951
0.64955
0.63736
0.61910
0.56872
0.56763
0.53454
0.47606
0.49144
0.51959
0.53016
0.50026
0.50273
0.52767
0.55141
0.54165
0.51312
0.49180
0.48696
0.43853
0.45047
0.47656
0.45669
0.46866
0.45345
0.45370
0.48278
0.45728
0.47350
0.47777
0.51704
0.47903
0.44749
0.44298
0.41844
0.40653
0.40872
0.40794
0.43120
0.39206
0.40477
0.37539
0.34908
0.32630
0.34247
0.36944
0.36608
0.30659
0.30197
0.33035
0.29161
0.27478
0.28020
0.24616
0.25082
0.26919
0.27909
0.32283
0.29902
0.35253
0.34848
0.38567
0.38472
0.37297
0.35264
0.36986
0.39041
0.39035
0.38914
0.41651
0.42389
0.40773
0.41952
0.43239
0.43929
0.46891
0.44927
0.45483
0.42417
0.44591
0.45287
0.41582
0.42471
0.43040
0.43836
0.45088
0.47441
0.48162
0.50060
0.46372
0.45328
0.41203
0.43019
0.46511
0.48959
0.51102
0.45717
0.43857
0.45116
0.42125
0.40430
0.39394
0.36888
0.33877
0.35647
0.32233
0.32593
0.33209
0.33062
0.33710
0.30767
0.32163
0.30707
0.31164
0.32490
0.32029
0.29395
0.24383
0.22708
0.24881
0.24456
0.25015
0.24908
0.23222
0.23838
0.20862
0.19148
0.19558
0.17492
0.14644
0.14023
0.13807
0.15211
0.11944
0.11570
0.10035
0.09691
0.06380
0.08803
0.12892
0.14838
0.15146
0.15148
0.18824
0.21637
0.20093
0.21636
0.21524
0.19266
0.19391
0.18672
0.22113
0.24734
0.24805
0.24639
0.24222
0.21216
0.24412
0.27448
0.30453
0.29086
0.27066
0.31209
0.29817
0.32276
0.33826
0.33275
0.35702
0.37701
0.36897
0.36967
0.35148
0.33642
0.31780
0.33253
0.34195
0.30678
0.30185
0.31010
0.30350
0.31371
0.28551
0.30148
0.30367
0.31686
0.32149
0.34984
0.32083
0.32563
0.32162
0.33542
0.35716
0.33558
0.32749
0.33647
0.33173
0.32251
0.32420
0.35781
0.37197
0.38211
0.40663
0.39287
0.40000
0.43148
0.41023
0.38435
0.36910
0.38681
0.42466
0.40461
0.37768
0.37925
0.38514
0.35888
0.35866
0.39313
0.39433
0.38236
0.36094
0.39475
0.38029
0.41150
0.39109
0.37429
0.36019
0.35350
0.32111
0.29298
0.29281
0.30655
0.31288
0.32003
0.32003
0.33530
0.29628
0.25135
0.22897
0.22984
0.24983
0.23503
0.22768
0.22047
0.25248
0.25884
0.23127
0.21532
0.21452
0.18588
0.19482
0.18699
0.16749
0.16784
0.18092
0.17130
0.15996
0.12752
0.12858
0.13403
0.11023
0.07139
0.08625
0.06740
0.04394
0.05580
0.04825
0.03921
0.06505
0.03199
0.04495
0.03483
0.09319
0.07649
0.06051
0.03937
0.02753
0.03248
0.03208
0.03982
0.06969
0.06298
0.07887
0.09761
0.11641
0.11922
0.13995
0.15354
0.15134
0.13774
0.12034
0.16340
0.17737
0.15910
0.14656
0.15433
0.13308
0.12278
0.14371
0.15721
0.16962
0.18497
0.17249
0.17053
0.17052
0.16741
0.16347
0.15035
0.14492
0.16528
0.16168
0.18936
0.21024
0.20148
0.20851
0.23266
0.23493
0.27603
0.27377
0.27953
0.27016
0.28137
0.34362
0.40703
0.39934
0.35032
0.35998
0.34497
0.34926
0.35827
0.33710
0.29876
0.34727
0.35032
0.36198
0.35955
0.33693
0.37145
0.36645
0.36935
0.35942
0.37853
0.38039
0.43244
0.48422
0.51988
0.49163
0.51103
0.50183
0.51713
0.52422
0.51619
0.53831
0.53208
0.51141
0.50981
0.51060
0.50282
0.50928
0.51896
0.52495
0.50474
0.56421
0.52758
0.55979
0.61809
0.62820
0.63555
0.66595
0.64836
0.68944
0.65572
0.64267
0.63830
0.64905
0.65009
0.61342
0.61605
0.59262
0.58451
0.57791
0.58419
0.56924
0.55677
0.54989
0.51910
0.51443
0.52776
0.52704
0.53444
0.49814
0.48799
0.48311
0.49627
0.46740
0.45228
0.46572
0.48352
0.49431
0.48403
0.44197
0.43189
0.45093
0.43668
0.41832
0.41808
0.46452
0.46971
0.48015
0.49368
0.50117
0.49802
0.47191
0.47208
0.44322
0.43887
0.44076
0.41659
0.42660
0.43026
0.37441
0.33762
0.35449
0.33105
0.31834
0.32723
0.37170
0.39725
0.40392
0.43267
0.42112
0.43077
0.45865
0.48289
0.42738
0.46350
0.49192
0.48731
0.44813
0.46146
0.49119
0.48307
0.46434
0.45126
0.45648
0.44730
0.46628
0.43193
0.42132
0.43927
0.44332
0.43341
0.40788
0.44322
0.44129
0.42710
0.39251
0.37663
0.34105
0.33814
0.35812
0.33827
0.34868
0.30609
0.29310
0.26655
0.27881
0.26547
0.23428
0.23624
0.21598
0.27490
0.27540
0.28509
0.26582
0.25737
0.23486
0.25563
0.23257
0.20997
0.20871
0.19766
0.20260
0.21127
0.22595
0.21928
0.20836
0.24079
0.27756
0.27803
0.27002
0.25235
0.24997
0.25345
0.26533
0.30887
0.34976
0.34982
0.35135
0.34733
0.35481
0.37453
0.34974
0.38871
0.38985
0.37055
0.36940
0.35220
0.37244
0.35018
0.33084
0.32395
0.38012
0.34793
0.40267
0.41352
0.41313
0.39703
0.37815
0.42286
0.46205
0.49152
0.49005
0.50806
0.51759
0.50534
0.49699
0.49052
0.50368
0.57900
0.57153
0.60187
0.59536
0.59192
0.59863
0.60770
0.64040
0.65559
0.65537
0.66400
0.67705
0.70242
0.67708
0.72341
0.69606
0.69947
0.71055
0.72647
0.71941
0.72792
0.70537
0.73314
0.72518
0.71331
0.67804
0.68419
0.67847
0.67382
0.68221
0.68965
0.71085
0.73031
0.71492
0.69425
0.67183
0.68205
0.66077
0.62877
0.59755
0.61521
0.60672
0.59421
0.60382
0.62907
0.65629
0.64563
0.64572
0.64314
0.64947
0.66583
0.64709
0.62641
0.60292
0.58695
0.59885
0.56238
0.59931
0.60797
0.63175
0.59593
0.59153
0.60507
0.60816
0.60339
0.64517
0.66430
0.66493
0.64668
0.62495
0.62876
0.63995
0.65515
0.64966
0.67035
0.70084
0.68333
0.68790
0.68117
0.66441
0.65444
0.63456
0.61629
0.60592
0.61287
0.62221
0.63361
0.65667
0.69596
0.71108
0.69565
0.71318
0.67468
0.67087
0.66562
0.68847
0.67707
0.67507
0.63169
0.71206
0.78619
0.79698
0.83663
0.84627
0.82840
0.81966
0.81530
0.79371
0.81718
0.82342
0.83171
0.81519
0.87055
0.84776
0.86031
0.83198
0.88900
0.86994
0.84711
0.83110
0.79899
0.79042
0.82930
0.84455
0.85075
0.80823
0.80803
0.78649
0.80683
0.81456
0.83413
0.84078
0.82039
0.83857
0.86587
0.82988
0.84015
0.85498
0.86192
0.83404
0.89531
0.91417
0.91937
0.93193
0.90850
0.91115
0.91866
0.92143
0.97791
0.94867
0.94030
0.94103
0.93584
0.94716
0.94997
0.94396
0.98609
0.96489
0.96313
0.96415
0.97510
0.96324
0.97012
0.96207
0.97872
0.95855
0.96302
0.99369
0.94795
0.93682
0.93681
0.96834
0.97041
0.95715
0.91379
0.92360
0.92145
0.87975
0.92949
0.92311
0.96901
0.98153
0.94234
0.92607
0.88582
0.89385
0.91950
0.90013
0.90715
0.86310
0.83587
0.83977
0.85250
0.86891
0.89051
0.89666
0.84791
0.85483
0.84134
0.83270
0.79655
0.76955
0.75093
0.79287
0.77763
0.79472
0.77477
0.77463
0.77618
0.73953
0.75577
0.73398
0.73617
0.76091
0.73892
0.75112
0.76611
0.75961
0.73255
0.77768
0.79189
0.79234
0.88404
0.86276
0.85014
0.86363
0.87162
0.88605
0.90253
0.90173
0.89009
0.86474
0.89109
0.91706
0.91286
0.93982
0.94027
0.93214
0.90371
0.94607
0.98460
0.99294
0.99353
0.99127
0.96825
0.95434
0.93043
0.93138
0.97183
0.97992
0.93047
0.91140
0.95002
0.97026
0.99387
0.97665
0.99251
0.99543
0.99205
1.00000
0.99340
0.99493
0.98025
0.96115
0.94606
0.94681
0.92998
0.89090
0.88989
0.89464
0.89733
0.91514
0.91422
0.90643
0.92082
0.90437
0.90656
0.89052
0.89036
0.90269
0.86092
0.86371
0.82914
0.82881
0.84766
0.85649
0.85806
0.90378
0.90840
0.94530
0.94039
0.92427
0.96915
0.97020
0.96540
0.98787
1.00000
0.98841
0.96814
0.97234
0.96876
0.96572
0.97086
1.00000
0.99770
0.98558
0.99446
0.97665
0.96792
0.96546
0.94479
0.94836
0.96807
0.98012
0.95818
0.95297
0.94968
0.98696
0.98913
0.99265
1.00000
1.00000
0.99545
0.99094
1.00000
1.00000
0.98193
0.96994
0.96602
0.95189
0.95950
0.93471
0.96631
0.98118
0.99472
1.00000
0.97911
0.96462
0.96297
0.94944
0.94004
0.91229
0.93802
0.96363
0.99924
1.00000
0.99221
0.99882
0.98983
0.99011
0.95714
0.93584
0.92773
0.90708
0.93118
0.93778
0.91785
0.93284
0.91816
0.93414
0.96301
0.98067
0.97416
0.94121
0.96053
0.97907
0.97911
0.97839
0.95891
0.95627
0.98674
0.96285
0.99854
0.99999
0.97591
1.00000
0.99032
0.99483
1.00000
0.99863
0.99033
0.98821
0.99092
0.98074
0.96256
0.94563
0.94469
0.97016
0.96993
0.93776
0.95998
0.95610
0.95122
0.91711
0.93566
0.91683
0.87848
0.87032
0.85146
0.83732
0.80119
0.80896
0.80671
0.80940
0.83460
0.82657
0.82651
0.82986
0.83000
0.81210
0.82477
0.82379
0.81436
0.83369
0.84492
0.82004
0.82539
0.80425
0.81116
0.82702
0.83440
0.81038
0.77522
0.79951
0.79536
0.75918
0.76891
0.76638
0.84766
0.87455
0.88470
0.87093
0.86662
0.85465
0.86401
0.87414
0.83661
0.81430
0.82071
0.82175
0.81627
0.80739
0.79506
0.80262
0.78224
0.77993
0.77485
0.74141
0.71792
0.69476
0.67574
0.66813
0.69811
0.68355
0.70591
0.71339
0.72002
0.71168
0.68726
0.70818
0.69355
0.64538
0.65502
0.66168
0.66577
0.66322
0.64843
0.65973
0.68419
0.68308
0.70984
0.74659
0.80571
0.80871
0.80135
0.82490
0.82351
0.83193
0.82807
0.84145
0.84991
0.84953
0.88861
0.91918
0.92180
0.92740
0.91641
0.91870
0.93193
0.95172
0.92262
0.92670
0.89777
0.92606
0.90787
0.91063
0.89371
0.88423
0.88029
0.85937
0.82156
0.79865
0.76334
0.75000
0.75226
0.75928
0.74889
0.79136
0.78154
0.80295
0.80885
0.80927
0.81145
0.82874
0.82874
0.77336
0.83710
0.77853
0.79682
0.73036
0.74730
0.78674
0.81089
0.82077
0.76764
0.74789
0.78031
0.77177
0.74949
0.78125
0.71856
0.69107
0.68933
0.70035
0.70195
0.70154
0.71986
0.71603
0.72305
0.69594
0.69249
0.72445
0.72250
0.69005
0.70296
0.70374
0.72662
0.70948
0.70746
0.69402
0.70089
0.68800
0.69519
0.70838
0.75722
0.81406
0.78675
0.79058
0.78592
0.77959
0.79365
0.76806
0.78639
0.77254
0.72072
0.71697
0.70657
0.66911
0.66843
0.69466
0.70459
0.72504
0.72814
0.69137
0.70176
0.69454
0.68403
0.70786
0.65958
0.62950
0.65240
0.64584
0.64330
0.64916
0.63950
0.64423
0.64752
0.66641
0.67546
0.65096
0.64986
0.67810
0.69549
0.67689
0.66980
0.68481
0.66846
0.66909
0.66384
0.67566
0.67116
0.66140
0.66088
0.63592
0.64868
0.63986
0.65917
0.66493
0.66917
0.65992
0.62151
0.65386
0.64888
0.66279
0.66535
0.66667
0.67959
0.72519
0.71310
0.71641
0.74370
0.75596
0.77013
0.81176
0.78558
0.80458
0.78043
0.78458
0.80510
0.81788
0.80721
0.80081
0.81232
0.84786
0.82701
0.83748
0.84134
0.83836
0.85383
0.83272
0.87405
0.81584
0.81931
0.83237
0.85067
0.83448
0.80693
0.86129
0.86510
0.86495
0.89500
0.90805
0.91181
0.92485
0.89742
0.89105
0.86371
0.82959
0.82384
0.82957
0.80038
0.79572
0.79734
0.79251
0.78369
0.78277
0.77783
0.80200
0.80215
0.79669
0.80243
0.77336
0.79342
0.74845
0.72437
0.68782
0.67257
0.66470
0.63864
0.63864
0.61679
0.62433
0.65701
0.61405
0.63083
0.61935
0.57972
0.57615
0.57541
0.57525
0.54129
0.57972
0.55108
0.59367
0.59517
0.60343
0.61626
0.61880
0.60067
0.61949
0.62933
0.63734
0.62534
0.62449
0.59471
0.63076
0.59442
0.58019
0.54213
0.54564
0.55717
0.55379
0.54971
0.56186
0.54815
0.54501
0.52172
0.51836
0.50920
0.50328
0.46445
0.46475
0.46128
0.46656
0.47480
0.47979
0.47679
0.48575
0.49699
0.49064
0.48521
0.50102
0.47361
0.45862
0.46144
0.45896
0.48691
0.49829
0.50579
0.49567
0.49027
0.46533
0.51425
0.53954
0.55069
0.57283
0.60723
0.61990
0.62043
0.63286
0.65387
0.67745
0.68140
0.69839
0.74639
0.74844
0.75850
0.73669
0.73343
0.74364
0.73203
0.73893
0.69300
0.69391
0.70254
0.69738
0.68080
0.66294
0.67501
0.68281
0.68447
0.69532
0.69656
0.67230
0.64493
0.64482
0.65909
0.65419
0.65994
0.66442
0.67366
0.69091
0.66117
0.63270
0.63806
0.63309
0.63174
0.59489
0.59710
0.59246
0.60871
0.65402
0.64147
0.69798
0.71632
0.70924
0.71242
0.73707
0.77556
0.74251
0.73123
0.71829
0.65936
0.60777
0.59259
0.58465
0.59623
0.61113
0.59978
0.59004
0.60652
0.59636
0.60742
0.59466
0.66133
0.68102
0.71572
0.71959
0.74936
0.80178
0.80634
0.78249
0.80989
0.79509
0.79363
0.78155
0.79345
0.76168
0.76582
0.77683
0.72893
0.71136
0.73646
0.72896
0.71134
0.74957
0.75108
0.75454
0.76096
0.76699
0.78913
0.80716
0.79957
0.78601
0.78651
0.75516
0.75571
0.76692
0.79368
0.81707
0.79807
0.77980
0.73855
0.73680
0.75207
0.75724
0.75530
0.77392
0.76664
0.76747
0.76748
0.73449
0.73785
0.73134
0.70723
0.65060
0.64836
0.64796
0.64008
0.65132
0.64784
0.65579
0.65661
0.65143
0.65786
0.66199
0.63961
0.65369
0.66924
0.69261
0.69548
0.70564
0.73824
0.77507
0.77137
0.79051
0.75676
0.76500
0.77060
0.76909
0.80515
0.80845
0.82894
0.82484
0.79337
0.77613
0.78278
0.77706
0.78164
0.80073
0.80676
0.80884
0.81664
0.80468
0.77274
0.77991
0.78539
0.81706
0.77425
0.76042
0.70976
0.67649
0.67711
0.75034
0.75172
0.76780
0.74930
0.76976
0.78965
0.77306
0.77296
0.79249
0.79509
0.80580
0.78114
0.77736
0.78267
0.78725
0.79188
0.79500
0.81873
0.81167
0.80000
0.78277
0.82143
0.82304
0.84581
0.90234
0.90503
0.91365
0.94980
0.98143
0.98275
0.99938
0.97576
0.98492
0.97791
0.96972
0.98532
0.99598
0.97490
0.96974
0.98639
0.98553
0.98774
0.98950
0.97501
0.96934
0.93706
0.88785
0.95145
0.92179
0.92209
0.84685
0.88695
0.85393
0.80131
0.81610
0.80996
0.84568
0.81809
0.78493
0.80724
0.81065
0.79673
0.81711
0.80350
0.81122
0.81122
0.79385
0.81637
0.80153
0.81183
0.78665
0.79412
0.77179
0.77605
0.76008
0.76061
0.75357
0.77880
0.75595
0.78728
0.80193
0.80888
0.78739
0.82406
0.82838
0.78541
0.80044
0.79247
0.80124
0.83611
0.83885
0.83305
0.87510
0.86790
0.86042
0.85013
0.83104
0.86121
0.86209
0.87558
0.84724
0.90122
0.90992
0.89114
0.90451
0.89188
0.89289
0.92553
0.91859
0.91056
0.90978
0.91864
0.92347
0.91617
0.92484
0.90465
0.91074
0.90613
0.89811
0.93869
0.94677
0.98498
0.98431
0.95447
0.95587
0.93496
0.96132
0.94748
0.95655
0.95780
0.94293
0.96118
0.98763
0.97824
0.95721
0.96519
0.93303
0.92849
0.95072
0.93510
0.98878
0.98376
0.97357
1.00000
0.98947
0.96836
0.96959
0.94691
0.94851
0.90667
0.91581
0.92333
0.93457
0.94992
0.95878
0.95133
0.94513
0.95395
0.98397
0.94566
0.97311
0.99268
0.99527
0.98714
1.00000
0.99258
0.94689
0.93034
0.93513
0.93850
0.96914
0.96497
0.98272
0.99514
0.99358
0.99292
1.00000
0.98992
1.00000
1.00000
0.99994
0.96164
0.94482
0.95069
0.92821
0.93185
0.92534
0.90173
0.85366
0.84336
0.82546
0.83042
0.85577
0.84531
0.87186
0.88465
0.91167
0.88239
0.89813
0.90200
0.88270
0.88171
0.84300
0.85990
0.86598
0.87014
0.89318
0.87682
0.87989
0.86767
0.87424
0.86171
0.87276
0.85009
0.85537
0.85632
0.83696
0.82803
0.82885
0.86022
0.85523
0.85871
0.84754
0.83279
0.80602
0.82108
0.84743
0.84743
0.82855
0.83478
0.85583
0.88140
0.89026
0.89205
0.90313
0.87307
0.89116
0.88428
0.88490
0.89016
0.93961
0.93189
0.92187
0.91785
0.86238
0.88397
0.90359
0.85406
0.83269
0.79450
0.77999
0.78029
0.79196
0.83142
0.77711
0.81115
0.80654
0.80653
0.78280
0.78764
0.77329
0.74906
0.76922
0.76201
0.74620
0.73464
0.70752
0.71110
0.70244
0.71510
0.73341
0.74282
0.72807
0.72965
0.70117
0.71671
0.70389
0.69028
0.70625
0.66820
0.64183
0.63740
0.68363
0.68533
0.65831
0.61893
0.62352
0.61139
0.66253
0.62896
0.60880
0.63504
0.63073
0.60765
0.60526
0.59295
0.59605
0.61238
0.59596
0.56988
0.61828
0.60171
0.60312
0.59480
0.57674
0.58271
0.58219
0.60282
0.59260
0.59400
0.59886
0.61847
0.68258
0.65993
0.63275
0.66804
0.65771
0.63800
0.62297
0.64213
0.59499
0.57433
0.59099
0.62918
0.62393
0.63036
0.65059
0.59925
0.61630
0.63157
0.69431
0.70616
0.71050
0.73681
0.69629
0.66091
0.60444
0.57255
0.59287
0.57732
0.54633
0.56387
0.59069
0.58125
0.57710
0.56676
0.55771
0.53516
0.53725
0.52035
0.52340
0.55812
0.55091
0.60554
0.55127
0.57044
0.57114
0.58806
0.59308
0.61449
0.63247
0.64547
0.64547
0.60636
0.59767
0.59274
0.59534
0.58116
0.56633
0.55252
0.58625
0.59488
0.62350
0.68334
0.66512
0.67426
0.70596
0.71285
0.68109
0.67453
0.61106
0.60266
0.59540
0.62084
0.60717
0.59575
0.54070
0.52076
0.52632
0.51672
0.51071
0.49412
0.50549
0.50776
0.48657
0.52218
0.53309
0.56395
0.52274
0.52037
0.51546
0.51298
0.51795
0.51272
0.51440
0.47968
0.45709
0.46030
0.45659
0.50131
0.51926
0.51697
0.54860
0.55869
0.56744
0.56261
0.58387
0.56846
0.60612
0.60581
0.58717
0.59519
0.58352
0.60175
0.62539
0.61571
0.63745
0.65116
0.65968
0.62218
0.63844
0.65655
0.63327
0.64027
0.65933
0.69832
0.70831
0.73313
0.75594
0.74110
0.76468
0.77931
0.70922
0.70208
0.71226
0.68161
0.66277
0.67082
0.68192
0.69733
0.67091
0.70349
0.65511
0.68308
0.68163
0.70299
0.68246
0.64314
0.67059
0.67946
0.67477
0.65279
0.60619
0.61042
0.56316
0.56777
0.56324
0.57110
0.59245
0.58328
0.54386
0.59264
0.62274
0.65509
0.64704
0.63088
0.60695
0.61856
0.62318
0.63004
0.60721
0.62240
0.62247
0.62946
0.60355
0.62672
0.61567
0.64912
0.66744
0.67549
0.67197
0.66236
0.66278
0.66020
0.66726
0.68532
0.70945
0.71231
0.68509
0.68528
0.66262
0.67384
0.70292
0.67673
0.69134
0.67665
0.71967
0.69645
0.68428
0.74973
0.74050
0.74447
0.73526
0.75247
0.74028
0.75192
0.75139
0.72719
0.74937
0.71896
0.71623
0.66703
0.67101
0.71030
0.71188
0.71165
0.69076
0.70499
0.72694
0.72704
0.70983
0.71028
0.74740
0.72277
0.70750
0.71173
0.73432
0.72869
0.72203
0.73468
0.73041
0.73694
0.76160
0.74503
0.73304
0.76671
0.77796
0.79881
0.75054
0.69449
0.71426
0.71473
0.68358
0.68343
0.68683
0.68053
0.69560
0.69588
0.69169
0.70946
0.75021
0.79068
0.82493
0.83874
0.84496
0.81842
0.81856
0.78339
0.76726
0.76822
0.77861
0.78727
0.77742
0.77738
0.81021
0.80889
0.82622
0.83162
0.84301
0.87759
0.85945
0.87118
0.86781
0.87368
0.89222
0.86350
0.85793
0.85597
0.87128
0.87123
0.79493
0.79898
0.79769
0.81052
0.77669
0.77396
0.79543
0.82475
0.84174
0.81487
0.80402
0.84197
0.84919
0.86247
0.85764
0.84271
0.85100
0.84900
0.85070
0.83267
0.85064
0.84296
0.84490
0.88501
0.90976
0.89488
0.87151
0.88400
0.87715
0.91154
0.87223
0.86210
0.86698
0.87119
0.86226
0.85107
0.84640
0.84751
0.85036
0.84077
0.83126
0.77830
0.76004
0.77133
0.79103
0.78352
0.76811
0.80114
0.78535
0.80596
0.79721
0.81679
0.83120
0.73319
0.71720
0.71163
0.75030
0.72990
0.72479
0.72804
0.70743
0.72437
0.73065
0.72398
0.71566
0.72316
0.73485
0.74325
0.73561
0.70727
0.73746
0.75292
0.79183
0.77645
0.79254
0.79823
0.80361
0.88230
0.90153
0.89868
0.91899
0.90969
0.91546
0.91275
0.90586
0.89813
0.88298
0.87098
0.86185
0.88231
0.87529
0.88675
0.91942
0.91743
0.91461
0.89964
0.89883
0.89313
0.88255
0.87897
0.90231
0.88273
0.89099
0.89623
0.90571
0.89954
0.93558
0.97407
0.99543
0.97995
0.98324
0.96448
0.94479
0.95673
0.96461
0.96981
1.00000
0.99676
0.98780
0.99999
0.99963
1.00000
0.95166
0.94283
0.96343
0.97275
0.99616
0.99494
0.99465
0.97278
0.97314
0.95605
0.88350
0.90121
0.88433
0.92021
0.92706
0.95193
0.97713
0.94737
0.94784
0.92892
0.89709
0.92223
0.93319
0.91350
0.88120
0.92681
0.92903
0.94088
0.92012
0.92007
0.90522
0.91934
0.92952
0.95636
0.98129
0.97938
0.97345
0.97998
0.96831
0.95524
0.95329
0.95181
0.91223
0.92837
0.96479
0.99020
0.98915
0.97584
0.96653
0.97763
0.97370
0.93842
0.93994
0.93838
0.96723
0.95070
0.95357
0.89373
0.90167
0.91290
0.95310
0.96999
0.98642
0.95988
0.96790
0.98399
0.99924
0.99866
1.00000
1.00000
1.00000
0.98269
0.99764
0.99137
0.99542
1.00000
0.99603
0.98453
1.00000
0.97905
0.99986
1.00000
0.99046
0.99046
0.98469
0.98442
0.99360
0.97841
0.97054
0.94082
0.93358
0.90483
0.93556
0.92355
0.93608
0.92911
0.94511
0.95989
0.95975
0.94041
0.92762
0.91409
0.92546
0.93296
0.93796
0.93255
0.87544
0.87076
0.86637
0.87198
0.83641
0.82724
0.84361
0.83700
0.82298
0.81122
0.85330
0.84559
0.86689
0.87111
0.86939
0.87206
0.87167
0.86413
0.85838
0.86981
0.89549
0.92416
0.90707
0.88850
0.88450
0.88527
0.90406
0.88898
0.90560
0.97873
1.00000
0.99265
0.95501
0.93453
0.95125
0.97817
0.97352
0.98184
0.97415
0.97307
0.97309
0.98853
0.95350
0.94547
0.93624
0.93250
0.94590
0.93022
0.94830
0.95729
0.98209
0.94922
0.98387
0.98989
0.99483
1.00000
0.97069
0.98319
0.99847
0.98744
0.99721
0.98645
0.95935
0.99184
0.95147
0.94326
0.95753
0.98571
0.95418
0.93693
0.97212
0.97299
0.98609
1.00000
0.98139
0.97559
1.00000
0.98849
0.98300
0.95376
0.90075
0.92102
0.90377
0.91102
0.93643
0.95395
0.95690
0.94089
0.94220
0.95420
0.95316
0.94635
0.94820
0.94582
0.94553
0.93675
0.97454
0.99525
1.00000
0.96224
0.98970
0.95065
0.92541
0.93302
0.91365
0.93580
1.00000
0.99744
0.99756
0.99589
0.98669
0.96418
0.96258
0.97680
1.00000
0.99557
0.99568
0.97213
0.95964
0.94627
0.97732
1.00000
0.99836
0.97094
0.97685
0.99623
0.97042
0.96392
0.98414
0.97302
0.97046
0.95563
0.93923
0.95954
0.97288
0.94954
0.94371
0.93995
0.93117
0.94087
0.94366
0.95184
0.97146
0.99957
0.98393
0.98760
0.97056
0.93705
0.97469
0.96513
0.99200
0.97288
0.97169
0.99525
0.99187
0.99205
0.96778
0.99024
1.00000
0.99443
0.97888
0.99596
0.99078
0.94766
0.94020
0.94755
0.94618
0.93886
0.94747
0.92743
0.93876
0.92764
0.94427
0.97106
0.96601
0.96461
0.97660
0.97666
0.98931
0.99439
0.99313
0.97518
0.99836
1.00000
0.96849
0.98201
0.98555
0.96610
0.99581
0.99504
0.99023
0.97781
0.96374
0.95119
0.92686
0.93599
0.92802
0.93621
0.93663
0.93454
0.94099
0.91775
0.95319
0.92872
0.91630
0.90721
0.89364
0.89024
0.90352
0.90592
0.93375
0.88488
0.88644
0.86985
0.90479
0.87593
0.87893
0.85563
0.89689
0.91544
0.91569
0.88168
0.87839
0.85896
0.86907
0.87388
0.84723
0.85068
0.83430
0.83500
0.85827
0.84197
0.80607
0.84359
0.85286
0.86634
0.83066
0.80306
0.76908
0.77638
0.76721
0.74724
0.71284
0.70343
0.70574
0.71869
0.69266
0.66016
0.67272
0.67606
0.68374
0.70418
0.68674
0.69920
0.69624
0.69645
0.71130
0.70618
0.67610
0.67210
0.67400
0.67401
0.69712
0.66869
0.66397
0.66865
0.66191
0.67762
0.68636
0.68587
0.70714
0.70999
0.70680
0.71111
0.71536
0.71946
0.71786
0.70586
0.70927
0.72581
0.70865
0.72047
0.68655
0.68097
0.70787
0.69470
0.70132
0.73368
0.74113
0.78915
0.80788
0.81662
0.80263
0.80007
0.82899
0.84155
0.85804
0.81919
0.81745
0.80701
0.78146
0.77866
0.76599
0.74325
0.77530
0.76374
0.78466
0.77714
0.81381
0.80121
0.78982
0.76179
0.76084
0.77885
0.77914
0.79697
0.80532
0.80933
0.79516
0.81270
0.78432
0.75948
0.73554
0.72860
0.72771
0.72110
0.72292
0.71123
0.71581
0.73968
0.72481
0.72131
0.74507
0.75265
0.74310
0.73983
0.75829
0.77785
0.73232
0.71258
0.73429
0.72435
0.70581
0.70619
0.70349
0.71877
0.73296
0.73765
0.70187
0.67059
0.69210
0.69567
0.69052
0.69061
0.68405
0.70403
0.70513
0.67971
0.66053
0.64184
0.62481
0.63697
0.65707
0.65715
0.64085
0.62964
0.64946
0.66618
0.66028
0.64179
0.63846
0.64183
0.61880
0.62556
0.63092
0.65519
0.68556
0.69837
0.66760
0.64091
0.65595
0.64036
0.68298
0.66177
0.64556
0.60803
0.62294
0.62263
0.65215
0.66208
0.70545
0.69631
0.65865
0.65648
0.62519
0.59728
0.62164
0.63670
0.61009
0.61500
0.58931
0.59989
0.62572
0.64926
0.62439
0.61223
0.62739
0.64734
0.64884
0.64711
0.64022
0.62118
0.58601
0.57335
0.56480
0.56136
0.56680
0.56776
0.56506
0.59337
0.57700
0.57634
0.62213
0.61687
0.58469
0.63510
0.62667
0.64903
0.64005
0.64410
0.67272
0.65708
0.70923
0.67266
0.64952
0.64150
0.65577
0.64899
0.60168
0.61649
0.62233
0.63757
0.61637
0.59199
0.58160
0.57417
0.61150
0.59846
0.56277
0.57972
0.56497
0.58216
0.60575
0.61369
0.60260
0.58761
0.58030
0.59266
0.58715
0.59721
0.57227
0.58084
0.58122
0.58315
0.55528
0.55233
0.53758
0.55120
0.56904
0.55840
0.59235
0.58677
0.58856
0.60093
0.59283
0.59443
0.59990
0.60529
0.58391
0.60629
0.60124
0.58589
0.59825
0.56258
0.56690
0.59755
0.57101
0.56999
0.60269
0.58848
0.54868
0.54433
0.51788
0.49729
0.54034
0.54982
0.50498
0.51521
0.51604
0.50006
0.47444
0.46798
0.44801
0.45408
0.45660
0.47219
0.48322
0.51216
0.49516
0.48112
0.51095
0.49741
0.49588
0.49738
0.48274
0.48128
0.46117
0.49844
0.49850
0.54099
0.58961
0.60957
0.60759
0.53688
0.54245
0.54315
0.54143
0.53927
0.54879
0.51962
0.54471
0.54900
0.57307
0.53832
0.48646
0.46521
0.48361
0.48426
