251   251   
253   249   
235   267   
242   260   
257   245   
245   257   
256   246   
257   245   
256   246   
256   246   
263   239   
272   230   
289   213   
284   218   
296   206   
275   227   
264   238   
260   242   
265   237   
281   221   
276   226   
274   228   
270   232   
287   215   
284   218   
287   215   
287   215   
282   220   
276   226   
274   228   
283   219   
274   228   
276   226   
276   226   
270   232   
270   232   
258   244   
285   217   
289   213   
285   217   
283   219   
285   217   
287   215   
294   208   
292   210   
284   218   
294   208   
297   205   
300   202   
310   192   
307   195   
281   221   
287   215   
300   202   
303   199   
306   196   
296   206   
301   201   
304   198   
306   196   
306   196   
308   194   
305   197   
295   207   
300   202   
302   200   
309   193   
306   196   
303   199   
306   196   
309   193   
316   186   
310   192   
307   195   
310   192   
318   184   
320   182   
308   194   
306   196   
309   193   
311   191   
303   199   
291   211   
292   210   
301   201   
291   211   
290   212   
281   221   
286   216   
282   220   
289   213   
290   212   
300   202   
315   187   
318   184   
305   197   
305   197   
300   202   
294   208   
304   198   
301   201   
308   194   
309   193   
300   202   
301   201   
306   196   
309   193   
311   191   
317   185   
335   167   
320   182   
336   166   
325   177   
337   165   
341   161   
337   165   
342   160   
343   159   
334   168   
331   171   
327   175   
330   172   
323   179   
320   182   
316   186   
311   191   
314   188   
314   188   
304   198   
307   195   
299   203   
300   202   
298   204   
316   186   
317   185   
320   182   
312   190   
314   188   
312   190   
306   196   
314   188   
308   194   
307   195   
298   204   
297   205   
290   212   
285   217   
294   208   
281   221   
270   232   
272   230   
272   230   
271   231   
273   229   
264   238   
285   217   
291   211   
285   217   
286   216   
283   219   
288   214   
276   226   
269   233   
261   241   
252   250   
258   244   
268   234   
270   232   
280   222   
280   222   
269   233   
272   230   
272   230   
268   234   
258   244   
271   231   
272   230   
274   228   
271   231   
266   236   
263   239   
259   243   
255   247   
245   257   
252   250   
250   252   
249   253   
257   245   
255   247   
248   254   
234   268   
229   273   
235   267   
225   277   
231   271   
239   263   
248   254   
255   247   
252   250   
270   232   
274   228   
284   218   
283   219   
281   221   
266   236   
269   233   
270   232   
262   240   
258   244   
262   240   
254   248   
249   253   
238   264   
240   262   
252   250   
264   238   
267   235   
282   220   
289   213   
278   224   
275   227   
279   223   
281   221   
284   218   
288   214   
289   213   
275   227   
266   236   
262   240   
270   232   
281   221   
286   216   
297   205   
307   195   
317   185   
313   189   
316   186   
316   186   
330   172   
334   168   
338   164   
336   166   
341   161   
330   172   
340   162   
332   170   
337   165   
347   155   
348   154   
345   157   
345   157   
346   156   
335   167   
330   172   
324   178   
328   174   
326   176   
328   174   
334   168   
342   160   
347   155   
341   161   
339   163   
344   158   
338   164   
341   161   
344   158   
347   155   
348   154   
347   155   
345   157   
356   146   
354   148   
347   155   
348   154   
354   148   
371   131   
367   135   
364   138   
364   138   
360   142   
353   149   
359   143   
359   143   
362   140   
365   137   
370   132   
362   140   
357   145   
361   141   
343   159   
343   159   
351   151   
341   161   
348   154   
337   165   
330   172   
342   160   
343   159   
337   165   
331   171   
332   170   
343   159   
339   163   
338   164   
346   156   
335   167   
330   172   
323   179   
319   183   
319   183   
312   190   
313   189   
302   200   
304   198   
310   192   
309   193   
311   191   
320   182   
319   183   
313   189   
321   181   
324   178   
319   183   
315   187   
309   193   
301   201   
296   206   
296   206   
298   204   
305   197   
304   198   
305   197   
306   196   
304   198   
300   202   
306   196   
296   206   
291   211   
309   193   
323   179   
323   179   
337   165   
334   168   
330   172   
324   178   
329   173   
326   176   
324   178   
316   186   
326   176   
315   187   
318   184   
307   195   
304   198   
294   208   
296   206   
299   203   
300   202   
299   203   
297   205   
299   203   
308   194   
294   208   
281   221   
302   200   
315   187   
305   197   
309   193   
319   183   
317   185   
305   197   
297   205   
307   195   
301   201   
288   214   
290   212   
296   206   
300   202   
303   199   
300   202   
291   211   
282   220   
286   216   
295   207   
300   202   
300   202   
303   199   
306   196   
306   196   
308   194   
309   193   
299   203   
292   210   
289   213   
290   212   
281   221   
290   212   
284   218   
293   209   
287   215   
283   219   
287   215   
294   208   
296   206   
306   196   
318   184   
303   199   
306   196   
315   187   
305   197   
301   201   
299   203   
303   199   
304   198   
307   195   
305   197   
314   188   
325   177   
325   177   
331   171   
339   163   
344   158   
353   149   
356   146   
360   142   
346   156   
346   156   
346   156   
346   156   
342   160   
350   152   
342   160   
344   158   
350   152   
349   153   
350   152   
357   145   
367   135   
359   143   
358   144   
353   149   
349   153   
356   146   
353   149   
358   144   
369   133   
363   139   
363   139   
362   140   
351   151   
359   143   
345   157   
334   168   
328   174   
332   170   
328   174   
328   174   
340   162   
358   144   
351   151   
360   142   
382   120   
374   128   
370   132   
366   136   
370   132   
373   129   
385   117   
377   125   
374   128   
374   128   
387   115   
385   117   
388   114   
384   118   
373   129   
380   122   
394   108   
389   113   
382   120   
383   119   
378   124   
378   124   
387   115   
395   107   
389   113   
382   120   
375   127   
377   125   
379   123   
384   118   
385   117   
393   109   
397   105   
392   110   
393   109   
389   113   
394   108   
1   1   
1   1   
1   1   
1   1   
1   1   
1   1   
1   1   
1   1   
1   1   
1   1   
1   1   
1   1   
1   1   
1   1   
1   1   
1   1   
1   1   
1   1   
1   1   
1   1   
1   1   
1   1   
1   1   
1   1   
1   1   
1   1   
1   1   
1   1   
1   1   
1   1   
1   1   
1   1   
1   1   
1   1   
1   1   
1   1   
1   1   
1   1   
1   1   
1   1   
1   1   
1   1   
1   1   
1   1   
1   1   
1   1   
1   1   
1   1   
1   1   
1   1   
1   1   
1   1   
1   1   
1   1   
1   1   
1   1   
1   1   
1   1   
1   1   
1   1   
1   1   
1   1   
1   1   
1   1   
1   1   
1   1   
1   1   
1   1   
1   1   
1   1   
1   1   
1   1   
1   1   
1   1   
1   1   
1   1   
1   1   
1   1   
1   1   
1   1   
1   1   
1   1   
1   1   
1   1   
1   1   
1   1   
1   1   
1   1   
1   1   
1   1   
1   1   
1   1   
1   1   
1   1   
1   1   
1   1   
1   1   
1   1   
1   1   
1   1   
1   1   
1   1   
