251   251   
265   237   
270   232   
264   238   
255   247   
252   250   
254   248   
262   240   
272   230   
269   233   
266   236   
261   241   
249   253   
254   248   
247   255   
238   264   
245   257   
243   259   
238   264   
248   254   
244   258   
247   255   
246   256   
237   265   
231   271   
230   272   
225   277   
230   272   
224   278   
218   284   
240   262   
240   262   
240   262   
240   262   
239   263   
241   261   
249   253   
240   262   
238   264   
240   262   
244   258   
238   264   
236   266   
247   255   
250   252   
259   243   
256   246   
256   246   
258   244   
251   251   
250   252   
245   257   
249   253   
255   247   
254   248   
255   247   
272   230   
263   239   
268   234   
257   245   
271   231   
266   236   
276   226   
272   230   
278   224   
273   229   
283   219   
268   234   
258   244   
259   243   
270   232   
272   230   
268   234   
263   239   
276   226   
272   230   
267   235   
263   239   
275   227   
264   238   
261   241   
258   244   
256   246   
252   250   
255   247   
262   240   
270   232   
275   227   
269   233   
259   243   
268   234   
263   239   
268   234   
270   232   
275   227   
283   219   
280   222   
263   239   
257   245   
262   240   
259   243   
267   235   
255   247   
253   249   
238   264   
242   260   
245   257   
262   240   
265   237   
280   222   
276   226   
279   223   
285   217   
298   204   
294   208   
289   213   
301   201   
304   198   
300   202   
303   199   
305   197   
297   205   
288   214   
295   207   
299   203   
304   198   
310   192   
317   185   
310   192   
305   197   
305   197   
299   203   
300   202   
303   199   
308   194   
305   197   
302   200   
309   193   
313   189   
309   193   
313   189   
306   196   
304   198   
298   204   
312   190   
303   199   
313   189   
312   190   
306   196   
305   197   
315   187   
316   186   
321   181   
322   180   
312   190   
312   190   
326   176   
331   171   
342   160   
332   170   
333   169   
347   155   
346   156   
332   170   
335   167   
324   178   
321   181   
326   176   
320   182   
330   172   
323   179   
305   197   
314   188   
317   185   
317   185   
318   184   
323   179   
326   176   
335   167   
346   156   
347   155   
354   148   
358   144   
363   139   
370   132   
369   133   
369   133   
364   138   
365   137   
352   150   
353   149   
354   148   
359   143   
359   143   
367   135   
377   125   
370   132   
368   134   
381   121   
390   112   
399   103   
417   85   
426   76   
424   78   
426   76   
431   71   
439   63   
437   65   
441   61   
439   63   
438   64   
439   63   
446   56   
436   66   
435   67   
434   68   
437   65   
436   66   
431   71   
434   68   
436   66   
432   70   
433   69   
444   58   
442   60   
436   66   
435   67   
433   69   
430   72   
438   64   
442   60   
443   59   
441   61   
431   71   
427   75   
429   73   
431   71   
430   72   
424   78   
426   76   
426   76   
428   74   
436   66   
437   65   
439   63   
439   63   
433   69   
435   67   
429   73   
431   71   
427   75   
431   71   
432   70   
433   69   
433   69   
430   72   
429   73   
428   74   
408   94   
408   94   
405   97   
391   111   
393   109   
391   111   
394   108   
395   107   
378   124   
380   122   
396   106   
398   104   
406   96   
412   90   
414   88   
419   83   
421   81   
420   82   
418   84   
417   85   
423   79   
429   73   
414   88   
417   85   
414   88   
409   93   
419   83   
418   84   
416   86   
423   79   
428   74   
429   73   
432   70   
436   66   
443   59   
448   54   
450   52   
452   50   
461   41   
456   46   
459   43   
461   41   
466   36   
464   38   
465   37   
471   31   
474   28   
480   22   
482   20   
479   23   
481   21   
478   24   
477   25   
476   26   
472   30   
470   32   
474   28   
472   30   
474   28   
470   32   
469   33   
473   29   
476   26   
479   23   
477   25   
479   23   
475   27   
471   31   
473   29   
473   29   
479   23   
482   20   
486   16   
484   18   
480   22   
480   22   
479   23   
481   21   
479   23   
475   27   
470   32   
466   36   
462   40   
467   35   
471   31   
469   33   
475   27   
475   27   
476   26   
477   25   
477   25   
478   24   
478   24   
479   23   
475   27   
478   24   
479   23   
484   18   
488   14   
490   12   
489   13   
485   17   
481   21   
481   21   
479   23   
474   28   
473   29   
470   32   
466   36   
469   33   
473   29   
471   31   
475   27   
473   29   
482   20   
483   19   
480   22   
474   28   
477   25   
476   26   
476   26   
476   26   
480   22   
479   23   
474   28   
477   25   
477   25   
476   26   
478   24   
476   26   
475   27   
470   32   
475   27   
477   25   
484   18   
476   26   
474   28   
473   29   
471   31   
476   26   
473   29   
475   27   
472   30   
470   32   
471   31   
475   27   
478   24   
476   26   
475   27   
472   30   
476   26   
482   20   
482   20   
484   18   
481   21   
481   21   
482   20   
483   19   
489   13   
492   10   
488   14   
488   14   
489   13   
488   14   
490   12   
488   14   
490   12   
483   19   
487   15   
490   12   
489   13   
488   14   
489   13   
490   12   
496   6   
497   5   
497   5   
499   3   
498   4   
499   3   
499   3   
500   2   
499   3   
501   1   
501   1   
501   1   
501   1   
501   1   
501   1   
501   1   
501   1   
501   1   
501   1   
501   1   
501   1   
501   1   
501   1   
501   1   
501   1   
501   1   
501   1   
501   1   
501   1   
501   1   
501   1   
501   1   
501   1   
501   1   
501   1   
501   1   
501   1   
501   1   
501   1   
501   1   
501   1   
501   1   
501   1   
501   1   
501   1   
501   1   
501   1   
501   1   
501   1   
501   1   
501   1   
501   1   
501   1   
501   1   
501   1   
501   1   
501   1   
501   1   
501   1   
501   1   
501   1   
501   1   
501   1   
501   1   
501   1   
501   1   
501   1   
1   1   
1   1   
1   1   
1   1   
1   1   
1   1   
1   1   
1   1   
1   1   
1   1   
1   1   
1   1   
1   1   
1   1   
1   1   
1   1   
1   1   
1   1   
1   1   
1   1   
1   1   
1   1   
1   1   
1   1   
1   1   
1   1   
1   1   
1   1   
1   1   
1   1   
1   1   
1   1   
1   1   
1   1   
1   1   
1   1   
1   1   
1   1   
1   1   
1   1   
1   1   
1   1   
1   1   
1   1   
1   1   
1   1   
1   1   
1   1   
1   1   
1   1   
1   1   
1   1   
1   1   
1   1   
1   1   
1   1   
1   1   
1   1   
1   1   
1   1   
1   1   
1   1   
1   1   
1   1   
1   1   
1   1   
1   1   
1   1   
1   1   
1   1   
1   1   
1   1   
1   1   
1   1   
1   1   
1   1   
1   1   
1   1   
1   1   
1   1   
1   1   
1   1   
1   1   
1   1   
1   1   
1   1   
1   1   
1   1   
1   1   
1   1   
1   1   
1   1   
1   1   
1   1   
1   1   
1   1   
1   1   
1   1   
1   1   
1   1   
1   1   
1   1   
