2501   2501   
2601   2401   
2610   2392   
2628   2374   
2631   2371   
2602   2400   
2644   2358   
2644   2358   
2681   2321   
2663   2339   
2658   2344   
2670   2332   
2673   2329   
2680   2322   
2678   2324   
2688   2314   
2687   2315   
2685   2317   
2676   2326   
2684   2318   
2640   2362   
2663   2339   
2659   2343   
2657   2345   
2643   2359   
2673   2329   
2670   2332   
2722   2280   
2714   2288   
2710   2292   
2760   2242   
2816   2186   
2848   2154   
2850   2152   
2878   2124   
2912   2090   
2946   2056   
2991   2011   
2977   2025   
2991   2011   
2990   2012   
2976   2026   
3014   1988   
3002   2000   
2968   2034   
2958   2044   
2986   2016   
2967   2035   
2948   2054   
2977   2025   
2946   2056   
2956   2046   
2985   2017   
3002   2000   
2999   2003   
3001   2001   
3008   1994   
3015   1987   
3024   1978   
3006   1996   
3011   1991   
3003   1999   
2956   2046   
2919   2083   
2914   2088   
2929   2073   
2903   2099   
2857   2145   
2835   2167   
2828   2174   
2855   2147   
2846   2156   
2872   2130   
2883   2119   
2858   2144   
2844   2158   
2813   2189   
2814   2188   
2834   2168   
2838   2164   
2795   2207   
2832   2170   
2901   2101   
2857   2145   
2881   2121   
2869   2133   
2910   2092   
2887   2115   
2855   2147   
2847   2155   
2793   2209   
2810   2192   
2789   2213   
2768   2234   
2809   2193   
2803   2199   
2809   2193   
2786   2216   
2801   2201   
2777   2225   
2772   2230   
2765   2237   
2756   2246   
2724   2278   
2730   2272   
2720   2282   
2769   2233   
2739   2263   
2732   2270   
2727   2275   
2727   2275   
2693   2309   
2650   2352   
2684   2318   
2677   2325   
2666   2336   
2635   2367   
2621   2381   
2641   2361   
2636   2366   
2584   2418   
2608   2394   
2578   2424   
2564   2438   
2568   2434   
2530   2472   
2570   2432   
2583   2419   
2564   2438   
2550   2452   
2570   2432   
2581   2421   
2520   2482   
2534   2468   
2499   2503   
2516   2486   
2508   2494   
2503   2499   
2510   2492   
2523   2479   
2512   2490   
2555   2447   
2621   2381   
2662   2340   
2664   2338   
2699   2303   
2721   2281   
2741   2261   
2748   2254   
2769   2233   
2816   2186   
2788   2214   
2796   2206   
2834   2168   
2848   2154   
2834   2168   
2880   2122   
2874   2128   
2855   2147   
2850   2152   
2828   2174   
2798   2204   
2773   2229   
2767   2235   
2736   2266   
2804   2198   
2810   2192   
2833   2169   
2824   2178   
2847   2155   
2848   2154   
2821   2181   
2804   2198   
2808   2194   
2845   2157   
2867   2135   
2853   2149   
2836   2166   
2840   2162   
2818   2184   
2795   2207   
2784   2218   
2797   2205   
2820   2182   
2805   2197   
2798   2204   
2758   2244   
2734   2268   
2734   2268   
2723   2279   
2736   2266   
2762   2240   
2756   2246   
2736   2266   
2784   2218   
2791   2211   
2791   2211   
2764   2238   
2818   2184   
2795   2207   
2816   2186   
2808   2194   
2817   2185   
2805   2197   
2757   2245   
2774   2228   
2773   2229   
2756   2246   
2781   2221   
2798   2204   
2774   2228   
2798   2204   
2763   2239   
2777   2225   
2801   2201   
2790   2212   
2796   2206   
2808   2194   
2819   2183   
2821   2181   
2836   2166   
2838   2164   
2833   2169   
2865   2137   
2852   2150   
2839   2163   
2827   2175   
2827   2175   
2855   2147   
2863   2139   
2855   2147   
2880   2122   
2899   2103   
2863   2139   
2832   2170   
2835   2167   
2820   2182   
2854   2148   
2817   2185   
2807   2195   
2817   2185   
2851   2151   
2814   2188   
2801   2201   
2844   2158   
2873   2129   
2884   2118   
2898   2104   
2915   2087   
2902   2100   
2891   2111   
2922   2080   
2940   2062   
2928   2074   
2930   2072   
2883   2119   
2875   2127   
2883   2119   
2885   2117   
2888   2114   
2905   2097   
2942   2060   
2917   2085   
2918   2084   
2965   2037   
2932   2070   
2935   2067   
2940   2062   
2960   2042   
2943   2059   
2961   2041   
2942   2060   
2939   2063   
2944   2058   
2945   2057   
2926   2076   
2961   2041   
2954   2048   
2918   2084   
2917   2085   
2934   2068   
2893   2109   
2948   2054   
2978   2024   
2964   2038   
2962   2040   
2942   2060   
2911   2091   
2939   2063   
2919   2083   
2921   2081   
2915   2087   
2933   2069   
2909   2093   
2939   2063   
2929   2073   
2925   2077   
2941   2061   
2919   2083   
2901   2101   
2904   2098   
2914   2088   
2931   2071   
2968   2034   
2937   2065   
2935   2067   
2908   2094   
2911   2091   
2896   2106   
2866   2136   
2884   2118   
2936   2066   
2961   2041   
2933   2069   
2897   2105   
2924   2078   
2930   2072   
2950   2052   
2975   2027   
2998   2004   
3013   1989   
3003   1999   
2989   2013   
2970   2032   
2976   2026   
2976   2026   
3018   1984   
3008   1994   
3044   1958   
3046   1956   
3037   1965   
3044   1958   
3001   2001   
3014   1988   
2999   2003   
3002   2000   
2989   2013   
2990   2012   
2974   2028   
2978   2024   
2985   2017   
2946   2056   
2939   2063   
2930   2072   
2897   2105   
2910   2092   
2917   2085   
2911   2091   
2925   2077   
2933   2069   
2935   2067   
2918   2084   
2897   2105   
2944   2058   
2976   2026   
2970   2032   
2939   2063   
2930   2072   
2937   2065   
2945   2057   
2928   2074   
2968   2034   
2979   2023   
2973   2029   
2970   2032   
2907   2095   
2911   2091   
2873   2129   
2837   2165   
2827   2175   
2847   2155   
2846   2156   
2875   2127   
2899   2103   
2894   2108   
2880   2122   
2913   2089   
2876   2126   
2821   2181   
2797   2205   
2759   2243   
2768   2234   
2742   2260   
2817   2185   
2843   2159   
2856   2146   
2845   2157   
2844   2158   
2833   2169   
2846   2156   
2834   2168   
2820   2182   
2812   2190   
2805   2197   
2796   2206   
2795   2207   
2781   2221   
2775   2227   
2750   2252   
2746   2256   
2703   2299   
2673   2329   
2682   2320   
2702   2300   
2660   2342   
2646   2356   
2606   2396   
2617   2385   
2632   2370   
2599   2403   
2587   2415   
2591   2411   
2560   2442   
2543   2459   
2506   2496   
2524   2478   
2521   2481   
2471   2531   
2495   2507   
2487   2515   
2477   2525   
2447   2555   
2408   2594   
2414   2588   
2405   2597   
2356   2646   
2437   2565   
2441   2561   
2430   2572   
2434   2568   
2478   2524   
2522   2480   
2514   2488   
2556   2446   
2544   2458   
2540   2462   
2592   2410   
2554   2448   
2525   2477   
2496   2506   
2504   2498   
2504   2498   
2509   2493   
2508   2494   
2535   2467   
2589   2413   
2555   2447   
2579   2423   
2593   2409   
2599   2403   
2622   2380   
2626   2376   
2637   2365   
2616   2386   
2638   2364   
2631   2371   
2673   2329   
2692   2310   
2678   2324   
2694   2308   
2727   2275   
2729   2273   
2743   2259   
2714   2288   
2720   2282   
2715   2287   
2730   2272   
2733   2269   
2760   2242   
2777   2225   
2828   2174   
2802   2200   
2823   2179   
2827   2175   
2856   2146   
2827   2175   
2799   2203   
2805   2197   
2809   2193   
2774   2228   
2795   2207   
2759   2243   
2741   2261   
2756   2246   
2759   2243   
2735   2267   
2774   2228   
2789   2213   
2848   2154   
2862   2140   
2879   2123   
2874   2128   
2882   2120   
2916   2086   
2908   2094   
2901   2101   
2882   2120   
2869   2133   
2858   2144   
1   1   
1   1   
1   1   
1   1   
1   1   
1   1   
1   1   
1   1   
1   1   
1   1   
1   1   
1   1   
1   1   
1   1   
1   1   
1   1   
1   1   
1   1   
1   1   
1   1   
1   1   
1   1   
1   1   
1   1   
1   1   
1   1   
1   1   
1   1   
1   1   
1   1   
1   1   
1   1   
1   1   
1   1   
1   1   
1   1   
1   1   
1   1   
1   1   
1   1   
1   1   
1   1   
1   1   
1   1   
1   1   
1   1   
1   1   
1   1   
1   1   
1   1   
1   1   
1   1   
1   1   
1   1   
1   1   
1   1   
1   1   
1   1   
1   1   
1   1   
1   1   
1   1   
1   1   
1   1   
1   1   
1   1   
1   1   
1   1   
1   1   
1   1   
1   1   
1   1   
1   1   
1   1   
1   1   
1   1   
1   1   
1   1   
1   1   
1   1   
1   1   
1   1   
1   1   
1   1   
1   1   
1   1   
1   1   
1   1   
1   1   
1   1   
1   1   
1   1   
1   1   
1   1   
1   1   
1   1   
1   1   
1   1   
1   1   
1   1   
1   1   
1   1   
