2501   2501   
2641   2361   
2662   2340   
2659   2343   
2667   2335   
2660   2342   
2653   2349   
2645   2357   
2620   2382   
2587   2415   
2579   2423   
2597   2405   
2624   2378   
2629   2373   
2641   2361   
2626   2376   
2619   2383   
2621   2381   
2589   2413   
2595   2407   
2584   2418   
2582   2420   
2594   2408   
2624   2378   
2651   2351   
2640   2362   
2666   2336   
2656   2346   
2677   2325   
2701   2301   
2719   2283   
2756   2246   
2776   2226   
2749   2253   
2732   2270   
2684   2318   
2691   2311   
2686   2316   
2661   2341   
2637   2365   
2654   2348   
2637   2365   
2627   2375   
2605   2397   
2612   2390   
2652   2350   
2686   2316   
2650   2352   
2641   2361   
2673   2329   
2637   2365   
2671   2331   
2737   2265   
2781   2221   
2739   2263   
2761   2241   
2761   2241   
2765   2237   
2759   2243   
2710   2292   
2707   2295   
2671   2331   
2684   2318   
2678   2324   
2693   2309   
2742   2260   
2740   2262   
2782   2220   
2799   2203   
2791   2211   
2772   2230   
2730   2272   
2706   2296   
2716   2286   
2714   2288   
2691   2311   
2697   2305   
2706   2296   
2722   2280   
2722   2280   
2693   2309   
2686   2316   
2696   2306   
2662   2340   
2651   2351   
2671   2331   
2695   2307   
2727   2275   
2734   2268   
2748   2254   
2734   2268   
2719   2283   
2745   2257   
2724   2278   
2754   2248   
2744   2258   
2707   2295   
2687   2315   
2700   2302   
2712   2290   
2718   2284   
2767   2235   
2786   2216   
2797   2205   
2828   2174   
2840   2162   
2854   2148   
2836   2166   
2814   2188   
2810   2192   
2774   2228   
2803   2199   
2793   2209   
2812   2190   
2762   2240   
2738   2264   
2754   2248   
2817   2185   
2805   2197   
2819   2183   
2831   2171   
2848   2154   
2848   2154   
2827   2175   
2808   2194   
2814   2188   
2822   2180   
2843   2159   
2827   2175   
2805   2197   
2792   2210   
2795   2207   
2803   2199   
2842   2160   
2819   2183   
2812   2190   
2780   2222   
2830   2172   
2812   2190   
2844   2158   
2860   2142   
2888   2114   
2894   2108   
2856   2146   
2838   2164   
2850   2152   
2822   2180   
2788   2214   
2774   2228   
2795   2207   
2807   2195   
2799   2203   
2781   2221   
2824   2178   
2814   2188   
2820   2182   
2812   2190   
2787   2215   
2840   2162   
2820   2182   
2824   2178   
2807   2195   
2823   2179   
2854   2148   
2882   2120   
2898   2104   
2912   2090   
2900   2102   
2870   2132   
2815   2187   
2790   2212   
2793   2209   
2769   2233   
2790   2212   
2842   2160   
2844   2158   
2865   2137   
2929   2073   
2935   2067   
2948   2054   
2911   2091   
2900   2102   
2909   2093   
2946   2056   
2940   2062   
2943   2059   
2967   2035   
2980   2022   
3000   2002   
3017   1985   
3001   2001   
2955   2047   
2983   2019   
2920   2082   
2919   2083   
2940   2062   
2969   2033   
2950   2052   
2950   2052   
2953   2049   
2973   2029   
2977   2025   
3037   1965   
3038   1964   
3030   1972   
3040   1962   
3063   1939   
3065   1937   
3100   1902   
3077   1925   
3036   1966   
3086   1916   
3066   1936   
3065   1937   
3074   1928   
3090   1912   
3082   1920   
3121   1881   
3149   1853   
3164   1838   
3125   1877   
3085   1917   
3115   1887   
3056   1946   
3028   1974   
3058   1944   
3063   1939   
3078   1924   
3103   1899   
3113   1889   
3124   1878   
3149   1853   
3156   1846   
3183   1819   
3207   1795   
3175   1827   
3195   1807   
3183   1819   
3197   1805   
3182   1820   
3175   1827   
3134   1868   
3132   1870   
3151   1851   
3138   1864   
3116   1886   
3137   1865   
3140   1862   
3103   1899   
3130   1872   
3127   1875   
3150   1852   
3142   1860   
3143   1859   
3149   1853   
3112   1890   
3129   1873   
3139   1863   
3117   1885   
3116   1886   
3107   1895   
3100   1902   
3081   1921   
3068   1934   
3083   1919   
3091   1911   
3114   1888   
3145   1857   
3179   1823   
3179   1823   
3224   1778   
3257   1745   
3253   1749   
3276   1726   
3309   1693   
3344   1658   
3374   1628   
3379   1623   
3420   1582   
3438   1564   
3466   1536   
3463   1539   
3462   1540   
3481   1521   
3485   1517   
3490   1512   
3492   1510   
3487   1515   
3465   1537   
3459   1543   
3422   1580   
3396   1606   
3379   1623   
3391   1611   
3392   1610   
3380   1622   
3368   1634   
3364   1638   
3369   1633   
3377   1625   
3358   1644   
3352   1650   
3303   1699   
3297   1705   
3336   1666   
3310   1692   
3326   1676   
3323   1679   
3344   1658   
3333   1669   
3335   1667   
3326   1676   
3362   1640   
3337   1665   
3342   1660   
3312   1690   
3306   1696   
3266   1736   
3280   1722   
3282   1720   
3270   1732   
3272   1730   
3264   1738   
3306   1696   
3264   1738   
3262   1740   
3271   1731   
3288   1714   
3229   1773   
3220   1782   
3189   1813   
3190   1812   
3190   1812   
3158   1844   
3128   1874   
3139   1863   
3128   1874   
3145   1857   
3161   1841   
3185   1817   
3165   1837   
3183   1819   
3201   1801   
3175   1827   
3162   1840   
3227   1775   
3220   1782   
3228   1774   
3263   1739   
3272   1730   
3274   1728   
3254   1748   
3273   1729   
3269   1733   
3249   1753   
3267   1735   
3269   1733   
3227   1775   
3226   1776   
3229   1773   
3200   1802   
3221   1781   
3212   1790   
3213   1789   
3221   1781   
3198   1804   
3179   1823   
3213   1789   
3240   1762   
3218   1784   
3216   1786   
3195   1807   
3232   1770   
3241   1761   
3254   1748   
3249   1753   
3210   1792   
3197   1805   
3206   1796   
3231   1771   
3190   1812   
3151   1851   
3157   1845   
3200   1802   
3204   1798   
3212   1790   
3228   1774   
3255   1747   
3244   1758   
3238   1764   
3193   1809   
3218   1784   
3260   1742   
3229   1773   
3221   1781   
3205   1797   
3267   1735   
3261   1741   
3232   1770   
3265   1737   
3292   1710   
3303   1699   
3306   1696   
3283   1719   
3277   1725   
3334   1668   
3334   1668   
3320   1682   
3373   1629   
3415   1587   
3395   1607   
3393   1609   
3372   1630   
3381   1621   
3358   1644   
3392   1610   
3424   1578   
3461   1541   
3440   1562   
3406   1596   
3436   1566   
3388   1614   
3419   1583   
3458   1544   
3424   1578   
3437   1565   
3433   1569   
3401   1601   
3389   1613   
3392   1610   
3411   1591   
3396   1606   
3402   1600   
3397   1605   
3409   1593   
3426   1576   
3418   1584   
3403   1599   
3413   1589   
3399   1603   
3436   1566   
3441   1561   
3426   1576   
3404   1598   
3433   1569   
3443   1559   
3479   1523   
3467   1535   
3450   1552   
3447   1555   
3437   1565   
3454   1548   
3482   1520   
3472   1530   
3510   1492   
3499   1503   
3482   1520   
3484   1518   
3500   1502   
3506   1496   
3528   1474   
3538   1464   
3560   1442   
3553   1449   
3547   1455   
3537   1465   
3547   1455   
3546   1456   
3547   1455   
3549   1453   
3549   1453   
3550   1452   
3549   1453   
3554   1448   
3597   1405   
3666   1336   
3666   1336   
3657   1345   
3646   1356   
3654   1348   
3630   1372   
3630   1372   
3604   1398   
3618   1384   
3651   1351   
3648   1354   
3629   1373   
3645   1357   
3651   1351   
3649   1353   
3655   1347   
3650   1352   
3697   1305   
3686   1316   
3647   1355   
3619   1383   
3635   1367   
3705   1297   
3706   1296   
1   1   
1   1   
1   1   
1   1   
1   1   
1   1   
1   1   
1   1   
1   1   
1   1   
1   1   
1   1   
1   1   
1   1   
1   1   
1   1   
1   1   
1   1   
1   1   
1   1   
1   1   
1   1   
1   1   
1   1   
1   1   
1   1   
1   1   
1   1   
1   1   
1   1   
1   1   
1   1   
1   1   
1   1   
1   1   
1   1   
1   1   
1   1   
1   1   
1   1   
1   1   
1   1   
1   1   
1   1   
1   1   
1   1   
1   1   
1   1   
1   1   
1   1   
1   1   
1   1   
1   1   
1   1   
1   1   
1   1   
1   1   
1   1   
1   1   
1   1   
1   1   
1   1   
1   1   
1   1   
1   1   
1   1   
1   1   
1   1   
1   1   
1   1   
1   1   
1   1   
1   1   
1   1   
1   1   
1   1   
1   1   
1   1   
1   1   
1   1   
1   1   
1   1   
1   1   
1   1   
1   1   
1   1   
1   1   
1   1   
1   1   
1   1   
1   1   
1   1   
1   1   
1   1   
1   1   
1   1   
1   1   
1   1   
1   1   
1   1   
1   1   
1   1   
