501   501   
533   469   
543   459   
548   454   
544   458   
541   461   
526   476   
527   475   
538   464   
523   479   
526   476   
511   491   
499   503   
493   509   
498   504   
499   503   
480   522   
465   537   
464   538   
455   547   
456   546   
444   558   
435   567   
409   593   
398   604   
396   606   
399   603   
397   605   
409   593   
397   605   
382   620   
374   628   
378   624   
377   625   
385   617   
390   612   
389   613   
378   624   
382   620   
375   627   
354   648   
367   635   
373   629   
367   635   
371   631   
375   627   
380   622   
372   630   
355   647   
377   625   
369   633   
387   615   
397   605   
389   613   
392   610   
397   605   
396   606   
402   600   
391   611   
395   607   
387   615   
394   608   
379   623   
382   620   
389   613   
414   588   
422   580   
422   580   
404   598   
400   602   
393   609   
380   622   
392   610   
407   595   
400   602   
423   579   
430   572   
435   567   
436   566   
442   560   
441   561   
438   564   
437   565   
436   566   
444   558   
451   551   
458   544   
478   524   
489   513   
509   493   
507   495   
499   503   
503   499   
487   515   
491   511   
485   517   
473   529   
472   530   
488   514   
485   517   
506   496   
502   500   
489   513   
475   527   
462   540   
473   529   
458   544   
444   558   
441   561   
449   553   
474   528   
448   554   
443   559   
454   548   
452   550   
457   545   
450   552   
459   543   
465   537   
464   538   
464   538   
451   551   
467   535   
444   558   
445   557   
454   548   
461   541   
467   535   
467   535   
469   533   
458   544   
465   537   
464   538   
459   543   
462   540   
465   537   
458   544   
448   554   
447   555   
451   551   
448   554   
452   550   
454   548   
462   540   
472   530   
475   527   
476   526   
469   533   
462   540   
453   549   
460   542   
471   531   
465   537   
466   536   
475   527   
480   522   
500   502   
494   508   
470   532   
486   516   
482   520   
490   512   
489   513   
484   518   
502   500   
502   500   
509   493   
502   500   
510   492   
524   478   
541   461   
523   479   
534   468   
548   454   
529   473   
514   488   
516   486   
507   495   
509   493   
498   504   
502   500   
497   505   
491   511   
481   521   
488   514   
479   523   
489   513   
471   531   
460   542   
449   553   
462   540   
446   556   
452   550   
453   549   
466   536   
453   549   
447   555   
464   538   
475   527   
470   532   
454   548   
444   558   
448   554   
447   555   
466   536   
456   546   
461   541   
455   547   
455   547   
455   547   
456   546   
449   553   
456   546   
448   554   
444   558   
458   544   
466   536   
457   545   
470   532   
459   543   
426   576   
398   604   
391   611   
403   599   
411   591   
424   578   
433   569   
418   584   
420   582   
436   566   
448   554   
433   569   
442   560   
447   555   
450   552   
448   554   
443   559   
451   551   
463   539   
472   530   
482   520   
481   521   
493   509   
494   508   
484   518   
483   519   
479   523   
488   514   
491   511   
489   513   
475   527   
467   535   
482   520   
461   541   
480   522   
491   511   
499   503   
463   539   
450   552   
465   537   
468   534   
497   505   
504   498   
512   490   
529   473   
532   470   
524   478   
535   467   
531   471   
527   475   
540   462   
543   459   
545   457   
563   439   
558   444   
567   435   
553   449   
553   449   
552   450   
549   453   
542   460   
534   468   
521   481   
517   485   
517   485   
516   486   
491   511   
497   505   
492   510   
494   508   
483   519   
467   535   
464   538   
459   543   
461   541   
463   539   
439   563   
430   572   
444   558   
442   560   
447   555   
443   559   
416   586   
410   592   
410   592   
408   594   
408   594   
408   594   
397   605   
387   615   
376   626   
379   623   
370   632   
343   659   
342   660   
337   665   
330   672   
321   681   
327   675   
327   675   
324   678   
324   678   
307   695   
298   704   
290   712   
283   719   
293   709   
296   706   
306   696   
317   685   
323   679   
322   680   
306   696   
289   713   
284   718   
293   709   
298   704   
291   711   
307   695   
299   703   
297   705   
294   708   
306   696   
305   697   
289   713   
289   713   
291   711   
279   723   
289   713   
302   700   
309   693   
303   699   
293   709   
280   722   
280   722   
275   727   
256   746   
242   760   
261   741   
247   755   
232   770   
238   764   
234   768   
230   772   
242   760   
234   768   
243   759   
246   756   
246   756   
242   760   
229   773   
237   765   
235   767   
231   771   
240   762   
235   767   
229   773   
237   765   
242   760   
240   762   
223   779   
230   772   
227   775   
259   743   
261   741   
275   727   
288   714   
259   743   
282   720   
299   703   
305   697   
297   705   
300   702   
295   707   
298   704   
315   687   
295   707   
294   708   
280   722   
263   739   
257   745   
244   758   
255   747   
263   739   
246   756   
245   757   
253   749   
237   765   
256   746   
261   741   
271   731   
260   742   
262   740   
253   749   
262   740   
263   739   
277   725   
274   728   
268   734   
269   733   
259   743   
260   742   
260   742   
258   744   
264   738   
264   738   
267   735   
256   746   
256   746   
252   750   
274   728   
286   716   
275   727   
281   721   
274   728   
261   741   
269   733   
257   745   
260   742   
264   738   
286   716   
290   712   
306   696   
313   689   
314   688   
320   682   
323   679   
323   679   
333   669   
332   670   
344   658   
336   666   
344   658   
364   638   
345   657   
326   676   
320   682   
306   696   
311   691   
325   677   
327   675   
335   667   
338   664   
318   684   
325   677   
341   661   
340   662   
316   686   
306   696   
297   705   
299   703   
290   712   
296   706   
282   720   
283   719   
292   710   
280   722   
308   694   
312   690   
327   675   
323   679   
319   683   
320   682   
318   684   
322   680   
326   676   
321   681   
308   694   
290   712   
288   714   
286   716   
280   722   
288   714   
281   721   
293   709   
300   702   
300   702   
311   691   
316   686   
1   1   
1   1   
1   1   
1   1   
1   1   
1   1   
1   1   
1   1   
1   1   
1   1   
1   1   
1   1   
1   1   
1   1   
1   1   
1   1   
1   1   
1   1   
1   1   
1   1   
1   1   
1   1   
1   1   
1   1   
1   1   
1   1   
1   1   
1   1   
1   1   
1   1   
1   1   
1   1   
1   1   
1   1   
1   1   
1   1   
1   1   
1   1   
1   1   
1   1   
1   1   
1   1   
1   1   
1   1   
1   1   
1   1   
1   1   
1   1   
1   1   
1   1   
1   1   
1   1   
1   1   
1   1   
1   1   
1   1   
1   1   
1   1   
1   1   
1   1   
1   1   
1   1   
1   1   
1   1   
1   1   
1   1   
1   1   
1   1   
1   1   
1   1   
1   1   
1   1   
1   1   
1   1   
1   1   
1   1   
1   1   
1   1   
1   1   
1   1   
1   1   
1   1   
1   1   
1   1   
1   1   
1   1   
1   1   
1   1   
1   1   
1   1   
1   1   
1   1   
1   1   
1   1   
1   1   
1   1   
1   1   
1   1   
1   1   
1   1   
1   1   
1   1   
