51   51   
52   50   
56   46   
54   48   
51   51   
51   51   
55   47   
62   40   
60   42   
62   40   
60   42   
61   41   
62   40   
60   42   
63   39   
59   43   
64   38   
65   37   
67   35   
70   32   
82   20   
84   18   
81   21   
80   22   
75   27   
78   24   
78   24   
79   23   
74   28   
72   30   
76   26   
78   24   
79   23   
72   30   
69   33   
65   37   
66   36   
70   32   
74   28   
73   29   
70   32   
69   33   
70   32   
66   36   
67   35   
65   37   
62   40   
64   38   
67   35   
64   38   
63   39   
59   43   
64   38   
61   41   
55   47   
56   46   
55   47   
60   42   
56   46   
58   44   
62   40   
65   37   
65   37   
60   42   
66   36   
77   25   
76   26   
78   24   
81   21   
78   24   
78   24   
77   25   
71   31   
70   32   
67   35   
69   33   
73   29   
73   29   
68   34   
71   31   
72   30   
70   32   
72   30   
69   33   
69   33   
67   35   
68   34   
72   30   
70   32   
72   30   
67   35   
68   34   
67   35   
68   34   
67   35   
76   26   
75   27   
70   32   
67   35   
74   28   
75   27   
76   26   
76   26   
78   24   
77   25   
73   29   
75   27   
71   31   
70   32   
72   30   
72   30   
76   26   
74   28   
74   28   
80   22   
77   25   
78   24   
84   18   
79   23   
80   22   
80   22   
85   17   
87   15   
86   16   
90   12   
88   14   
87   15   
89   13   
87   15   
92   10   
93   9   
90   12   
89   13   
89   13   
92   10   
94   8   
94   8   
96   6   
95   7   
97   5   
98   4   
98   4   
95   7   
96   6   
95   7   
96   6   
99   3   
101   1   
101   1   
101   1   
101   1   
101   1   
101   1   
101   1   
101   1   
101   1   
101   1   
101   1   
101   1   
101   1   
101   1   
101   1   
101   1   
101   1   
101   1   
101   1   
101   1   
101   1   
101   1   
101   1   
101   1   
101   1   
101   1   
101   1   
101   1   
101   1   
101   1   
101   1   
101   1   
101   1   
101   1   
101   1   
101   1   
101   1   
101   1   
101   1   
101   1   
101   1   
101   1   
101   1   
101   1   
101   1   
101   1   
101   1   
101   1   
101   1   
101   1   
101   1   
101   1   
101   1   
101   1   
101   1   
101   1   
101   1   
101   1   
101   1   
101   1   
101   1   
101   1   
101   1   
101   1   
101   1   
101   1   
101   1   
101   1   
101   1   
101   1   
101   1   
101   1   
101   1   
101   1   
101   1   
101   1   
101   1   
101   1   
101   1   
101   1   
101   1   
101   1   
101   1   
101   1   
101   1   
101   1   
101   1   
101   1   
101   1   
101   1   
101   1   
101   1   
101   1   
101   1   
101   1   
101   1   
101   1   
101   1   
101   1   
101   1   
101   1   
101   1   
101   1   
101   1   
101   1   
101   1   
101   1   
101   1   
101   1   
101   1   
101   1   
101   1   
101   1   
101   1   
101   1   
101   1   
101   1   
101   1   
101   1   
101   1   
101   1   
101   1   
101   1   
101   1   
101   1   
101   1   
101   1   
101   1   
101   1   
101   1   
101   1   
101   1   
101   1   
101   1   
101   1   
101   1   
101   1   
101   1   
101   1   
101   1   
101   1   
101   1   
101   1   
101   1   
101   1   
101   1   
101   1   
101   1   
101   1   
101   1   
101   1   
101   1   
101   1   
101   1   
101   1   
101   1   
101   1   
101   1   
101   1   
101   1   
101   1   
101   1   
101   1   
101   1   
101   1   
101   1   
101   1   
101   1   
101   1   
101   1   
101   1   
101   1   
101   1   
101   1   
101   1   
101   1   
101   1   
101   1   
101   1   
101   1   
101   1   
101   1   
101   1   
101   1   
101   1   
101   1   
101   1   
101   1   
101   1   
101   1   
101   1   
101   1   
101   1   
101   1   
101   1   
101   1   
101   1   
101   1   
101   1   
101   1   
101   1   
101   1   
101   1   
101   1   
101   1   
101   1   
101   1   
101   1   
101   1   
101   1   
101   1   
101   1   
101   1   
101   1   
101   1   
101   1   
101   1   
101   1   
101   1   
101   1   
101   1   
101   1   
101   1   
101   1   
101   1   
101   1   
101   1   
101   1   
101   1   
101   1   
101   1   
101   1   
101   1   
101   1   
101   1   
101   1   
101   1   
101   1   
101   1   
101   1   
101   1   
101   1   
101   1   
101   1   
101   1   
101   1   
101   1   
101   1   
101   1   
101   1   
101   1   
101   1   
101   1   
101   1   
101   1   
101   1   
101   1   
101   1   
101   1   
101   1   
101   1   
101   1   
101   1   
101   1   
101   1   
101   1   
101   1   
101   1   
101   1   
101   1   
101   1   
101   1   
101   1   
101   1   
101   1   
101   1   
101   1   
101   1   
101   1   
101   1   
101   1   
101   1   
101   1   
101   1   
101   1   
101   1   
101   1   
101   1   
101   1   
101   1   
101   1   
101   1   
101   1   
101   1   
101   1   
101   1   
101   1   
101   1   
101   1   
101   1   
101   1   
101   1   
101   1   
101   1   
101   1   
101   1   
101   1   
101   1   
101   1   
101   1   
101   1   
101   1   
101   1   
101   1   
101   1   
101   1   
101   1   
101   1   
101   1   
101   1   
101   1   
101   1   
101   1   
101   1   
101   1   
101   1   
101   1   
101   1   
101   1   
101   1   
101   1   
101   1   
101   1   
101   1   
101   1   
101   1   
101   1   
101   1   
101   1   
101   1   
101   1   
101   1   
101   1   
101   1   
101   1   
101   1   
101   1   
101   1   
101   1   
101   1   
101   1   
101   1   
1   1   
1   1   
1   1   
1   1   
1   1   
1   1   
1   1   
1   1   
1   1   
1   1   
1   1   
1   1   
1   1   
1   1   
1   1   
1   1   
1   1   
1   1   
1   1   
1   1   
1   1   
1   1   
1   1   
1   1   
1   1   
1   1   
1   1   
1   1   
1   1   
1   1   
1   1   
1   1   
1   1   
1   1   
1   1   
1   1   
1   1   
1   1   
1   1   
1   1   
1   1   
1   1   
1   1   
1   1   
1   1   
1   1   
1   1   
1   1   
1   1   
1   1   
1   1   
1   1   
1   1   
1   1   
1   1   
1   1   
1   1   
1   1   
1   1   
1   1   
1   1   
1   1   
1   1   
1   1   
1   1   
1   1   
1   1   
1   1   
1   1   
1   1   
1   1   
1   1   
1   1   
1   1   
1   1   
1   1   
1   1   
1   1   
1   1   
1   1   
1   1   
1   1   
1   1   
1   1   
1   1   
1   1   
1   1   
1   1   
1   1   
1   1   
1   1   
1   1   
1   1   
1   1   
1   1   
1   1   
1   1   
1   1   
1   1   
1   1   
1   1   
1   1   
