51   51   
52   50   
52   50   
45   57   
44   58   
47   55   
48   54   
49   53   
48   54   
47   55   
47   55   
47   55   
50   52   
53   49   
53   49   
57   45   
61   41   
63   39   
64   38   
72   30   
64   38   
65   37   
67   35   
69   33   
69   33   
73   29   
74   28   
74   28   
76   26   
70   32   
70   32   
62   40   
67   35   
64   38   
65   37   
63   39   
63   39   
58   44   
60   42   
58   44   
56   46   
54   48   
57   45   
64   38   
62   40   
54   48   
50   52   
51   51   
55   47   
52   50   
59   43   
57   45   
53   49   
54   48   
54   48   
50   52   
51   51   
51   51   
50   52   
47   55   
47   55   
49   53   
55   47   
56   46   
56   46   
54   48   
59   43   
61   41   
59   43   
58   44   
59   43   
58   44   
56   46   
56   46   
54   48   
60   42   
60   42   
61   41   
59   43   
63   39   
57   45   
57   45   
54   48   
52   50   
53   49   
56   46   
55   47   
55   47   
56   46   
59   43   
60   42   
62   40   
63   39   
63   39   
63   39   
60   42   
58   44   
58   44   
60   42   
59   43   
58   44   
60   42   
59   43   
60   42   
61   41   
60   42   
65   37   
65   37   
68   34   
67   35   
66   36   
60   42   
67   35   
71   31   
71   31   
71   31   
73   29   
72   30   
73   29   
74   28   
78   24   
73   29   
72   30   
71   31   
69   33   
71   31   
72   30   
68   34   
68   34   
69   33   
72   30   
72   30   
69   33   
70   32   
66   36   
68   34   
74   28   
77   25   
75   27   
73   29   
71   31   
74   28   
72   30   
73   29   
78   24   
83   19   
87   15   
85   17   
85   17   
83   19   
85   17   
89   13   
86   16   
86   16   
87   15   
85   17   
81   21   
81   21   
82   20   
79   23   
82   20   
82   20   
80   22   
79   23   
80   22   
77   25   
74   28   
74   28   
73   29   
69   33   
67   35   
68   34   
66   36   
70   32   
72   30   
69   33   
70   32   
67   35   
70   32   
74   28   
76   26   
79   23   
84   18   
83   19   
82   20   
84   18   
85   17   
87   15   
85   17   
87   15   
84   18   
79   23   
79   23   
80   22   
77   25   
74   28   
70   32   
68   34   
70   32   
71   31   
71   31   
75   27   
70   32   
74   28   
75   27   
75   27   
76   26   
77   25   
80   22   
83   19   
87   15   
87   15   
93   9   
93   9   
95   7   
94   8   
95   7   
98   4   
99   3   
100   2   
101   1   
101   1   
101   1   
101   1   
101   1   
101   1   
101   1   
101   1   
101   1   
101   1   
101   1   
101   1   
101   1   
101   1   
101   1   
101   1   
101   1   
101   1   
101   1   
101   1   
101   1   
101   1   
101   1   
101   1   
101   1   
101   1   
101   1   
101   1   
101   1   
101   1   
101   1   
101   1   
101   1   
101   1   
101   1   
101   1   
101   1   
101   1   
101   1   
101   1   
101   1   
101   1   
101   1   
101   1   
101   1   
101   1   
101   1   
101   1   
101   1   
101   1   
101   1   
101   1   
101   1   
101   1   
101   1   
101   1   
101   1   
101   1   
101   1   
101   1   
101   1   
101   1   
101   1   
101   1   
101   1   
101   1   
101   1   
101   1   
101   1   
101   1   
101   1   
101   1   
101   1   
101   1   
101   1   
101   1   
101   1   
101   1   
101   1   
101   1   
101   1   
101   1   
101   1   
101   1   
101   1   
101   1   
101   1   
101   1   
101   1   
101   1   
101   1   
101   1   
101   1   
101   1   
101   1   
101   1   
101   1   
101   1   
101   1   
101   1   
101   1   
101   1   
101   1   
101   1   
101   1   
101   1   
101   1   
101   1   
101   1   
101   1   
101   1   
101   1   
101   1   
101   1   
101   1   
101   1   
101   1   
101   1   
101   1   
101   1   
101   1   
101   1   
101   1   
101   1   
101   1   
101   1   
101   1   
101   1   
101   1   
101   1   
101   1   
101   1   
101   1   
101   1   
101   1   
101   1   
101   1   
101   1   
101   1   
101   1   
101   1   
101   1   
101   1   
101   1   
101   1   
101   1   
101   1   
101   1   
101   1   
101   1   
101   1   
101   1   
101   1   
101   1   
101   1   
101   1   
101   1   
101   1   
101   1   
101   1   
101   1   
101   1   
101   1   
101   1   
101   1   
101   1   
101   1   
101   1   
101   1   
101   1   
101   1   
101   1   
101   1   
101   1   
101   1   
101   1   
101   1   
101   1   
101   1   
101   1   
101   1   
101   1   
101   1   
101   1   
101   1   
101   1   
101   1   
101   1   
101   1   
101   1   
101   1   
101   1   
101   1   
101   1   
101   1   
101   1   
101   1   
101   1   
101   1   
101   1   
101   1   
101   1   
101   1   
101   1   
101   1   
101   1   
101   1   
101   1   
101   1   
101   1   
101   1   
101   1   
101   1   
101   1   
101   1   
101   1   
101   1   
101   1   
101   1   
101   1   
101   1   
101   1   
101   1   
101   1   
101   1   
101   1   
101   1   
101   1   
101   1   
101   1   
101   1   
101   1   
101   1   
101   1   
101   1   
101   1   
101   1   
101   1   
101   1   
101   1   
101   1   
101   1   
101   1   
101   1   
101   1   
101   1   
101   1   
101   1   
101   1   
101   1   
101   1   
101   1   
101   1   
101   1   
101   1   
101   1   
101   1   
101   1   
101   1   
101   1   
101   1   
101   1   
101   1   
101   1   
101   1   
101   1   
101   1   
101   1   
101   1   
101   1   
101   1   
101   1   
101   1   
101   1   
101   1   
101   1   
101   1   
101   1   
101   1   
1   1   
1   1   
1   1   
1   1   
1   1   
1   1   
1   1   
1   1   
1   1   
1   1   
1   1   
1   1   
1   1   
1   1   
1   1   
1   1   
1   1   
1   1   
1   1   
1   1   
1   1   
1   1   
1   1   
1   1   
1   1   
1   1   
1   1   
1   1   
1   1   
1   1   
1   1   
1   1   
1   1   
1   1   
1   1   
1   1   
1   1   
1   1   
1   1   
1   1   
1   1   
1   1   
1   1   
1   1   
1   1   
1   1   
1   1   
1   1   
1   1   
1   1   
1   1   
1   1   
1   1   
1   1   
1   1   
1   1   
1   1   
1   1   
1   1   
1   1   
1   1   
1   1   
1   1   
1   1   
1   1   
1   1   
1   1   
1   1   
1   1   
1   1   
1   1   
1   1   
1   1   
1   1   
1   1   
1   1   
1   1   
1   1   
1   1   
1   1   
1   1   
1   1   
1   1   
1   1   
1   1   
1   1   
1   1   
1   1   
1   1   
1   1   
1   1   
1   1   
1   1   
1   1   
1   1   
1   1   
1   1   
1   1   
1   1   
1   1   
1   1   
1   1   
