251   251   
273   229   
273   229   
284   218   
267   235   
272   230   
268   234   
262   240   
252   250   
246   256   
254   248   
252   250   
262   240   
254   248   
246   256   
228   274   
232   270   
233   269   
230   272   
234   268   
238   264   
248   254   
240   262   
232   270   
236   266   
230   272   
231   271   
215   287   
216   286   
208   294   
224   278   
212   290   
212   290   
216   286   
220   282   
226   276   
212   290   
215   287   
220   282   
228   274   
225   277   
209   293   
209   293   
207   295   
193   309   
175   327   
183   319   
194   308   
198   304   
206   296   
208   294   
216   286   
207   295   
211   291   
207   295   
205   297   
202   300   
204   298   
182   320   
171   331   
161   341   
154   348   
153   349   
163   339   
171   331   
164   338   
178   324   
176   326   
168   334   
179   323   
171   331   
182   320   
177   325   
172   330   
175   327   
165   337   
169   333   
175   327   
180   322   
176   326   
183   319   
190   312   
196   306   
195   307   
181   321   
185   317   
195   307   
186   316   
180   322   
174   328   
180   322   
177   325   
173   329   
182   320   
172   330   
174   328   
164   338   
164   338   
166   336   
163   339   
157   345   
152   350   
143   359   
141   361   
147   355   
153   349   
157   345   
165   337   
153   349   
151   351   
145   357   
152   350   
138   364   
145   357   
154   348   
150   352   
166   336   
163   339   
156   346   
166   336   
160   342   
170   332   
167   335   
175   327   
173   329   
167   335   
165   337   
154   348   
157   345   
157   345   
165   337   
154   348   
163   339   
160   342   
159   343   
150   352   
151   351   
165   337   
167   335   
154   348   
162   340   
161   341   
151   351   
148   354   
151   351   
164   338   
173   329   
174   328   
190   312   
199   303   
190   312   
190   312   
184   318   
184   318   
185   317   
178   324   
174   328   
161   341   
165   337   
167   335   
166   336   
156   346   
158   344   
169   333   
169   333   
177   325   
189   313   
192   310   
184   318   
184   318   
187   315   
199   303   
197   305   
189   313   
196   306   
208   294   
205   297   
212   290   
204   298   
197   305   
199   303   
198   304   
190   312   
201   301   
202   300   
191   311   
189   313   
184   318   
190   312   
196   306   
200   302   
205   297   
209   293   
200   302   
194   308   
185   317   
183   319   
169   333   
166   336   
166   336   
162   340   
159   343   
174   328   
175   327   
176   326   
179   323   
170   332   
170   332   
181   321   
184   318   
183   319   
189   313   
191   311   
187   315   
184   318   
183   319   
187   315   
177   325   
185   317   
186   316   
198   304   
182   320   
169   333   
172   330   
172   330   
162   340   
158   344   
165   337   
173   329   
157   345   
150   352   
156   346   
149   353   
141   361   
137   365   
151   351   
155   347   
142   360   
142   360   
134   368   
138   364   
141   361   
144   358   
151   351   
150   352   
160   342   
153   349   
164   338   
166   336   
163   339   
166   336   
163   339   
168   334   
176   326   
165   337   
159   343   
156   346   
164   338   
175   327   
180   322   
181   321   
175   327   
171   331   
147   355   
150   352   
151   351   
139   363   
152   350   
152   350   
160   342   
170   332   
166   336   
161   341   
158   344   
141   361   
135   367   
150   352   
159   343   
181   321   
160   342   
163   339   
154   348   
163   339   
156   346   
148   354   
138   364   
137   365   
140   362   
145   357   
155   347   
152   350   
140   362   
132   370   
130   372   
141   361   
143   359   
159   343   
153   349   
155   347   
164   338   
176   326   
181   321   
180   322   
186   316   
184   318   
180   322   
179   323   
176   326   
183   319   
183   319   
186   316   
182   320   
171   331   
159   343   
166   336   
166   336   
164   338   
163   339   
169   333   
155   347   
156   346   
162   340   
152   350   
155   347   
149   353   
159   343   
161   341   
155   347   
165   337   
168   334   
160   342   
151   351   
159   343   
158   344   
166   336   
162   340   
164   338   
183   319   
192   310   
193   309   
192   310   
189   313   
189   313   
190   312   
187   315   
193   309   
178   324   
200   302   
201   301   
205   297   
200   302   
195   307   
193   309   
188   314   
194   308   
203   299   
203   299   
191   311   
182   320   
175   327   
177   325   
185   317   
193   309   
190   312   
193   309   
198   304   
203   299   
202   300   
195   307   
206   296   
217   285   
210   292   
209   293   
204   298   
188   314   
192   310   
178   324   
183   319   
193   309   
201   301   
190   312   
185   317   
180   322   
169   333   
168   334   
173   329   
162   340   
160   342   
164   338   
166   336   
156   346   
166   336   
171   331   
161   341   
167   335   
168   334   
165   337   
158   344   
165   337   
165   337   
176   326   
172   330   
177   325   
167   335   
167   335   
160   342   
154   348   
155   347   
162   340   
173   329   
169   333   
173   329   
170   332   
171   331   
178   324   
175   327   
174   328   
177   325   
173   329   
181   321   
181   321   
186   316   
198   304   
197   305   
200   302   
199   303   
205   297   
223   279   
214   288   
220   282   
215   287   
218   284   
222   280   
234   268   
232   270   
255   247   
251   251   
259   243   
244   258   
231   271   
232   270   
225   277   
229   273   
225   277   
218   284   
215   287   
201   301   
206   296   
200   302   
197   305   
201   301   
212   290   
205   297   
207   295   
204   298   
207   295   
212   290   
212   290   
210   292   
199   303   
195   307   
188   314   
196   306   
192   310   
191   311   
192   310   
194   308   
183   319   
186   316   
195   307   
182   320   
189   313   
188   314   
187   315   
193   309   
186   316   
183   319   
177   325   
170   332   
171   331   
184   318   
188   314   
183   319   
188   314   
184   318   
179   323   
187   315   
183   319   
191   311   
195   307   
203   299   
197   305   
198   304   
192   310   
182   320   
183   319   
186   316   
192   310   
195   307   
1   1   
1   1   
1   1   
1   1   
1   1   
1   1   
1   1   
1   1   
1   1   
1   1   
1   1   
1   1   
1   1   
1   1   
1   1   
1   1   
1   1   
1   1   
1   1   
1   1   
1   1   
1   1   
1   1   
1   1   
1   1   
1   1   
1   1   
1   1   
1   1   
1   1   
1   1   
1   1   
1   1   
1   1   
1   1   
1   1   
1   1   
1   1   
1   1   
1   1   
1   1   
1   1   
1   1   
1   1   
1   1   
1   1   
1   1   
1   1   
1   1   
1   1   
1   1   
1   1   
1   1   
1   1   
1   1   
1   1   
1   1   
1   1   
1   1   
1   1   
1   1   
1   1   
1   1   
1   1   
1   1   
1   1   
1   1   
1   1   
1   1   
1   1   
1   1   
1   1   
1   1   
1   1   
1   1   
1   1   
1   1   
1   1   
1   1   
1   1   
1   1   
1   1   
1   1   
1   1   
1   1   
1   1   
1   1   
1   1   
1   1   
1   1   
1   1   
1   1   
1   1   
1   1   
1   1   
1   1   
1   1   
1   1   
1   1   
1   1   
1   1   
1   1   
