251   251   
268   234   
269   233   
264   238   
266   236   
276   226   
276   226   
268   234   
267   235   
282   220   
289   213   
289   213   
305   197   
305   197   
306   196   
298   204   
298   204   
293   209   
282   220   
270   232   
274   228   
275   227   
283   219   
297   205   
298   204   
300   202   
295   207   
288   214   
282   220   
273   229   
278   224   
277   225   
282   220   
280   222   
274   228   
287   215   
293   209   
291   211   
302   200   
280   222   
275   227   
274   228   
277   225   
287   215   
298   204   
300   202   
302   200   
309   193   
300   202   
311   191   
312   190   
325   177   
328   174   
331   171   
328   174   
327   175   
332   170   
333   169   
335   167   
321   181   
321   181   
330   172   
328   174   
337   165   
338   164   
338   164   
346   156   
352   150   
350   152   
356   146   
353   149   
345   157   
335   167   
336   166   
342   160   
334   168   
346   156   
342   160   
347   155   
344   158   
346   156   
342   160   
346   156   
343   159   
344   158   
348   154   
354   148   
356   146   
350   152   
357   145   
351   151   
351   151   
360   142   
369   133   
364   138   
368   134   
358   144   
350   152   
345   157   
352   150   
356   146   
356   146   
357   145   
364   138   
362   140   
369   133   
367   135   
379   123   
374   128   
368   134   
378   124   
373   129   
368   134   
366   136   
366   136   
371   131   
364   138   
358   144   
356   146   
366   136   
372   130   
366   136   
362   140   
373   129   
364   138   
365   137   
371   131   
368   134   
366   136   
376   126   
372   130   
370   132   
370   132   
373   129   
372   130   
373   129   
376   126   
379   123   
373   129   
374   128   
368   134   
380   122   
385   117   
382   120   
373   129   
359   143   
364   138   
361   141   
371   131   
376   126   
377   125   
384   118   
384   118   
392   110   
387   115   
387   115   
381   121   
387   115   
383   119   
380   122   
380   122   
367   135   
351   151   
346   156   
347   155   
350   152   
338   164   
330   172   
349   153   
351   151   
364   138   
362   140   
352   150   
357   145   
354   148   
373   129   
367   135   
365   137   
355   147   
362   140   
364   138   
365   137   
365   137   
363   139   
370   132   
371   131   
384   118   
383   119   
381   121   
392   110   
387   115   
388   114   
396   106   
392   110   
381   121   
388   114   
397   105   
401   101   
394   108   
391   111   
382   120   
389   113   
381   121   
378   124   
386   116   
385   117   
386   116   
389   113   
397   105   
397   105   
398   104   
409   93   
411   91   
412   90   
417   85   
424   78   
425   77   
418   84   
424   78   
427   75   
425   77   
425   77   
430   72   
425   77   
422   80   
427   75   
428   74   
421   81   
409   93   
406   96   
402   100   
402   100   
399   103   
394   108   
394   108   
397   105   
400   102   
397   105   
391   111   
391   111   
398   104   
398   104   
391   111   
390   112   
378   124   
380   122   
381   121   
374   128   
379   123   
377   125   
367   135   
372   130   
377   125   
373   129   
379   123   
373   129   
376   126   
369   133   
364   138   
354   148   
345   157   
337   165   
339   163   
347   155   
351   151   
354   148   
359   143   
365   137   
362   140   
359   143   
350   152   
342   160   
338   164   
338   164   
336   166   
320   182   
314   188   
323   179   
320   182   
320   182   
309   193   
304   198   
315   187   
326   176   
318   184   
329   173   
343   159   
366   136   
359   143   
365   137   
367   135   
365   137   
364   138   
369   133   
370   132   
376   126   
379   123   
388   114   
392   110   
393   109   
391   111   
396   106   
394   108   
386   116   
378   124   
378   124   
370   132   
362   140   
365   137   
363   139   
362   140   
372   130   
371   131   
369   133   
366   136   
366   136   
367   135   
365   137   
376   126   
380   122   
377   125   
378   124   
388   114   
386   116   
371   131   
376   126   
378   124   
372   130   
375   127   
362   140   
355   147   
347   155   
348   154   
342   160   
339   163   
349   153   
346   156   
355   147   
354   148   
339   163   
328   174   
332   170   
339   163   
345   157   
360   142   
366   136   
370   132   
362   140   
365   137   
354   148   
359   143   
369   133   
374   128   
374   128   
374   128   
370   132   
364   138   
367   135   
372   130   
373   129   
367   135   
366   136   
355   147   
358   144   
354   148   
343   159   
332   170   
334   168   
326   176   
330   172   
323   179   
325   177   
335   167   
344   158   
342   160   
349   153   
352   150   
348   154   
347   155   
347   155   
349   153   
355   147   
361   141   
368   134   
370   132   
371   131   
375   127   
370   132   
376   126   
374   128   
370   132   
377   125   
377   125   
386   116   
386   116   
390   112   
389   113   
389   113   
399   103   
404   98   
390   112   
387   115   
383   119   
385   117   
387   115   
390   112   
381   121   
376   126   
373   129   
384   118   
368   134   
364   138   
365   137   
358   144   
365   137   
364   138   
365   137   
369   133   
370   132   
368   134   
384   118   
374   128   
368   134   
367   135   
369   133   
356   146   
346   156   
337   165   
344   158   
336   166   
328   174   
333   169   
338   164   
333   169   
335   167   
353   149   
356   146   
350   152   
352   150   
347   155   
333   169   
322   180   
328   174   
308   194   
295   207   
288   214   
297   205   
302   200   
307   195   
302   200   
299   203   
304   198   
309   193   
314   188   
304   198   
298   204   
297   205   
293   209   
283   219   
294   208   
280   222   
270   232   
271   231   
262   240   
252   250   
259   243   
249   253   
264   238   
266   236   
254   248   
239   263   
247   255   
262   240   
263   239   
260   242   
267   235   
270   232   
289   213   
294   208   
306   196   
301   201   
298   204   
304   198   
308   194   
301   201   
306   196   
300   202   
291   211   
302   200   
297   205   
309   193   
310   192   
311   191   
300   202   
311   191   
310   192   
317   185   
316   186   
316   186   
1   1   
1   1   
1   1   
1   1   
1   1   
1   1   
1   1   
1   1   
1   1   
1   1   
1   1   
1   1   
1   1   
1   1   
1   1   
1   1   
1   1   
1   1   
1   1   
1   1   
1   1   
1   1   
1   1   
1   1   
1   1   
1   1   
1   1   
1   1   
1   1   
1   1   
1   1   
1   1   
1   1   
1   1   
1   1   
1   1   
1   1   
1   1   
1   1   
1   1   
1   1   
1   1   
1   1   
1   1   
1   1   
1   1   
1   1   
1   1   
1   1   
1   1   
1   1   
1   1   
1   1   
1   1   
1   1   
1   1   
1   1   
1   1   
1   1   
1   1   
1   1   
1   1   
1   1   
1   1   
1   1   
1   1   
1   1   
1   1   
1   1   
1   1   
1   1   
1   1   
1   1   
1   1   
1   1   
1   1   
1   1   
1   1   
1   1   
1   1   
1   1   
1   1   
1   1   
1   1   
1   1   
1   1   
1   1   
1   1   
1   1   
1   1   
1   1   
1   1   
1   1   
1   1   
1   1   
1   1   
1   1   
1   1   
1   1   
1   1   
1   1   
1   1   
