51   51   
53   49   
55   47   
55   47   
55   47   
58   44   
60   42   
61   41   
61   41   
61   41   
63   39   
62   40   
61   41   
63   39   
60   42   
59   43   
57   45   
55   47   
50   52   
48   54   
45   57   
48   54   
54   48   
58   44   
55   47   
52   50   
51   51   
49   53   
46   56   
47   55   
43   59   
44   58   
43   59   
40   62   
42   60   
36   66   
41   61   
42   60   
41   61   
39   63   
41   61   
42   60   
35   67   
32   70   
38   64   
39   63   
37   65   
31   71   
31   71   
34   68   
34   68   
32   70   
34   68   
36   66   
35   67   
33   69   
32   70   
33   69   
30   72   
28   74   
19   83   
18   84   
13   89   
10   92   
11   91   
13   89   
18   84   
19   83   
20   82   
17   85   
14   88   
12   90   
15   87   
17   85   
18   84   
18   84   
16   86   
14   88   
14   88   
18   84   
16   86   
17   85   
14   88   
16   86   
17   85   
14   88   
14   88   
12   90   
13   89   
13   89   
12   90   
9   93   
11   91   
11   91   
17   85   
15   87   
14   88   
13   89   
18   84   
18   84   
19   83   
17   85   
17   85   
17   85   
15   87   
15   87   
14   88   
11   91   
12   90   
13   89   
15   87   
15   87   
15   87   
13   89   
9   93   
12   90   
12   90   
12   90   
16   86   
17   85   
18   84   
19   83   
19   83   
18   84   
18   84   
15   87   
21   81   
20   82   
19   83   
18   84   
20   82   
20   82   
20   82   
20   82   
17   85   
25   77   
25   77   
25   77   
25   77   
25   77   
24   78   
18   84   
16   86   
21   81   
23   79   
24   78   
28   74   
32   70   
29   73   
32   70   
30   72   
29   73   
32   70   
29   73   
31   71   
32   70   
35   67   
35   67   
35   67   
31   71   
34   68   
31   71   
33   69   
34   68   
32   70   
32   70   
28   74   
31   71   
30   72   
33   69   
31   71   
33   69   
35   67   
37   65   
39   63   
38   64   
34   68   
32   70   
24   78   
23   79   
29   73   
30   72   
28   74   
26   76   
22   80   
23   79   
23   79   
28   74   
27   75   
29   73   
30   72   
37   65   
38   64   
44   58   
43   59   
39   63   
43   59   
45   57   
44   58   
44   58   
43   59   
47   55   
48   54   
46   56   
46   56   
43   59   
43   59   
39   63   
44   58   
47   55   
49   53   
47   55   
48   54   
53   49   
50   52   
51   51   
56   46   
47   55   
47   55   
51   51   
51   51   
44   58   
41   61   
44   58   
41   61   
38   64   
39   63   
44   58   
51   51   
51   51   
46   56   
41   61   
43   59   
40   62   
38   64   
38   64   
39   63   
36   66   
32   70   
35   67   
31   71   
28   74   
27   75   
18   84   
14   88   
13   89   
11   91   
13   89   
12   90   
12   90   
12   90   
12   90   
10   92   
12   90   
10   92   
14   88   
18   84   
19   83   
16   86   
17   85   
14   88   
16   86   
14   88   
12   90   
8   94   
11   91   
13   89   
15   87   
16   86   
17   85   
18   84   
14   88   
13   89   
9   93   
8   94   
7   95   
5   97   
2   100   
1   101   
1   101   
1   101   
1   101   
1   101   
1   101   
1   101   
1   101   
1   101   
1   101   
1   101   
1   101   
1   101   
1   101   
1   101   
1   101   
1   101   
1   101   
1   101   
1   101   
1   101   
1   101   
1   101   
1   101   
1   101   
1   101   
1   101   
1   101   
1   101   
1   101   
1   101   
1   101   
1   101   
1   101   
1   101   
1   101   
1   101   
1   101   
1   101   
1   101   
1   101   
1   101   
1   101   
1   101   
1   101   
1   101   
1   101   
1   101   
1   101   
1   101   
1   101   
1   101   
1   101   
1   101   
1   101   
1   101   
1   101   
1   101   
1   101   
1   101   
1   101   
1   101   
1   101   
1   101   
1   101   
1   101   
1   101   
1   101   
1   101   
1   101   
1   101   
1   101   
1   101   
1   101   
1   101   
1   101   
1   101   
1   101   
1   101   
1   101   
1   101   
1   101   
1   101   
1   101   
1   101   
1   101   
1   101   
1   101   
1   101   
1   101   
1   101   
1   101   
1   101   
1   101   
1   101   
1   101   
1   101   
1   101   
1   101   
1   101   
1   101   
1   101   
1   101   
1   101   
1   101   
1   101   
1   101   
1   101   
1   101   
1   101   
1   101   
1   101   
1   101   
1   101   
1   101   
1   101   
1   101   
1   101   
1   101   
1   101   
1   101   
1   101   
1   101   
1   101   
1   101   
1   101   
1   101   
1   101   
1   101   
1   101   
1   101   
1   101   
1   101   
1   101   
1   101   
1   101   
1   101   
1   101   
1   101   
1   101   
1   101   
1   101   
1   101   
1   101   
1   101   
1   101   
1   101   
1   101   
1   101   
1   101   
1   101   
1   101   
1   101   
1   101   
1   101   
1   101   
1   101   
1   101   
1   101   
1   101   
1   101   
1   101   
1   101   
1   101   
1   101   
1   101   
1   101   
1   101   
1   101   
1   101   
1   101   
1   101   
1   101   
1   101   
1   101   
1   101   
1   101   
1   101   
1   101   
1   101   
1   101   
1   101   
1   101   
1   101   
1   101   
1   101   
1   101   
1   101   
1   101   
1   101   
1   101   
1   101   
1   101   
1   101   
1   101   
1   101   
1   101   
1   101   
1   101   
1   101   
1   101   
1   101   
1   101   
1   101   
1   101   
1   101   
1   101   
1   101   
1   101   
1   101   
1   101   
1   101   
1   101   
1   101   
1   101   
1   101   
1   101   
1   101   
1   101   
1   101   
1   101   
1   1   
1   1   
1   1   
1   1   
1   1   
1   1   
1   1   
1   1   
1   1   
1   1   
1   1   
1   1   
1   1   
1   1   
1   1   
1   1   
1   1   
1   1   
1   1   
1   1   
1   1   
1   1   
1   1   
1   1   
1   1   
1   1   
1   1   
1   1   
1   1   
1   1   
1   1   
1   1   
1   1   
1   1   
1   1   
1   1   
1   1   
1   1   
1   1   
1   1   
1   1   
1   1   
1   1   
1   1   
1   1   
1   1   
1   1   
1   1   
1   1   
1   1   
1   1   
1   1   
1   1   
1   1   
1   1   
1   1   
1   1   
1   1   
1   1   
1   1   
1   1   
1   1   
1   1   
1   1   
1   1   
1   1   
1   1   
1   1   
1   1   
1   1   
1   1   
1   1   
1   1   
1   1   
1   1   
1   1   
1   1   
1   1   
1   1   
1   1   
1   1   
1   1   
1   1   
1   1   
1   1   
1   1   
1   1   
1   1   
1   1   
1   1   
1   1   
1   1   
1   1   
1   1   
1   1   
1   1   
1   1   
1   1   
1   1   
1   1   
1   1   
1   1   
