501   501   
511   491   
512   490   
501   501   
491   511   
484   518   
449   553   
457   545   
461   541   
460   542   
467   535   
474   528   
475   527   
473   529   
450   552   
450   552   
431   571   
447   555   
431   571   
417   585   
419   583   
423   579   
429   573   
436   566   
444   558   
442   560   
431   571   
421   581   
430   572   
418   584   
425   577   
442   560   
443   559   
451   551   
475   527   
472   530   
481   521   
490   512   
470   532   
477   525   
471   531   
504   498   
508   494   
511   491   
518   484   
528   474   
524   478   
524   478   
524   478   
534   468   
548   454   
535   467   
538   464   
554   448   
555   447   
534   468   
545   457   
553   449   
547   455   
540   462   
506   496   
509   493   
520   482   
541   461   
556   446   
557   445   
554   448   
540   462   
538   464   
546   456   
553   449   
565   437   
578   424   
574   428   
577   425   
575   427   
570   432   
567   435   
567   435   
576   426   
538   464   
519   483   
519   483   
501   501   
481   521   
478   524   
500   502   
506   496   
501   501   
512   490   
517   485   
518   484   
524   478   
531   471   
527   475   
546   456   
534   468   
511   491   
493   509   
497   505   
496   506   
497   505   
486   516   
493   509   
519   483   
517   485   
530   472   
524   478   
519   483   
524   478   
530   472   
548   454   
549   453   
539   463   
555   447   
548   454   
532   470   
531   471   
536   466   
533   469   
513   489   
489   513   
500   502   
497   505   
500   502   
518   484   
515   487   
535   467   
548   454   
542   460   
561   441   
557   445   
557   445   
540   462   
529   473   
521   481   
510   492   
530   472   
554   448   
548   454   
538   464   
523   479   
528   474   
536   466   
536   466   
548   454   
552   450   
571   431   
559   443   
543   459   
512   490   
522   480   
531   471   
534   468   
515   487   
515   487   
523   479   
514   488   
512   490   
522   480   
501   501   
495   507   
494   508   
500   502   
504   498   
510   492   
521   481   
542   460   
531   471   
546   456   
535   467   
529   473   
544   458   
529   473   
525   477   
536   466   
516   486   
510   492   
517   485   
518   484   
517   485   
528   474   
521   481   
518   484   
520   482   
499   503   
519   483   
537   465   
542   460   
520   482   
517   485   
512   490   
527   475   
548   454   
564   438   
558   444   
559   443   
568   434   
561   441   
555   447   
557   445   
552   450   
555   447   
552   450   
545   457   
559   443   
569   433   
575   427   
573   429   
576   426   
589   413   
593   409   
609   393   
602   400   
591   411   
578   424   
567   435   
554   448   
564   438   
561   441   
572   430   
580   422   
603   399   
603   399   
616   386   
599   403   
594   408   
602   400   
609   393   
611   391   
620   382   
617   385   
621   381   
619   383   
616   386   
592   410   
590   412   
569   433   
568   434   
577   425   
569   433   
569   433   
579   423   
584   418   
578   424   
587   415   
590   412   
582   420   
590   412   
586   416   
597   405   
582   420   
575   427   
586   416   
600   402   
592   410   
578   424   
574   428   
591   411   
579   423   
592   410   
612   390   
594   408   
602   400   
609   393   
606   396   
601   401   
593   409   
605   397   
598   404   
581   421   
589   413   
589   413   
572   430   
551   451   
545   457   
536   466   
554   448   
567   435   
565   437   
563   439   
574   428   
573   429   
591   411   
591   411   
597   405   
576   426   
569   433   
577   425   
602   400   
606   396   
605   397   
596   406   
599   403   
602   400   
591   411   
582   420   
598   404   
584   418   
578   424   
589   413   
582   420   
580   422   
603   399   
598   404   
578   424   
585   417   
600   402   
595   407   
580   422   
575   427   
573   429   
579   423   
563   439   
564   438   
564   438   
559   443   
595   407   
604   398   
620   382   
617   385   
618   384   
622   380   
612   390   
616   386   
619   383   
635   367   
622   380   
635   367   
631   371   
612   390   
627   375   
635   367   
626   376   
613   389   
624   378   
607   395   
621   381   
615   387   
620   382   
614   388   
627   375   
617   385   
629   373   
625   377   
643   359   
650   352   
661   341   
664   338   
671   331   
679   323   
678   324   
671   331   
650   352   
651   351   
672   330   
669   333   
660   342   
664   338   
644   358   
641   361   
620   382   
632   370   
650   352   
657   345   
652   350   
644   358   
644   358   
649   353   
655   347   
662   340   
658   344   
650   352   
647   355   
651   351   
651   351   
672   330   
657   345   
654   348   
643   359   
642   360   
631   371   
615   387   
622   380   
624   378   
629   373   
641   361   
657   345   
643   359   
631   371   
640   362   
664   338   
655   347   
633   369   
633   369   
626   376   
640   362   
619   383   
615   387   
624   378   
611   391   
614   388   
621   381   
630   372   
618   384   
617   385   
622   380   
631   371   
642   360   
619   383   
610   392   
589   413   
587   415   
585   417   
605   397   
614   388   
601   401   
610   392   
602   400   
603   399   
603   399   
611   391   
616   386   
602   400   
606   396   
588   414   
603   399   
604   398   
612   390   
618   384   
609   393   
605   397   
597   405   
597   405   
591   411   
583   419   
622   380   
628   374   
626   376   
637   365   
655   347   
651   351   
660   342   
649   353   
656   346   
645   357   
626   376   
636   366   
648   354   
653   349   
652   350   
659   343   
658   344   
668   334   
673   329   
674   328   
667   335   
657   345   
651   351   
648   354   
634   368   
632   370   
639   363   
647   355   
653   349   
657   345   
653   349   
646   356   
639   363   
634   368   
621   381   
604   398   
598   404   
592   410   
590   412   
589   413   
578   424   
587   415   
589   413   
579   423   
568   434   
567   435   
566   436   
548   454   
546   456   
553   449   
571   431   
579   423   
582   420   
574   428   
572   430   
575   427   
583   419   
601   401   
593   409   
597   405   
593   409   
589   413   
576   426   
1   1   
1   1   
1   1   
1   1   
1   1   
1   1   
1   1   
1   1   
1   1   
1   1   
1   1   
1   1   
1   1   
1   1   
1   1   
1   1   
1   1   
1   1   
1   1   
1   1   
1   1   
1   1   
1   1   
1   1   
1   1   
1   1   
1   1   
1   1   
1   1   
1   1   
1   1   
1   1   
1   1   
1   1   
1   1   
1   1   
1   1   
1   1   
1   1   
1   1   
1   1   
1   1   
1   1   
1   1   
1   1   
1   1   
1   1   
1   1   
1   1   
1   1   
1   1   
1   1   
1   1   
1   1   
1   1   
1   1   
1   1   
1   1   
1   1   
1   1   
1   1   
1   1   
1   1   
1   1   
1   1   
1   1   
1   1   
1   1   
1   1   
1   1   
1   1   
1   1   
1   1   
1   1   
1   1   
1   1   
1   1   
1   1   
1   1   
1   1   
1   1   
1   1   
1   1   
1   1   
1   1   
1   1   
1   1   
1   1   
1   1   
1   1   
1   1   
1   1   
1   1   
1   1   
1   1   
1   1   
1   1   
1   1   
1   1   
1   1   
1   1   
1   1   
