51   51   
55   47   
53   49   
53   49   
53   49   
49   53   
48   54   
46   56   
48   54   
51   51   
52   50   
57   45   
57   45   
59   43   
61   41   
61   41   
60   42   
61   41   
60   42   
60   42   
60   42   
61   41   
56   46   
58   44   
63   39   
67   35   
70   32   
73   29   
70   32   
75   27   
71   31   
72   30   
77   25   
75   27   
79   23   
83   19   
87   15   
88   14   
81   21   
86   16   
88   14   
88   14   
88   14   
88   14   
88   14   
87   15   
87   15   
89   13   
86   16   
84   18   
85   17   
87   15   
85   17   
86   16   
84   18   
85   17   
87   15   
87   15   
89   13   
92   10   
94   8   
93   9   
93   9   
94   8   
93   9   
92   10   
93   9   
95   7   
95   7   
97   5   
98   4   
97   5   
95   7   
93   9   
93   9   
92   10   
90   12   
90   12   
88   14   
85   17   
89   13   
86   16   
87   15   
87   15   
84   18   
84   18   
83   19   
85   17   
87   15   
89   13   
88   14   
95   7   
95   7   
95   7   
95   7   
97   5   
95   7   
97   5   
95   7   
94   8   
94   8   
94   8   
96   6   
98   4   
97   5   
97   5   
97   5   
95   7   
96   6   
96   6   
98   4   
97   5   
95   7   
94   8   
95   7   
96   6   
96   6   
96   6   
96   6   
95   7   
92   10   
94   8   
91   11   
91   11   
92   10   
92   10   
93   9   
90   12   
85   17   
86   16   
84   18   
80   22   
76   26   
73   29   
72   30   
73   29   
81   21   
80   22   
82   20   
82   20   
84   18   
84   18   
87   15   
82   20   
82   20   
82   20   
83   19   
84   18   
80   22   
79   23   
77   25   
75   27   
73   29   
75   27   
77   25   
81   21   
77   25   
79   23   
82   20   
82   20   
84   18   
83   19   
84   18   
84   18   
85   17   
81   21   
89   13   
92   10   
91   11   
91   11   
92   10   
90   12   
87   15   
86   16   
92   10   
91   11   
90   12   
89   13   
87   15   
85   17   
85   17   
85   17   
82   20   
83   19   
86   16   
83   19   
83   19   
84   18   
80   22   
73   29   
73   29   
74   28   
72   30   
71   31   
70   32   
74   28   
73   29   
72   30   
66   36   
62   40   
65   37   
69   33   
67   35   
61   41   
63   39   
69   33   
74   28   
77   25   
81   21   
83   19   
82   20   
82   20   
86   16   
87   15   
87   15   
88   14   
92   10   
95   7   
94   8   
96   6   
96   6   
97   5   
95   7   
94   8   
92   10   
95   7   
98   4   
97   5   
98   4   
95   7   
92   10   
91   11   
92   10   
92   10   
93   9   
95   7   
97   5   
97   5   
98   4   
96   6   
96   6   
97   5   
99   3   
99   3   
98   4   
98   4   
99   3   
99   3   
100   2   
100   2   
100   2   
101   1   
101   1   
101   1   
101   1   
101   1   
101   1   
101   1   
101   1   
101   1   
101   1   
101   1   
101   1   
101   1   
101   1   
101   1   
101   1   
101   1   
101   1   
101   1   
101   1   
101   1   
101   1   
101   1   
101   1   
101   1   
101   1   
101   1   
101   1   
101   1   
101   1   
101   1   
101   1   
101   1   
101   1   
101   1   
101   1   
101   1   
101   1   
101   1   
101   1   
101   1   
101   1   
101   1   
101   1   
101   1   
101   1   
101   1   
101   1   
101   1   
101   1   
101   1   
101   1   
101   1   
101   1   
101   1   
101   1   
101   1   
101   1   
101   1   
101   1   
101   1   
101   1   
101   1   
101   1   
101   1   
101   1   
101   1   
101   1   
101   1   
101   1   
101   1   
101   1   
101   1   
101   1   
101   1   
101   1   
101   1   
101   1   
101   1   
101   1   
101   1   
101   1   
101   1   
101   1   
101   1   
101   1   
101   1   
101   1   
101   1   
101   1   
101   1   
101   1   
101   1   
101   1   
101   1   
101   1   
101   1   
101   1   
101   1   
101   1   
101   1   
101   1   
101   1   
101   1   
101   1   
101   1   
101   1   
101   1   
101   1   
101   1   
101   1   
101   1   
101   1   
101   1   
101   1   
101   1   
101   1   
101   1   
101   1   
101   1   
101   1   
101   1   
101   1   
101   1   
101   1   
101   1   
101   1   
101   1   
101   1   
101   1   
101   1   
101   1   
101   1   
101   1   
101   1   
101   1   
101   1   
101   1   
101   1   
101   1   
101   1   
101   1   
101   1   
101   1   
101   1   
101   1   
101   1   
101   1   
101   1   
101   1   
101   1   
101   1   
101   1   
101   1   
101   1   
101   1   
101   1   
101   1   
101   1   
101   1   
101   1   
101   1   
101   1   
101   1   
101   1   
101   1   
101   1   
101   1   
101   1   
101   1   
101   1   
101   1   
101   1   
101   1   
101   1   
101   1   
101   1   
101   1   
101   1   
101   1   
101   1   
101   1   
101   1   
101   1   
101   1   
101   1   
101   1   
101   1   
101   1   
101   1   
101   1   
101   1   
101   1   
101   1   
101   1   
101   1   
101   1   
101   1   
101   1   
101   1   
101   1   
101   1   
101   1   
101   1   
101   1   
101   1   
101   1   
101   1   
101   1   
101   1   
101   1   
101   1   
101   1   
101   1   
101   1   
101   1   
101   1   
101   1   
101   1   
101   1   
101   1   
101   1   
101   1   
101   1   
101   1   
101   1   
101   1   
101   1   
101   1   
101   1   
101   1   
101   1   
101   1   
101   1   
101   1   
101   1   
101   1   
101   1   
101   1   
101   1   
101   1   
101   1   
101   1   
101   1   
101   1   
101   1   
101   1   
101   1   
1   1   
1   1   
1   1   
1   1   
1   1   
1   1   
1   1   
1   1   
1   1   
1   1   
1   1   
1   1   
1   1   
1   1   
1   1   
1   1   
1   1   
1   1   
1   1   
1   1   
1   1   
1   1   
1   1   
1   1   
1   1   
1   1   
1   1   
1   1   
1   1   
1   1   
1   1   
1   1   
1   1   
1   1   
1   1   
1   1   
1   1   
1   1   
1   1   
1   1   
1   1   
1   1   
1   1   
1   1   
1   1   
1   1   
1   1   
1   1   
1   1   
1   1   
1   1   
1   1   
1   1   
1   1   
1   1   
1   1   
1   1   
1   1   
1   1   
1   1   
1   1   
1   1   
1   1   
1   1   
1   1   
1   1   
1   1   
1   1   
1   1   
1   1   
1   1   
1   1   
1   1   
1   1   
1   1   
1   1   
1   1   
1   1   
1   1   
1   1   
1   1   
1   1   
1   1   
1   1   
1   1   
1   1   
1   1   
1   1   
1   1   
1   1   
1   1   
1   1   
1   1   
1   1   
1   1   
1   1   
1   1   
1   1   
1   1   
1   1   
1   1   
1   1   
