51   51   
49   53   
48   54   
49   53   
54   48   
52   50   
53   49   
57   45   
59   43   
59   43   
52   50   
54   48   
50   52   
50   52   
51   51   
53   49   
58   44   
58   44   
64   38   
63   39   
63   39   
63   39   
64   38   
62   40   
61   41   
65   37   
69   33   
71   31   
68   34   
69   33   
65   37   
64   38   
64   38   
64   38   
58   44   
63   39   
62   40   
59   43   
59   43   
60   42   
67   35   
69   33   
68   34   
71   31   
69   33   
70   32   
72   30   
74   28   
76   26   
79   23   
77   25   
80   22   
73   29   
70   32   
74   28   
73   29   
73   29   
70   32   
69   33   
67   35   
69   33   
69   33   
67   35   
66   36   
61   41   
61   41   
55   47   
53   49   
53   49   
57   45   
56   46   
57   45   
56   46   
53   49   
61   41   
62   40   
67   35   
71   31   
62   40   
60   42   
58   44   
61   41   
59   43   
56   46   
61   41   
64   38   
66   36   
64   38   
58   44   
59   43   
58   44   
48   54   
50   52   
47   55   
52   50   
54   48   
56   46   
60   42   
57   45   
59   43   
64   38   
65   37   
69   33   
64   38   
65   37   
62   40   
56   46   
54   48   
56   46   
52   50   
57   45   
60   42   
63   39   
54   48   
55   47   
52   50   
50   52   
43   59   
52   50   
47   55   
44   58   
42   60   
35   67   
32   70   
36   66   
28   74   
28   74   
23   79   
27   75   
29   73   
24   78   
19   83   
20   82   
23   79   
20   82   
15   87   
13   89   
16   86   
11   91   
14   88   
14   88   
11   91   
10   92   
10   92   
11   91   
13   89   
11   91   
11   91   
11   91   
9   93   
9   93   
11   91   
11   91   
10   92   
11   91   
14   88   
13   89   
12   90   
14   88   
13   89   
14   88   
14   88   
17   85   
18   84   
17   85   
20   82   
19   83   
17   85   
22   80   
18   84   
17   85   
18   84   
16   86   
12   90   
14   88   
13   89   
10   92   
8   94   
10   92   
10   92   
11   91   
10   92   
8   94   
10   92   
8   94   
6   96   
6   96   
5   97   
6   96   
6   96   
6   96   
5   97   
3   99   
4   98   
3   99   
2   100   
3   99   
3   99   
3   99   
3   99   
2   100   
3   99   
5   97   
4   98   
3   99   
4   98   
4   98   
5   97   
4   98   
3   99   
3   99   
2   100   
1   101   
1   101   
1   101   
1   101   
1   101   
1   101   
1   101   
1   101   
1   101   
1   101   
1   101   
1   101   
1   101   
1   101   
1   101   
1   101   
1   101   
1   101   
1   101   
1   101   
1   101   
1   101   
1   101   
1   101   
1   101   
1   101   
1   101   
1   101   
1   101   
1   101   
1   101   
1   101   
1   101   
1   101   
1   101   
1   101   
1   101   
1   101   
1   101   
1   101   
1   101   
1   101   
1   101   
1   101   
1   101   
1   101   
1   101   
1   101   
1   101   
1   101   
1   101   
1   101   
1   101   
1   101   
1   101   
1   101   
1   101   
1   101   
1   101   
1   101   
1   101   
1   101   
1   101   
1   101   
1   101   
1   101   
1   101   
1   101   
1   101   
1   101   
1   101   
1   101   
1   101   
1   101   
1   101   
1   101   
1   101   
1   101   
1   101   
1   101   
1   101   
1   101   
1   101   
1   101   
1   101   
1   101   
1   101   
1   101   
1   101   
1   101   
1   101   
1   101   
1   101   
1   101   
1   101   
1   101   
1   101   
1   101   
1   101   
1   101   
1   101   
1   101   
1   101   
1   101   
1   101   
1   101   
1   101   
1   101   
1   101   
1   101   
1   101   
1   101   
1   101   
1   101   
1   101   
1   101   
1   101   
1   101   
1   101   
1   101   
1   101   
1   101   
1   101   
1   101   
1   101   
1   101   
1   101   
1   101   
1   101   
1   101   
1   101   
1   101   
1   101   
1   101   
1   101   
1   101   
1   101   
1   101   
1   101   
1   101   
1   101   
1   101   
1   101   
1   101   
1   101   
1   101   
1   101   
1   101   
1   101   
1   101   
1   101   
1   101   
1   101   
1   101   
1   101   
1   101   
1   101   
1   101   
1   101   
1   101   
1   101   
1   101   
1   101   
1   101   
1   101   
1   101   
1   101   
1   101   
1   101   
1   101   
1   101   
1   101   
1   101   
1   101   
1   101   
1   101   
1   101   
1   101   
1   101   
1   101   
1   101   
1   101   
1   101   
1   101   
1   101   
1   101   
1   101   
1   101   
1   101   
1   101   
1   101   
1   101   
1   101   
1   101   
1   101   
1   101   
1   101   
1   101   
1   101   
1   101   
1   101   
1   101   
1   101   
1   101   
1   101   
1   101   
1   101   
1   101   
1   101   
1   101   
1   101   
1   101   
1   101   
1   101   
1   101   
1   101   
1   101   
1   101   
1   101   
1   101   
1   101   
1   101   
1   101   
1   101   
1   101   
1   101   
1   101   
1   101   
1   101   
1   101   
1   101   
1   101   
1   101   
1   101   
1   101   
1   101   
1   101   
1   101   
1   101   
1   101   
1   101   
1   101   
1   101   
1   101   
1   101   
1   101   
1   101   
1   101   
1   101   
1   101   
1   101   
1   101   
1   101   
1   101   
1   101   
1   101   
1   101   
1   101   
1   101   
1   101   
1   101   
1   101   
1   101   
1   101   
1   101   
1   101   
1   101   
1   101   
1   101   
1   101   
1   101   
1   101   
1   101   
1   101   
1   101   
1   101   
1   101   
1   101   
1   101   
1   101   
1   101   
1   101   
1   101   
1   101   
1   101   
1   101   
1   101   
1   1   
1   1   
1   1   
1   1   
1   1   
1   1   
1   1   
1   1   
1   1   
1   1   
1   1   
1   1   
1   1   
1   1   
1   1   
1   1   
1   1   
1   1   
1   1   
1   1   
1   1   
1   1   
1   1   
1   1   
1   1   
1   1   
1   1   
1   1   
1   1   
1   1   
1   1   
1   1   
1   1   
1   1   
1   1   
1   1   
1   1   
1   1   
1   1   
1   1   
1   1   
1   1   
1   1   
1   1   
1   1   
1   1   
1   1   
1   1   
1   1   
1   1   
1   1   
1   1   
1   1   
1   1   
1   1   
1   1   
1   1   
1   1   
1   1   
1   1   
1   1   
1   1   
1   1   
1   1   
1   1   
1   1   
1   1   
1   1   
1   1   
1   1   
1   1   
1   1   
1   1   
1   1   
1   1   
1   1   
1   1   
1   1   
1   1   
1   1   
1   1   
1   1   
1   1   
1   1   
1   1   
1   1   
1   1   
1   1   
1   1   
1   1   
1   1   
1   1   
1   1   
1   1   
1   1   
1   1   
1   1   
1   1   
1   1   
1   1   
1   1   
1   1   
