51   51   
51   51   
50   52   
54   48   
54   48   
57   45   
57   45   
60   42   
67   35   
65   37   
67   35   
67   35   
69   33   
68   34   
73   29   
72   30   
71   31   
70   32   
75   27   
77   25   
80   22   
81   21   
82   20   
81   21   
83   19   
83   19   
79   23   
82   20   
80   22   
80   22   
78   24   
81   21   
81   21   
78   24   
80   22   
81   21   
83   19   
78   24   
74   28   
75   27   
78   24   
73   29   
71   31   
71   31   
69   33   
70   32   
76   26   
76   26   
78   24   
81   21   
82   20   
82   20   
79   23   
76   26   
77   25   
79   23   
77   25   
78   24   
78   24   
79   23   
77   25   
81   21   
83   19   
79   23   
78   24   
74   28   
73   29   
72   30   
72   30   
74   28   
74   28   
70   32   
74   28   
73   29   
76   26   
82   20   
79   23   
84   18   
87   15   
87   15   
85   17   
88   14   
89   13   
88   14   
88   14   
90   12   
90   12   
86   16   
87   15   
88   14   
87   15   
85   17   
85   17   
82   20   
81   21   
83   19   
79   23   
80   22   
86   16   
84   18   
87   15   
87   15   
85   17   
83   19   
79   23   
78   24   
77   25   
75   27   
76   26   
76   26   
75   27   
73   29   
74   28   
72   30   
77   25   
78   24   
80   22   
79   23   
81   21   
80   22   
80   22   
77   25   
83   19   
82   20   
80   22   
78   24   
82   20   
78   24   
80   22   
73   29   
77   25   
74   28   
73   29   
78   24   
82   20   
80   22   
74   28   
74   28   
79   23   
77   25   
77   25   
79   23   
77   25   
79   23   
81   21   
76   26   
72   30   
69   33   
62   40   
66   36   
68   34   
68   34   
67   35   
69   33   
69   33   
72   30   
67   35   
69   33   
70   32   
67   35   
73   29   
77   25   
76   26   
74   28   
70   32   
72   30   
76   26   
79   23   
76   26   
76   26   
74   28   
75   27   
73   29   
72   30   
71   31   
70   32   
69   33   
66   36   
67   35   
63   39   
67   35   
65   37   
69   33   
64   38   
61   41   
63   39   
66   36   
65   37   
60   42   
58   44   
59   43   
60   42   
58   44   
52   50   
54   48   
56   46   
55   47   
54   48   
58   44   
60   42   
57   45   
59   43   
61   41   
60   42   
62   40   
61   41   
64   38   
65   37   
71   31   
71   31   
70   32   
68   34   
69   33   
69   33   
71   31   
65   37   
64   38   
68   34   
72   30   
68   34   
68   34   
66   36   
67   35   
67   35   
67   35   
65   37   
63   39   
63   39   
61   41   
63   39   
65   37   
66   36   
65   37   
71   31   
67   35   
69   33   
70   32   
67   35   
71   31   
70   32   
70   32   
68   34   
66   36   
70   32   
70   32   
66   36   
71   31   
69   33   
72   30   
68   34   
69   33   
72   30   
76   26   
73   29   
69   33   
65   37   
64   38   
68   34   
71   31   
76   26   
75   27   
74   28   
73   29   
75   27   
77   25   
73   29   
73   29   
77   25   
75   27   
80   22   
81   21   
83   19   
80   22   
84   18   
84   18   
84   18   
81   21   
82   20   
79   23   
79   23   
77   25   
80   22   
80   22   
81   21   
86   16   
87   15   
87   15   
87   15   
86   16   
83   19   
83   19   
82   20   
81   21   
80   22   
80   22   
78   24   
81   21   
83   19   
88   14   
86   16   
83   19   
84   18   
88   14   
88   14   
88   14   
85   17   
83   19   
83   19   
81   21   
80   22   
77   25   
76   26   
75   27   
76   26   
75   27   
76   26   
71   31   
73   29   
68   34   
67   35   
66   36   
70   32   
67   35   
71   31   
75   27   
73   29   
72   30   
73   29   
72   30   
73   29   
69   33   
74   28   
73   29   
73   29   
73   29   
73   29   
76   26   
77   25   
74   28   
73   29   
79   23   
81   21   
79   23   
78   24   
79   23   
79   23   
76   26   
73   29   
74   28   
73   29   
71   31   
71   31   
76   26   
76   26   
75   27   
74   28   
73   29   
76   26   
74   28   
75   27   
68   34   
67   35   
67   35   
69   33   
68   34   
69   33   
74   28   
77   25   
80   22   
75   27   
74   28   
70   32   
68   34   
70   32   
67   35   
67   35   
63   39   
59   43   
57   45   
51   51   
50   52   
52   50   
54   48   
55   47   
55   47   
53   49   
50   52   
56   46   
57   45   
61   41   
61   41   
60   42   
67   35   
67   35   
65   37   
65   37   
58   44   
60   42   
57   45   
54   48   
58   44   
55   47   
52   50   
50   52   
45   57   
41   61   
43   59   
44   58   
43   59   
42   60   
40   62   
41   61   
34   68   
37   65   
35   67   
37   65   
29   73   
32   70   
32   70   
35   67   
30   72   
30   72   
29   73   
26   76   
20   82   
17   85   
18   84   
18   84   
16   86   
17   85   
16   86   
16   86   
18   84   
14   88   
12   90   
9   93   
10   92   
9   93   
8   94   
7   95   
7   95   
7   95   
5   97   
5   97   
6   96   
4   98   
4   98   
4   98   
2   100   
2   100   
2   100   
1   101   
1   101   
1   101   
1   101   
1   101   
1   101   
1   101   
1   101   
1   101   
1   101   
1   101   
1   101   
1   101   
1   101   
1   101   
1   101   
1   101   
1   101   
1   101   
1   101   
1   101   
1   101   
1   101   
1   101   
1   101   
1   101   
1   101   
1   101   
1   101   
1   101   
1   101   
1   101   
1   101   
1   101   
1   101   
1   101   
1   101   
1   101   
1   101   
1   101   
1   101   
1   101   
1   101   
1   101   
1   101   
1   101   
1   101   
1   101   
1   1   
1   1   
1   1   
1   1   
1   1   
1   1   
1   1   
1   1   
1   1   
1   1   
1   1   
1   1   
1   1   
1   1   
1   1   
1   1   
1   1   
1   1   
1   1   
1   1   
1   1   
1   1   
1   1   
1   1   
1   1   
1   1   
1   1   
1   1   
1   1   
1   1   
1   1   
1   1   
1   1   
1   1   
1   1   
1   1   
1   1   
1   1   
1   1   
1   1   
1   1   
1   1   
1   1   
1   1   
1   1   
1   1   
1   1   
1   1   
1   1   
1   1   
1   1   
1   1   
1   1   
1   1   
1   1   
1   1   
1   1   
1   1   
1   1   
1   1   
1   1   
1   1   
1   1   
1   1   
1   1   
1   1   
1   1   
1   1   
1   1   
1   1   
1   1   
1   1   
1   1   
1   1   
1   1   
1   1   
1   1   
1   1   
1   1   
1   1   
1   1   
1   1   
1   1   
1   1   
1   1   
1   1   
1   1   
1   1   
1   1   
1   1   
1   1   
1   1   
1   1   
1   1   
1   1   
1   1   
1   1   
1   1   
1   1   
1   1   
1   1   
1   1   
