501   501   
530   472   
542   460   
546   456   
547   455   
531   471   
562   440   
577   425   
591   411   
601   401   
614   388   
607   395   
613   389   
614   388   
630   372   
615   387   
610   392   
627   375   
627   375   
621   381   
630   372   
633   369   
645   357   
664   338   
658   344   
675   327   
670   332   
665   337   
657   345   
656   346   
651   351   
651   351   
661   341   
663   339   
665   337   
665   337   
647   355   
637   365   
628   374   
629   373   
627   375   
630   372   
628   374   
640   362   
654   348   
661   341   
660   342   
650   352   
642   360   
646   356   
640   362   
663   339   
672   330   
674   328   
684   318   
660   342   
654   348   
647   355   
637   365   
641   361   
628   374   
618   384   
612   390   
636   366   
628   374   
620   382   
606   396   
595   407   
587   415   
586   416   
579   423   
567   435   
563   439   
560   442   
573   429   
579   423   
571   431   
576   426   
577   425   
581   421   
586   416   
584   418   
581   421   
583   419   
575   427   
575   427   
573   429   
568   434   
565   437   
568   434   
580   422   
566   436   
567   435   
570   432   
575   427   
576   426   
581   421   
590   412   
563   439   
553   449   
549   453   
558   444   
558   444   
565   437   
564   438   
590   412   
604   398   
601   401   
600   402   
600   402   
589   413   
597   405   
598   404   
607   395   
598   404   
593   409   
597   405   
599   403   
595   407   
609   393   
611   391   
603   399   
614   388   
627   375   
620   382   
609   393   
626   376   
627   375   
616   386   
607   395   
626   376   
617   385   
603   399   
597   405   
570   432   
607   395   
601   401   
608   394   
594   408   
583   419   
564   438   
585   417   
583   419   
593   409   
612   390   
589   413   
584   418   
582   420   
578   424   
563   439   
560   442   
565   437   
561   441   
569   433   
569   433   
581   421   
588   414   
590   412   
594   408   
606   396   
591   411   
572   430   
581   421   
581   421   
588   414   
606   396   
599   403   
591   411   
582   420   
589   413   
587   415   
597   405   
604   398   
595   407   
590   412   
582   420   
575   427   
580   422   
589   413   
585   417   
576   426   
561   441   
555   447   
549   453   
554   448   
557   445   
555   447   
570   432   
569   433   
568   434   
556   446   
556   446   
569   433   
562   440   
553   449   
545   457   
568   434   
566   436   
565   437   
566   436   
570   432   
555   447   
563   439   
582   420   
586   416   
570   432   
563   439   
577   425   
589   413   
579   423   
568   434   
563   439   
558   444   
568   434   
558   444   
559   443   
562   440   
550   452   
525   477   
550   452   
554   448   
543   459   
544   458   
545   457   
553   449   
553   449   
544   458   
540   462   
554   448   
540   462   
552   450   
551   451   
549   453   
539   463   
526   476   
529   473   
521   481   
516   486   
515   487   
531   471   
542   460   
540   462   
536   466   
524   478   
519   483   
525   477   
526   476   
525   477   
517   485   
528   474   
527   475   
516   486   
517   485   
500   502   
480   522   
467   535   
482   520   
500   502   
522   480   
518   484   
509   493   
508   494   
503   499   
500   502   
510   492   
489   513   
488   514   
474   528   
502   500   
481   521   
483   519   
473   529   
494   508   
494   508   
493   509   
499   503   
489   513   
485   517   
491   511   
487   515   
498   504   
501   501   
515   487   
504   498   
496   506   
490   512   
487   515   
482   520   
479   523   
475   527   
491   511   
494   508   
507   495   
495   507   
497   505   
510   492   
504   498   
490   512   
489   513   
482   520   
494   508   
492   510   
476   526   
462   540   
464   538   
474   528   
503   499   
503   499   
501   501   
504   498   
503   499   
515   487   
518   484   
510   492   
507   495   
500   502   
499   503   
490   512   
490   512   
489   513   
486   516   
501   501   
509   493   
508   494   
509   493   
520   482   
513   489   
517   485   
508   494   
501   501   
489   513   
489   513   
502   500   
497   505   
490   512   
490   512   
485   517   
462   540   
434   568   
413   589   
388   614   
392   610   
390   612   
391   611   
401   601   
411   591   
397   605   
404   598   
407   595   
383   619   
367   635   
370   632   
370   632   
366   636   
361   641   
359   643   
358   644   
352   650   
347   655   
334   668   
341   661   
320   682   
313   689   
317   685   
306   696   
312   690   
312   690   
310   692   
306   696   
302   700   
294   708   
296   706   
283   719   
266   736   
259   743   
268   734   
257   745   
264   738   
257   745   
253   749   
253   749   
240   762   
235   767   
226   776   
228   774   
220   782   
215   787   
213   789   
215   787   
217   785   
209   793   
207   795   
202   800   
208   794   
211   791   
224   778   
229   773   
239   763   
225   777   
236   766   
234   768   
229   773   
227   775   
229   773   
231   771   
230   772   
218   784   
201   801   
213   789   
218   784   
209   793   
208   794   
202   800   
208   794   
224   778   
221   781   
228   774   
224   778   
224   778   
211   791   
216   786   
215   787   
217   785   
220   782   
224   778   
227   775   
219   783   
217   785   
221   781   
233   769   
242   760   
247   755   
263   739   
246   756   
226   776   
221   781   
206   796   
191   811   
192   810   
191   811   
192   810   
197   805   
195   807   
183   819   
175   827   
176   826   
170   832   
164   838   
184   818   
192   810   
182   820   
182   820   
192   810   
206   796   
218   784   
219   783   
226   776   
216   786   
206   796   
206   796   
214   788   
217   785   
215   787   
214   788   
194   808   
198   804   
216   786   
210   792   
220   782   
218   784   
206   796   
204   798   
209   793   
208   794   
202   800   
212   790   
197   805   
191   811   
192   810   
190   812   
182   820   
179   823   
179   823   
186   816   
190   812   
207   795   
197   805   
188   814   
183   819   
176   826   
184   818   
186   816   
183   819   
177   825   
187   815   
181   821   
175   827   
183   819   
190   812   
1   1   
1   1   
1   1   
1   1   
1   1   
1   1   
1   1   
1   1   
1   1   
1   1   
1   1   
1   1   
1   1   
1   1   
1   1   
1   1   
1   1   
1   1   
1   1   
1   1   
1   1   
1   1   
1   1   
1   1   
1   1   
1   1   
1   1   
1   1   
1   1   
1   1   
1   1   
1   1   
1   1   
1   1   
1   1   
1   1   
1   1   
1   1   
1   1   
1   1   
1   1   
1   1   
1   1   
1   1   
1   1   
1   1   
1   1   
1   1   
1   1   
1   1   
1   1   
1   1   
1   1   
1   1   
1   1   
1   1   
1   1   
1   1   
1   1   
1   1   
1   1   
1   1   
1   1   
1   1   
1   1   
1   1   
1   1   
1   1   
1   1   
1   1   
1   1   
1   1   
1   1   
1   1   
1   1   
1   1   
1   1   
1   1   
1   1   
1   1   
1   1   
1   1   
1   1   
1   1   
1   1   
1   1   
1   1   
1   1   
1   1   
1   1   
1   1   
1   1   
1   1   
1   1   
1   1   
1   1   
1   1   
1   1   
1   1   
1   1   
1   1   
1   1   
