501   501   
535   467   
538   464   
544   458   
539   463   
541   461   
519   483   
537   465   
531   471   
514   488   
519   483   
520   482   
532   470   
527   475   
530   472   
537   465   
554   448   
578   424   
574   428   
573   429   
576   426   
587   415   
604   398   
614   388   
601   401   
612   390   
601   401   
601   401   
602   400   
611   391   
605   397   
592   410   
584   418   
569   433   
550   452   
536   466   
547   455   
524   478   
520   482   
514   488   
508   494   
507   495   
514   488   
530   472   
529   473   
531   471   
526   476   
517   485   
532   470   
531   471   
519   483   
523   479   
512   490   
525   477   
525   477   
517   485   
500   502   
502   500   
518   484   
512   490   
526   476   
535   467   
535   467   
544   458   
550   452   
541   461   
533   469   
530   472   
540   462   
536   466   
525   477   
515   487   
519   483   
507   495   
500   502   
506   496   
508   494   
499   503   
489   513   
483   519   
481   521   
480   522   
488   514   
473   529   
482   520   
493   509   
509   493   
503   499   
517   485   
522   480   
520   482   
528   474   
524   478   
513   489   
513   489   
507   495   
508   494   
496   506   
498   504   
490   512   
504   498   
505   497   
516   486   
528   474   
531   471   
532   470   
528   474   
532   470   
522   480   
525   477   
534   468   
551   451   
535   467   
524   478   
524   478   
533   469   
541   461   
531   471   
524   478   
537   465   
527   475   
544   458   
554   448   
567   435   
574   428   
561   441   
565   437   
561   441   
551   451   
545   457   
558   444   
555   447   
556   446   
571   431   
571   431   
559   443   
559   443   
543   459   
542   460   
543   459   
535   467   
534   468   
535   467   
549   453   
549   453   
540   462   
524   478   
511   491   
526   476   
527   475   
541   461   
531   471   
525   477   
546   456   
541   461   
553   449   
555   447   
558   444   
553   449   
554   448   
560   442   
562   440   
563   439   
545   457   
542   460   
550   452   
557   445   
557   445   
560   442   
564   438   
550   452   
558   444   
576   426   
576   426   
569   433   
560   442   
583   419   
587   415   
593   409   
579   423   
565   437   
574   428   
576   426   
563   439   
569   433   
570   432   
580   422   
590   412   
588   414   
594   408   
577   425   
574   428   
591   411   
609   393   
612   390   
617   385   
617   385   
626   376   
647   355   
635   367   
627   375   
627   375   
626   376   
620   382   
644   358   
634   368   
632   370   
625   377   
624   378   
631   371   
623   379   
624   378   
615   387   
586   416   
581   421   
589   413   
611   391   
620   382   
643   359   
632   370   
636   366   
643   359   
622   380   
637   365   
638   364   
630   372   
635   367   
632   370   
639   363   
637   365   
633   369   
639   363   
629   373   
638   364   
627   375   
637   365   
632   370   
620   382   
628   374   
610   392   
613   389   
616   386   
600   402   
603   399   
594   408   
607   395   
607   395   
607   395   
622   380   
612   390   
626   376   
628   374   
622   380   
631   371   
619   383   
631   371   
633   369   
631   371   
625   377   
621   381   
623   379   
622   380   
612   390   
625   377   
628   374   
640   362   
642   360   
650   352   
651   351   
627   375   
628   374   
608   394   
607   395   
616   386   
638   364   
624   378   
637   365   
630   372   
611   391   
630   372   
648   354   
645   357   
637   365   
635   367   
630   372   
650   352   
654   348   
662   340   
673   329   
679   323   
679   323   
693   309   
702   300   
701   301   
709   293   
717   285   
706   296   
701   301   
688   314   
700   302   
705   297   
714   288   
705   297   
692   310   
687   315   
683   319   
676   326   
678   324   
665   337   
684   318   
685   317   
699   303   
691   311   
689   313   
695   307   
697   305   
693   309   
693   309   
692   310   
698   304   
690   312   
678   324   
689   313   
675   327   
673   329   
667   335   
677   325   
680   322   
683   319   
682   320   
681   321   
675   327   
692   310   
696   306   
710   292   
713   289   
722   280   
724   278   
705   297   
710   292   
709   293   
705   297   
707   295   
700   302   
699   303   
687   315   
707   295   
707   295   
690   312   
682   320   
695   307   
701   301   
698   304   
683   319   
674   328   
675   327   
680   322   
678   324   
684   318   
690   312   
691   311   
674   328   
691   311   
687   315   
685   317   
688   314   
699   303   
709   293   
718   284   
718   284   
729   273   
737   265   
736   266   
736   266   
741   261   
755   247   
744   258   
744   258   
725   277   
730   272   
732   270   
728   274   
738   264   
739   263   
728   274   
705   297   
711   291   
708   294   
718   284   
707   295   
692   310   
681   321   
675   327   
684   318   
679   323   
672   330   
671   331   
655   347   
651   351   
633   369   
621   381   
629   373   
636   366   
635   367   
636   366   
636   366   
626   376   
612   390   
624   378   
621   381   
621   381   
616   386   
633   369   
630   372   
629   373   
638   364   
646   356   
632   370   
657   345   
654   348   
661   341   
655   347   
674   328   
671   331   
668   334   
654   348   
652   350   
646   356   
646   356   
638   364   
644   358   
639   363   
637   365   
631   371   
630   372   
646   356   
639   363   
659   343   
674   328   
684   318   
699   303   
698   304   
696   306   
682   320   
690   312   
701   301   
712   290   
712   290   
728   274   
730   272   
729   273   
727   275   
737   265   
744   258   
752   250   
734   268   
717   285   
725   277   
716   286   
721   281   
717   285   
714   288   
710   292   
722   280   
722   280   
720   282   
729   273   
745   257   
727   275   
716   286   
704   298   
712   290   
721   281   
741   261   
740   262   
734   268   
725   277   
730   272   
733   269   
728   274   
731   271   
744   258   
732   270   
722   280   
729   273   
738   264   
743   259   
741   261   
732   270   
744   258   
749   253   
742   260   
744   258   
745   257   
729   273   
728   274   
737   265   
736   266   
739   263   
1   1   
1   1   
1   1   
1   1   
1   1   
1   1   
1   1   
1   1   
1   1   
1   1   
1   1   
1   1   
1   1   
1   1   
1   1   
1   1   
1   1   
1   1   
1   1   
1   1   
1   1   
1   1   
1   1   
1   1   
1   1   
1   1   
1   1   
1   1   
1   1   
1   1   
1   1   
1   1   
1   1   
1   1   
1   1   
1   1   
1   1   
1   1   
1   1   
1   1   
1   1   
1   1   
1   1   
1   1   
1   1   
1   1   
1   1   
1   1   
1   1   
1   1   
1   1   
1   1   
1   1   
1   1   
1   1   
1   1   
1   1   
1   1   
1   1   
1   1   
1   1   
1   1   
1   1   
1   1   
1   1   
1   1   
1   1   
1   1   
1   1   
1   1   
1   1   
1   1   
1   1   
1   1   
1   1   
1   1   
1   1   
1   1   
1   1   
1   1   
1   1   
1   1   
1   1   
1   1   
1   1   
1   1   
1   1   
1   1   
1   1   
1   1   
1   1   
1   1   
1   1   
1   1   
1   1   
1   1   
1   1   
1   1   
1   1   
1   1   
1   1   
1   1   
