501   501   
524   478   
528   474   
527   475   
536   466   
526   476   
534   468   
560   442   
562   440   
538   464   
536   466   
531   471   
534   468   
522   480   
532   470   
538   464   
541   461   
552   450   
550   452   
568   434   
571   431   
563   439   
558   444   
556   446   
579   423   
579   423   
563   439   
552   450   
566   436   
554   448   
544   458   
555   447   
551   451   
550   452   
556   446   
556   446   
563   439   
567   435   
564   438   
546   456   
537   465   
546   456   
534   468   
538   464   
510   492   
516   486   
534   468   
529   473   
533   469   
532   470   
545   457   
534   468   
530   472   
527   475   
531   471   
546   456   
547   455   
562   440   
559   443   
548   454   
547   455   
554   448   
547   455   
540   462   
540   462   
524   478   
515   487   
519   483   
515   487   
541   461   
555   447   
562   440   
564   438   
572   430   
585   417   
584   418   
586   416   
583   419   
570   432   
565   437   
579   423   
572   430   
563   439   
551   451   
576   426   
554   448   
543   459   
537   465   
523   479   
514   488   
539   463   
536   466   
522   480   
529   473   
498   504   
502   500   
497   505   
502   500   
517   485   
522   480   
516   486   
510   492   
526   476   
529   473   
529   473   
527   475   
521   481   
520   482   
505   497   
498   504   
501   501   
493   509   
507   495   
510   492   
508   494   
508   494   
522   480   
538   464   
536   466   
532   470   
522   480   
500   502   
509   493   
501   501   
514   488   
521   481   
496   506   
515   487   
500   502   
501   501   
502   500   
487   515   
490   512   
492   510   
493   509   
508   494   
506   496   
501   501   
502   500   
512   490   
508   494   
511   491   
508   494   
506   496   
516   486   
527   475   
515   487   
522   480   
538   464   
524   478   
552   450   
556   446   
561   441   
550   452   
558   444   
557   445   
559   443   
561   441   
579   423   
593   409   
578   424   
593   409   
594   408   
583   419   
586   416   
587   415   
559   443   
571   431   
561   441   
550   452   
546   456   
519   483   
527   475   
539   463   
554   448   
550   452   
550   452   
559   443   
555   447   
566   436   
565   437   
586   416   
580   422   
572   430   
586   416   
587   415   
578   424   
589   413   
586   416   
604   398   
596   406   
591   411   
608   394   
607   395   
588   414   
584   418   
593   409   
584   418   
580   422   
577   425   
567   435   
568   434   
548   454   
558   444   
526   476   
522   480   
536   466   
525   477   
523   479   
536   466   
535   467   
538   464   
538   464   
547   455   
534   468   
529   473   
529   473   
491   511   
478   524   
465   537   
482   520   
496   506   
494   508   
504   498   
507   495   
515   487   
514   488   
518   484   
537   465   
519   483   
527   475   
512   490   
513   489   
510   492   
508   494   
503   499   
528   474   
531   471   
544   458   
532   470   
518   484   
514   488   
492   510   
488   514   
505   497   
532   470   
543   459   
551   451   
566   436   
563   439   
549   453   
541   461   
535   467   
521   481   
499   503   
481   521   
483   519   
475   527   
469   533   
454   548   
464   538   
466   536   
493   509   
510   492   
520   482   
510   492   
509   493   
520   482   
508   494   
511   491   
511   491   
509   493   
502   500   
503   499   
499   503   
490   512   
471   531   
464   538   
471   531   
494   508   
482   520   
504   498   
513   489   
487   515   
489   513   
495   507   
487   515   
481   521   
469   533   
458   544   
464   538   
488   514   
495   507   
474   528   
478   524   
487   515   
499   503   
494   508   
492   510   
486   516   
475   527   
493   509   
466   536   
455   547   
443   559   
445   557   
425   577   
418   584   
429   573   
445   557   
443   559   
417   585   
397   605   
403   599   
399   603   
403   599   
403   599   
414   588   
417   585   
404   598   
407   595   
384   618   
374   628   
368   634   
357   645   
360   642   
369   633   
375   627   
375   627   
373   629   
364   638   
353   649   
349   653   
352   650   
360   642   
362   640   
366   636   
359   643   
367   635   
381   621   
366   636   
372   630   
390   612   
395   607   
415   587   
419   583   
424   578   
427   575   
430   572   
417   585   
407   595   
380   622   
382   620   
377   625   
389   613   
400   602   
405   597   
417   585   
408   594   
413   589   
412   590   
391   611   
392   610   
379   623   
372   630   
367   635   
366   636   
368   634   
367   635   
367   635   
364   638   
354   648   
347   655   
340   662   
331   671   
328   674   
330   672   
333   669   
324   678   
327   675   
317   685   
328   674   
330   672   
352   650   
354   648   
366   636   
384   618   
381   621   
379   623   
385   617   
391   611   
406   596   
405   597   
413   589   
424   578   
425   577   
433   569   
438   564   
445   557   
454   548   
449   553   
471   531   
455   547   
445   557   
456   546   
459   543   
473   529   
487   515   
495   507   
493   509   
518   484   
537   465   
555   447   
568   434   
589   413   
575   427   
565   437   
554   448   
564   438   
554   448   
553   449   
545   457   
537   465   
532   470   
551   451   
545   457   
527   475   
533   469   
518   484   
521   481   
527   475   
530   472   
545   457   
553   449   
540   462   
538   464   
538   464   
535   467   
523   479   
535   467   
546   456   
558   444   
551   451   
538   464   
558   444   
547   455   
572   430   
557   445   
557   445   
559   443   
561   441   
554   448   
574   428   
558   444   
549   453   
537   465   
538   464   
546   456   
553   449   
545   457   
551   451   
549   453   
555   447   
552   450   
544   458   
547   455   
525   477   
525   477   
539   463   
535   467   
535   467   
543   459   
544   458   
547   455   
557   445   
545   457   
533   469   
533   469   
548   454   
550   452   
547   455   
542   460   
524   478   
527   475   
521   481   
511   491   
521   481   
523   479   
541   461   
544   458   
537   465   
541   461   
550   452   
538   464   
560   442   
564   438   
568   434   
582   420   
558   444   
1   1   
1   1   
1   1   
1   1   
1   1   
1   1   
1   1   
1   1   
1   1   
1   1   
1   1   
1   1   
1   1   
1   1   
1   1   
1   1   
1   1   
1   1   
1   1   
1   1   
1   1   
1   1   
1   1   
1   1   
1   1   
1   1   
1   1   
1   1   
1   1   
1   1   
1   1   
1   1   
1   1   
1   1   
1   1   
1   1   
1   1   
1   1   
1   1   
1   1   
1   1   
1   1   
1   1   
1   1   
1   1   
1   1   
1   1   
1   1   
1   1   
1   1   
1   1   
1   1   
1   1   
1   1   
1   1   
1   1   
1   1   
1   1   
1   1   
1   1   
1   1   
1   1   
1   1   
1   1   
1   1   
1   1   
1   1   
1   1   
1   1   
1   1   
1   1   
1   1   
1   1   
1   1   
1   1   
1   1   
1   1   
1   1   
1   1   
1   1   
1   1   
1   1   
1   1   
1   1   
1   1   
1   1   
1   1   
1   1   
1   1   
1   1   
1   1   
1   1   
1   1   
1   1   
1   1   
1   1   
1   1   
1   1   
1   1   
1   1   
1   1   
1   1   
