2501   2501   
2587   2415   
2594   2408   
2629   2373   
2625   2377   
2663   2339   
2629   2373   
2625   2377   
2648   2354   
2633   2369   
2662   2340   
2645   2357   
2684   2318   
2671   2331   
2682   2320   
2717   2285   
2715   2287   
2655   2347   
2595   2407   
2573   2429   
2537   2465   
2540   2462   
2553   2449   
2531   2471   
2562   2440   
2538   2464   
2509   2493   
2524   2478   
2482   2520   
2479   2523   
2427   2575   
2457   2545   
2436   2566   
2422   2580   
2476   2526   
2446   2556   
2438   2564   
2425   2577   
2425   2577   
2417   2585   
2441   2561   
2423   2579   
2437   2565   
2389   2613   
2364   2638   
2350   2652   
2347   2655   
2368   2634   
2412   2590   
2405   2597   
2378   2624   
2367   2635   
2341   2661   
2358   2644   
2358   2644   
2347   2655   
2417   2585   
2415   2587   
2369   2633   
2368   2634   
2346   2656   
2344   2658   
2299   2703   
2304   2698   
2359   2643   
2377   2625   
2386   2616   
2357   2645   
2348   2654   
2337   2665   
2363   2639   
2382   2620   
2386   2616   
2398   2604   
2428   2574   
2413   2589   
2395   2607   
2401   2601   
2394   2608   
2386   2616   
2384   2618   
2424   2578   
2405   2597   
2410   2592   
2371   2631   
2359   2643   
2401   2601   
2416   2586   
2405   2597   
2433   2569   
2442   2560   
2434   2568   
2428   2574   
2420   2582   
2437   2565   
2445   2557   
2470   2532   
2507   2495   
2492   2510   
2475   2527   
2455   2547   
2438   2564   
2407   2595   
2435   2567   
2444   2558   
2459   2543   
2507   2495   
2491   2511   
2498   2504   
2509   2493   
2547   2455   
2532   2470   
2504   2498   
2556   2446   
2558   2444   
2535   2467   
2618   2384   
2613   2389   
2626   2376   
2605   2397   
2620   2382   
2598   2404   
2591   2411   
2632   2370   
2637   2365   
2635   2367   
2645   2357   
2674   2328   
2698   2304   
2646   2356   
2675   2327   
2692   2310   
2680   2322   
2671   2331   
2642   2360   
2652   2350   
2670   2332   
2718   2284   
2709   2293   
2659   2343   
2686   2316   
2677   2325   
2684   2318   
2718   2284   
2741   2261   
2772   2230   
2775   2227   
2779   2223   
2830   2172   
2809   2193   
2805   2197   
2799   2203   
2787   2215   
2766   2236   
2721   2281   
2713   2289   
2706   2296   
2691   2311   
2705   2297   
2700   2302   
2682   2320   
2654   2348   
2662   2340   
2665   2337   
2694   2308   
2699   2303   
2701   2301   
2727   2275   
2761   2241   
2754   2248   
2792   2210   
2831   2171   
2876   2126   
2893   2109   
2893   2109   
2908   2094   
2911   2091   
2908   2094   
2909   2093   
2909   2093   
2948   2054   
2952   2050   
2936   2066   
3002   2000   
3011   1991   
3027   1975   
3023   1979   
3046   1956   
3029   1973   
3016   1986   
3019   1983   
3015   1987   
3008   1994   
2974   2028   
3010   1992   
3007   1995   
3014   1988   
3039   1963   
2973   2029   
2960   2042   
2929   2073   
2953   2049   
2990   2012   
3041   1961   
3056   1946   
3108   1894   
3118   1884   
3113   1889   
3164   1838   
3146   1856   
3204   1798   
3198   1804   
3186   1816   
3196   1806   
3148   1854   
3101   1901   
3090   1912   
3074   1928   
3036   1966   
3001   2001   
3002   2000   
2926   2076   
2909   2093   
2920   2082   
2895   2107   
2866   2136   
2884   2118   
2886   2116   
2908   2094   
2951   2051   
2924   2078   
2938   2064   
2932   2070   
3011   1991   
3023   1979   
3013   1989   
3030   1972   
3014   1988   
2998   2004   
3029   1973   
3044   1958   
3049   1953   
3049   1953   
3027   1975   
3056   1946   
3081   1921   
3063   1939   
3047   1955   
3020   1982   
3012   1990   
2980   2022   
3008   1994   
3019   1983   
3005   1997   
3010   1992   
3014   1988   
3053   1949   
3002   2000   
3003   1999   
3045   1957   
3040   1962   
3051   1951   
3058   1944   
3098   1904   
3084   1918   
3071   1931   
3085   1917   
3076   1926   
3054   1948   
3102   1900   
3104   1898   
3118   1884   
3099   1903   
3079   1923   
3074   1928   
3079   1923   
3078   1924   
3058   1944   
3012   1990   
2962   2040   
2991   2011   
3022   1980   
3006   1996   
3042   1960   
3002   2000   
2989   2013   
2974   2028   
2966   2036   
2989   2013   
2939   2063   
2929   2073   
2970   2032   
2944   2058   
2939   2063   
2948   2054   
2935   2067   
2942   2060   
2928   2074   
2884   2118   
2896   2106   
2908   2094   
2926   2076   
2889   2113   
2905   2097   
2912   2090   
2894   2108   
2901   2101   
2917   2085   
2907   2095   
2921   2081   
2931   2071   
2934   2068   
2931   2071   
2907   2095   
2909   2093   
2930   2072   
2909   2093   
2913   2089   
2900   2102   
2883   2119   
2879   2123   
2870   2132   
2878   2124   
2828   2174   
2826   2176   
2840   2162   
2833   2169   
2854   2148   
2839   2163   
2808   2194   
2808   2194   
2837   2165   
2877   2125   
2876   2126   
2878   2124   
2904   2098   
2924   2078   
2928   2074   
2923   2079   
2946   2056   
2947   2055   
2940   2062   
2940   2062   
2958   2044   
2985   2017   
2986   2016   
2963   2039   
2964   2038   
2979   2023   
3023   1979   
3007   1995   
3034   1968   
3011   1991   
2989   2013   
3008   1994   
3014   1988   
3032   1970   
3015   1987   
3009   1993   
2996   2006   
2994   2008   
2979   2023   
2974   2028   
2935   2067   
2944   2058   
2971   2031   
2958   2044   
2962   2040   
3011   1991   
3009   1993   
3011   1991   
3026   1976   
3036   1966   
3054   1948   
3049   1953   
3010   1992   
3016   1986   
3041   1961   
3040   1962   
3025   1977   
3042   1960   
3052   1950   
3072   1930   
3038   1964   
3038   1964   
3051   1951   
2996   2006   
2999   2003   
2994   2008   
2988   2014   
3019   1983   
3032   1970   
3031   1971   
2999   2003   
2981   2021   
2988   2014   
3014   1988   
3038   1964   
3021   1981   
3006   1996   
3015   1987   
3032   1970   
3088   1914   
3064   1938   
3119   1883   
3087   1915   
3109   1893   
3076   1926   
3061   1941   
3015   1987   
3010   1992   
3022   1980   
3087   1915   
3104   1898   
3093   1909   
3117   1885   
3128   1874   
3177   1825   
3126   1876   
3105   1897   
3107   1895   
3104   1898   
3132   1870   
3119   1883   
3115   1887   
3112   1890   
3102   1900   
3099   1903   
3097   1905   
3055   1947   
3076   1926   
3081   1921   
3066   1936   
3058   1944   
3076   1926   
3093   1909   
3063   1939   
3043   1959   
3051   1951   
3040   1962   
3002   2000   
3013   1989   
3018   1984   
3038   1964   
3034   1968   
3072   1930   
3070   1932   
3066   1936   
3059   1943   
3063   1939   
3065   1937   
3098   1904   
3090   1912   
3101   1901   
3085   1917   
3027   1975   
3031   1971   
3036   1966   
3084   1918   
3102   1900   
3118   1884   
3101   1901   
3103   1899   
3133   1869   
3129   1873   
3105   1897   
3113   1889   
3134   1868   
3102   1900   
3073   1929   
3110   1892   
3077   1925   
3077   1925   
3094   1908   
3128   1874   
3134   1868   
3165   1837   
3174   1828   
3171   1831   
3146   1856   
3161   1841   
3175   1827   
3180   1822   
3176   1826   
3231   1771   
3254   1748   
3255   1747   
3265   1737   
3250   1752   
3256   1746   
3266   1736   
3236   1766   
3242   1760   
3294   1708   
3295   1707   
3307   1695   
3321   1681   
3338   1664   
3362   1640   
1   1   
1   1   
1   1   
1   1   
1   1   
1   1   
1   1   
1   1   
1   1   
1   1   
1   1   
1   1   
1   1   
1   1   
1   1   
1   1   
1   1   
1   1   
1   1   
1   1   
1   1   
1   1   
1   1   
1   1   
1   1   
1   1   
1   1   
1   1   
1   1   
1   1   
1   1   
1   1   
1   1   
1   1   
1   1   
1   1   
1   1   
1   1   
1   1   
1   1   
1   1   
1   1   
1   1   
1   1   
1   1   
1   1   
1   1   
1   1   
1   1   
1   1   
1   1   
1   1   
1   1   
1   1   
1   1   
1   1   
1   1   
1   1   
1   1   
1   1   
1   1   
1   1   
1   1   
1   1   
1   1   
1   1   
1   1   
1   1   
1   1   
1   1   
1   1   
1   1   
1   1   
1   1   
1   1   
1   1   
1   1   
1   1   
1   1   
1   1   
1   1   
1   1   
1   1   
1   1   
1   1   
1   1   
1   1   
1   1   
1   1   
1   1   
1   1   
1   1   
1   1   
1   1   
1   1   
1   1   
1   1   
1   1   
1   1   
1   1   
1   1   
1   1   
