51   51   
48   54   
43   59   
51   51   
55   47   
54   48   
60   42   
58   44   
59   43   
55   47   
61   41   
54   48   
50   52   
52   50   
56   46   
60   42   
59   43   
52   50   
60   42   
56   46   
58   44   
56   46   
55   47   
56   46   
51   51   
55   47   
54   48   
58   44   
54   48   
61   41   
57   45   
58   44   
60   42   
55   47   
58   44   
61   41   
62   40   
64   38   
70   32   
68   34   
68   34   
70   32   
73   29   
73   29   
72   30   
72   30   
69   33   
71   31   
66   36   
67   35   
72   30   
70   32   
69   33   
68   34   
73   29   
74   28   
75   27   
69   33   
65   37   
64   38   
69   33   
72   30   
70   32   
68   34   
74   28   
75   27   
73   29   
73   29   
74   28   
71   31   
79   23   
71   31   
72   30   
78   24   
78   24   
78   24   
77   25   
81   21   
79   23   
78   24   
78   24   
79   23   
78   24   
75   27   
75   27   
70   32   
70   32   
75   27   
76   26   
76   26   
78   24   
83   19   
79   23   
78   24   
82   20   
79   23   
81   21   
82   20   
78   24   
78   24   
82   20   
81   21   
82   20   
80   22   
80   22   
83   19   
83   19   
82   20   
84   18   
82   20   
80   22   
78   24   
76   26   
79   23   
79   23   
80   22   
85   17   
85   17   
84   18   
83   19   
84   18   
80   22   
87   15   
88   14   
88   14   
87   15   
83   19   
81   21   
83   19   
79   23   
82   20   
83   19   
84   18   
80   22   
85   17   
86   16   
85   17   
84   18   
81   21   
79   23   
79   23   
75   27   
73   29   
71   31   
67   35   
69   33   
69   33   
68   34   
68   34   
65   37   
72   30   
70   32   
69   33   
62   40   
66   36   
68   34   
69   33   
73   29   
72   30   
74   28   
72   30   
73   29   
76   26   
74   28   
71   31   
68   34   
78   24   
83   19   
81   21   
85   17   
83   19   
85   17   
88   14   
87   15   
86   16   
82   20   
81   21   
81   21   
81   21   
86   16   
84   18   
84   18   
80   22   
83   19   
82   20   
80   22   
79   23   
81   21   
84   18   
84   18   
86   16   
80   22   
83   19   
82   20   
86   16   
89   13   
93   9   
91   11   
90   12   
93   9   
92   10   
90   12   
91   11   
89   13   
91   11   
91   11   
90   12   
92   10   
91   11   
92   10   
94   8   
94   8   
93   9   
94   8   
92   10   
92   10   
93   9   
95   7   
96   6   
96   6   
98   4   
98   4   
99   3   
98   4   
96   6   
96   6   
97   5   
97   5   
99   3   
98   4   
98   4   
97   5   
99   3   
98   4   
98   4   
100   2   
101   1   
101   1   
101   1   
101   1   
101   1   
101   1   
101   1   
101   1   
101   1   
101   1   
101   1   
101   1   
101   1   
101   1   
101   1   
101   1   
101   1   
101   1   
101   1   
101   1   
101   1   
101   1   
101   1   
101   1   
101   1   
101   1   
101   1   
101   1   
101   1   
101   1   
101   1   
101   1   
101   1   
101   1   
101   1   
101   1   
101   1   
101   1   
101   1   
101   1   
101   1   
101   1   
101   1   
101   1   
101   1   
101   1   
101   1   
101   1   
101   1   
101   1   
101   1   
101   1   
101   1   
101   1   
101   1   
101   1   
101   1   
101   1   
101   1   
101   1   
101   1   
101   1   
101   1   
101   1   
101   1   
101   1   
101   1   
101   1   
101   1   
101   1   
101   1   
101   1   
101   1   
101   1   
101   1   
101   1   
101   1   
101   1   
101   1   
101   1   
101   1   
101   1   
101   1   
101   1   
101   1   
101   1   
101   1   
101   1   
101   1   
101   1   
101   1   
101   1   
101   1   
101   1   
101   1   
101   1   
101   1   
101   1   
101   1   
101   1   
101   1   
101   1   
101   1   
101   1   
101   1   
101   1   
101   1   
101   1   
101   1   
101   1   
101   1   
101   1   
101   1   
101   1   
101   1   
101   1   
101   1   
101   1   
101   1   
101   1   
101   1   
101   1   
101   1   
101   1   
101   1   
101   1   
101   1   
101   1   
101   1   
101   1   
101   1   
101   1   
101   1   
101   1   
101   1   
101   1   
101   1   
101   1   
101   1   
101   1   
101   1   
101   1   
101   1   
101   1   
101   1   
101   1   
101   1   
101   1   
101   1   
101   1   
101   1   
101   1   
101   1   
101   1   
101   1   
101   1   
101   1   
101   1   
101   1   
101   1   
101   1   
101   1   
101   1   
101   1   
101   1   
101   1   
101   1   
101   1   
101   1   
101   1   
101   1   
101   1   
101   1   
101   1   
101   1   
101   1   
101   1   
101   1   
101   1   
101   1   
101   1   
101   1   
101   1   
101   1   
101   1   
101   1   
101   1   
101   1   
101   1   
101   1   
101   1   
101   1   
101   1   
101   1   
101   1   
101   1   
101   1   
101   1   
101   1   
101   1   
101   1   
101   1   
101   1   
101   1   
101   1   
101   1   
101   1   
101   1   
101   1   
101   1   
101   1   
101   1   
101   1   
101   1   
101   1   
101   1   
101   1   
101   1   
101   1   
101   1   
101   1   
101   1   
101   1   
101   1   
101   1   
101   1   
101   1   
101   1   
101   1   
101   1   
101   1   
101   1   
101   1   
101   1   
101   1   
101   1   
101   1   
101   1   
101   1   
101   1   
101   1   
101   1   
101   1   
101   1   
101   1   
101   1   
101   1   
101   1   
101   1   
101   1   
101   1   
101   1   
101   1   
101   1   
101   1   
101   1   
101   1   
101   1   
101   1   
101   1   
101   1   
101   1   
101   1   
1   1   
1   1   
1   1   
1   1   
1   1   
1   1   
1   1   
1   1   
1   1   
1   1   
1   1   
1   1   
1   1   
1   1   
1   1   
1   1   
1   1   
1   1   
1   1   
1   1   
1   1   
1   1   
1   1   
1   1   
1   1   
1   1   
1   1   
1   1   
1   1   
1   1   
1   1   
1   1   
1   1   
1   1   
1   1   
1   1   
1   1   
1   1   
1   1   
1   1   
1   1   
1   1   
1   1   
1   1   
1   1   
1   1   
1   1   
1   1   
1   1   
1   1   
1   1   
1   1   
1   1   
1   1   
1   1   
1   1   
1   1   
1   1   
1   1   
1   1   
1   1   
1   1   
1   1   
1   1   
1   1   
1   1   
1   1   
1   1   
1   1   
1   1   
1   1   
1   1   
1   1   
1   1   
1   1   
1   1   
1   1   
1   1   
1   1   
1   1   
1   1   
1   1   
1   1   
1   1   
1   1   
1   1   
1   1   
1   1   
1   1   
1   1   
1   1   
1   1   
1   1   
1   1   
1   1   
1   1   
1   1   
1   1   
1   1   
1   1   
1   1   
1   1   
