51   51   
54   48   
51   51   
52   50   
56   46   
60   42   
54   48   
53   49   
49   53   
55   47   
57   45   
50   52   
47   55   
49   53   
44   58   
46   56   
44   58   
51   51   
49   53   
49   53   
55   47   
50   52   
46   56   
44   58   
43   59   
48   54   
47   55   
45   57   
40   62   
41   61   
41   61   
44   58   
48   54   
50   52   
47   55   
49   53   
54   48   
57   45   
51   51   
54   48   
56   46   
57   45   
65   37   
67   35   
73   29   
79   23   
81   21   
86   16   
89   13   
86   16   
87   15   
86   16   
87   15   
87   15   
87   15   
84   18   
79   23   
76   26   
77   25   
76   26   
80   22   
77   25   
73   29   
76   26   
83   19   
84   18   
83   19   
82   20   
86   16   
84   18   
82   20   
87   15   
87   15   
89   13   
89   13   
92   10   
92   10   
93   9   
92   10   
93   9   
95   7   
95   7   
95   7   
95   7   
95   7   
95   7   
96   6   
96   6   
95   7   
95   7   
94   8   
96   6   
95   7   
100   2   
101   1   
101   1   
101   1   
101   1   
101   1   
101   1   
101   1   
101   1   
101   1   
101   1   
101   1   
101   1   
101   1   
101   1   
101   1   
101   1   
101   1   
101   1   
101   1   
101   1   
101   1   
101   1   
101   1   
101   1   
101   1   
101   1   
101   1   
101   1   
101   1   
101   1   
101   1   
101   1   
101   1   
101   1   
101   1   
101   1   
101   1   
101   1   
101   1   
101   1   
101   1   
101   1   
101   1   
101   1   
101   1   
101   1   
101   1   
101   1   
101   1   
101   1   
101   1   
101   1   
101   1   
101   1   
101   1   
101   1   
101   1   
101   1   
101   1   
101   1   
101   1   
101   1   
101   1   
101   1   
101   1   
101   1   
101   1   
101   1   
101   1   
101   1   
101   1   
101   1   
101   1   
101   1   
101   1   
101   1   
101   1   
101   1   
101   1   
101   1   
101   1   
101   1   
101   1   
101   1   
101   1   
101   1   
101   1   
101   1   
101   1   
101   1   
101   1   
101   1   
101   1   
101   1   
101   1   
101   1   
101   1   
101   1   
101   1   
101   1   
101   1   
101   1   
101   1   
101   1   
101   1   
101   1   
101   1   
101   1   
101   1   
101   1   
101   1   
101   1   
101   1   
101   1   
101   1   
101   1   
101   1   
101   1   
101   1   
101   1   
101   1   
101   1   
101   1   
101   1   
101   1   
101   1   
101   1   
101   1   
101   1   
101   1   
101   1   
101   1   
101   1   
101   1   
101   1   
101   1   
101   1   
101   1   
101   1   
101   1   
101   1   
101   1   
101   1   
101   1   
101   1   
101   1   
101   1   
101   1   
101   1   
101   1   
101   1   
101   1   
101   1   
101   1   
101   1   
101   1   
101   1   
101   1   
101   1   
101   1   
101   1   
101   1   
101   1   
101   1   
101   1   
101   1   
101   1   
101   1   
101   1   
101   1   
101   1   
101   1   
101   1   
101   1   
101   1   
101   1   
101   1   
101   1   
101   1   
101   1   
101   1   
101   1   
101   1   
101   1   
101   1   
101   1   
101   1   
101   1   
101   1   
101   1   
101   1   
101   1   
101   1   
101   1   
101   1   
101   1   
101   1   
101   1   
101   1   
101   1   
101   1   
101   1   
101   1   
101   1   
101   1   
101   1   
101   1   
101   1   
101   1   
101   1   
101   1   
101   1   
101   1   
101   1   
101   1   
101   1   
101   1   
101   1   
101   1   
101   1   
101   1   
101   1   
101   1   
101   1   
101   1   
101   1   
101   1   
101   1   
101   1   
101   1   
101   1   
101   1   
101   1   
101   1   
101   1   
101   1   
101   1   
101   1   
101   1   
101   1   
101   1   
101   1   
101   1   
101   1   
101   1   
101   1   
101   1   
101   1   
101   1   
101   1   
101   1   
101   1   
101   1   
101   1   
101   1   
101   1   
101   1   
101   1   
101   1   
101   1   
101   1   
101   1   
101   1   
101   1   
101   1   
101   1   
101   1   
101   1   
101   1   
101   1   
101   1   
101   1   
101   1   
101   1   
101   1   
101   1   
101   1   
101   1   
101   1   
101   1   
101   1   
101   1   
101   1   
101   1   
101   1   
101   1   
101   1   
101   1   
101   1   
101   1   
101   1   
101   1   
101   1   
101   1   
101   1   
101   1   
101   1   
101   1   
101   1   
101   1   
101   1   
101   1   
101   1   
101   1   
101   1   
101   1   
101   1   
101   1   
101   1   
101   1   
101   1   
101   1   
101   1   
101   1   
101   1   
101   1   
101   1   
101   1   
101   1   
101   1   
101   1   
101   1   
101   1   
101   1   
101   1   
101   1   
101   1   
101   1   
101   1   
101   1   
101   1   
101   1   
101   1   
101   1   
101   1   
101   1   
101   1   
101   1   
101   1   
101   1   
101   1   
101   1   
101   1   
101   1   
101   1   
101   1   
101   1   
101   1   
101   1   
101   1   
101   1   
101   1   
101   1   
101   1   
101   1   
101   1   
101   1   
101   1   
101   1   
101   1   
101   1   
101   1   
101   1   
101   1   
101   1   
101   1   
101   1   
101   1   
101   1   
101   1   
101   1   
101   1   
101   1   
101   1   
101   1   
101   1   
101   1   
101   1   
101   1   
101   1   
101   1   
101   1   
101   1   
101   1   
101   1   
101   1   
101   1   
101   1   
101   1   
101   1   
101   1   
101   1   
101   1   
101   1   
101   1   
101   1   
101   1   
101   1   
101   1   
101   1   
101   1   
101   1   
101   1   
101   1   
101   1   
1   1   
1   1   
1   1   
1   1   
1   1   
1   1   
1   1   
1   1   
1   1   
1   1   
1   1   
1   1   
1   1   
1   1   
1   1   
1   1   
1   1   
1   1   
1   1   
1   1   
1   1   
1   1   
1   1   
1   1   
1   1   
1   1   
1   1   
1   1   
1   1   
1   1   
1   1   
1   1   
1   1   
1   1   
1   1   
1   1   
1   1   
1   1   
1   1   
1   1   
1   1   
1   1   
1   1   
1   1   
1   1   
1   1   
1   1   
1   1   
1   1   
1   1   
1   1   
1   1   
1   1   
1   1   
1   1   
1   1   
1   1   
1   1   
1   1   
1   1   
1   1   
1   1   
1   1   
1   1   
1   1   
1   1   
1   1   
1   1   
1   1   
1   1   
1   1   
1   1   
1   1   
1   1   
1   1   
1   1   
1   1   
1   1   
1   1   
1   1   
1   1   
1   1   
1   1   
1   1   
1   1   
1   1   
1   1   
1   1   
1   1   
1   1   
1   1   
1   1   
1   1   
1   1   
1   1   
1   1   
1   1   
1   1   
1   1   
1   1   
1   1   
1   1   
