51   51   
50   52   
54   48   
57   45   
53   49   
55   47   
50   52   
43   59   
48   54   
47   55   
44   58   
40   62   
40   62   
33   69   
27   75   
29   73   
31   71   
24   78   
26   76   
27   75   
30   72   
35   67   
35   67   
30   72   
34   68   
35   67   
38   64   
37   65   
39   63   
44   58   
40   62   
46   56   
54   48   
51   51   
54   48   
58   44   
53   49   
52   50   
52   50   
49   53   
55   47   
54   48   
53   49   
52   50   
54   48   
55   47   
60   42   
66   36   
68   34   
66   36   
72   30   
76   26   
75   27   
76   26   
77   25   
78   24   
76   26   
72   30   
77   25   
77   25   
75   27   
75   27   
79   23   
77   25   
77   25   
80   22   
81   21   
86   16   
81   21   
81   21   
79   23   
81   21   
82   20   
80   22   
78   24   
75   27   
80   22   
79   23   
76   26   
76   26   
83   19   
85   17   
82   20   
79   23   
79   23   
79   23   
81   21   
83   19   
77   25   
77   25   
81   21   
83   19   
84   18   
85   17   
89   13   
89   13   
91   11   
92   10   
94   8   
95   7   
92   10   
90   12   
87   15   
88   14   
88   14   
90   12   
90   12   
93   9   
94   8   
94   8   
95   7   
96   6   
94   8   
93   9   
93   9   
90   12   
93   9   
93   9   
95   7   
96   6   
95   7   
97   5   
100   2   
99   3   
100   2   
99   3   
99   3   
98   4   
98   4   
97   5   
96   6   
97   5   
97   5   
97   5   
98   4   
97   5   
95   7   
95   7   
93   9   
97   5   
96   6   
95   7   
95   7   
93   9   
94   8   
94   8   
93   9   
92   10   
93   9   
92   10   
91   11   
91   11   
93   9   
91   11   
88   14   
92   10   
93   9   
97   5   
97   5   
96   6   
96   6   
97   5   
98   4   
98   4   
98   4   
100   2   
100   2   
100   2   
101   1   
101   1   
101   1   
101   1   
101   1   
101   1   
101   1   
101   1   
101   1   
101   1   
101   1   
101   1   
101   1   
101   1   
101   1   
101   1   
101   1   
101   1   
101   1   
101   1   
101   1   
101   1   
101   1   
101   1   
101   1   
101   1   
101   1   
101   1   
101   1   
101   1   
101   1   
101   1   
101   1   
101   1   
101   1   
101   1   
101   1   
101   1   
101   1   
101   1   
101   1   
101   1   
101   1   
101   1   
101   1   
101   1   
101   1   
101   1   
101   1   
101   1   
101   1   
101   1   
101   1   
101   1   
101   1   
101   1   
101   1   
101   1   
101   1   
101   1   
101   1   
101   1   
101   1   
101   1   
101   1   
101   1   
101   1   
101   1   
101   1   
101   1   
101   1   
101   1   
101   1   
101   1   
101   1   
101   1   
101   1   
101   1   
101   1   
101   1   
101   1   
101   1   
101   1   
101   1   
101   1   
101   1   
101   1   
101   1   
101   1   
101   1   
101   1   
101   1   
101   1   
101   1   
101   1   
101   1   
101   1   
101   1   
101   1   
101   1   
101   1   
101   1   
101   1   
101   1   
101   1   
101   1   
101   1   
101   1   
101   1   
101   1   
101   1   
101   1   
101   1   
101   1   
101   1   
101   1   
101   1   
101   1   
101   1   
101   1   
101   1   
101   1   
101   1   
101   1   
101   1   
101   1   
101   1   
101   1   
101   1   
101   1   
101   1   
101   1   
101   1   
101   1   
101   1   
101   1   
101   1   
101   1   
101   1   
101   1   
101   1   
101   1   
101   1   
101   1   
101   1   
101   1   
101   1   
101   1   
101   1   
101   1   
101   1   
101   1   
101   1   
101   1   
101   1   
101   1   
101   1   
101   1   
101   1   
101   1   
101   1   
101   1   
101   1   
101   1   
101   1   
101   1   
101   1   
101   1   
101   1   
101   1   
101   1   
101   1   
101   1   
101   1   
101   1   
101   1   
101   1   
101   1   
101   1   
101   1   
101   1   
101   1   
101   1   
101   1   
101   1   
101   1   
101   1   
101   1   
101   1   
101   1   
101   1   
101   1   
101   1   
101   1   
101   1   
101   1   
101   1   
101   1   
101   1   
101   1   
101   1   
101   1   
101   1   
101   1   
101   1   
101   1   
101   1   
101   1   
101   1   
101   1   
101   1   
101   1   
101   1   
101   1   
101   1   
101   1   
101   1   
101   1   
101   1   
101   1   
101   1   
101   1   
101   1   
101   1   
101   1   
101   1   
101   1   
101   1   
101   1   
101   1   
101   1   
101   1   
101   1   
101   1   
101   1   
101   1   
101   1   
101   1   
101   1   
101   1   
101   1   
101   1   
101   1   
101   1   
101   1   
101   1   
101   1   
101   1   
101   1   
101   1   
101   1   
101   1   
101   1   
101   1   
101   1   
101   1   
101   1   
101   1   
101   1   
101   1   
101   1   
101   1   
101   1   
101   1   
101   1   
101   1   
101   1   
101   1   
101   1   
101   1   
101   1   
101   1   
101   1   
101   1   
101   1   
101   1   
101   1   
101   1   
101   1   
101   1   
101   1   
101   1   
101   1   
101   1   
101   1   
101   1   
101   1   
101   1   
101   1   
101   1   
101   1   
101   1   
101   1   
101   1   
101   1   
101   1   
101   1   
101   1   
101   1   
101   1   
101   1   
101   1   
101   1   
101   1   
101   1   
101   1   
101   1   
101   1   
101   1   
101   1   
101   1   
101   1   
101   1   
101   1   
101   1   
101   1   
101   1   
101   1   
101   1   
101   1   
101   1   
101   1   
101   1   
101   1   
101   1   
101   1   
101   1   
101   1   
101   1   
101   1   
101   1   
1   1   
1   1   
1   1   
1   1   
1   1   
1   1   
1   1   
1   1   
1   1   
1   1   
1   1   
1   1   
1   1   
1   1   
1   1   
1   1   
1   1   
1   1   
1   1   
1   1   
1   1   
1   1   
1   1   
1   1   
1   1   
1   1   
1   1   
1   1   
1   1   
1   1   
1   1   
1   1   
1   1   
1   1   
1   1   
1   1   
1   1   
1   1   
1   1   
1   1   
1   1   
1   1   
1   1   
1   1   
1   1   
1   1   
1   1   
1   1   
1   1   
1   1   
1   1   
1   1   
1   1   
1   1   
1   1   
1   1   
1   1   
1   1   
1   1   
1   1   
1   1   
1   1   
1   1   
1   1   
1   1   
1   1   
1   1   
1   1   
1   1   
1   1   
1   1   
1   1   
1   1   
1   1   
1   1   
1   1   
1   1   
1   1   
1   1   
1   1   
1   1   
1   1   
1   1   
1   1   
1   1   
1   1   
1   1   
1   1   
1   1   
1   1   
1   1   
1   1   
1   1   
1   1   
1   1   
1   1   
1   1   
1   1   
1   1   
1   1   
1   1   
1   1   
