2501   2501   
2617   2385   
2634   2368   
2668   2334   
2659   2343   
2679   2323   
2655   2347   
2643   2359   
2659   2343   
2635   2367   
2647   2355   
2655   2347   
2666   2336   
2700   2302   
2685   2317   
2690   2312   
2637   2365   
2639   2363   
2646   2356   
2637   2365   
2649   2353   
2691   2311   
2671   2331   
2641   2361   
2619   2383   
2581   2421   
2593   2409   
2625   2377   
2579   2423   
2614   2388   
2602   2400   
2620   2382   
2669   2333   
2625   2377   
2552   2450   
2535   2467   
2531   2471   
2507   2495   
2518   2484   
2512   2490   
2517   2485   
2494   2508   
2512   2490   
2532   2470   
2505   2497   
2518   2484   
2496   2506   
2572   2430   
2564   2438   
2561   2441   
2563   2439   
2536   2466   
2478   2524   
2481   2521   
2488   2514   
2515   2487   
2514   2488   
2500   2502   
2485   2517   
2455   2547   
2470   2532   
2448   2554   
2425   2577   
2421   2581   
2434   2568   
2442   2560   
2427   2575   
2446   2556   
2425   2577   
2410   2592   
2351   2651   
2364   2638   
2345   2657   
2339   2663   
2335   2667   
2370   2632   
2370   2632   
2336   2666   
2297   2705   
2297   2705   
2265   2737   
2300   2702   
2308   2694   
2347   2655   
2295   2707   
2291   2711   
2285   2717   
2314   2688   
2293   2709   
2298   2704   
2301   2701   
2322   2680   
2300   2702   
2297   2705   
2280   2722   
2318   2684   
2317   2685   
2273   2729   
2247   2755   
2240   2762   
2277   2725   
2302   2700   
2295   2707   
2274   2728   
2269   2733   
2289   2713   
2303   2699   
2275   2727   
2284   2718   
2272   2730   
2277   2725   
2305   2697   
2300   2702   
2294   2708   
2302   2700   
2314   2688   
2340   2662   
2352   2650   
2355   2647   
2344   2658   
2283   2719   
2301   2701   
2365   2637   
2343   2659   
2325   2677   
2305   2697   
2299   2703   
2264   2738   
2239   2763   
2223   2779   
2295   2707   
2263   2739   
2233   2769   
2259   2743   
2229   2773   
2228   2774   
2219   2783   
2215   2787   
2216   2786   
2206   2796   
2197   2805   
2196   2806   
2183   2819   
2154   2848   
2152   2850   
2139   2863   
2136   2866   
2121   2881   
2102   2900   
2069   2933   
2016   2986   
2026   2976   
2052   2950   
2044   2958   
2036   2966   
2004   2998   
1998   3004   
1979   3023   
2005   2997   
2013   2989   
2053   2949   
2016   2986   
1990   3012   
1972   3030   
1976   3026   
1964   3038   
1930   3072   
1890   3112   
1921   3081   
1925   3077   
1888   3114   
1902   3100   
1892   3110   
1845   3157   
1827   3175   
1772   3230   
1745   3257   
1773   3229   
1764   3238   
1757   3245   
1764   3238   
1753   3249   
1769   3233   
1754   3248   
1743   3259   
1705   3297   
1750   3252   
1746   3256   
1719   3283   
1756   3246   
1762   3240   
1768   3234   
1733   3269   
1751   3251   
1781   3221   
1766   3236   
1722   3280   
1740   3262   
1723   3279   
1712   3290   
1699   3303   
1713   3289   
1708   3294   
1750   3252   
1721   3281   
1683   3319   
1664   3338   
1635   3367   
1594   3408   
1592   3410   
1594   3408   
1590   3412   
1551   3451   
1524   3478   
1542   3460   
1558   3444   
1575   3427   
1561   3441   
1567   3435   
1599   3403   
1572   3430   
1584   3418   
1621   3381   
1615   3387   
1602   3400   
1580   3422   
1600   3402   
1598   3404   
1608   3394   
1632   3370   
1590   3412   
1612   3390   
1601   3401   
1647   3355   
1637   3365   
1653   3349   
1678   3324   
1707   3295   
1700   3302   
1708   3294   
1733   3269   
1769   3233   
1781   3221   
1788   3214   
1802   3200   
1783   3219   
1763   3239   
1758   3244   
1804   3198   
1788   3214   
1787   3215   
1760   3242   
1757   3245   
1759   3243   
1731   3271   
1694   3308   
1682   3320   
1688   3314   
1676   3326   
1695   3307   
1701   3301   
1642   3360   
1644   3358   
1678   3324   
1666   3336   
1665   3337   
1647   3355   
1669   3333   
1680   3322   
1644   3358   
1671   3331   
1723   3279   
1694   3308   
1701   3301   
1714   3288   
1680   3322   
1708   3294   
1720   3282   
1690   3312   
1666   3336   
1660   3342   
1645   3357   
1648   3354   
1621   3381   
1615   3387   
1598   3404   
1612   3390   
1606   3396   
1613   3389   
1616   3386   
1637   3365   
1619   3383   
1640   3362   
1640   3362   
1634   3368   
1648   3354   
1658   3344   
1662   3340   
1615   3387   
1630   3372   
1657   3345   
1670   3332   
1665   3337   
1646   3356   
1627   3375   
1646   3356   
1665   3337   
1626   3376   
1607   3395   
1622   3380   
1596   3406   
1577   3425   
1587   3415   
1582   3420   
1611   3391   
1644   3358   
1663   3339   
1633   3369   
1679   3323   
1670   3332   
1696   3306   
1743   3259   
1749   3253   
1712   3290   
1732   3270   
1740   3262   
1766   3236   
1768   3234   
1785   3217   
1776   3226   
1799   3203   
1782   3220   
1730   3272   
1716   3286   
1706   3296   
1676   3326   
1684   3318   
1724   3278   
1726   3276   
1723   3279   
1686   3316   
1682   3320   
1656   3346   
1649   3353   
1656   3346   
1642   3360   
1596   3406   
1625   3377   
1607   3395   
1615   3387   
1614   3388   
1639   3363   
1608   3394   
1596   3406   
1545   3457   
1561   3441   
1572   3430   
1581   3421   
1615   3387   
1609   3393   
1570   3432   
1564   3438   
1531   3471   
1559   3443   
1562   3440   
1540   3462   
1579   3423   
1585   3417   
1585   3417   
1574   3428   
1560   3442   
1547   3455   
1535   3467   
1526   3476   
1562   3440   
1566   3436   
1566   3436   
1571   3431   
1570   3432   
1538   3464   
1581   3421   
1605   3397   
1626   3376   
1642   3360   
1657   3345   
1667   3335   
1662   3340   
1674   3328   
1713   3289   
1639   3363   
1683   3319   
1687   3315   
1699   3303   
1685   3317   
1693   3309   
1683   3319   
1683   3319   
1699   3303   
1720   3282   
1734   3268   
1739   3263   
1725   3277   
1750   3252   
1745   3257   
1787   3215   
1763   3239   
1752   3250   
1751   3251   
1762   3240   
1769   3233   
1798   3204   
1827   3175   
1822   3180   
1818   3184   
1802   3200   
1783   3219   
1802   3200   
1814   3188   
1837   3165   
1801   3201   
1803   3199   
1793   3209   
1796   3206   
1797   3205   
1777   3225   
1765   3237   
1760   3242   
1776   3226   
1786   3216   
1831   3171   
1818   3184   
1816   3186   
1794   3208   
1743   3259   
1728   3274   
1745   3257   
1737   3265   
1786   3216   
1777   3225   
1758   3244   
1768   3234   
1782   3220   
1746   3256   
1801   3201   
1819   3183   
1826   3176   
1844   3158   
1829   3173   
1811   3191   
1791   3211   
1756   3246   
1814   3188   
1800   3202   
1771   3231   
1767   3235   
1818   3184   
1849   3153   
1809   3193   
1819   3183   
1798   3204   
1793   3209   
1773   3229   
1794   3208   
1798   3204   
1770   3232   
1752   3250   
1742   3260   
1742   3260   
1736   3266   
1745   3257   
1717   3285   
1700   3302   
1698   3304   
1724   3278   
1704   3298   
1686   3316   
1669   3333   
1694   3308   
1671   3331   
1689   3313   
1660   3342   
1695   3307   
1668   3334   
1635   3367   
1628   3374   
1620   3382   
1590   3412   
1592   3410   
1586   3416   
1614   3388   
1622   3380   
1617   3385   
1652   3350   
1690   3312   
1669   3333   
1653   3349   
1661   3341   
1672   3330   
1676   3326   
1   1   
1   1   
1   1   
1   1   
1   1   
1   1   
1   1   
1   1   
1   1   
1   1   
1   1   
1   1   
1   1   
1   1   
1   1   
1   1   
1   1   
1   1   
1   1   
1   1   
1   1   
1   1   
1   1   
1   1   
1   1   
1   1   
1   1   
1   1   
1   1   
1   1   
1   1   
1   1   
1   1   
1   1   
1   1   
1   1   
1   1   
1   1   
1   1   
1   1   
1   1   
1   1   
1   1   
1   1   
1   1   
1   1   
1   1   
1   1   
1   1   
1   1   
1   1   
1   1   
1   1   
1   1   
1   1   
1   1   
1   1   
1   1   
1   1   
1   1   
1   1   
1   1   
1   1   
1   1   
1   1   
1   1   
1   1   
1   1   
1   1   
1   1   
1   1   
1   1   
1   1   
1   1   
1   1   
1   1   
1   1   
1   1   
1   1   
1   1   
1   1   
1   1   
1   1   
1   1   
1   1   
1   1   
1   1   
1   1   
1   1   
1   1   
1   1   
1   1   
1   1   
1   1   
1   1   
1   1   
1   1   
1   1   
1   1   
1   1   
1   1   
1   1   
