251   251   
256   246   
264   238   
249   253   
257   245   
246   256   
242   260   
247   255   
251   251   
257   245   
260   242   
261   241   
261   241   
267   235   
259   243   
248   254   
240   262   
241   261   
240   262   
232   270   
241   261   
241   261   
245   257   
232   270   
238   264   
228   274   
222   280   
196   306   
193   309   
182   320   
185   317   
196   306   
201   301   
210   292   
191   311   
208   294   
209   293   
201   301   
208   294   
205   297   
209   293   
206   296   
205   297   
212   290   
202   300   
208   294   
220   282   
223   279   
210   292   
216   286   
224   278   
218   284   
223   279   
230   272   
233   269   
236   266   
248   254   
255   247   
261   241   
277   225   
276   226   
276   226   
261   241   
256   246   
252   250   
244   258   
232   270   
231   271   
224   278   
223   279   
225   277   
216   286   
215   287   
216   286   
222   280   
218   284   
216   286   
207   295   
207   295   
221   281   
247   255   
255   247   
258   244   
263   239   
265   237   
263   239   
258   244   
255   247   
261   241   
269   233   
260   242   
269   233   
276   226   
283   219   
280   222   
284   218   
268   234   
273   229   
268   234   
264   238   
260   242   
249   253   
258   244   
252   250   
257   245   
261   241   
276   226   
278   224   
281   221   
280   222   
277   225   
292   210   
291   211   
274   228   
273   229   
262   240   
253   249   
243   259   
239   263   
248   254   
256   246   
256   246   
255   247   
259   243   
255   247   
262   240   
268   234   
260   242   
256   246   
257   245   
245   257   
246   256   
232   270   
241   261   
251   251   
246   256   
249   253   
255   247   
258   244   
265   237   
261   241   
258   244   
262   240   
260   242   
248   254   
251   251   
260   242   
269   233   
245   257   
248   254   
253   249   
253   249   
264   238   
269   233   
267   235   
266   236   
269   233   
272   230   
261   241   
254   248   
271   231   
273   229   
290   212   
291   211   
290   212   
284   218   
294   208   
290   212   
288   214   
283   219   
284   218   
289   213   
285   217   
286   216   
287   215   
282   220   
288   214   
278   224   
287   215   
297   205   
310   192   
316   186   
311   191   
298   204   
291   211   
293   209   
282   220   
286   216   
280   222   
281   221   
283   219   
286   216   
278   224   
286   216   
265   237   
259   243   
263   239   
262   240   
255   247   
265   237   
269   233   
284   218   
285   217   
287   215   
288   214   
284   218   
286   216   
279   223   
287   215   
292   210   
285   217   
279   223   
264   238   
260   242   
255   247   
248   254   
265   237   
256   246   
255   247   
242   260   
239   263   
250   252   
244   258   
237   265   
239   263   
242   260   
247   255   
248   254   
263   239   
256   246   
253   249   
251   251   
258   244   
259   243   
254   248   
260   242   
267   235   
259   243   
260   242   
262   240   
247   255   
241   261   
232   270   
232   270   
235   267   
240   262   
237   265   
240   262   
249   253   
243   259   
242   260   
256   246   
263   239   
268   234   
269   233   
264   238   
259   243   
254   248   
251   251   
242   260   
257   245   
261   241   
263   239   
267   235   
255   247   
253   249   
267   235   
268   234   
254   248   
252   250   
252   250   
263   239   
277   225   
294   208   
295   207   
293   209   
297   205   
304   198   
296   206   
281   221   
291   211   
295   207   
311   191   
311   191   
317   185   
322   180   
327   175   
322   180   
324   178   
330   172   
334   168   
344   158   
339   163   
335   167   
318   184   
327   175   
315   187   
320   182   
304   198   
306   196   
306   196   
315   187   
315   187   
323   179   
325   177   
329   173   
324   178   
332   170   
327   175   
333   169   
338   164   
334   168   
334   168   
335   167   
339   163   
336   166   
325   177   
312   190   
322   180   
330   172   
330   172   
345   157   
360   142   
356   146   
356   146   
368   134   
370   132   
377   125   
387   115   
387   115   
388   114   
376   126   
374   128   
380   122   
376   126   
372   130   
372   130   
379   123   
388   114   
393   109   
399   103   
386   116   
376   126   
380   122   
385   117   
396   106   
393   109   
377   125   
376   126   
374   128   
375   127   
376   126   
381   121   
381   121   
388   114   
391   111   
398   104   
405   97   
396   106   
399   103   
405   97   
411   91   
419   83   
428   74   
436   66   
440   62   
439   63   
445   57   
452   50   
453   49   
451   51   
458   44   
452   50   
454   48   
458   44   
456   46   
453   49   
452   50   
456   46   
452   50   
453   49   
455   47   
463   39   
465   37   
467   35   
471   31   
473   29   
474   28   
470   32   
475   27   
473   29   
472   30   
477   25   
479   23   
480   22   
482   20   
483   19   
483   19   
485   17   
481   21   
489   13   
485   17   
492   10   
495   7   
492   10   
493   9   
491   11   
493   9   
496   6   
498   4   
497   5   
498   4   
498   4   
497   5   
496   6   
498   4   
497   5   
501   1   
501   1   
501   1   
501   1   
501   1   
501   1   
501   1   
501   1   
501   1   
501   1   
501   1   
501   1   
501   1   
501   1   
501   1   
501   1   
501   1   
501   1   
501   1   
501   1   
501   1   
501   1   
501   1   
501   1   
501   1   
501   1   
501   1   
501   1   
501   1   
501   1   
501   1   
501   1   
501   1   
501   1   
501   1   
501   1   
501   1   
501   1   
501   1   
501   1   
501   1   
501   1   
501   1   
501   1   
501   1   
501   1   
501   1   
501   1   
501   1   
501   1   
501   1   
501   1   
501   1   
501   1   
501   1   
501   1   
501   1   
501   1   
501   1   
501   1   
501   1   
501   1   
501   1   
501   1   
501   1   
501   1   
501   1   
501   1   
501   1   
501   1   
501   1   
501   1   
501   1   
501   1   
501   1   
501   1   
501   1   
501   1   
501   1   
501   1   
501   1   
501   1   
1   1   
1   1   
1   1   
1   1   
1   1   
1   1   
1   1   
1   1   
1   1   
1   1   
1   1   
1   1   
1   1   
1   1   
1   1   
1   1   
1   1   
1   1   
1   1   
1   1   
1   1   
1   1   
1   1   
1   1   
1   1   
1   1   
1   1   
1   1   
1   1   
1   1   
1   1   
1   1   
1   1   
1   1   
1   1   
1   1   
1   1   
1   1   
1   1   
1   1   
1   1   
1   1   
1   1   
1   1   
1   1   
1   1   
1   1   
1   1   
1   1   
1   1   
1   1   
1   1   
1   1   
1   1   
1   1   
1   1   
1   1   
1   1   
1   1   
1   1   
1   1   
1   1   
1   1   
1   1   
1   1   
1   1   
1   1   
1   1   
1   1   
1   1   
1   1   
1   1   
1   1   
1   1   
1   1   
1   1   
1   1   
1   1   
1   1   
1   1   
1   1   
1   1   
1   1   
1   1   
1   1   
1   1   
1   1   
1   1   
1   1   
1   1   
1   1   
1   1   
1   1   
1   1   
1   1   
1   1   
1   1   
1   1   
1   1   
1   1   
1   1   
1   1   
