51   51   
54   48   
58   44   
57   45   
54   48   
56   46   
61   41   
64   38   
64   38   
69   33   
73   29   
75   27   
74   28   
75   27   
75   27   
75   27   
76   26   
77   25   
76   26   
77   25   
80   22   
82   20   
81   21   
76   26   
76   26   
74   28   
77   25   
77   25   
77   25   
71   31   
68   34   
78   24   
80   22   
78   24   
77   25   
79   23   
78   24   
79   23   
77   25   
78   24   
83   19   
76   26   
74   28   
77   25   
80   22   
81   21   
81   21   
79   23   
75   27   
71   31   
75   27   
74   28   
78   24   
77   25   
73   29   
80   22   
79   23   
80   22   
79   23   
82   20   
79   23   
76   26   
80   22   
79   23   
79   23   
79   23   
77   25   
71   31   
69   33   
74   28   
75   27   
78   24   
74   28   
75   27   
71   31   
73   29   
68   34   
66   36   
69   33   
71   31   
71   31   
71   31   
69   33   
69   33   
71   31   
69   33   
69   33   
65   37   
65   37   
60   42   
62   40   
58   44   
56   46   
55   47   
50   52   
49   53   
46   56   
50   52   
48   54   
50   52   
52   50   
54   48   
54   48   
54   48   
56   46   
59   43   
55   47   
55   47   
52   50   
55   47   
53   49   
56   46   
54   48   
52   50   
47   55   
45   57   
49   53   
45   57   
45   57   
53   49   
50   52   
48   54   
42   60   
36   66   
33   69   
32   70   
35   67   
36   66   
40   62   
42   60   
49   53   
47   55   
47   55   
45   57   
38   64   
36   66   
37   65   
34   68   
32   70   
32   70   
29   73   
28   74   
31   71   
30   72   
25   77   
21   81   
24   78   
23   79   
22   80   
21   81   
21   81   
24   78   
23   79   
18   84   
11   91   
11   91   
11   91   
10   92   
10   92   
7   95   
8   94   
9   93   
5   97   
4   98   
2   100   
2   100   
2   100   
3   99   
2   100   
1   101   
1   101   
1   101   
1   101   
1   101   
1   101   
1   101   
1   101   
1   101   
1   101   
1   101   
1   101   
1   101   
1   101   
1   101   
1   101   
1   101   
1   101   
1   101   
1   101   
1   101   
1   101   
1   101   
1   101   
1   101   
1   101   
1   101   
1   101   
1   101   
1   101   
1   101   
1   101   
1   101   
1   101   
1   101   
1   101   
1   101   
1   101   
1   101   
1   101   
1   101   
1   101   
1   101   
1   101   
1   101   
1   101   
1   101   
1   101   
1   101   
1   101   
1   101   
1   101   
1   101   
1   101   
1   101   
1   101   
1   101   
1   101   
1   101   
1   101   
1   101   
1   101   
1   101   
1   101   
1   101   
1   101   
1   101   
1   101   
1   101   
1   101   
1   101   
1   101   
1   101   
1   101   
1   101   
1   101   
1   101   
1   101   
1   101   
1   101   
1   101   
1   101   
1   101   
1   101   
1   101   
1   101   
1   101   
1   101   
1   101   
1   101   
1   101   
1   101   
1   101   
1   101   
1   101   
1   101   
1   101   
1   101   
1   101   
1   101   
1   101   
1   101   
1   101   
1   101   
1   101   
1   101   
1   101   
1   101   
1   101   
1   101   
1   101   
1   101   
1   101   
1   101   
1   101   
1   101   
1   101   
1   101   
1   101   
1   101   
1   101   
1   101   
1   101   
1   101   
1   101   
1   101   
1   101   
1   101   
1   101   
1   101   
1   101   
1   101   
1   101   
1   101   
1   101   
1   101   
1   101   
1   101   
1   101   
1   101   
1   101   
1   101   
1   101   
1   101   
1   101   
1   101   
1   101   
1   101   
1   101   
1   101   
1   101   
1   101   
1   101   
1   101   
1   101   
1   101   
1   101   
1   101   
1   101   
1   101   
1   101   
1   101   
1   101   
1   101   
1   101   
1   101   
1   101   
1   101   
1   101   
1   101   
1   101   
1   101   
1   101   
1   101   
1   101   
1   101   
1   101   
1   101   
1   101   
1   101   
1   101   
1   101   
1   101   
1   101   
1   101   
1   101   
1   101   
1   101   
1   101   
1   101   
1   101   
1   101   
1   101   
1   101   
1   101   
1   101   
1   101   
1   101   
1   101   
1   101   
1   101   
1   101   
1   101   
1   101   
1   101   
1   101   
1   101   
1   101   
1   101   
1   101   
1   101   
1   101   
1   101   
1   101   
1   101   
1   101   
1   101   
1   101   
1   101   
1   101   
1   101   
1   101   
1   101   
1   101   
1   101   
1   101   
1   101   
1   101   
1   101   
1   101   
1   101   
1   101   
1   101   
1   101   
1   101   
1   101   
1   101   
1   101   
1   101   
1   101   
1   101   
1   101   
1   101   
1   101   
1   101   
1   101   
1   101   
1   101   
1   101   
1   101   
1   101   
1   101   
1   101   
1   101   
1   101   
1   101   
1   101   
1   101   
1   101   
1   101   
1   101   
1   101   
1   101   
1   101   
1   101   
1   101   
1   101   
1   101   
1   101   
1   101   
1   101   
1   101   
1   101   
1   101   
1   101   
1   101   
1   101   
1   101   
1   101   
1   101   
1   101   
1   101   
1   101   
1   101   
1   101   
1   101   
1   101   
1   101   
1   101   
1   101   
1   101   
1   101   
1   101   
1   101   
1   101   
1   101   
1   101   
1   101   
1   101   
1   101   
1   101   
1   101   
1   101   
1   101   
1   101   
1   101   
1   101   
1   101   
1   101   
1   101   
1   101   
1   101   
1   101   
1   101   
1   101   
1   101   
1   101   
1   101   
1   101   
1   101   
1   101   
1   101   
1   101   
1   101   
1   101   
1   101   
1   101   
1   101   
1   101   
1   101   
1   1   
1   1   
1   1   
1   1   
1   1   
1   1   
1   1   
1   1   
1   1   
1   1   
1   1   
1   1   
1   1   
1   1   
1   1   
1   1   
1   1   
1   1   
1   1   
1   1   
1   1   
1   1   
1   1   
1   1   
1   1   
1   1   
1   1   
1   1   
1   1   
1   1   
1   1   
1   1   
1   1   
1   1   
1   1   
1   1   
1   1   
1   1   
1   1   
1   1   
1   1   
1   1   
1   1   
1   1   
1   1   
1   1   
1   1   
1   1   
1   1   
1   1   
1   1   
1   1   
1   1   
1   1   
1   1   
1   1   
1   1   
1   1   
1   1   
1   1   
1   1   
1   1   
1   1   
1   1   
1   1   
1   1   
1   1   
1   1   
1   1   
1   1   
1   1   
1   1   
1   1   
1   1   
1   1   
1   1   
1   1   
1   1   
1   1   
1   1   
1   1   
1   1   
1   1   
1   1   
1   1   
1   1   
1   1   
1   1   
1   1   
1   1   
1   1   
1   1   
1   1   
1   1   
1   1   
1   1   
1   1   
1   1   
1   1   
1   1   
1   1   
1   1   
