2501   2501   
2636   2366   
2645   2357   
2603   2399   
2561   2441   
2554   2448   
2564   2438   
2518   2484   
2500   2502   
2500   2502   
2484   2518   
2496   2506   
2510   2492   
2520   2482   
2527   2475   
2501   2501   
2533   2469   
2483   2519   
2477   2525   
2451   2551   
2454   2548   
2400   2602   
2414   2588   
2397   2605   
2386   2616   
2413   2589   
2393   2609   
2399   2603   
2397   2605   
2402   2600   
2388   2614   
2364   2638   
2348   2654   
2329   2673   
2350   2652   
2366   2636   
2378   2624   
2355   2647   
2344   2658   
2335   2667   
2374   2628   
2352   2650   
2329   2673   
2312   2690   
2324   2678   
2362   2640   
2322   2680   
2342   2660   
2335   2667   
2367   2635   
2360   2642   
2368   2634   
2346   2656   
2376   2626   
2376   2626   
2391   2611   
2408   2594   
2417   2585   
2392   2610   
2363   2639   
2399   2603   
2354   2648   
2435   2567   
2458   2544   
2475   2527   
2510   2492   
2547   2455   
2569   2433   
2568   2434   
2560   2442   
2565   2437   
2573   2429   
2555   2447   
2531   2471   
2488   2514   
2474   2528   
2446   2556   
2453   2549   
2401   2601   
2371   2631   
2404   2598   
2401   2601   
2414   2588   
2403   2599   
2379   2623   
2400   2602   
2377   2625   
2369   2633   
2349   2653   
2326   2676   
2357   2645   
2373   2629   
2356   2646   
2365   2637   
2379   2623   
2412   2590   
2417   2585   
2414   2588   
2428   2574   
2387   2615   
2377   2625   
2350   2652   
2364   2638   
2381   2621   
2451   2551   
2406   2596   
2426   2576   
2391   2611   
2411   2591   
2408   2594   
2397   2605   
2415   2587   
2424   2578   
2443   2559   
2453   2549   
2455   2547   
2426   2576   
2441   2561   
2424   2578   
2419   2583   
2399   2603   
2403   2599   
2380   2622   
2322   2680   
2307   2695   
2322   2680   
2352   2650   
2382   2620   
2460   2542   
2493   2509   
2503   2499   
2507   2495   
2507   2495   
2503   2499   
2463   2539   
2492   2510   
2471   2531   
2490   2512   
2494   2508   
2507   2495   
2526   2476   
2452   2550   
2454   2548   
2468   2534   
2442   2560   
2452   2550   
2454   2548   
2447   2555   
2476   2526   
2524   2478   
2532   2470   
2587   2415   
2570   2432   
2592   2410   
2636   2366   
2633   2369   
2625   2377   
2667   2335   
2697   2305   
2709   2293   
2695   2307   
2717   2285   
2666   2336   
2647   2355   
2616   2386   
2534   2468   
2552   2450   
2543   2459   
2541   2461   
2516   2486   
2484   2518   
2481   2521   
2474   2528   
2496   2506   
2537   2465   
2561   2441   
2581   2421   
2569   2433   
2610   2392   
2649   2353   
2648   2354   
2644   2358   
2620   2382   
2650   2352   
2642   2360   
2644   2358   
2622   2380   
2634   2368   
2631   2371   
2655   2347   
2654   2348   
2629   2373   
2624   2378   
2649   2353   
2629   2373   
2552   2450   
2579   2423   
2556   2446   
2580   2422   
2592   2410   
2555   2447   
2554   2448   
2520   2482   
2510   2492   
2512   2490   
2534   2468   
2517   2485   
2509   2493   
2484   2518   
2505   2497   
2489   2513   
2480   2522   
2490   2512   
2538   2464   
2531   2471   
2560   2442   
2582   2420   
2545   2457   
2539   2463   
2558   2444   
2550   2452   
2520   2482   
2545   2457   
2597   2405   
2646   2356   
2644   2358   
2647   2355   
2646   2356   
2634   2368   
2611   2391   
2630   2372   
2615   2387   
2664   2338   
2670   2332   
2634   2368   
2629   2373   
2628   2374   
2681   2321   
2700   2302   
2735   2267   
2715   2287   
2752   2250   
2775   2227   
2783   2219   
2767   2235   
2787   2215   
2760   2242   
2778   2224   
2761   2241   
2794   2208   
2812   2190   
2780   2222   
2778   2224   
2770   2232   
2795   2207   
2811   2191   
2845   2157   
2839   2163   
2818   2184   
2838   2164   
2833   2169   
2784   2218   
2757   2245   
2769   2233   
2769   2233   
2775   2227   
2738   2264   
2757   2245   
2733   2269   
2746   2256   
2786   2216   
2828   2174   
2842   2160   
2848   2154   
2787   2215   
2759   2243   
2736   2266   
2755   2247   
2750   2252   
2762   2240   
2753   2249   
2746   2256   
2789   2213   
2795   2207   
2806   2196   
2831   2171   
2821   2181   
2866   2136   
2832   2170   
2860   2142   
2848   2154   
2846   2156   
2824   2178   
2803   2199   
2831   2171   
2795   2207   
2764   2238   
2770   2232   
2792   2210   
2736   2266   
2745   2257   
2763   2239   
2782   2220   
2777   2225   
2778   2224   
2757   2245   
2764   2238   
2768   2234   
2773   2229   
2797   2205   
2795   2207   
2782   2220   
2789   2213   
2797   2205   
2795   2207   
2761   2241   
2759   2243   
2733   2269   
2700   2302   
2748   2254   
2718   2284   
2755   2247   
2747   2255   
2760   2242   
2760   2242   
2749   2253   
2736   2266   
2751   2251   
2772   2230   
2797   2205   
2802   2200   
2776   2226   
2781   2221   
2838   2164   
2837   2165   
2813   2189   
2789   2213   
2775   2227   
2756   2246   
2730   2272   
2723   2279   
2712   2290   
2650   2352   
2654   2348   
2668   2334   
2666   2336   
2663   2339   
2690   2312   
2690   2312   
2698   2304   
2721   2281   
2695   2307   
2706   2296   
2698   2304   
2703   2299   
2700   2302   
2673   2329   
2685   2317   
2659   2343   
2660   2342   
2660   2342   
2655   2347   
2677   2325   
2666   2336   
2682   2320   
2684   2318   
2709   2293   
2648   2354   
2629   2373   
2667   2335   
2698   2304   
2683   2319   
2658   2344   
2659   2343   
2728   2274   
2813   2189   
2825   2177   
2818   2184   
2843   2159   
2882   2120   
2842   2160   
2814   2188   
2849   2153   
2849   2153   
2869   2133   
2862   2140   
2898   2104   
2859   2143   
2847   2155   
2871   2131   
2871   2131   
2870   2132   
2849   2153   
2813   2189   
2774   2228   
2803   2199   
2772   2230   
2806   2196   
2831   2171   
2822   2180   
2841   2161   
2827   2175   
2841   2161   
2861   2141   
2855   2147   
2840   2162   
2822   2180   
2816   2186   
2821   2181   
2811   2191   
2822   2180   
2813   2189   
2870   2132   
2832   2170   
2828   2174   
2831   2171   
2847   2155   
2821   2181   
2854   2148   
2830   2172   
2794   2208   
2818   2184   
2750   2252   
2741   2261   
2712   2290   
2650   2352   
2662   2340   
2665   2337   
2657   2345   
2600   2402   
2552   2450   
2504   2498   
2533   2469   
2523   2479   
2480   2522   
2493   2509   
2482   2520   
2451   2551   
2501   2501   
2498   2504   
2540   2462   
2489   2513   
2530   2472   
2542   2460   
2566   2436   
2569   2433   
2517   2485   
2489   2513   
2488   2514   
2509   2493   
2510   2492   
2522   2480   
2515   2487   
2485   2517   
2433   2569   
2418   2584   
2420   2582   
2465   2537   
2454   2548   
2448   2554   
2445   2557   
2388   2614   
2335   2667   
2336   2666   
2392   2610   
2418   2584   
2420   2582   
2394   2608   
2385   2617   
2422   2580   
2398   2604   
2371   2631   
2372   2630   
2345   2657   
2333   2669   
2354   2648   
2347   2655   
2314   2688   
2322   2680   
2351   2651   
2360   2642   
2355   2647   
2329   2673   
2345   2657   
2341   2661   
2354   2648   
2338   2664   
2316   2686   
2352   2650   
2339   2663   
2337   2665   
2362   2640   
2355   2647   
2324   2678   
2304   2698   
2286   2716   
2263   2739   
2244   2758   
2236   2766   
1   1   
1   1   
1   1   
1   1   
1   1   
1   1   
1   1   
1   1   
1   1   
1   1   
1   1   
1   1   
1   1   
1   1   
1   1   
1   1   
1   1   
1   1   
1   1   
1   1   
1   1   
1   1   
1   1   
1   1   
1   1   
1   1   
1   1   
1   1   
1   1   
1   1   
1   1   
1   1   
1   1   
1   1   
1   1   
1   1   
1   1   
1   1   
1   1   
1   1   
1   1   
1   1   
1   1   
1   1   
1   1   
1   1   
1   1   
1   1   
1   1   
1   1   
1   1   
1   1   
1   1   
1   1   
1   1   
1   1   
1   1   
1   1   
1   1   
1   1   
1   1   
1   1   
1   1   
1   1   
1   1   
1   1   
1   1   
1   1   
1   1   
1   1   
1   1   
1   1   
1   1   
1   1   
1   1   
1   1   
1   1   
1   1   
1   1   
1   1   
1   1   
1   1   
1   1   
1   1   
1   1   
1   1   
1   1   
1   1   
1   1   
1   1   
1   1   
1   1   
1   1   
1   1   
1   1   
1   1   
1   1   
1   1   
1   1   
1   1   
1   1   
1   1   
