501   501   
522   480   
535   467   
521   481   
519   483   
528   474   
507   495   
492   510   
495   507   
500   502   
495   507   
486   516   
473   529   
483   519   
487   515   
479   523   
487   515   
490   512   
472   530   
488   514   
475   527   
490   512   
487   515   
490   512   
470   532   
478   524   
465   537   
469   533   
486   516   
472   530   
459   543   
455   547   
472   530   
487   515   
489   513   
492   510   
491   511   
479   523   
485   517   
493   509   
494   508   
494   508   
495   507   
503   499   
478   524   
487   515   
474   528   
482   520   
470   532   
456   546   
441   561   
436   566   
437   565   
418   584   
429   573   
422   580   
423   579   
421   581   
406   596   
401   601   
419   583   
427   575   
422   580   
421   581   
399   603   
410   592   
419   583   
428   574   
422   580   
426   576   
429   573   
422   580   
410   592   
422   580   
436   566   
438   564   
433   569   
447   555   
426   576   
417   585   
428   574   
415   587   
414   588   
400   602   
393   609   
385   617   
380   622   
400   602   
403   599   
395   607   
394   608   
420   582   
444   558   
438   564   
425   577   
408   594   
388   614   
353   649   
338   664   
332   670   
328   674   
313   689   
318   684   
309   693   
313   689   
306   696   
314   688   
316   686   
307   695   
342   660   
346   656   
348   654   
344   658   
346   656   
334   668   
333   669   
313   689   
318   684   
328   674   
337   665   
331   671   
333   669   
331   671   
313   689   
323   679   
318   684   
318   684   
319   683   
331   671   
313   689   
313   689   
328   674   
328   674   
324   678   
325   677   
315   687   
333   669   
320   682   
325   677   
333   669   
336   666   
341   661   
340   662   
351   651   
339   663   
323   679   
320   682   
326   676   
326   676   
304   698   
302   700   
306   696   
300   702   
302   700   
296   706   
304   698   
290   712   
305   697   
323   679   
321   681   
305   697   
290   712   
289   713   
297   705   
285   717   
301   701   
315   687   
316   686   
326   676   
326   676   
318   684   
309   693   
310   692   
308   694   
300   702   
300   702   
295   707   
296   706   
297   705   
290   712   
300   702   
296   706   
300   702   
319   683   
318   684   
313   689   
320   682   
333   669   
333   669   
335   667   
333   669   
316   686   
310   692   
316   686   
314   688   
308   694   
317   685   
323   679   
335   667   
341   661   
362   640   
369   633   
376   626   
358   644   
377   625   
369   633   
365   637   
374   628   
373   629   
374   628   
379   623   
378   624   
391   611   
407   595   
405   597   
409   593   
399   603   
398   604   
398   604   
402   600   
412   590   
407   595   
396   606   
397   605   
398   604   
394   608   
410   592   
423   579   
434   568   
429   573   
428   574   
437   565   
444   558   
435   567   
433   569   
429   573   
429   573   
433   569   
445   557   
431   571   
439   563   
438   564   
460   542   
445   557   
428   574   
439   563   
427   575   
427   575   
417   585   
416   586   
412   590   
415   587   
429   573   
445   557   
461   541   
449   553   
450   552   
440   562   
421   581   
432   570   
444   558   
447   555   
433   569   
424   578   
395   607   
404   598   
401   601   
387   615   
388   614   
403   599   
393   609   
393   609   
388   614   
399   603   
387   615   
366   636   
379   623   
385   617   
386   616   
379   623   
386   616   
391   611   
403   599   
419   583   
414   588   
433   569   
412   590   
413   589   
414   588   
418   584   
430   572   
429   573   
431   571   
414   588   
417   585   
425   577   
406   596   
390   612   
389   613   
398   604   
377   625   
397   605   
395   607   
386   616   
388   614   
397   605   
380   622   
413   589   
398   604   
393   609   
405   597   
415   587   
435   567   
444   558   
452   550   
461   541   
444   558   
443   559   
446   556   
423   579   
421   581   
425   577   
430   572   
436   566   
460   542   
443   559   
445   557   
443   559   
439   563   
448   554   
449   553   
448   554   
446   556   
436   566   
432   570   
419   583   
416   586   
421   581   
421   581   
413   589   
402   600   
402   600   
395   607   
393   609   
395   607   
395   607   
387   615   
397   605   
380   622   
385   617   
394   608   
402   600   
407   595   
412   590   
394   608   
389   613   
390   612   
393   609   
400   602   
412   590   
413   589   
383   619   
380   622   
377   625   
394   608   
388   614   
387   615   
397   605   
405   597   
425   577   
438   564   
429   573   
424   578   
435   567   
418   584   
429   573   
442   560   
437   565   
428   574   
411   591   
405   597   
407   595   
411   591   
412   590   
410   592   
407   595   
411   591   
427   575   
424   578   
418   584   
393   609   
376   626   
369   633   
367   635   
372   630   
377   625   
379   623   
358   644   
359   643   
352   650   
377   625   
389   613   
395   607   
387   615   
390   612   
385   617   
389   613   
365   637   
378   624   
377   625   
372   630   
357   645   
374   628   
377   625   
377   625   
371   631   
356   646   
346   656   
338   664   
307   695   
302   700   
304   698   
290   712   
279   723   
295   707   
299   703   
302   700   
316   686   
319   683   
304   698   
303   699   
298   704   
293   709   
299   703   
315   687   
321   681   
324   678   
319   683   
308   694   
322   680   
317   685   
313   689   
321   681   
324   678   
321   681   
329   673   
330   672   
327   675   
334   668   
327   675   
332   670   
329   673   
342   660   
336   666   
312   690   
310   692   
312   690   
305   697   
309   693   
295   707   
297   705   
295   707   
291   711   
297   705   
310   692   
301   701   
313   689   
312   690   
314   688   
315   687   
317   685   
332   670   
320   682   
320   682   
317   685   
303   699   
307   695   
308   694   
306   696   
307   695   
317   685   
300   702   
306   696   
297   705   
305   697   
308   694   
319   683   
344   658   
353   649   
344   658   
329   673   
322   680   
316   686   
331   671   
330   672   
331   671   
334   668   
345   657   
365   637   
1   1   
1   1   
1   1   
1   1   
1   1   
1   1   
1   1   
1   1   
1   1   
1   1   
1   1   
1   1   
1   1   
1   1   
1   1   
1   1   
1   1   
1   1   
1   1   
1   1   
1   1   
1   1   
1   1   
1   1   
1   1   
1   1   
1   1   
1   1   
1   1   
1   1   
1   1   
1   1   
1   1   
1   1   
1   1   
1   1   
1   1   
1   1   
1   1   
1   1   
1   1   
1   1   
1   1   
1   1   
1   1   
1   1   
1   1   
1   1   
1   1   
1   1   
1   1   
1   1   
1   1   
1   1   
1   1   
1   1   
1   1   
1   1   
1   1   
1   1   
1   1   
1   1   
1   1   
1   1   
1   1   
1   1   
1   1   
1   1   
1   1   
1   1   
1   1   
1   1   
1   1   
1   1   
1   1   
1   1   
1   1   
1   1   
1   1   
1   1   
1   1   
1   1   
1   1   
1   1   
1   1   
1   1   
1   1   
1   1   
1   1   
1   1   
1   1   
1   1   
1   1   
1   1   
1   1   
1   1   
1   1   
1   1   
1   1   
1   1   
1   1   
1   1   
