501   501   
513   489   
523   479   
499   503   
489   513   
488   514   
491   511   
484   518   
476   526   
464   538   
471   531   
448   554   
461   541   
433   569   
436   566   
438   564   
446   556   
447   555   
450   552   
453   549   
449   553   
440   562   
444   558   
435   567   
445   557   
457   545   
458   544   
454   548   
454   548   
487   515   
498   504   
480   522   
474   528   
467   535   
472   530   
484   518   
474   528   
489   513   
497   505   
490   512   
495   507   
522   480   
518   484   
510   492   
524   478   
527   475   
529   473   
537   465   
534   468   
529   473   
528   474   
529   473   
521   481   
525   477   
533   469   
536   466   
525   477   
539   463   
546   456   
538   464   
532   470   
540   462   
548   454   
552   450   
545   457   
537   465   
552   450   
538   464   
536   466   
552   450   
551   451   
533   469   
534   468   
518   484   
512   490   
490   512   
490   512   
475   527   
470   532   
465   537   
479   523   
477   525   
484   518   
510   492   
532   470   
535   467   
528   474   
519   483   
525   477   
516   486   
512   490   
524   478   
525   477   
519   483   
499   503   
497   505   
483   519   
491   511   
494   508   
493   509   
496   506   
491   511   
492   510   
475   527   
488   514   
467   535   
469   533   
507   495   
520   482   
517   485   
519   483   
508   494   
519   483   
521   481   
514   488   
510   492   
500   502   
497   505   
470   532   
460   542   
460   542   
466   536   
460   542   
466   536   
473   529   
492   510   
496   506   
482   520   
499   503   
490   512   
508   494   
518   484   
518   484   
521   481   
513   489   
506   496   
507   495   
499   503   
491   511   
484   518   
474   528   
470   532   
480   522   
486   516   
467   535   
458   544   
459   543   
448   554   
433   569   
432   570   
431   571   
438   564   
434   568   
433   569   
426   576   
414   588   
415   587   
427   575   
409   593   
416   586   
407   595   
401   601   
408   594   
418   584   
432   570   
432   570   
442   560   
437   565   
441   561   
454   548   
467   535   
474   528   
472   530   
483   519   
459   543   
483   519   
476   526   
481   521   
467   535   
446   556   
449   553   
453   549   
442   560   
449   553   
452   550   
453   549   
461   541   
463   539   
455   547   
462   540   
454   548   
453   549   
458   544   
465   537   
458   544   
435   567   
432   570   
419   583   
411   591   
406   596   
392   610   
394   608   
412   590   
432   570   
439   563   
423   579   
414   588   
408   594   
411   591   
407   595   
421   581   
429   573   
419   583   
424   578   
416   586   
409   593   
395   607   
387   615   
382   620   
397   605   
385   617   
382   620   
391   611   
378   624   
356   646   
355   647   
359   643   
344   658   
352   650   
343   659   
317   685   
310   692   
295   707   
305   697   
316   686   
312   690   
316   686   
336   666   
331   671   
332   670   
340   662   
360   642   
355   647   
352   650   
344   658   
345   657   
331   671   
324   678   
319   683   
318   684   
316   686   
330   672   
329   673   
318   684   
325   677   
318   684   
317   685   
300   702   
297   705   
294   708   
293   709   
300   702   
295   707   
289   713   
281   721   
295   707   
286   716   
289   713   
300   702   
305   697   
298   704   
277   725   
283   719   
298   704   
313   689   
308   694   
314   688   
308   694   
308   694   
296   706   
306   696   
307   695   
314   688   
310   692   
296   706   
297   705   
310   692   
322   680   
323   679   
328   674   
326   676   
328   674   
330   672   
320   682   
326   676   
346   656   
357   645   
362   640   
366   636   
355   647   
367   635   
361   641   
355   647   
341   661   
338   664   
332   670   
341   661   
336   666   
327   675   
343   659   
347   655   
318   684   
316   686   
304   698   
311   691   
311   691   
304   698   
305   697   
295   707   
310   692   
323   679   
336   666   
338   664   
361   641   
393   609   
409   593   
407   595   
416   586   
415   587   
420   582   
415   587   
406   596   
397   605   
406   596   
406   596   
415   587   
413   589   
417   585   
401   601   
399   603   
396   606   
418   584   
409   593   
423   579   
418   584   
408   594   
390   612   
399   603   
401   601   
399   603   
382   620   
381   621   
375   627   
374   628   
393   609   
376   626   
380   622   
392   610   
398   604   
385   617   
395   607   
402   600   
399   603   
410   592   
417   585   
427   575   
434   568   
427   575   
426   576   
405   597   
394   608   
385   617   
379   623   
389   613   
374   628   
360   642   
360   642   
351   651   
356   646   
369   633   
362   640   
376   626   
379   623   
363   639   
362   640   
365   637   
363   639   
360   642   
365   637   
383   619   
386   616   
380   622   
403   599   
419   583   
429   573   
418   584   
395   607   
404   598   
385   617   
361   641   
336   666   
330   672   
351   651   
355   647   
343   659   
326   676   
342   660   
326   676   
314   688   
317   685   
317   685   
308   694   
311   691   
320   682   
337   665   
333   669   
326   676   
312   690   
311   691   
319   683   
319   683   
306   696   
286   716   
297   705   
288   714   
284   718   
297   705   
296   706   
291   711   
299   703   
295   707   
289   713   
290   712   
288   714   
279   723   
281   721   
270   732   
292   710   
293   709   
292   710   
300   702   
304   698   
300   702   
291   711   
288   714   
298   704   
294   708   
302   700   
291   711   
295   707   
291   711   
289   713   
297   705   
297   705   
307   695   
313   689   
313   689   
311   691   
296   706   
294   708   
287   715   
306   696   
312   690   
317   685   
328   674   
332   670   
332   670   
337   665   
333   669   
310   692   
321   681   
297   705   
303   699   
313   689   
299   703   
295   707   
299   703   
305   697   
290   712   
304   698   
300   702   
304   698   
306   696   
304   698   
317   685   
312   690   
316   686   
314   688   
308   694   
305   697   
307   695   
311   691   
313   689   
309   693   
301   701   
296   706   
311   691   
309   693   
298   704   
1   1   
1   1   
1   1   
1   1   
1   1   
1   1   
1   1   
1   1   
1   1   
1   1   
1   1   
1   1   
1   1   
1   1   
1   1   
1   1   
1   1   
1   1   
1   1   
1   1   
1   1   
1   1   
1   1   
1   1   
1   1   
1   1   
1   1   
1   1   
1   1   
1   1   
1   1   
1   1   
1   1   
1   1   
1   1   
1   1   
1   1   
1   1   
1   1   
1   1   
1   1   
1   1   
1   1   
1   1   
1   1   
1   1   
1   1   
1   1   
1   1   
1   1   
1   1   
1   1   
1   1   
1   1   
1   1   
1   1   
1   1   
1   1   
1   1   
1   1   
1   1   
1   1   
1   1   
1   1   
1   1   
1   1   
1   1   
1   1   
1   1   
1   1   
1   1   
1   1   
1   1   
1   1   
1   1   
1   1   
1   1   
1   1   
1   1   
1   1   
1   1   
1   1   
1   1   
1   1   
1   1   
1   1   
1   1   
1   1   
1   1   
1   1   
1   1   
1   1   
1   1   
1   1   
1   1   
1   1   
1   1   
1   1   
1   1   
1   1   
1   1   
1   1   
