501   501   
517   485   
531   471   
521   481   
526   476   
511   491   
518   484   
544   458   
551   451   
537   465   
545   457   
547   455   
564   438   
556   446   
546   456   
574   428   
583   419   
583   419   
594   408   
596   406   
620   382   
612   390   
600   402   
615   387   
595   407   
605   397   
603   399   
602   400   
601   401   
581   421   
568   434   
556   446   
556   446   
554   448   
557   445   
579   423   
582   420   
575   427   
580   422   
564   438   
545   457   
549   453   
543   459   
550   452   
546   456   
536   466   
547   455   
524   478   
545   457   
549   453   
535   467   
547   455   
533   469   
546   456   
564   438   
548   454   
549   453   
540   462   
548   454   
548   454   
539   463   
546   456   
529   473   
501   501   
502   500   
500   502   
488   514   
497   505   
516   486   
523   479   
527   475   
515   487   
520   482   
507   495   
520   482   
513   489   
489   513   
471   531   
462   540   
477   525   
480   522   
473   529   
468   534   
465   537   
471   531   
470   532   
474   528   
465   537   
470   532   
463   539   
463   539   
466   536   
478   524   
457   545   
458   544   
472   530   
478   524   
494   508   
504   498   
524   478   
506   496   
509   493   
509   493   
525   477   
524   478   
507   495   
503   499   
497   505   
491   511   
506   496   
490   512   
499   503   
528   474   
519   483   
529   473   
529   473   
548   454   
540   462   
547   455   
576   426   
581   421   
578   424   
594   408   
606   396   
608   394   
607   395   
606   396   
615   387   
619   383   
626   376   
638   364   
631   371   
634   368   
631   371   
629   373   
628   374   
645   357   
652   350   
657   345   
675   327   
667   335   
679   323   
683   319   
692   310   
691   311   
705   297   
707   295   
738   264   
748   254   
737   265   
716   286   
714   288   
712   290   
724   278   
717   285   
734   268   
724   278   
724   278   
718   284   
716   286   
702   300   
709   293   
692   310   
686   316   
697   305   
698   304   
703   299   
722   280   
721   281   
708   294   
727   275   
728   274   
726   276   
756   246   
771   231   
770   232   
775   227   
780   222   
777   225   
779   223   
776   226   
767   235   
774   228   
768   234   
769   233   
757   245   
750   252   
750   252   
756   246   
773   229   
759   243   
762   240   
775   227   
764   238   
761   241   
736   266   
742   260   
750   252   
756   246   
770   232   
775   227   
762   240   
767   235   
768   234   
771   231   
771   231   
772   230   
753   249   
765   237   
770   232   
761   241   
755   247   
760   242   
764   238   
748   254   
735   267   
736   266   
738   264   
742   260   
745   257   
762   240   
757   245   
758   244   
771   231   
760   242   
776   226   
768   234   
769   233   
765   237   
762   240   
760   242   
775   227   
765   237   
771   231   
767   235   
764   238   
768   234   
774   228   
784   218   
782   220   
783   219   
773   229   
772   230   
772   230   
760   242   
758   244   
752   250   
771   231   
771   231   
773   229   
767   235   
771   231   
768   234   
772   230   
784   218   
790   212   
792   210   
799   203   
796   206   
790   212   
781   221   
784   218   
781   221   
792   210   
790   212   
801   201   
799   203   
809   193   
809   193   
823   179   
828   174   
818   184   
832   170   
832   170   
831   171   
832   170   
829   173   
810   192   
802   200   
796   206   
788   214   
800   202   
798   204   
815   187   
809   193   
815   187   
824   178   
818   184   
830   172   
840   162   
834   168   
818   184   
816   186   
816   186   
812   190   
817   185   
821   181   
808   194   
803   199   
813   189   
802   200   
803   199   
806   196   
811   191   
810   192   
815   187   
824   178   
819   183   
818   184   
801   201   
807   195   
801   201   
807   195   
800   202   
804   198   
799   203   
797   205   
800   202   
799   203   
797   205   
800   202   
785   217   
796   206   
813   189   
822   180   
824   178   
827   175   
823   179   
816   186   
822   180   
803   199   
815   187   
816   186   
807   195   
801   201   
796   206   
784   218   
795   207   
786   216   
789   213   
801   201   
801   201   
823   179   
801   201   
812   190   
823   179   
826   176   
827   175   
833   169   
827   175   
816   186   
822   180   
815   187   
810   192   
811   191   
813   189   
812   190   
808   194   
812   190   
824   178   
827   175   
823   179   
823   179   
829   173   
835   167   
848   154   
838   164   
835   167   
848   154   
848   154   
851   151   
847   155   
842   160   
857   145   
856   146   
856   146   
863   139   
870   132   
855   147   
858   144   
864   138   
864   138   
851   151   
847   155   
848   154   
860   142   
858   144   
857   145   
870   132   
866   136   
879   123   
875   127   
877   125   
871   131   
876   126   
863   139   
856   146   
854   148   
855   147   
848   154   
851   151   
853   149   
859   143   
853   149   
869   133   
867   135   
867   135   
867   135   
868   134   
865   137   
844   158   
851   151   
856   146   
854   148   
849   153   
857   145   
849   153   
851   151   
835   167   
832   170   
831   171   
843   159   
846   156   
841   161   
839   163   
836   166   
832   170   
846   156   
849   153   
854   148   
856   146   
850   152   
855   147   
858   144   
856   146   
853   149   
861   141   
870   132   
884   118   
881   121   
870   132   
876   126   
877   125   
880   122   
871   131   
877   125   
876   126   
873   129   
871   131   
868   134   
866   136   
863   139   
864   138   
868   134   
869   133   
876   126   
871   131   
871   131   
874   128   
887   115   
885   117   
904   98   
903   99   
907   95   
901   101   
907   95   
926   76   
930   72   
936   66   
940   62   
935   67   
934   68   
923   79   
923   79   
933   69   
938   64   
941   61   
940   62   
928   74   
930   72   
934   68   
934   68   
932   70   
932   70   
924   78   
925   77   
930   72   
926   76   
932   70   
938   64   
940   62   
952   50   
956   46   
954   48   
946   56   
944   58   
940   62   
932   70   
939   63   
1   1   
1   1   
1   1   
1   1   
1   1   
1   1   
1   1   
1   1   
1   1   
1   1   
1   1   
1   1   
1   1   
1   1   
1   1   
1   1   
1   1   
1   1   
1   1   
1   1   
1   1   
1   1   
1   1   
1   1   
1   1   
1   1   
1   1   
1   1   
1   1   
1   1   
1   1   
1   1   
1   1   
1   1   
1   1   
1   1   
1   1   
1   1   
1   1   
1   1   
1   1   
1   1   
1   1   
1   1   
1   1   
1   1   
1   1   
1   1   
1   1   
1   1   
1   1   
1   1   
1   1   
1   1   
1   1   
1   1   
1   1   
1   1   
1   1   
1   1   
1   1   
1   1   
1   1   
1   1   
1   1   
1   1   
1   1   
1   1   
1   1   
1   1   
1   1   
1   1   
1   1   
1   1   
1   1   
1   1   
1   1   
1   1   
1   1   
1   1   
1   1   
1   1   
1   1   
1   1   
1   1   
1   1   
1   1   
1   1   
1   1   
1   1   
1   1   
1   1   
1   1   
1   1   
1   1   
1   1   
1   1   
1   1   
1   1   
1   1   
1   1   
1   1   
