2501   2501   
2585   2417   
2585   2417   
2550   2452   
2553   2449   
2539   2463   
2559   2443   
2570   2432   
2558   2444   
2550   2452   
2557   2445   
2561   2441   
2593   2409   
2609   2393   
2616   2386   
2599   2403   
2577   2425   
2615   2387   
2582   2420   
2542   2460   
2514   2488   
2513   2489   
2481   2521   
2448   2554   
2467   2535   
2456   2546   
2472   2530   
2480   2522   
2498   2504   
2522   2480   
2478   2524   
2511   2491   
2478   2524   
2512   2490   
2528   2474   
2556   2446   
2550   2452   
2520   2482   
2539   2463   
2535   2467   
2546   2456   
2580   2422   
2624   2378   
2583   2419   
2587   2415   
2596   2406   
2600   2402   
2590   2412   
2604   2398   
2597   2405   
2625   2377   
2611   2391   
2600   2402   
2636   2366   
2626   2376   
2628   2374   
2590   2412   
2586   2416   
2578   2424   
2572   2430   
2585   2417   
2579   2423   
2557   2445   
2546   2456   
2484   2518   
2480   2522   
2475   2527   
2497   2505   
2485   2517   
2481   2521   
2445   2557   
2444   2558   
2413   2589   
2399   2603   
2377   2625   
2385   2617   
2369   2633   
2411   2591   
2430   2572   
2408   2594   
2406   2596   
2392   2610   
2372   2630   
2375   2627   
2370   2632   
2347   2655   
2338   2664   
2296   2706   
2272   2730   
2311   2691   
2310   2692   
2358   2644   
2412   2590   
2422   2580   
2468   2534   
2458   2544   
2435   2567   
2413   2589   
2396   2606   
2437   2565   
2448   2554   
2443   2559   
2449   2553   
2414   2588   
2444   2558   
2393   2609   
2383   2619   
2392   2610   
2387   2615   
2336   2666   
2316   2686   
2270   2732   
2228   2774   
2216   2786   
2238   2764   
2174   2828   
2174   2828   
2166   2836   
2200   2802   
2203   2799   
2202   2800   
2175   2827   
2183   2819   
2200   2802   
2226   2776   
2264   2738   
2303   2699   
2319   2683   
2307   2695   
2309   2693   
2283   2719   
2305   2697   
2317   2685   
2332   2670   
2365   2637   
2309   2693   
2305   2697   
2276   2726   
2294   2708   
2276   2726   
2263   2739   
2258   2744   
2353   2649   
2373   2629   
2395   2607   
2367   2635   
2401   2601   
2365   2637   
2348   2654   
2349   2653   
2344   2658   
2330   2672   
2347   2655   
2392   2610   
2345   2657   
2320   2682   
2327   2675   
2314   2688   
2308   2694   
2302   2700   
2267   2735   
2257   2745   
2273   2729   
2282   2720   
2254   2748   
2244   2758   
2256   2746   
2287   2715   
2297   2705   
2285   2717   
2296   2706   
2278   2724   
2233   2769   
2248   2754   
2282   2720   
2251   2751   
2274   2728   
2264   2738   
2314   2688   
2273   2729   
2260   2742   
2251   2751   
2261   2741   
2253   2749   
2251   2751   
2247   2755   
2252   2750   
2210   2792   
2231   2771   
2256   2746   
2237   2765   
2258   2744   
2238   2764   
2238   2764   
2251   2751   
2221   2781   
2219   2783   
2223   2779   
2222   2780   
2211   2791   
2208   2794   
2266   2736   
2251   2751   
2260   2742   
2240   2762   
2248   2754   
2238   2764   
2244   2758   
2239   2763   
2259   2743   
2268   2734   
2242   2760   
2183   2819   
2177   2825   
2196   2806   
2242   2760   
2265   2737   
2267   2735   
2303   2699   
2276   2726   
2250   2752   
2243   2759   
2260   2742   
2273   2729   
2279   2723   
2282   2720   
2242   2760   
2259   2743   
2281   2721   
2277   2725   
2301   2701   
2286   2716   
2270   2732   
2288   2714   
2277   2725   
2271   2731   
2277   2725   
2281   2721   
2277   2725   
2311   2691   
2355   2647   
2356   2646   
2349   2653   
2308   2694   
2329   2673   
2298   2704   
2275   2727   
2290   2712   
2253   2749   
2307   2695   
2348   2654   
2356   2646   
2356   2646   
2340   2662   
2299   2703   
2325   2677   
2307   2695   
2338   2664   
2334   2668   
2303   2699   
2333   2669   
2341   2661   
2310   2692   
2333   2669   
2357   2645   
2329   2673   
2292   2710   
2280   2722   
2249   2753   
2227   2775   
2231   2771   
2244   2758   
2228   2774   
2272   2730   
2268   2734   
2303   2699   
2281   2721   
2337   2665   
2317   2685   
2307   2695   
2294   2708   
2269   2733   
2249   2753   
2209   2793   
2161   2841   
2175   2827   
2151   2851   
2146   2856   
2132   2870   
2096   2906   
2115   2887   
2100   2902   
2099   2903   
2062   2940   
2086   2916   
2084   2918   
2103   2899   
2086   2916   
2069   2933   
2094   2908   
2100   2902   
2082   2920   
2055   2947   
2038   2964   
2063   2939   
2038   2964   
2046   2956   
2051   2951   
2060   2942   
2011   2991   
2017   2985   
2031   2971   
2034   2968   
1997   3005   
2005   2997   
1997   3005   
2045   2957   
2024   2978   
2055   2947   
2059   2943   
2053   2949   
2093   2909   
2069   2933   
2040   2962   
2024   2978   
2006   2996   
2001   3001   
1998   3004   
1988   3014   
1970   3032   
1963   3039   
1949   3053   
1980   3022   
2000   3002   
1981   3021   
2018   2984   
2001   3001   
2019   2983   
1998   3004   
1996   3006   
1988   3014   
1956   3046   
1995   3007   
2023   2979   
2058   2944   
2045   2957   
2108   2894   
2118   2884   
2112   2890   
2117   2885   
2080   2922   
2036   2966   
2107   2895   
2094   2908   
2051   2951   
2054   2948   
2057   2945   
2059   2943   
2075   2927   
2064   2938   
2091   2911   
2067   2935   
2043   2959   
2061   2941   
2023   2979   
1997   3005   
1971   3031   
1970   3032   
1965   3037   
1951   3051   
1916   3086   
1937   3065   
1942   3060   
1905   3097   
1950   3052   
1971   3031   
2003   2999   
2026   2976   
2009   2993   
2025   2977   
2032   2970   
2023   2979   
2041   2961   
1989   3013   
1957   3045   
1992   3010   
1981   3021   
2008   2994   
1993   3009   
2023   2979   
2050   2952   
2053   2949   
2066   2936   
2065   2937   
2047   2955   
2066   2936   
2076   2926   
2080   2922   
2123   2879   
2147   2855   
2107   2895   
2101   2901   
2150   2852   
2156   2846   
2180   2822   
2159   2843   
2150   2852   
2128   2874   
2095   2907   
2106   2896   
2121   2881   
2126   2876   
2113   2889   
2121   2881   
2128   2874   
2128   2874   
2157   2845   
2144   2858   
2115   2887   
2120   2882   
2123   2879   
2130   2872   
2101   2901   
2019   2983   
1994   3008   
1990   3012   
2008   2994   
2049   2953   
2012   2990   
2054   2948   
2048   2954   
2069   2933   
2054   2948   
2049   2953   
2072   2930   
2094   2908   
2033   2969   
1989   3013   
2029   2973   
2020   2982   
2040   2962   
1996   3006   
2000   3002   
2032   2970   
2088   2914   
2124   2878   
2117   2885   
2128   2874   
2103   2899   
2088   2914   
2116   2886   
2117   2885   
2125   2877   
2131   2871   
2111   2891   
2092   2910   
2094   2908   
2115   2887   
2117   2885   
2135   2867   
2163   2839   
2154   2848   
2131   2871   
2111   2891   
2153   2849   
2135   2867   
2169   2833   
2124   2878   
2108   2894   
2093   2909   
2080   2922   
2121   2881   
2077   2925   
2073   2929   
2054   2948   
2056   2946   
2037   2965   
1994   3008   
2002   3000   
1990   3012   
2019   2983   
2004   2998   
1999   3003   
2023   2979   
1961   3041   
1911   3091   
1912   3090   
1917   3085   
1949   3053   
1935   3067   
1936   3066   
1982   3020   
1967   3035   
1959   3043   
1937   3065   
1947   3055   
1951   3051   
1979   3023   
1934   3068   
1   1   
1   1   
1   1   
1   1   
1   1   
1   1   
1   1   
1   1   
1   1   
1   1   
1   1   
1   1   
1   1   
1   1   
1   1   
1   1   
1   1   
1   1   
1   1   
1   1   
1   1   
1   1   
1   1   
1   1   
1   1   
1   1   
1   1   
1   1   
1   1   
1   1   
1   1   
1   1   
1   1   
1   1   
1   1   
1   1   
1   1   
1   1   
1   1   
1   1   
1   1   
1   1   
1   1   
1   1   
1   1   
1   1   
1   1   
1   1   
1   1   
1   1   
1   1   
1   1   
1   1   
1   1   
1   1   
1   1   
1   1   
1   1   
1   1   
1   1   
1   1   
1   1   
1   1   
1   1   
1   1   
1   1   
1   1   
1   1   
1   1   
1   1   
1   1   
1   1   
1   1   
1   1   
1   1   
1   1   
1   1   
1   1   
1   1   
1   1   
1   1   
1   1   
1   1   
1   1   
1   1   
1   1   
1   1   
1   1   
1   1   
1   1   
1   1   
1   1   
1   1   
1   1   
1   1   
1   1   
1   1   
1   1   
1   1   
1   1   
1   1   
1   1   
