501   501   
530   472   
529   473   
543   459   
517   485   
513   489   
516   486   
518   484   
514   488   
510   492   
528   474   
528   474   
537   465   
550   452   
551   451   
554   448   
551   451   
567   435   
571   431   
561   441   
557   445   
558   444   
547   455   
561   441   
573   429   
581   421   
585   417   
578   424   
583   419   
565   437   
571   431   
560   442   
541   461   
558   444   
555   447   
545   457   
538   464   
542   460   
544   458   
524   478   
530   472   
512   490   
538   464   
530   472   
542   460   
550   452   
547   455   
537   465   
533   469   
537   465   
542   460   
518   484   
526   476   
553   449   
568   434   
571   431   
577   425   
595   407   
586   416   
585   417   
599   403   
589   413   
572   430   
563   439   
555   447   
565   437   
555   447   
536   466   
537   465   
542   460   
532   470   
530   472   
524   478   
530   472   
521   481   
541   461   
538   464   
535   467   
531   471   
503   499   
521   481   
540   462   
537   465   
536   466   
547   455   
563   439   
539   463   
545   457   
529   473   
538   464   
516   486   
493   509   
491   511   
503   499   
509   493   
521   481   
506   496   
523   479   
546   456   
542   460   
553   449   
545   457   
559   443   
544   458   
546   456   
562   440   
563   439   
570   432   
570   432   
583   419   
577   425   
563   439   
569   433   
598   404   
608   394   
598   404   
587   415   
594   408   
600   402   
616   386   
627   375   
631   371   
619   383   
616   386   
616   386   
615   387   
622   380   
625   377   
617   385   
619   383   
625   377   
633   369   
637   365   
644   358   
656   346   
663   339   
667   335   
668   334   
674   328   
664   338   
684   318   
699   303   
693   309   
687   315   
686   316   
701   301   
710   292   
721   281   
714   288   
715   287   
719   283   
732   270   
719   283   
692   310   
696   306   
699   303   
704   298   
693   309   
704   298   
710   292   
716   286   
708   294   
718   284   
713   289   
707   295   
699   303   
699   303   
710   292   
704   298   
703   299   
698   304   
683   319   
654   348   
658   344   
646   356   
642   360   
645   357   
645   357   
650   352   
624   378   
613   389   
603   399   
597   405   
609   393   
607   395   
615   387   
616   386   
622   380   
614   388   
620   382   
651   351   
643   359   
641   361   
638   364   
630   372   
643   359   
664   338   
671   331   
678   324   
685   317   
691   311   
701   301   
719   283   
714   288   
712   290   
708   294   
722   280   
718   284   
724   278   
725   277   
718   284   
706   296   
701   301   
692   310   
681   321   
698   304   
691   311   
683   319   
675   327   
677   325   
663   339   
662   340   
673   329   
668   334   
682   320   
700   302   
716   286   
722   280   
715   287   
710   292   
733   269   
736   266   
745   257   
764   238   
776   226   
770   232   
772   230   
782   220   
772   230   
765   237   
758   244   
759   243   
762   240   
767   235   
758   244   
761   241   
775   227   
781   221   
779   223   
774   228   
772   230   
772   230   
772   230   
766   236   
751   251   
742   260   
747   255   
746   256   
732   270   
724   278   
721   281   
733   269   
717   285   
712   290   
722   280   
714   288   
720   282   
723   279   
719   283   
712   290   
700   302   
683   319   
677   325   
667   335   
659   343   
653   349   
668   334   
660   342   
660   342   
677   325   
676   326   
680   322   
672   330   
684   318   
675   327   
667   335   
670   332   
660   342   
663   339   
661   341   
660   342   
671   331   
660   342   
686   316   
691   311   
676   326   
674   328   
670   332   
681   321   
693   309   
686   316   
705   297   
704   298   
724   278   
749   253   
749   253   
748   254   
757   245   
774   228   
779   223   
777   225   
788   214   
781   221   
788   214   
775   227   
773   229   
782   220   
786   216   
792   210   
781   221   
794   208   
796   206   
788   214   
764   238   
771   231   
765   237   
750   252   
745   257   
764   238   
766   236   
764   238   
766   236   
769   233   
780   222   
787   215   
784   218   
783   219   
776   226   
775   227   
774   228   
785   217   
781   221   
779   223   
781   221   
788   214   
785   217   
784   218   
779   223   
785   217   
785   217   
775   227   
782   220   
780   222   
776   226   
777   225   
762   240   
752   250   
730   272   
731   271   
734   268   
740   262   
740   262   
740   262   
732   270   
725   277   
724   278   
720   282   
721   281   
711   291   
719   283   
724   278   
710   292   
719   283   
731   271   
734   268   
730   272   
720   282   
722   280   
711   291   
703   299   
726   276   
731   271   
719   283   
723   279   
722   280   
708   294   
714   288   
722   280   
723   279   
723   279   
696   306   
695   307   
706   296   
712   290   
693   309   
683   319   
685   317   
670   332   
684   318   
691   311   
691   311   
700   302   
713   289   
713   289   
726   276   
712   290   
684   318   
671   331   
699   303   
713   289   
708   294   
719   283   
732   270   
748   254   
737   265   
736   266   
725   277   
719   283   
725   277   
739   263   
743   259   
761   241   
771   231   
782   220   
771   231   
771   231   
779   223   
773   229   
760   242   
763   239   
758   244   
764   238   
764   238   
784   218   
793   209   
804   198   
785   217   
779   223   
791   211   
798   204   
808   194   
797   205   
803   199   
792   210   
800   202   
812   190   
810   192   
801   201   
796   206   
798   204   
804   198   
801   201   
808   194   
815   187   
801   201   
812   190   
818   184   
816   186   
812   190   
807   195   
805   197   
806   196   
820   182   
825   177   
821   181   
823   179   
823   179   
827   175   
832   170   
832   170   
822   180   
821   181   
820   182   
811   191   
805   197   
799   203   
811   191   
812   190   
812   190   
810   192   
800   202   
815   187   
825   177   
829   173   
839   163   
841   161   
854   148   
857   145   
855   147   
856   146   
860   142   
865   137   
859   143   
866   136   
870   132   
870   132   
877   125   
882   120   
878   124   
1   1   
1   1   
1   1   
1   1   
1   1   
1   1   
1   1   
1   1   
1   1   
1   1   
1   1   
1   1   
1   1   
1   1   
1   1   
1   1   
1   1   
1   1   
1   1   
1   1   
1   1   
1   1   
1   1   
1   1   
1   1   
1   1   
1   1   
1   1   
1   1   
1   1   
1   1   
1   1   
1   1   
1   1   
1   1   
1   1   
1   1   
1   1   
1   1   
1   1   
1   1   
1   1   
1   1   
1   1   
1   1   
1   1   
1   1   
1   1   
1   1   
1   1   
1   1   
1   1   
1   1   
1   1   
1   1   
1   1   
1   1   
1   1   
1   1   
1   1   
1   1   
1   1   
1   1   
1   1   
1   1   
1   1   
1   1   
1   1   
1   1   
1   1   
1   1   
1   1   
1   1   
1   1   
1   1   
1   1   
1   1   
1   1   
1   1   
1   1   
1   1   
1   1   
1   1   
1   1   
1   1   
1   1   
1   1   
1   1   
1   1   
1   1   
1   1   
1   1   
1   1   
1   1   
1   1   
1   1   
1   1   
1   1   
1   1   
1   1   
1   1   
1   1   
