2501   2501   
2638   2364   
2648   2354   
2662   2340   
2642   2360   
2628   2374   
2627   2375   
2632   2370   
2622   2380   
2655   2347   
2679   2323   
2652   2350   
2657   2345   
2675   2327   
2684   2318   
2641   2361   
2644   2358   
2633   2369   
2673   2329   
2671   2331   
2614   2388   
2649   2353   
2661   2341   
2722   2280   
2747   2255   
2739   2263   
2742   2260   
2733   2269   
2745   2257   
2719   2283   
2710   2292   
2725   2277   
2746   2256   
2776   2226   
2780   2222   
2786   2216   
2781   2221   
2786   2216   
2804   2198   
2827   2175   
2822   2180   
2846   2156   
2828   2174   
2807   2195   
2803   2199   
2794   2208   
2797   2205   
2775   2227   
2785   2217   
2823   2179   
2814   2188   
2801   2201   
2778   2224   
2795   2207   
2758   2244   
2768   2234   
2755   2247   
2768   2234   
2748   2254   
2769   2233   
2760   2242   
2751   2251   
2714   2288   
2736   2266   
2783   2219   
2806   2196   
2820   2182   
2822   2180   
2831   2171   
2823   2179   
2863   2139   
2854   2148   
2851   2151   
2860   2142   
2913   2089   
2905   2097   
2873   2129   
2889   2113   
2843   2159   
2874   2128   
2892   2110   
2914   2088   
2885   2117   
2922   2080   
2896   2106   
2907   2095   
2943   2059   
2938   2064   
2964   2038   
2952   2050   
2976   2026   
3004   1998   
3004   1998   
3003   1999   
2979   2023   
3010   1992   
3003   1999   
2999   2003   
2967   2035   
3003   1999   
2981   2021   
2972   2030   
2971   2031   
3023   1979   
2980   2022   
2982   2020   
2965   2037   
2936   2066   
2926   2076   
2934   2068   
2917   2085   
2933   2069   
2916   2086   
2896   2106   
2904   2098   
2903   2099   
2899   2103   
2887   2115   
2888   2114   
2883   2119   
2881   2121   
2929   2073   
2939   2063   
2964   2038   
2973   2029   
2950   2052   
2957   2045   
2936   2066   
2940   2062   
2946   2056   
2967   2035   
2980   2022   
2995   2007   
2972   2030   
2919   2083   
2962   2040   
2967   2035   
2926   2076   
2954   2048   
2940   2062   
2942   2060   
2927   2075   
2948   2054   
2950   2052   
2926   2076   
2865   2137   
2908   2094   
2914   2088   
2976   2026   
2930   2072   
2913   2089   
2963   2039   
2953   2049   
2943   2059   
2946   2056   
2939   2063   
2885   2117   
2877   2125   
2868   2134   
2869   2133   
2865   2137   
2830   2172   
2845   2157   
2860   2142   
2861   2141   
2872   2130   
2866   2136   
2874   2128   
2846   2156   
2836   2166   
2832   2170   
2790   2212   
2790   2212   
2775   2227   
2824   2178   
2797   2205   
2795   2207   
2789   2213   
2783   2219   
2795   2207   
2813   2189   
2814   2188   
2759   2243   
2734   2268   
2755   2247   
2775   2227   
2792   2210   
2808   2194   
2826   2176   
2857   2145   
2853   2149   
2853   2149   
2825   2177   
2794   2208   
2799   2203   
2763   2239   
2775   2227   
2763   2239   
2763   2239   
2782   2220   
2799   2203   
2772   2230   
2742   2260   
2747   2255   
2768   2234   
2770   2232   
2738   2264   
2806   2196   
2824   2178   
2783   2219   
2783   2219   
2790   2212   
2815   2187   
2858   2144   
2850   2152   
2814   2188   
2830   2172   
2814   2188   
2838   2164   
2828   2174   
2826   2176   
2784   2218   
2776   2226   
2774   2228   
2818   2184   
2825   2177   
2813   2189   
2863   2139   
2830   2172   
2837   2165   
2839   2163   
2797   2205   
2779   2223   
2775   2227   
2799   2203   
2797   2205   
2773   2229   
2782   2220   
2792   2210   
2784   2218   
2805   2197   
2821   2181   
2828   2174   
2834   2168   
2836   2166   
2845   2157   
2801   2201   
2779   2223   
2797   2205   
2809   2193   
2792   2210   
2788   2214   
2804   2198   
2815   2187   
2840   2162   
2867   2135   
2899   2103   
2907   2095   
2896   2106   
2941   2061   
2940   2062   
2937   2065   
2898   2104   
2950   2052   
2907   2095   
2925   2077   
2927   2075   
2967   2035   
2968   2034   
2946   2056   
2913   2089   
2925   2077   
2950   2052   
2945   2057   
2963   2039   
2980   2022   
2956   2046   
2972   2030   
2972   2030   
3006   1996   
3001   2001   
3016   1986   
3008   1994   
3031   1971   
2967   2035   
2967   2035   
2909   2093   
2950   2052   
2971   2031   
2976   2026   
2967   2035   
2979   2023   
3027   1975   
3011   1991   
3026   1976   
3004   1998   
3005   1997   
3001   2001   
2994   2008   
2991   2011   
3018   1984   
3004   1998   
2995   2007   
2994   2008   
2974   2028   
2944   2058   
2937   2065   
2948   2054   
2960   2042   
2962   2040   
2972   2030   
2985   2017   
2985   2017   
2957   2045   
2926   2076   
2893   2109   
2918   2084   
2899   2103   
2900   2102   
2921   2081   
2908   2094   
2928   2074   
2916   2086   
2896   2106   
2878   2124   
2917   2085   
2899   2103   
2896   2106   
2857   2145   
2863   2139   
2868   2134   
2907   2095   
2874   2128   
2847   2155   
2851   2151   
2835   2167   
2788   2214   
2814   2188   
2804   2198   
2790   2212   
2791   2211   
2813   2189   
2839   2163   
2761   2241   
2735   2267   
2773   2229   
2791   2211   
2811   2191   
2820   2182   
2799   2203   
2803   2199   
2789   2213   
2784   2218   
2780   2222   
2805   2197   
2759   2243   
2761   2241   
2777   2225   
2790   2212   
2777   2225   
2794   2208   
2772   2230   
2764   2238   
2794   2208   
2789   2213   
2807   2195   
2812   2190   
2767   2235   
2785   2217   
2814   2188   
2804   2198   
2827   2175   
2816   2186   
2838   2164   
2816   2186   
2804   2198   
2843   2159   
2820   2182   
2790   2212   
2756   2246   
2792   2210   
2816   2186   
2814   2188   
2833   2169   
2843   2159   
2872   2130   
2841   2161   
2828   2174   
2897   2105   
2914   2088   
2887   2115   
2901   2101   
2938   2064   
2947   2055   
2912   2090   
2908   2094   
2930   2072   
2921   2081   
2881   2121   
2917   2085   
2933   2069   
2889   2113   
2907   2095   
2902   2100   
2903   2099   
2945   2057   
2957   2045   
2951   2051   
2965   2037   
2930   2072   
2984   2018   
2945   2057   
2948   2054   
2958   2044   
2923   2079   
2889   2113   
2878   2124   
2860   2142   
2895   2107   
2851   2151   
2892   2110   
2896   2106   
2865   2137   
2867   2135   
2882   2120   
2893   2109   
2891   2111   
2878   2124   
2859   2143   
2852   2150   
2838   2164   
2825   2177   
2801   2201   
2821   2181   
2879   2123   
2905   2097   
2965   2037   
2967   2035   
2935   2067   
2951   2051   
2986   2016   
3000   2002   
3025   1977   
3105   1897   
3118   1884   
3126   1876   
3151   1851   
3148   1854   
3138   1864   
3112   1890   
3088   1914   
3075   1927   
3045   1957   
3033   1969   
3062   1940   
3099   1903   
3135   1867   
3136   1866   
3128   1874   
3157   1845   
3133   1869   
3170   1832   
3171   1831   
3183   1819   
3124   1878   
3139   1863   
3160   1842   
3168   1834   
3146   1856   
3153   1849   
3158   1844   
3158   1844   
3153   1849   
3123   1879   
3131   1871   
3178   1824   
3165   1837   
3185   1817   
3216   1786   
3208   1794   
3218   1784   
3205   1797   
3183   1819   
3176   1826   
3215   1787   
3188   1814   
3154   1848   
3193   1809   
3177   1825   
3160   1842   
3156   1846   
3157   1845   
3177   1825   
3180   1822   
3171   1831   
3128   1874   
3121   1881   
3125   1877   
3123   1879   
1   1   
1   1   
1   1   
1   1   
1   1   
1   1   
1   1   
1   1   
1   1   
1   1   
1   1   
1   1   
1   1   
1   1   
1   1   
1   1   
1   1   
1   1   
1   1   
1   1   
1   1   
1   1   
1   1   
1   1   
1   1   
1   1   
1   1   
1   1   
1   1   
1   1   
1   1   
1   1   
1   1   
1   1   
1   1   
1   1   
1   1   
1   1   
1   1   
1   1   
1   1   
1   1   
1   1   
1   1   
1   1   
1   1   
1   1   
1   1   
1   1   
1   1   
1   1   
1   1   
1   1   
1   1   
1   1   
1   1   
1   1   
1   1   
1   1   
1   1   
1   1   
1   1   
1   1   
1   1   
1   1   
1   1   
1   1   
1   1   
1   1   
1   1   
1   1   
1   1   
1   1   
1   1   
1   1   
1   1   
1   1   
1   1   
1   1   
1   1   
1   1   
1   1   
1   1   
1   1   
1   1   
1   1   
1   1   
1   1   
1   1   
1   1   
1   1   
1   1   
1   1   
1   1   
1   1   
1   1   
1   1   
1   1   
1   1   
1   1   
1   1   
1   1   
