0.00079
0.00000
0.02384
0.01984
0.01975
0.00000
0.00000
0.00000
0.01377
0.02214
0.02101
0.02632
0.02614
0.00447
0.00587
0.00648
0.00256
0.00252
0.00464
0.00780
0.01131
0.01315
0.01612
0.03919
0.04102
0.04103
0.04378
0.02818
0.02818
0.03018
0.03171
0.03244
0.00237
0.00237
0.00660
0.00000
0.00000
0.00149
0.00000
0.00645
0.00000
0.00000
0.00000
0.00113
0.00000
0.00000
0.00000
0.00000
0.01533
0.00881
0.00765
0.00000
0.02805
0.03978
0.04094
0.04100
0.05161
0.05032
0.05161
0.05170
0.05161
0.04745
0.01608
0.01008
0.00616
0.00027
0.00000
0.00251
0.00765
0.04281
0.04290
0.05714
0.07822
0.06674
0.06532
0.06583
0.06583
0.06563
0.07326
0.08196
0.08617
0.09067
0.09921
0.09873
0.09702
0.09881
0.10235
0.07779
0.07781
0.07897
0.06882
0.06405
0.06403
0.06184
0.06403
0.06403
0.06719
0.06823
0.06619
0.06592
0.06461
0.05651
0.05606
0.04801
0.06079
0.06079
0.06523
0.06806
0.07272
0.06971
0.07023
0.07223
0.06665
0.09878
0.08844
0.09283
0.11244
0.11264
0.11773
0.09979
0.10029
0.09979
0.09979
0.11746
0.11278
0.11538
0.11538
0.13171
0.13171
0.13218
0.13171
0.12315
0.11415
0.12515
0.12511
0.12141
0.12096
0.11045
0.11193
0.09638
0.09639
0.10652
0.10301
0.10276
0.10251
0.11221
0.11290
0.11221
0.11221
0.11221
0.12538
0.12538
0.11472
0.11077
0.10991
0.10993
0.11005
0.11005
0.11005
0.10690
0.10692
0.12453
0.12479
0.12479
0.13673
0.13673
0.13673
0.13673
0.13673
0.13673
0.10859
0.11875
0.11838
0.11883
0.11883
0.11687
0.11883
0.10705
0.10709
0.10705
0.10705
0.10055
0.09114
0.10736
0.12904
0.12904
0.11654
0.12877
0.12793
0.10306
0.10173
0.10783
0.11249
0.11490
0.10646
0.10178
0.10987
0.12726
0.12726
0.12695
0.13005
0.14123
0.15902
0.16713
0.17159
0.17156
0.18541
0.18253
0.18894
0.18894
0.18663
0.18295
0.17355
0.17168
0.17168
0.17168
0.16043
0.15561
0.14136
0.14100
0.14092
0.13268
0.13268
0.14751
0.15170
0.14859
0.14859
0.15003
0.15015
0.18022
0.15314
0.16592
0.17428
0.17815
0.18034
0.18213
0.19553
0.19193
0.19137
0.18698
0.17553
0.15829
0.18612
0.18612
0.17327
0.19212
0.18607
0.17597
0.17597
0.20029
0.20039
0.20934
0.20983
0.20934
0.20239
0.20707
0.18955
0.18989
0.21378
0.21821
0.21142
0.21036
0.21085
0.21392
0.21355
0.21353
0.22896
0.22895
0.22962
0.22838
0.22791
0.22811
0.21843
0.22802
0.22807
0.23241
0.23241
0.23244
0.23235
0.23724
0.23609
0.23717
0.24685
0.24395
0.25243
0.24696
0.26112
0.26647
0.27389
0.29500
0.28494
0.28644
0.29025
0.28477
0.26331
0.25457
0.24551
0.23434
0.23435
0.23925
0.23836
0.23925
0.26523
0.26533
0.26779
0.28679
0.28804
0.28507
0.28505
0.28157
0.28014
0.27749
0.27651
0.28349
0.27144
0.27137
0.28275
0.28274
0.27612
0.28067
0.28155
0.28596
0.28607
0.28522
0.25182
0.24163
0.23116
0.23551
0.24591
0.24584
0.25856
0.25873
0.25120
0.25120
0.24985
0.24985
0.24961
0.26414
0.25423
0.23648
0.23558
0.24179
0.24179
0.23963
0.24026
0.23168
0.23168
0.25382
0.24647
0.24585
0.24585
0.24585
0.24585
0.25812
0.25835
0.27264
0.28146
0.27357
0.27357
0.27357
0.28343
0.29430
0.28436
0.28291
0.28302
0.28152
0.29382
0.29382
0.27704
0.28348
0.28379
0.28227
0.26527
0.26305
0.24288
0.24288
0.24304
0.24192
0.23515
0.23716
0.23772
0.25320
0.25315
0.27291
0.26866
0.26168
0.26307
0.27996
0.30517
0.30517
0.30560
0.31256
0.32108
0.32177
0.32121
0.31891
0.31918
0.31430
0.30770
0.30309
0.29143
0.29143
0.29143
0.29296
0.29155
0.28699
0.31432
0.31746
0.32824
0.32968
0.33399
0.35096
0.35096
0.34818
0.33977
0.32916
0.33036
0.33521
0.34769
0.34769
0.34659
0.32886
0.32374
0.32990
0.32990
0.32990
0.32981
0.32990
0.31244
0.31692
0.31704
0.32937
0.32937
0.32937
0.32941
0.33054
0.33054
0.33397
0.31403
0.33159
0.33115
0.33115
0.33009
0.32909
0.33876
0.33876
0.33876
0.33604
0.32364
0.35799
0.35453
0.35447
0.35291
0.36145
0.36507
0.36092
0.36092
0.35185
0.34394
0.34397
0.34881
0.35703
0.35707
0.35827
0.35827
0.35832
0.35426
0.38805
0.37632
0.37744
0.36375
0.36399
0.35817
0.38086
0.34953
0.34946
0.34939
0.34601
0.34601
0.36387
0.38520
0.38593
0.37725
0.36814
0.36568
0.33629
0.34330
0.34335
0.34335
0.34335
0.34335
0.35435
0.36021
0.36021
0.36016
0.36465
0.35833
0.35061
0.35032
0.35056
0.35110
0.35846
0.35217
0.37410
0.37371
0.37277
0.36029
0.35357
0.35849
0.35855
0.35864
0.36940
0.37327
0.36667
0.36705
0.37615
0.37615
0.36635
0.36093
0.36631
0.36697
0.36903
0.37146
0.37906
0.37907
0.37907
0.37767
0.37767
0.37772
0.37917
0.39112
0.38714
0.36482
0.36489
0.35331
0.35437
0.35449
0.35335
0.35437
0.35299
0.35437
0.34930
0.34930
0.36124
0.39490
0.39541
0.39552
0.40733
0.41834
0.40186
0.41447
0.41447
0.41651
0.41668
0.44338
0.44817
0.44817
0.43726
0.44807
0.44556
0.45293
0.45402
0.44846
0.43793
0.43793
0.42260
0.42208
0.44449
0.44629
0.45674
0.45514
0.46592
0.49511
0.49531
0.48429
0.48136
0.49902
0.49712
0.49587
0.50489
0.49086
0.49103
0.50779
0.51096
0.50836
0.49833
0.49844
0.50182
0.50182
0.50159
0.50529
0.47348
0.46927
0.44619
0.44567
0.44482
0.46483
0.46483
0.46483
0.47371
0.47392
0.47392
0.47589
0.47774
0.45596
0.43947
0.43016
0.41216
0.41094
0.40976
0.43688
0.44571
0.44724
0.43292
0.44434
0.43209
0.42934
0.44102
0.44496
0.44496
0.44477
0.44328
0.44115
0.46326
0.46989
0.45504
0.45167
0.45167
0.45167
0.45617
0.45617
0.46603
0.46618
0.46631
0.49616
0.49616
0.49616
0.49616
0.49540
0.49437
0.50289
0.50319
0.50289
0.49943
0.50833
0.50833
0.50833
0.52514
0.52832
0.54086
0.53492
0.54600
0.54681
0.54666
0.54640
0.54658
0.55532
0.54935
0.56663
0.56665
0.56801
0.56298
0.54593
0.54362
0.54362
0.56023
0.54732
0.56366
0.56203
0.56421
0.57299
0.55587
0.56907
0.57671
0.57657
0.57313
0.56368
0.56368
0.58002
0.57704
0.57760
0.56887
0.59468
0.58152
0.58876
0.58508
0.58508
0.58508
0.60735
0.60735
0.60754
0.60665
0.61240
0.63836
0.64289
0.64476
0.64494
0.64401
0.63804
0.63157
0.63157
0.62695
0.62603
0.63235
0.62603
0.62603
0.63762
0.61573
0.62421
0.63748
0.64944
0.65665
0.67182
0.67184
0.67356
0.67587
0.65490
0.65501
0.64201
0.64765
0.64276
0.64276
0.64297
0.65477
0.62627
0.61078
0.59237
0.57815
0.56758
0.56679
0.56743
0.56789
0.57606
0.58270
0.57199
0.58108
0.58274
0.58294
0.58202
0.58201
0.58201
0.58201
0.56968
0.60398
0.57784
0.58762
0.60835
0.60835
0.62696
0.62265
0.64137
0.64280
0.64121
0.63923
0.63923
0.65506
0.66674
0.66563
0.66564
0.67483
0.67658
0.68384
0.66800
0.63990
0.63957
0.63126
0.62421
0.62532
0.62519
0.62441
0.62519
0.62915
0.62886
0.64711
0.65114
0.65114
0.65094
0.65094
0.65094
0.65094
0.65324
0.65333
0.65708
0.65461
0.66591
0.68052
0.67096
0.66231
0.64518
0.65850
0.64082
0.64279
0.63300
0.62844
0.62864
0.62866
0.64947
0.64945
0.64945
0.65475
0.65441
0.65034
0.65034
0.65034
0.64539
0.65770
0.65385
0.66342
0.64672
0.63467
0.63462
0.61341
0.61297
0.61300
0.61300
0.59718
0.59733
0.56118
0.55476
0.56588
0.56777
0.56971
0.56777
0.56777
0.60477
0.60477
0.60477
0.58714
0.58724
0.59525
0.60518
0.59856
0.60262
0.60308
0.63275
0.66246
0.66246
0.66246
0.65987
0.65987
0.65987
0.65833
0.65035
0.65036
0.65478
0.65354
0.66195
0.64153
0.64413
0.64452
0.61309
0.60177
0.59084
0.58781
0.57887
0.58204
0.58204
0.58126
0.58254
0.56273
0.54444
0.54348
0.54672
0.54672
0.55675
0.56657
0.56798
0.55314
0.55078
0.55081
0.55078
0.56780
0.56780
0.56815
0.56815
0.56801
0.56826
0.56828
0.58459
0.57267
0.57639
0.59261
0.59208
0.59364
0.59785
0.60102
0.60132
0.61061
0.61391
0.61391
0.61480
0.61542
0.61640
0.64548
0.65029
0.63439
0.61796
0.63434
0.61526
0.61833
0.61833
0.61913
0.61913
0.61913
0.58301
0.58805
0.58842
0.58395
0.60641
0.60641
0.61860
0.58499
0.58583
0.58797
0.58797
0.58797
0.60721
0.60326
0.61614
0.61538
0.62544
0.62235
0.63123
0.63123
0.63107
0.62219
0.61609
0.61609
0.61930
0.63495
0.63518
0.63612
0.63510
0.63631
0.64507
0.63883
0.63325
0.63325
0.64169
0.62975
0.61789
0.61519
0.61860
0.61789
0.62901
0.62767
0.62479
0.62184
0.61907
0.62895
0.62893
0.62537
0.62096
0.62521
0.62358
0.62358
0.64299
0.64299
0.65063
0.65625
0.66442
0.65311
0.64112
0.64726
0.64524
0.64595
0.64558
0.63299
0.63046
0.62389
0.63046
0.63317
0.63266
0.62517
0.62517
0.62049
0.62880
0.64075
0.64340
0.65149
0.64967
0.64967
0.64103
0.64041
0.63356
0.67038
0.67038
0.70020
0.68876
0.68876
0.68665
0.69017
0.68504
0.69026
0.68324
0.68260
0.68531
0.68549
0.68531
0.69340
0.68844
0.69085
0.71466
0.71031
0.71703
0.73081
0.73081
0.72533
0.73048
0.71683
0.72017
0.73175
0.73709
0.73789
0.73789
0.74184
0.75028
0.74207
0.74223
0.75153
0.74384
0.77549
0.77650
0.76313
0.76057
0.76057
0.76463
0.76464
0.73986
0.72827
0.73998
0.72500
0.72498
0.71517
0.71588
0.71517
0.71517
0.71855
0.72477
0.72477
0.71825
0.72712
0.73466
0.73466
0.73466
0.72865
0.73270
0.73575
0.72247
0.72247
0.72835
0.73374
0.75099
0.74122
0.73183
0.73200
0.71056
0.71389
0.72096
0.72096
0.72078
0.72103
0.72078
0.71172
0.71171
0.72933
0.72933
0.73063
0.74105
0.72558
0.73185
0.73319
0.74167
0.74167
0.74516
0.74941
0.75317
0.75317
0.74615
0.75369
0.75369
0.75103
0.75375
0.74603
0.77311
0.78231
0.78231
0.78231
0.78231
0.78231
0.78231
0.77884
0.77612
0.77247
0.77247
0.77248
0.75578
0.74824
0.76093
0.76257
0.73531
0.72238
0.72269
0.73851
0.74648
0.74577
0.74351
0.76308
0.76174
0.76013
0.76909
0.75498
0.75498
0.75665
0.78050
0.77104
0.73986
0.73986
0.73968
0.73385
0.73452
0.71980
0.72606
0.72634
0.72856
0.72207
0.72612
0.70646
0.71960
0.72048
0.72066
0.71713
0.72756
0.72511
0.72502
0.69254
0.68682
0.69413
0.69504
0.69504
0.71410
0.71149
0.71917
0.71926
0.72434
0.70617
0.70617
0.70617
0.72212
0.72680
0.73581
0.73581
0.73581
0.73581
0.74822
0.74444
0.74405
0.75128
0.77998
0.79131
0.79636
0.79904
0.79866
0.79887
0.79396
0.80985
0.81255
0.82099
0.81998
0.82056
0.82263
0.82263
0.82861
0.83330
0.83306
0.84808
0.84715
0.82862
0.82856
0.82399
0.84470
0.84118
0.86156
0.86958
0.86398
0.86398
0.88303
0.88303
0.90393
0.90390
0.90166
0.89857
0.89858
0.89858
0.91134
0.91134
0.94185
0.94789
0.93419
0.93419
0.92764
0.94483
0.94868
0.94868
0.96041
0.95982
0.95675
0.96417
0.96417
0.96417
0.97712
0.97712
0.97701
0.97712
0.97712
0.99130
0.98673
0.98244
0.97712
0.97842
0.94126
0.96423
0.96783
0.96783
0.98015
0.98090
0.98307
0.98280
0.98616
0.97418
0.95480
0.95075
0.97047
0.97027
0.97006
0.97006
0.96359
0.99119
0.99160
0.99154
0.99623
1.00000
1.00000
0.99927
0.98594
0.98500
0.99077
0.98917
0.97794
0.97897
0.97897
0.97156
0.97156
0.98501
0.99897
0.99881
0.99487
1.00000
1.00000
0.98681
1.00000
0.98725
0.98725
0.98733
0.98794
0.97786
0.95303
0.95304
0.95303
0.95303
0.95309
0.94892
0.95872
0.95872
0.95568
0.95152
0.96015
0.93551
0.95079
0.93802
0.93831
0.93774
0.94855
0.94698
0.94447
0.93290
0.94436
0.94436
0.94441
0.94436
0.94656
0.95863
0.96247
0.96315
0.96807
0.96881
0.97324
0.97324
0.97505
0.96699
0.96699
0.96050
0.96050
0.96050
0.96076
0.96340
0.96050
0.96050
0.95969
0.95385
0.96586
0.96586
0.96586
0.97253
0.97402
0.97268
0.97310
0.98442
0.99863
0.98887
0.99912
1.00000
0.99984
1.00000
0.99975
0.99483
0.99483
0.98742
0.96465
0.97335
0.97800
0.99437
0.97523
0.97534
0.95220
0.95208
0.94960
0.95797
0.95786
0.94520
0.93822
0.93822
0.92110
0.92105
0.91084
0.89636
0.89636
0.89137
0.86631
0.89794
0.89411
0.89420
0.89066
0.89393
0.87199
0.87728
0.87439
0.87282
0.87282
0.87384
0.87388
0.88500
0.87909
0.89775
0.89817
0.92386
0.92386
0.91694
0.91515
0.91694
0.91694
0.91694
0.91694
0.92271
0.95814
0.95814
0.97919
0.98290
0.97675
0.96869
0.97673
0.97489
0.97963
0.97900
0.97856
0.96803
0.93808
0.94377
0.92894
0.92973
0.93295
0.92509
0.91212
0.92771
0.92840
0.91882
0.91873
0.91873
0.91873
0.93520
0.92851
0.95132
0.94987
0.92956
0.91796
0.90808
0.89523
0.90808
0.91487
0.91487
0.91494
0.93250
0.93250
0.92247
0.93595
0.93562
0.93042
0.92938
0.92944
0.92326
0.92769
0.94691
0.94416
0.94623
0.94708
0.95092
0.95263
0.96942
0.96921
0.98592
0.99371
0.99199
1.00000
0.99816
0.99472
0.99146
0.99401
0.99289
0.99396
0.98958
1.00000
0.99790
0.98988
1.00000
0.98847
0.97331
0.98462
0.98452
0.98163
0.99136
0.99136
0.99182
0.99261
0.98017
0.99372
0.98604
0.97235
0.95208
0.95044
0.94612
0.95161
0.94878
0.94933
0.93814
0.90710
0.90710
0.90697
0.90697
0.89387
0.89849
0.89849
0.90066
0.89619
0.88503
0.88503
0.88063
0.87161
0.86878
0.86863
0.88445
0.85822
0.86448
0.86541
0.86543
0.86543
0.86614
0.84475
0.84467
0.84850
0.84850
0.84850
0.84027
0.85517
0.82595
0.82962
0.84451
0.85229
0.85714
0.85767
0.85854
0.85854
0.87958
0.85507
0.85116
0.85116
0.84684
0.85410
0.84423
0.84498
0.84614
0.84451
0.84540
0.84614
0.82945
0.82861
0.82861
0.82861
0.82192
0.80828
0.82212
0.83743
0.81795
0.82192
0.83743
0.85065
0.84734
0.83553
0.84530
0.88098
0.88813
0.89744
0.89743
0.89230
0.87839
0.85769
0.88638
0.86377
0.86377
0.88054
0.88054
0.86722
0.84962
0.81945
0.82610
0.82610
0.82610
0.81570
0.81570
0.80818
0.79422
0.79419
0.80204
0.81300
0.82672
0.82374
0.82372
0.82374
0.82374
0.82374
0.82374
0.81942
0.81411
0.79454
0.80409
0.81485
0.82106
0.81329
0.82565
0.82565
0.82565
0.82849
0.83840
0.82936
0.82929
0.82779
0.80444
0.82054
0.82058
0.82319
0.84785
0.84414
0.82683
0.83174
0.83174
0.82428
0.82744
0.81620
0.81566
0.81635
0.81620
0.81877
0.81621
0.81621
0.81829
0.81845
0.81829
0.82480
0.82780
0.82779
0.80585
0.80093
0.80093
0.81446
0.81434
0.81157
0.82373
0.82952
0.79727
0.80831
0.80818
0.80831
0.82233
0.82196
0.81439
0.80153
0.80087
0.80124
0.80898
0.80167
0.80167
0.78598
0.78701
0.79671
0.81088
0.81099
0.81099
0.81099
0.80173
0.80805
0.80805
0.80805
0.82606
0.82885
0.82606
0.82399
0.82399
0.82758
0.83104
0.83923
0.83922
0.83909
0.83868
0.83596
0.83324
0.82732
0.82731
0.81745
0.81754
0.81754
0.80566
0.80463
0.80928
0.81092
0.81150
0.81043
0.81081
0.81074
0.82053
0.81229
0.82612
0.82611
0.83124
0.81421
0.81419
0.81142
0.82406
0.82286
0.82286
0.80030
0.79752
0.79752
0.79015
0.77627
0.77908
0.75841
0.75823
0.77409
0.78960
0.79190
0.80033
0.81120
0.81120
0.81120
0.81120
0.81120
0.80882
0.80147
0.81339
0.81020
0.81020
0.81293
0.81013
0.80647
0.78492
0.77007
0.78210
0.78041
0.77903
0.76859
0.76055
0.76055
0.76573
0.77180
0.77203
0.77204
0.77180
0.74506
0.75230
0.77156
0.77262
0.77821
0.79684
0.81789
0.82401
0.82401
0.82401
0.82401
0.83890
0.84275
0.83142
0.82625
0.83214
0.83049
0.83603
0.83603
0.85943
0.85910
0.85511
0.85400
0.85501
0.84303
0.84303
0.83474
0.82608
0.82561
0.81952
0.81973
0.81954
0.84139
0.84249
0.84372
0.83830
0.84997
0.86866
0.87003
0.86479
0.87003
0.86270
0.85484
0.85484
0.85910
0.86497
0.87306
0.86701
0.86737
0.86747
0.85865
0.86893
0.86625
0.86032
0.87113
0.87098
0.86583
0.85971
0.87095
0.85924
0.85921
0.87127
0.87127
0.88844
0.88079
0.88079
0.88226
0.88327
0.88116
0.89165
0.90492
0.88848
0.88872
0.87669
0.88448
0.87725
0.87727
0.88298
0.88298
0.90031
0.89562
0.89517
0.89518
0.89512
0.92782
0.92808
0.92503
0.92474
0.90746
0.90744
0.91064
0.90746
0.91271
0.91127
0.91010
0.91709
0.91709
0.91709
0.91302
0.90923
0.90282
0.90300
0.91009
0.91043
0.91658
0.89884
0.89881
0.93064
0.93082
0.92843
0.92846
0.92562
0.91512
0.92814
0.92792
0.93184
0.91128
0.91550
0.91553
0.92489
0.91971
0.91951
0.91273
0.91273
0.91275
0.90259
0.90206
0.93121
0.93232
0.95071
0.93712
0.93388
0.94389
0.95306
0.94219
0.93640
0.93570
0.93570
0.94293
0.97999
0.97479
0.97479
0.97479
0.99256
1.00000
1.00000
1.00000
1.00000
1.00000
0.99716
0.99761
0.99766
1.00000
1.00000
0.98613
0.98494
0.96948
0.95385
0.95003
0.95390
0.95558
0.95467
0.96435
0.95679
0.96228
0.97559
0.97669
0.98000
0.98000
0.98000
0.98000
0.97694
0.97694
0.97157
0.96366
0.95710
0.95710
0.95729
0.96621
0.93883
0.93978
0.93969
0.92706
0.91639
0.90678
0.90678
0.90678
0.90678
0.89538
0.89538
0.89003
0.89001
0.88727
0.89209
0.88494
0.88500
0.88504
0.87489
0.87489
0.87925
0.87729
0.87964
0.87403
0.87177
0.86491
0.86416
0.84255
0.84821
0.83728
0.82486
0.81928
0.81922
0.82447
0.82456
0.82414
0.82527
0.83118
0.83692
0.83731
0.83953
0.84423
0.84423
0.85930
0.85930
0.87371
0.85403
0.85454
0.86906
0.87127
0.88476
0.89427
0.89429
0.88017
0.88037
0.89708
0.89712
0.89708
0.89393
0.89393
0.88499
0.88497
0.89510
0.89514
0.89453
0.89453
0.89197
0.89192
0.89448
0.88953
0.89811
0.90827
0.90827
0.92577
0.93088
0.93986
0.93970
0.93970
0.94701
0.94701
0.96749
0.96749
0.97166
0.99119
0.99335
0.99530
0.99103
0.99103
0.97889
0.97889
0.97013
0.97149
0.96374
0.96374
0.96374
0.96116
0.96312
0.94855
0.94960
0.96328
0.96367
0.97352
0.96944
0.96935
0.94055
0.92492
0.92479
0.92742
0.90141
0.90397
0.90397
0.90397
0.90370
0.91870
0.91995
0.90871
0.91736
0.90307
0.92159
0.90359
0.89171
0.88774
0.88774
0.88764
0.88774
0.89475
0.87424
0.87399
0.87399
0.88926
0.89197
0.89321
0.89321
0.89060
0.89060
0.88031
0.88031
0.90208
0.89521
0.89523
0.89523
0.89521
0.89521
0.88727
0.88765
0.87786
0.86108
0.86097
0.86150
0.86108
0.86108
0.86130
0.86130
0.86129
0.85194
0.85540
0.87460
0.87460
0.87453
0.88711
0.88778
0.91095
0.91251
0.91251
0.91251
0.91251
0.92125
0.92125
0.92202
0.92255
0.91318
0.88410
0.86527
0.84798
0.85603
0.85510
0.85552
0.85552
0.86704
0.86699
0.86704
0.87136
0.86990
0.88368
0.88184
0.87094
0.87270
0.87324
0.90478
0.90478
0.90309
0.89387
0.90057
0.89876
0.88934
0.88921
0.89126
0.89903
0.88608
0.88608
0.88609
0.88874
0.90740
0.91102
0.91365
0.92024
0.92626
0.92626
0.91621
0.92374
0.92193
0.92193
0.92193
0.92155
0.91609
0.91463
0.91440
0.92289
0.92289
0.91772
0.91762
0.89492
0.89462
0.89520
0.88091
0.89709
0.89709
0.89765
0.91866
0.91866
0.94967
0.94993
0.93716
0.94979
0.95307
0.95143
0.95143
0.95143
0.94130
0.93752
0.93766
0.93766
0.95979
0.95997
0.95864
0.94888
0.94704
0.94172
0.94172
0.94172
0.95592
0.94596
0.94960
0.94911
0.94410
0.94723
0.94315
0.94723
0.93850
0.93797
0.95506
0.95122
0.95137
0.95137
0.95137
0.94529
0.94984
0.94318
0.94398
0.93654
0.92855
0.91092
0.91092
0.91092
0.91065
0.91065
0.90324
0.90086
0.89788
0.88743
0.88743
0.88108
0.88468
0.88468
0.90678
0.92621
0.87855
0.87855
0.87844
0.87057
0.84181
0.84499
0.84499
0.82365
0.82966
0.83338
0.83547
0.84354
0.84524
0.84524
0.83747
0.83747
0.84152
0.84693
0.84624
0.84624
0.84625
0.84624
0.84624
0.84565
0.83862
0.84275
0.81335
0.81308
0.81406
0.81626
0.80836
0.81976
0.83721
0.84037
0.83484
0.84966
0.80838
0.81866
0.81429
0.81513
0.81756
0.81756
0.83172
0.83362
0.83391
0.83077
0.83951
0.82974
0.82865
0.84702
0.84699
0.85155
0.83528
0.83528
0.83564
0.83775
0.83775
0.80871
0.79990
0.78797
0.80054
0.80054
0.79311
0.79311
0.76103
0.78002
0.77077
0.75683
0.77686
0.77686
0.77239
0.77234
0.76943
0.75632
0.75632
0.76635
0.76347
0.76450
0.77009
0.79357
0.78435
0.78442
0.78615
0.78440
0.77604
0.78464
0.78130
0.78388
0.78442
0.78827
0.78201
0.78350
0.79289
0.80972
0.80972
0.81156
0.81156
0.81156
0.80713
0.79477
0.80021
0.80021
0.80021
0.79883
0.77056
0.78174
0.78174
0.77443
0.77570
0.77835
0.76159
0.76159
0.76115
0.74959
0.74940
0.74860
0.75816
0.75816
0.76034
0.77188
0.77188
0.76253
0.75821
0.78517
0.77919
0.77919
0.77919
0.77919
0.78410
0.78410
0.78410
0.79517
0.79493
0.80542
0.79492
0.78548
0.78604
0.79602
0.78560
0.79493
0.80050
0.79645
0.80081
0.81611
0.82718
0.82718
0.82718
0.82179
0.83234
0.83236
0.82503
0.83586
0.83586
0.83737
0.82212
0.84158
0.85164
0.86117
0.86118
0.86112
0.86118
0.88730
0.87143
0.86348
0.86348
0.83373
0.84320
0.84385
0.86588
0.86584
0.86299
0.86307
0.87019
0.87244
0.87244
0.87631
0.89046
0.89498
0.89520
0.89523
0.87349
0.87411
0.85747
0.84788
0.84788
0.84448
0.83512
0.82620
0.82673
0.82117
0.80705
0.79967
0.78269
0.79235
0.79235
0.81223
0.81158
0.79604
0.78761
0.78838
0.77899
0.77900
0.77900
0.78152
0.79731
0.82381
0.82381
0.78911
0.78945
0.78911
0.79227
0.79160
0.79314
0.81561
0.82247
0.82093
0.84195
0.85995
0.85995
0.84549
0.84584
0.83062
0.81701
0.80872
0.79990
0.79852
0.79547
0.78956
0.78956
0.78956
0.78629
0.78179
0.78174
0.77482
0.77484
0.77502
0.76040
0.76041
0.76065
0.76297
0.74747
0.74234
0.73250
0.70430
0.70430
0.71632
0.71632
0.72261
0.72261
0.71574
0.71574
0.69623
0.70834
0.71955
0.72456
0.71008
0.69198
0.69198
0.72399
0.71029
0.71045
0.71045
0.72368
0.72368
0.71165
0.71161
0.71774
0.73164
0.74078
0.74003
0.73613
0.73613
0.74062
0.74623
0.75160
0.75160
0.74935
0.73398
0.72187
0.71089
0.72040
0.71888
0.72305
0.72491
0.70269
0.69636
0.67813
0.67982
0.68017
0.67625
0.68072
0.67886
0.67947
0.67947
0.69589
0.71003
0.69827
0.70115
0.70453
0.70422
0.70422
0.69805
0.69805
0.69095
0.70095
0.70004
0.70009
0.70009
0.70009
0.68468
0.67474
0.66869
0.66865
0.66865
0.66886
0.67369
0.68918
0.70223
0.68864
0.67115
0.67092
0.66014
0.66014
0.66635
0.67063
0.67679
0.67618
0.67618
0.67978
0.67978
0.67464
0.65258
0.65439
0.66390
0.67843
0.68000
0.67465
0.66168
0.66168
0.64656
0.64561
0.64282
0.63855
0.63864
0.63839
0.63581
0.62138
0.62735
0.62915
0.62768
0.62915
0.62915
0.62915
0.61919
0.61919
0.61919
0.62016
0.63046
0.62546
0.62265
0.63103
0.62306
0.62679
0.62817
0.63615
0.63425
0.63422
0.63422
0.63422
0.63252
0.63429
0.63382
0.63085
0.63201
0.62600
0.62560
0.63748
0.63464
0.63848
0.63296
0.65865
0.66914
0.66964
0.68288
0.68288
0.68240
0.68240
0.68233
0.68240
0.68240
0.69292
0.69141
0.67883
0.66260
0.66298
0.66260
0.65752
0.64960
0.65020
0.65451
0.66537
0.65962
0.65674
0.65674
0.64147
0.64710
0.64708
0.64710
0.64714
0.66403
0.66437
0.65791
0.66045
0.66064
0.65326
0.68455
0.65710
0.65970
0.64330
0.63746
0.63746
0.63746
0.64106
0.64182
0.63632
0.62657
0.63346
0.63341
0.63504
0.63356
0.62715
0.62715
0.62715
0.62813
0.60652
0.60692
0.60692
0.60701
0.57406
0.56725
0.58326
0.57080
0.56656
0.55592
0.55072
0.55892
0.55943
0.55966
0.55980
0.54008
0.54452
0.54452
0.54542
0.54452
0.54402
0.54412
0.53788
0.54000
0.53998
0.53244
0.51715
0.51674
0.51715
0.51715
0.49932
0.50052
0.49932
0.50798
0.49570
0.47242
0.44556
0.44415
0.44886
0.46165
0.46226
0.45570
0.47081
0.47120
0.48227
0.47091
0.47656
0.47656
0.47804
0.47153
0.48779
0.48858
0.48300
0.48300
0.48670
0.48712
0.48712
0.48712
0.48712
0.49401
0.50925
0.50925
0.50925
0.49846
0.48037
0.47836
0.48170
0.49355
0.49362
0.49379
0.49847
0.53110
0.53163
0.53114
0.53114
0.52172
0.51285
0.50793
0.51075
0.50550
0.50333
0.51239
0.51239
0.51079
0.52686
0.52392
0.51729
0.51884
0.47351
0.47342
0.46408
0.46408
0.46408
0.46879
0.47536
0.47536
0.48850
0.48788
0.48182
0.49334
0.49284
0.49334
0.49334
0.51154
0.50663
0.52059
0.52662
0.53696
0.53453
0.53998
0.53827
0.54953
0.54886
0.56162
0.56099
0.57847
0.57938
0.57683
0.58354
0.56967
0.58375
0.58795
0.55963
0.55963
0.56759
0.58606
0.60088
0.60220
0.60220
0.60742
0.60741
0.61622
0.63234
0.63234
0.63234
0.63633
0.62759
0.62759
0.63773
0.63770
0.63791
0.62400
0.62367
0.62367
0.62367
0.62367
0.61741
0.61739
0.61726
0.61189
0.61541
0.61550
0.61347
0.63738
0.64455
0.64967
0.67131
0.67808
0.67780
0.68065
0.66695
0.66695
0.65847
0.65487
0.64131
0.64258
0.64257
0.64084
0.64084
0.64463
0.65171
0.65293
0.65036
0.65293
0.64637
0.66088
0.65882
0.64678
0.64678
0.67176
0.67052
0.66668
0.65592
0.65855
0.65855
0.65830
0.65537
0.64805
0.63692
0.63692
0.65843
0.66694
0.66337
0.66337
0.66339
0.64448
0.64448
0.62943
0.64525
0.65339
0.67332
0.66922
0.67243
0.67029
0.68657
0.68190
0.68189
0.68222
0.69328
0.68286
0.69614
0.71511
0.71509
0.71391
0.71188
0.72329
0.72166
0.72188
0.70483
0.70509
0.70483
0.69390
0.69390
0.70197
0.68534
0.68600
0.68600
0.69622
0.69797
0.70574
0.70336
0.70568
0.70303
0.70351
0.70162
0.72999
0.71546
0.72441
0.72880
0.74526
0.74068
0.72273
0.72220
0.72561
0.73206
0.73206
0.74334
0.74347
0.76357
0.76871
0.76612
0.79046
0.79046
0.79046
0.79046
0.79675
0.79422
0.79271
0.77196
0.77445
0.77444
0.76439
0.77536
0.77818
0.77812
0.79367
0.78134
0.78134
0.78134
0.76313
0.76890
0.76443
0.76440
0.76942
0.76519
0.76502
0.76297
0.75903
0.74412
0.74525
0.77043
0.76967
0.76971
0.77936
0.76600
0.74682
0.75405
0.75211
0.75746
0.74541
0.73336
0.73259
0.71690
0.71690
0.71688
0.71692
0.73527
0.73531
0.73271
0.73367
0.73357
0.70477
0.70473
0.70148
0.72870
0.72809
0.72776
0.72857
0.72857
0.72361
0.73102
0.73309
0.73099
0.71588
0.70977
0.70081
0.72159
0.72795
0.72730
0.71727
0.71727
0.71727
0.71690
0.71662
0.71727
0.71727
0.72690
0.73200
0.72172
0.71008
0.71622
0.72869
0.72966
0.74973
0.74950
0.74973
0.74991
0.75143
0.75141
0.75057
0.74233
0.75236
0.75144
0.75643
0.75472
0.74930
0.73811
0.73811
0.74360
0.73772
0.73979
0.74807
0.73423
0.73423
0.72012
0.72012
0.71413
0.71389
0.71389
0.71389
0.69936
0.67389
0.67338
0.67338
0.67338
0.67338
0.67280
0.66034
0.66284
0.66524
0.66524
0.65368
0.66382
0.65849
0.65043
0.66351
0.66361
0.66366
0.64502
0.64536
0.64520
0.64244
0.63721
0.64345
0.65177
0.63311
0.63204
0.63198
0.63204
0.63198
0.63045
0.66850
0.66854
0.66779
0.66201
0.65101
0.67008
0.69967
0.69967
0.70823
0.71352
0.71674
0.73101
0.73101
0.73101
0.74560
0.75971
0.73901
0.74906
0.75051
0.75170
0.76034
0.76034
0.76034
0.74353
0.74742
0.75778
0.75152
0.74727
0.73972
0.73646
0.74483
0.74165
0.72458
0.70270
0.69624
0.72572
0.71918
0.71502
0.71502
0.71501
0.71867
0.71806
0.70772
0.69480
0.70160
0.70090
0.70160
0.69207
0.68569
0.68605
0.68815
0.66362
0.66362
0.66104
0.66063
0.66122
0.64629
0.63957
0.62435
0.62426
0.62426
0.61034
0.63485
0.63492
0.65989
0.65881
0.65576
0.66509
0.67419
0.67419
0.67419
0.67419
0.67414
0.67943
0.66128
0.66555
0.67794
0.69201
0.69423
0.70377
0.70053
0.70054
0.71403
0.72648
0.72648
0.72648
0.72648
0.72648
0.72953
0.75164
0.75463
0.75194
0.74985
0.72594
0.72570
0.72605
0.72602
0.72692
0.72050
0.72044
0.75372
0.76522
0.75736
0.77121
0.76303
0.75052
0.75741
0.73993
0.75377
0.75443
0.75467
0.75059
0.77254
0.77260
0.77370
0.76523
0.74924
0.74823
0.74900
0.74373
0.74507
0.74637
0.74867
0.75238
0.77209
0.77221
0.77047
0.77067
0.76368
0.76553
0.76551
0.75507
0.75749
0.76290
0.76858
0.79208
0.81089
0.78751
0.77337
0.76922
0.76979
0.76771
0.76771
0.76771
0.76771
0.76021
0.76156
0.76156
0.75811
0.75523
0.74908
0.74889
0.73694
0.73747
0.73675
0.73694
0.73577
0.73577
0.76270
0.76270
0.76270
0.76270
0.76004
0.76002
0.76717
0.76828
0.77384
0.79606
0.79606
0.79606
0.83403
0.81923
0.81895
0.81895
0.81895
0.81895
0.83645
0.83648
0.82793
0.82793
0.82754
0.82832
0.82852
0.82245
0.82245
0.82685
0.82898
0.82098
0.84703
0.84700
0.84703
0.86626
0.86461
0.85341
0.86122
0.86643
0.86638
0.86650
0.86640
0.87872
0.88705
0.89190
0.88866
0.89135
0.90879
0.90120
0.88519
0.89838
0.89025
0.88948
0.90101
0.89933
0.90413
0.90282
0.91541
0.91541
0.92545
0.92047
0.91172
0.90203
0.90566
0.92895
0.93322
0.93197
0.93236
0.90411
0.90391
0.88484
0.85410
0.84259
0.84322
0.83983
0.84335
0.84335
0.84338
0.84365
0.86172
0.86734
0.85927
0.85578
0.87203
0.87108
0.87235
0.87656
0.89265
0.89231
0.91003
0.91744
0.91989
0.91989
0.91989
0.92721
0.92947
0.94177
0.94132
0.94131
0.94129
0.96093
0.96085
0.96121
0.96085
0.96598
0.96598
0.96934
0.97675
0.97672
0.96761
0.98828
0.98395
0.98395
0.96677
0.96676
0.96279
0.96247
0.96254
0.95480
0.95480
0.95512
0.95480
0.95454
0.95684
0.95476
0.94105
0.94105
0.93723
0.91733
0.90829
0.91867
0.91440
0.91438
0.90977
0.88965
0.89711
0.90071
0.90155
0.88872
0.87977
0.87981
0.87119
0.87559
0.87707
0.87392
0.87392
0.87392
0.87491
0.87491
0.87956
0.86661
0.88398
0.88398
0.88490
0.88398
0.87772
0.85857
0.85484
0.85484
0.85484
0.85241
0.84892
0.84720
0.87915
0.88404
0.88510
0.90265
0.90929
0.87107
0.87097
0.85798
0.85809
0.85512
0.86413
0.84756
0.84715
0.84756
0.84716
0.84157
0.85113
0.85389
0.86446
0.87003
0.85969
0.85969
0.84240
0.84775
0.85778
0.85513
0.85513
0.84836
0.82973
0.82940
0.82925
0.84430
0.84797
0.84689
0.84689
0.84688
0.85342
0.84803
0.84014
0.83308
0.84177
0.84379
0.84777
0.84777
0.84777
0.85262
0.84972
0.85469
0.85469
0.85469
0.85213
0.85203
0.83951
0.84359
0.84359
0.83645
0.83313
0.83522
0.83522
0.84226
0.84498
0.84498
0.84498
0.84498
0.84480
0.84471
0.82333
0.81795
0.80651
0.80056
0.80768
0.79761
0.80876
0.80645
0.80645
0.80639
0.79825
0.78554
0.79570
0.79404
0.77794
0.77779
0.77794
0.77794
0.77711
0.77873
0.77868
0.79605
0.79605
0.78668
0.78598
0.78261
0.78849
0.78543
0.80757
0.80773
0.80755
0.80787
0.81934
0.81036
0.80699
0.79468
0.78933
0.78755
0.80345
0.80326
0.80208
0.78647
0.78647
0.79825
0.79862
0.80498
0.80504
0.80505
0.79585
0.78907
0.78913
0.78367
0.78351
0.78338
0.76758
0.76758
0.76758
0.76103
0.74690
0.72885
0.73732
0.73761
0.73732
0.72949
0.72953
0.73375
0.73585
0.73839
0.72552
0.72446
0.72462
0.72367
0.72367
0.72236
0.72763
0.71768
0.71675
0.71667
0.71820
0.71820
0.71972
0.71717
0.71717
0.71717
0.72656
0.72932
0.72696
0.71271
0.71038
0.71056
0.71056
0.71060
0.72679
0.71764
0.72679
0.74255
0.75076
0.74612
0.76281
0.76905
0.75958
0.75690
0.75768
0.77390
0.79364
0.79069
0.78656
0.80523
0.80523
0.81794
0.82795
0.82975
0.83576
0.83928
0.83928
0.85545
0.83928
0.84057
0.83213
0.83205
0.83827
0.84276
0.84127
0.82967
0.81889
0.81132
0.81134
0.80330
0.81628
0.79595
0.79612
0.80488
0.80488
0.81449
0.79928
0.80464
0.79527
0.77747
0.77860
0.77854
0.75895
0.76899
0.76983
0.76983
0.76959
0.76819
0.77609
0.77385
0.76900
0.76900
0.76908
0.76357
0.76357
0.75973
0.75916
0.77674
0.77580
0.77580
0.77580
0.77580
0.76722
0.76726
0.76938
0.76945
0.78293
0.76532
0.75122
0.74423
0.74423
0.74174
0.76314
0.75049
0.75051
0.75051
0.75049
0.75029
0.74934
0.74860
0.74932
0.75085
0.76002
0.75989
0.76798
0.76891
0.78045
0.78884
0.80605
0.80052
0.80128
0.80128
0.80554
0.77419
0.77439
0.77076
0.77043
0.77043
0.77043
0.77085
0.77043
0.77863
0.76340
0.76339
0.76652
0.76230
0.75706
0.77407
0.77537
0.77511
0.77926
0.77926
0.76247
0.76744
0.77262
0.78721
0.79629
0.81540
0.81593
0.81598
0.81593
0.81903
0.81580
0.83026
0.83019
0.82025
0.82025
0.82025
0.81925
0.78724
0.79449
0.80338
0.79976
0.80182
0.80778
0.80870
0.81092
0.81092
0.81092
0.82403
0.82403
0.82403
0.85159
0.85159
0.83395
0.83225
0.82642
0.82642
0.83848
0.83848
0.83851
0.83114
0.84938
0.83998
0.84841
0.86350
0.86231
0.86231
0.86733
0.85906
0.85889
0.87450
0.88146
0.85533
0.84158
0.85013
0.84545
0.84520
0.82403
0.82407
0.82404
0.81596
0.81610
0.82390
0.81677
0.81230
0.80860
0.81791
0.81798
0.80652
0.80611
0.81429
0.81744
0.81744
0.80540
0.80676
0.78858
0.80194
0.80635
0.80635
0.82431
0.82320
0.85783
0.85783
0.85783
0.85334
0.85720
0.85022
0.83864
0.83867
0.83026
0.82794
0.82935
0.82206
0.79399
0.80767
0.79125
0.81448
0.81193
0.81050
0.81050
0.81466
0.82705
0.81096
0.81000
0.83199
0.83225
0.83230
0.82265
0.81409
0.79235
0.79486
0.79554
0.78659
0.78662
0.78656
0.77560
0.77347
0.77302
0.77295
0.78183
0.78350
0.79359
0.78233
0.78227
0.78220
0.79103
0.79103
0.79103
0.81445
0.81690
0.81586
0.81690
0.81818
0.81909
0.82021
0.83221
0.83633
0.83546
0.83546
0.83546
0.83432
0.83546
0.83553
0.83551
0.83546
0.84044
0.84055
0.84105
0.84124
0.84124
0.84637
0.84637
0.84278
0.82941
0.83105
0.83493
0.83451
0.82535
0.83756
0.85296
0.85147
0.85043
0.85891
0.84754
0.84109
0.86866
0.86904
0.86866
0.86883
0.86874
0.86866
0.87690
0.87467
0.88381
0.88234
0.86504
0.87892
0.87754
0.87754
0.87975
0.87887
0.87195
0.87003
0.87003
0.86501
0.86618
0.86512
0.88498
0.88062
0.87312
0.86099
0.86497
0.86586
0.84769
0.84292
0.84816
0.84773
0.83789
0.82791
0.83169
0.82579
0.82579
0.82579
0.82579
0.81389
0.80161
0.80510
0.80496
0.80477
0.80118
0.79691
0.78963
0.79107
0.79303
0.79552
0.79564
0.79120
0.78913
0.78825
0.78822
0.79438
0.78658
0.80303
0.80303
0.81276
0.81877
0.81771
0.81816
0.80212
0.80221
0.80559
0.79313
0.79882
0.79971
0.80539
0.80174
0.80372
0.78864
0.79661
0.79793
0.79793
0.78898
0.78127
0.80166
0.80145
0.79655
0.78629
0.78483
0.76579
0.77530
0.77529
0.77660
0.77456
0.76060
0.76062
0.76062
0.76315
0.76315
0.75884
0.77029
0.76395
0.76395
0.77214
0.77182
0.77182
0.75492
0.75621
0.75621
0.76014
0.75995
0.74695
0.74695
0.74695
0.74676
0.74027
0.73651
0.73026
0.72619
0.71377
0.71290
0.71851
0.69265
0.68405
0.67135
0.66771
0.66771
0.68029
0.67403
0.66368
0.65185
0.63459
0.65860
0.65251
0.64660
0.64203
0.64203
0.61831
0.62274
0.61881
0.62463
0.63923
0.63059
0.63834
0.63286
0.64001
0.65581
0.65581
0.65576
0.65663
0.63151
0.63193
0.65090
0.65501
0.65404
0.66132
0.66132
0.66571
0.66274
0.67127
0.64036
0.64582
0.64622
0.62406
0.61787
0.61146
0.61146
0.60829
0.60368
0.61766
0.61341
0.61391
0.61512
0.62203
0.61478
0.60295
0.60295
0.56951
0.56951
0.54840
0.56824
0.56330
0.57112
0.57118
0.58176
0.56260
0.56317
0.56870
0.57369
0.57279
0.56720
0.57116
0.57141
0.56926
0.56883
0.60666
0.60590
0.60666
0.60438
0.59949
0.59701
0.59672
0.60363
0.61692
0.62268
0.60741
0.60749
0.61277
0.59344
0.59344
0.59133
0.59133
0.59350
0.59863
0.59402
0.59402
0.59629
0.59303
0.59303
0.59303
0.59303
0.59462
0.59517
0.61516
0.61970
0.61970
0.62886
0.62889
0.64137
0.64137
0.64797
0.64763
0.66323
0.65570
0.65113
0.65113
0.65113
0.64909
0.66660
0.67555
0.67654
0.67555
0.68505
0.68539
0.68539
0.68681
0.69578
0.69278
0.69278
0.69278
0.66171
0.66464
0.68219
0.69422
0.73363
0.72957
0.74727
0.74091
0.72488
0.72907
0.73227
0.73227
0.73197
0.73227
0.73961
0.75260
0.74592
0.77080
0.77307
0.77307
0.77307
0.77311
0.77321
0.76190
0.76190
0.76180
0.75195
0.75838
0.75838
0.75328
0.75183
0.75296
0.75124
0.78031
0.79193
0.77554
0.77554
0.77581
0.77227
0.77705
0.80455
0.80445
0.78696
0.79597
0.79846
0.80762
0.81632
0.82621
0.82621
0.81777
0.81819
0.82369
0.82369
0.82369
0.82369
0.82373
0.81936
0.81998
0.81282
0.81282
0.81282
0.82376
0.83204
0.83204
0.83380
0.83904
0.85718
0.85553
0.86140
0.85565
0.85304
0.85282
0.84115
0.84028
0.84398
0.85233
0.83711
0.83711
0.83711
0.83711
0.83711
0.84069
0.81929
0.83987
0.84076
0.84081
0.86694
0.86371
0.87058
0.87058
0.87058
0.87812
0.89311
0.89312
0.89312
0.87121
0.86432
0.87257
0.87546
0.88344
0.85848
0.85848
0.86840
0.85789
0.85785
0.85686
0.85686
0.85689
0.85686
0.85686
0.84798
0.84860
0.84714
0.85996
0.87642
0.88242
0.88242
0.89983
0.91118
0.92243
0.92242
0.91435
0.92389
0.92014
0.92014
0.91518
0.91748
0.90243
0.90253
0.90070
0.90022
0.90837
0.90597
0.90597
0.91451
0.91340
0.91340
0.91626
0.91645
0.91627
0.92334
0.94289
0.94686
0.94690
0.97178
0.98892
0.98892
0.98892
0.98892
0.99335
0.97886
0.98362
0.97648
0.97750
0.99797
0.98199
0.98199
0.99237
0.99789
1.00000
1.00000
0.99719
0.99975
0.99989
1.00000
1.00000
0.99669
1.00000
0.98656
0.98259
1.00000
1.00000
0.96720
0.96720
0.97531
1.00000
0.96715
0.95542
0.95647
0.95647
0.95380
0.95531
0.93697
0.93697
0.93120
0.92926
0.92926
0.93775
0.93775
0.93317
0.92679
0.94128
0.93966
0.94631
0.93662
0.93734
0.93734
0.92851
0.94012
0.93713
0.93898
0.94816
0.96125
0.97876
0.97129
0.97346
0.97351
0.97351
0.97351
0.97351
0.96232
0.96232
0.95002
0.95545
0.96829
0.96581
0.96514
0.95000
0.93754
0.94093
0.93658
0.92970
0.92972
0.91186
0.91186
0.91186
0.91108
0.91186
0.90052
0.90957
0.90355
0.90090
0.90116
0.93656
0.94557
0.93576
0.93575
0.93274
0.93709
0.93060
0.93060
0.92718
0.92703
0.93185
0.92974
0.92708
0.92702
0.92661
0.92725
0.92715
0.92715
0.93041
0.92723
0.92656
0.93303
0.90826
0.90900
0.90893
0.92617
0.92884
0.92235
0.92424
0.90784
0.91067
0.91081
0.90413
0.89143
0.88933
0.88511
0.88563
0.89193
0.89192
0.89192
0.89192
0.89197
0.89116
0.87979
0.87979
0.87679
0.86810
0.86467
0.84690
0.84690
0.86146
0.86146
0.86146
0.86576
0.87614
0.87191
0.87191
0.86306
0.86362
0.86367
0.88072
0.87903
0.87916
0.87916
0.89545
0.89351
0.89956
0.90794
0.90974
0.91213
0.91471
0.90378
0.90378
0.89721
0.91476
0.91895
0.91895
0.90484
0.90484
0.91493
0.91971
0.92484
0.91058
0.91361
0.94103
0.95011
0.93775
0.93990
0.93884
0.92868
0.93892
0.96261
0.96535
0.91654
0.91653
0.91654
0.91399
0.92041
0.92041
0.91558
0.91558
0.94991
0.94515
0.96030
0.95785
0.94563
0.94446
0.92111
0.90594
0.90594
0.90608
0.91120
0.91120
0.91642
0.91642
0.90724
0.90892
0.90892
0.90195
0.90104
0.90082
0.90059
0.91304
0.91240
0.93262
0.92812
0.92854
0.91830
0.91611
0.91611
0.91611
0.90766
0.90516
0.91387
0.91446
0.91387
0.90425
0.91313
0.91410
0.90432
0.91689
0.91374
0.90126
0.87627
0.85242
0.87845
0.86074
0.86074
0.86811
0.86853
0.86245
0.86979
0.86936
0.87079
0.87707
0.88286
0.88179
0.91895
0.91457
0.91479
0.93540
0.95467
0.95419
0.98158
0.99391
0.99324
0.97368
0.97540
0.95681
0.95667
0.96725
0.96725
0.95383
0.95985
0.95279
0.94215
0.94215
0.94146
0.94338
0.92087
0.92087
0.94275
0.94290
0.94290
0.94290
0.96311
0.93837
0.94445
0.94441
0.95899
0.95589
0.99383
0.99997
1.00000
1.00000
0.99406
0.99461
0.97280
0.95277
0.95277
0.93491
0.93745
0.93745
0.93745
0.95384
0.95384
0.97725
0.98133
0.97671
0.97671
0.95438
0.96407
0.95259
0.92987
0.94616
0.93541
0.93971
0.93971
0.93394
0.94709
0.92726
0.92672
0.92726
0.94255
0.95645
0.96362
0.96990
0.97294
0.98234
0.98372
0.99272
0.99525
0.99524
0.99524
0.99524
1.00000
0.99768
1.00000
0.99999
1.00000
1.00000
0.95607
0.96232
0.96155
0.96232
0.95711
0.95824
0.96099
0.97293
0.97284
0.97284
0.97128
0.97128
0.99444
0.96514
0.96324
0.96326
0.96374
0.97681
0.97644
0.97644
0.98245
0.97093
0.97060
0.96257
0.96648
0.97355
0.97338
1.00000
0.99142
0.97430
0.97609
0.96465
0.96465
0.96419
0.96778
0.97611
0.99505
0.96481
0.96259
0.96816
0.98985
0.99018
0.99088
0.98287
0.99480
0.99480
0.99480
1.00000
0.99968
1.00000
0.99571
0.98388
0.98037
0.97914
0.97840
0.97798
0.97798
0.97798
0.99100
0.99102
0.97674
0.97970
0.97834
0.98787
0.98665
0.97978
0.97456
0.98770
0.98737
0.98708
0.99213
1.00000
0.98470
0.98470
0.99162
0.99122
0.97790
0.98448
0.97751
0.96338
0.97032
0.97032
0.97065
0.99101
0.98180
0.97551
0.97861
0.97861
0.97860
0.96975
0.96975
0.96975
0.96441
0.97827
0.97827
0.97144
0.97158
0.96736
0.97364
0.97368
0.97141
0.97015
1.00000
1.00000
1.00000
1.00000
1.00000
0.98917
0.99009
0.99719
0.99170
0.98213
0.99556
0.99556
0.99556
0.99018
0.97942
0.97942
0.98646
0.98646
0.96843
0.96551
0.95943
0.95625
0.95496
0.96850
0.96863
0.96850
0.98267
0.98303
0.98580
0.98572
1.00000
0.99372
0.98294
0.98332
0.98334
0.98334
0.98921
0.97637
0.99124
0.98501
0.96911
0.96207
0.96286
0.96146
0.96146
0.96146
0.96146
0.96382
0.98035
0.98035
0.98624
0.99998
0.99675
0.99379
0.98712
0.96875
0.96935
0.95795
0.95795
0.95772
0.95978
0.93832
0.93763
0.94698
0.94225
0.94345
0.94039
0.93793
0.93041
0.93041
0.92262
0.91367
0.88746
0.90555
0.91557
0.91557
0.91557
0.91549
0.90741
0.90741
0.90741
0.90742
0.90741
0.88245
0.86554
0.85984
0.84486
0.84514
0.87788
0.88787
0.87149
0.88087
0.88087
0.88087
0.87157
0.86230
0.86220
0.85185
0.82639
0.82774
0.82774
0.82231
0.82220
0.80493
0.80492
0.80491
0.81145
0.81788
0.81844
0.83224
0.83224
0.83224
0.82591
0.83286
0.83389
0.84316
0.84059
0.86393
0.86053
0.86962
0.87345
0.87345
0.87432
0.85870
0.88804
0.88804
0.87093
0.86717
0.87247
0.87682
0.87685
0.85665
0.85263
0.84748
0.83219
0.82870
0.83979
0.82347
0.83493
0.83772
0.85068
0.83989
0.81804
0.82011
0.81373
0.80050
0.81678
0.80230
0.80225
0.79061
0.79063
0.76866
0.75078
0.74510
0.74616
0.74570
0.75713
0.76087
0.76489
0.75347
0.75344
0.75548
0.74938
0.75089
0.75905
0.73482
0.73541
0.74361
0.74334
0.76409
0.76408
0.76472
0.76639
0.75402
0.76528
0.74666
0.77165
0.77394
0.77096
0.79008
0.80032
0.79971
0.78889
0.79493
0.79475
0.79475
0.79475
0.81493
0.81900
0.81910
0.81931
0.82167
0.80838
0.82653
0.84709
0.84688
0.84685
0.84406
0.81873
0.80561
0.81638
0.81898
0.81833
0.81898
0.81898
0.81898
0.82085
0.82317
0.82434
0.81981
0.81995
0.81722
0.80587
0.80296
0.80131
0.81382
0.80242
0.81588
0.79991
0.81313
0.81283
0.81283
0.80519
0.80519
0.80178
0.81111
0.81111
0.80624
0.80646
0.80688
0.80084
0.79969
0.79969
0.79969
0.79995
0.79969
0.80007
0.81052
0.81685
0.81685
0.81685
0.81685
0.81913
0.84565
0.85442
0.85473
0.85388
0.85726
0.85390
0.84867
0.84227
0.83489
0.82736
0.83056
0.83187
0.83992
0.82571
0.82030
0.82030
0.82216
0.82611
0.81434
0.81432
0.81182
0.81182
0.81057
0.81073
0.80310
0.79745
0.79349
0.79360
0.79491
0.79319
0.77609
0.79049
0.80986
0.82055
0.82055
0.81855
0.81855
0.81852
0.82851
0.84045
0.83966
0.84137
0.85558
0.87461
0.86817
0.87538
0.88998
0.89030
0.89674
0.89674
0.92302
0.92302
0.92770
0.93868
0.92733
0.92730
0.91743
0.90936
0.90855
0.88886
0.88862
0.88496
0.88525
0.87741
0.86304
0.86318
0.86318
0.85848
0.85830
0.86403
0.86403
0.86403
0.86403
0.86403
0.87630
0.88920
0.88920
0.92254
0.91602
0.91406
0.91046
0.91270
0.91270
0.91270
0.91270
0.92517
0.92193
0.91330
0.91330
0.91328
0.90366
0.89466
0.90942
0.91006
0.90097
0.89495
0.89498
0.89497
0.89495
0.91093
0.91082
0.91296
0.91296
0.91652
0.91651
0.91778
0.92004
0.92015
0.92117
0.93814
0.92463
0.92110
0.91978
0.92507
0.91130
0.94018
0.94016
0.94018
0.91751
0.91466
0.91348
0.92048
0.92207
0.90820
0.90822
0.90018
0.89983
0.90570
0.90568
0.88302
0.87714
0.86874
0.86109
0.86783
0.83798
0.84915
0.85093
0.85093
0.85040
0.84481
0.83557
0.82609
0.82609
0.83301
0.84036
0.84036
0.84036
0.84036
0.82617
0.82458
0.81783
0.81783
0.83161
0.83300
0.83335
0.83300
0.83309
0.83635
0.84748
0.84303
0.84303
0.84303
0.86383
0.86303
0.85874
0.85074
0.84162
0.82538
0.84258
0.84984
0.83975
0.84392
0.85777
0.86372
0.86372
0.83208
0.82042
0.81909
0.81958
0.81665
0.81910
0.82208
0.83143
0.83022
0.82974
0.82986
0.83285
0.84139
0.84071
0.85186
0.85426
0.83422
0.83422
0.82111
0.82552
0.82185
0.83731
0.84583
0.84255
0.84096
0.81949
0.81950
0.82041
0.81661
0.81592
0.81592
0.80730
0.81188
0.80461
0.80441
0.78782
0.78782
0.77169
0.77169
0.78869
0.78559
0.78775
0.77639
0.76842
0.78738
0.78032
0.76341
0.74749
0.74747
0.73692
0.73598
0.71865
0.72811
0.72811
0.73110
0.73065
0.72659
0.72732
0.73096
0.72389
0.73146
0.73024
0.73398
0.73846
0.73806
0.73901
0.75365
0.76476
0.75524
0.72471
0.71368
0.71089
0.70761
0.70741
0.73752
0.69917
0.70618
0.70586
0.70618
0.72153
0.71330
0.71471
0.70695
0.71133
0.71133
0.71123
0.70450
0.71015
0.71136
0.69483
0.68727
0.68578
0.69664
0.69664
0.68959
0.69159
0.67923
0.67102
0.67196
0.68693
0.68192
0.67555
0.66424
0.66535
0.65657
0.65657
0.65657
0.65657
0.64522
0.64517
0.64517
0.64517
0.64517
0.65164
0.65180
0.65298
0.65299
0.63289
0.63366
0.63389
0.62545
0.62180
0.62244
0.62244
0.61491
0.61899
0.61899
0.61434
0.59441
0.61426
0.61067
0.62859
0.62857
0.62846
0.62063
0.61767
0.62054
0.62191
0.62384
0.62772
0.62774
0.62775
0.62276
0.63128
0.62734
0.62734
0.62734
0.62579
0.62274
0.62353
0.62185
0.64417
0.64419
0.64894
0.64894
0.66657
0.66648
0.66648
0.66648
0.66648
0.65488
0.65708
0.65155
0.67765
0.66334
0.66332
0.66286
0.65464
0.65976
0.66360
0.66344
0.65759
0.65692
0.65105
0.66583
0.67883
0.71026
0.70893
0.71527
0.74409
0.74810
0.74774
0.75179
0.73614
0.70935
0.70935
0.72126
0.72126
0.73016
0.71955
0.71546
0.74006
0.75043
0.74480
0.74478
0.74019
0.74019
0.73898
0.74832
0.75757
0.75759
0.75759
0.75759
0.75791
0.76275
0.75074
0.75342
0.74400
0.73507
0.73838
0.77043
0.76775
0.76775
0.77699
0.77560
0.78656
0.77717
0.78868
0.81194
0.83338
0.85660
0.87218
0.86999
0.87218
0.87216
0.87218
0.88306
0.88021
0.87284
0.87321
0.87928
0.85702
0.86168
0.86168
0.85847
0.85847
0.85847
0.86972
0.86381
0.86381
0.86396
0.87747
0.87748
0.87748
0.88339
0.88358
0.88358
0.88358
0.87512
0.87639
0.87639
0.89561
0.89299
0.89123
0.89123
0.89123
0.90953
0.90675
0.90173
0.90966
0.90966
0.91926
0.92771
0.92892
0.93272
0.93310
0.93310
0.93395
0.93274
0.92679
0.92176
0.92761
0.92785
0.92761
0.92770
0.92761
0.92761
0.92759
0.92242
0.91710
0.91507
0.93896
0.94108
0.94108
0.94108
0.95501
0.98470
0.99901
1.00000
0.98647
0.98744
0.98744
0.98744
0.97625
0.97807
0.97522
0.96106
0.96106
0.96106
0.97272
0.97891
0.98779
0.98943
0.98943
0.98721
0.98552
0.99260
0.99505
0.99686
1.00000
1.00000
1.00000
1.00000
1.00000
1.00000
1.00000
1.00000
0.99646
0.99966
0.98426
0.98446
0.98379
0.98851
0.98630
0.97242
0.97301
0.99319
1.00000
1.00000
0.99995
0.99443
0.99645
0.97840
0.98049
0.96051
0.97326
0.96409
0.95606
0.94936
0.92853
0.92853
0.93339
0.94165
0.96753
0.96753
0.95800
0.97089
0.97926
0.97816
0.97216
0.95440
0.95451
0.95230
0.95406
0.95348
0.95451
0.95387
0.96609
0.98215
0.99930
1.00000
0.96856
0.94144
0.94747
0.94747
0.96019
0.97559
0.95786
0.95785
0.94033
0.93469
0.93496
0.93601
0.92237
0.95068
0.94844
0.94844
0.94844
0.94929
0.95065
0.95065
0.95065
0.95780
0.95862
0.96728
0.96985
0.99090
0.99112
0.99631
0.99979
0.99434
1.00000
0.99961
1.00000
0.99980
0.99968
1.00000
0.99863
0.99861
0.99863
0.99863
1.00000
1.00000
0.98898
0.98887
0.99416
0.98374
0.98414
0.97173
0.97204
0.97985
0.96148
0.96148
0.97637
0.97643
0.97655
0.98310
0.98150
0.97984
0.95757
0.96132
0.93728
0.94103
0.92869
0.92869
0.92938
0.91608
0.90785
0.90791
0.90085
0.90039
0.90958
0.90958
0.90470
0.90467
0.90467
0.90467
0.90233
0.90360
0.90556
0.90420
0.90420
0.87923
0.87923
0.88261
0.88828
0.87860
0.90038
0.90038
0.89477
0.91512
0.91512
0.91766
0.91755
0.91214
0.92498
0.92474
0.93672
0.93672
0.92342
0.90941
0.91388
0.93420
0.93420
0.93420
0.93420
0.93420
0.93844
0.92492
0.93094
0.91107
0.90943
0.93141
0.91681
0.91550
0.90518
0.92021
0.92021
0.92467
0.94387
0.94375
0.94372
0.93256
0.93222
0.93222
0.93714
0.93715
0.93715
0.91878
0.94216
0.94407
0.94410
0.93070
0.93070
0.93067
0.93061
0.93068
0.93891
0.94451
0.94451
0.94451
0.93426
0.94440
0.95317
0.98147
0.98147
0.98147
0.98115
0.98147
0.99794
0.99794
0.99794
0.99794
1.00000
1.00000
0.99050
0.99050
0.99050
1.00000
1.00000
1.00000
1.00000
1.00000
1.00000
0.99973
1.00000
0.99967
1.00000
1.00000
1.00000
1.00000
1.00000
0.99858
0.99858
0.99629
0.99120
0.98840
0.95635
0.96087
0.95437
0.95918
0.95918
0.94105
0.89270
0.89894
0.92465
0.92465
0.93448
0.93772
0.93953
0.93733
0.93804
0.91425
0.92451
0.89963
0.85789
0.85114
0.85112
0.85675
0.84119
0.83891
0.83885
0.86908
0.84860
0.84190
0.84190
0.83671
0.83309
0.84695
0.84671
0.85382
0.85405
0.85188
0.85195
0.83983
0.84844
0.85590
0.85156
0.85055
0.85769
0.85769
0.86260
0.86302
0.86302
0.86596
0.86541
0.85394
0.86309
0.85840
0.86208
0.85633
0.85620
0.85254
0.85836
0.85836
0.87466
0.89023
0.90335
0.90348
0.90335
0.89932
0.90514
0.90640
0.90494
0.91699
0.90475
0.90475
0.91678
0.91678
0.90745
0.91000
0.89666
0.89692
0.89962
0.90077
0.89870
0.90321
0.91610
0.90618
0.90618
0.89079
0.86582
0.86582
0.86161
0.86551
0.85222
0.83992
0.84027
0.83985
0.83985
0.83327
0.83023
0.84298
0.84061
0.84700
0.84721
0.83825
0.83817
0.85204
0.85665
0.85665
0.85665
0.86575
0.87217
0.89340
0.86689
0.86689
0.87614
0.88125
0.88365
0.87330
0.86733
0.86362
0.85038
0.85038
0.83983
0.83952
0.84706
0.84788
0.84162
0.84277
0.84226
0.82002
0.81997
0.82031
0.81229
0.82026
0.82024
0.81937
0.78319
0.78423
0.77927
0.77927
0.77314
0.74141
0.74187
0.74151
0.76004
0.74805
0.74591
0.76045
0.75596
0.75596
0.75596
0.75947
0.75947
0.77158
0.77228
0.76567
0.76185
0.76623
0.76427
0.75145
0.74595
0.75125
0.75145
0.75145
0.75145
0.74899
0.74685
0.74646
0.74711
0.75108
0.75556
0.74953
0.76047
0.74102
0.73790
0.72823
0.72817
0.72768
0.71001
0.71011
0.71493
0.68703
0.69478
0.68350
0.68149
0.68134
0.68111
0.68177
0.69462
0.69462
0.71894
0.71894
0.71894
0.72178
0.72178
0.71699
0.72528
0.72396
0.72109
0.72109
0.72648
0.72483
0.72210
0.72810
0.72487
0.72483
0.72483
0.72483
0.71152
0.70055
0.71320
0.70765
0.68955
0.67737
0.69410
0.68802
0.69410
0.69558
0.69110
0.69277
0.69782
0.69782
0.69782
0.69782
0.69782
0.70194
0.71250
0.71250
0.71250
0.70682
0.70591
0.70552
0.70663
0.69183
0.67065
0.66155
0.65672
0.65276
0.64723
0.64492
0.64199
0.64498
0.64544
0.62560
0.62423
0.62423
0.62622
0.62270
0.61560
0.62449
0.63045
0.62685
0.62673
0.63491
0.63214
0.63154
0.63236
0.63485
0.63342
0.63384
0.63364
0.63411
0.63197
0.63045
0.63045
0.62977
0.62378
0.61883
0.61714
0.61541
0.61423
0.61426
0.61484
0.61645
0.61645
0.61645
0.61645
0.61645
0.61635
0.61613
0.62188
0.60253
0.60669
0.60295
0.58691
0.59360
0.59062
0.60027
0.58676
0.58676
0.58676
0.58676
0.56694
0.56820
0.57116
0.57791
0.57600
0.57475
0.57600
0.57610
0.56147
0.55332
0.55306
0.54583
0.54528
0.55540
0.55565
0.56223
0.56164
0.57491
0.56271
0.56099
0.55162
0.55200
0.55487
0.55493
0.55486
0.55488
0.56736
0.57634
0.57367
0.56261
0.58048
0.61757
0.61051
0.61025
0.60660
0.58974
0.59624
0.61304
0.61368
0.59377
0.59377
0.59377
0.57142
0.57728
0.59151
0.58987
0.59000
0.59238
0.59258
0.59012
0.60567
0.60570
0.60570
0.60640
0.60570
0.60915
0.60570
0.60570
0.59868
0.59919
0.58871
0.58871
0.58861
0.59936
0.60649
0.60678
0.60218
0.58315
0.58856
0.59579
0.57451
0.56353
0.56499
0.53975
0.55384
0.54507
0.54288
0.54207
0.54413
0.54414
0.54404
0.54331
0.54331
0.53294
0.53004
0.52922
0.52627
0.51671
0.52457
0.52223
0.50885
0.47997
0.48578
0.49151
0.50864
0.49620
0.49071
0.49097
0.49074
0.50218
0.52202
0.53688
0.53716
0.53731
0.53701
0.53701
0.54165
0.53851
0.53851
0.52621
0.52623
0.52936
0.52997
0.53026
0.54345
0.54997
0.52025
0.51009
0.51011
0.51071
0.51011
0.51011
0.50899
0.50435
0.50439
0.48674
0.47192
0.47233
0.47233
0.47929
0.47807
0.47578
0.49018
0.48999
0.50435
0.49557
0.50966
0.50970
0.50044
0.50075
0.49995
0.48421
0.48487
0.48487
0.47633
0.45977
0.46103
0.45129
0.45129
0.44286
0.42523
0.42227
0.42241
0.42254
0.43761
0.44963
0.43883
0.41533
0.39223
0.40904
0.40900
0.41281
0.41514
0.41940
0.41686
0.41189
0.41741
0.41741
0.42625
0.41198
0.41194
0.38013
0.38011
0.38013
0.37983
0.38013
0.39304
0.40551
0.40656
0.38829
0.38269
0.37609
0.37461
0.38168
0.38185
0.38168
0.38374
0.38494
0.38573
0.37903
0.37878
0.37903
0.39235
0.39383
0.38450
0.38363
0.38084
0.37805
0.37035
0.36362
0.37124
0.37652
0.41589
0.42503
0.43485
0.43485
0.43486
0.43811
0.44211
0.44295
0.44183
0.44207
0.44896
0.44731
0.46184
0.45114
0.45033
0.46711
0.46798
0.46288
0.45768
0.46796
0.46904
0.46871
0.45944
0.45145
0.45044
0.43803
0.43799
0.43802
0.44199
0.44002
0.45338
0.45333
0.45334
0.45338
0.45777
0.45719
0.42359
0.42359
0.43769
0.44288
0.44382
0.46098
0.44998
0.44954
0.43875
0.43879
0.44223
0.44170
0.40696
0.40696
0.40725
0.41719
0.43759
0.43759
0.43759
0.45917
0.45983
0.46490
0.45450
0.45029
0.44937
0.44946
0.44273
0.44242
0.44970
0.44457
0.45414
0.45239
0.45381
0.45178
0.44502
0.43189
0.43189
0.43189
0.43115
0.43719
0.44074
0.44171
0.44171
0.42602
0.42508
0.43369
0.43369
0.43002
0.42470
0.41661
0.42949
0.42142
0.43670
0.43553
0.44233
0.44937
0.44971
0.44934
0.42526
0.40858
0.40871
0.40188
0.40099
0.41074
0.42395
0.43384
0.44402
0.44810
0.45079
0.45079
0.47706
0.49350
0.49228
0.49980
0.49327
0.49327
0.48914
0.49802
0.49802
0.49802
0.50771
0.50797
0.50797
0.50797
0.51282
0.52016
0.52107
0.51627
0.50506
0.51160
0.51160
0.51160
0.51160
0.51315
0.52269
0.52234
0.52025
0.50339
0.52738
0.52792
0.52782
0.52782
0.52246
0.52139
0.52737
0.54867
0.51372
0.51485
0.53244
0.53244
0.53244
0.52712
0.52712
0.52524
0.54500
0.54043
0.55620
0.55623
0.57704
0.55713
0.55713
0.57117
0.53783
0.52821
0.50812
0.50812
0.50812
0.50788
0.50768
0.51464
0.51062
0.51100
0.51464
0.51450
0.51773
0.51773
0.49596
0.47386
0.47513
0.47386
0.47327
0.47128
0.46843
0.46810
0.46026
0.46373
0.46373
0.46373
0.46865
0.46372
0.46983
0.46983
0.46445
0.46178
0.46187
0.45263
0.44469
0.43634
0.44710
0.43199
0.45587
0.45445
0.45490
0.45211
0.45211
0.45205
0.45006
0.45006
0.45885
0.47273
0.45713
0.46913
0.47805
0.46251
0.46251
0.44645
0.44658
0.45153
0.43443
0.43743
0.45530
0.45483
0.45683
0.46878
0.47990
0.48238
0.47977
0.48001
0.47848
0.48627
0.49801
0.47982
0.48022
0.48012
0.48234
0.48266
0.48012
0.49094
0.49094
0.48582
0.49310
0.49310
0.46812
0.45735
0.44555
0.44555
0.44546
0.46442
0.47364
0.45181
0.45517
0.46110
0.46001
0.46373
0.48480
0.49208
0.49215
0.50561
0.50779
0.51533
0.54548
0.54551
0.54551
0.53428
0.53234
0.53934
0.53934
0.53934
0.53763
0.54290
0.54457
0.54457
0.54770
0.54465
0.55722
0.56757
0.54383
0.54385
0.52829
0.52825
0.53273
0.54167
0.55386
0.54309
0.54527
0.54527
0.54527
0.54212
0.54831
0.54833
0.54640
0.53679
0.54283
0.54354
0.53859
0.54485
0.54480
0.52390
0.53406
0.54213
0.51420
0.50706
0.50706
0.50802
0.48611
0.49007
0.49007
0.51379
0.52442
0.52722
0.51508
0.51613
0.52381
0.54250
0.54250
0.51056
0.53064
0.53016
0.54497
0.54497
0.54552
0.54558
0.54559
0.54160
0.54160
0.55104
0.56546
0.56546
0.56376
0.56370
0.56379
0.56376
0.58182
0.57661
0.58868
0.58866
0.58866
0.60623
0.60637
0.60481
0.60387
0.60387
0.59637
0.60082
0.60082
0.61574
0.62948
0.63630
0.63630
0.63985
0.64018
0.62365
0.62444
0.61856
0.62181
0.62112
0.61870
0.62116
0.62106
0.62550
0.62550
0.62553
0.62683
0.62623
0.62314
0.64257
0.63555
0.62956
0.64162
0.64685
0.63851
0.63622
0.63622
0.64890
0.65409
0.65830
0.65903
0.65903
0.65894
0.65581
0.65581
0.65569
0.65154
0.65154
0.65154
0.63159
0.63176
0.63048
0.63004
0.63716
0.63658
0.63362
0.62679
0.62188
0.60562
0.60007
0.61155
0.61025
0.62002
0.61189
0.61241
0.61511
0.61737
0.60986
0.60661
0.60622
0.61479
0.60203
0.57430
0.57430
0.57721
0.58823
0.58623
0.58623
0.60538
0.61901
0.61924
0.61918
0.61924
0.60888
0.61040
0.59710
0.59710
0.59033
0.61564
0.60395
0.60354
0.60124
0.60124
0.60119
0.60389
0.60295
0.60118
0.58466
0.58777
0.58300
0.59497
0.59511
0.59497
0.59252
0.59497
0.59497
0.59497
0.59497
0.58099
0.58104
0.58430
0.56003
0.56003
0.58127
0.58279
0.58285
0.57774
0.57546
0.56580
0.56889
0.56496
0.55263
0.54956
0.54897
0.53731
0.53748
0.55113
0.54668
0.53019
0.53801
0.53801
0.53831
0.52579
0.52583
0.52583
0.52582
0.54461
0.55676
0.54792
0.54792
0.57146
0.60457
0.60560
0.60560
0.60017
0.60017
0.60017
0.58137
0.56307
0.55926
0.55937
0.55935
0.56111
0.57065
0.54109
0.54065
0.54068
0.56297
0.56442
0.56315
0.56302
0.57923
0.58024
0.58024
0.58248
0.58692
0.58778
0.58778
0.58568
0.58570
0.59158
0.59158
0.60968
0.61263
0.60080
0.58305
0.56356
0.56456
0.56692
0.56692
0.55492
0.55283
0.53467
0.52585
0.52584
0.52584
0.52609
0.53346
0.52112
0.50985
0.53850
0.53078
0.52857
0.51917
0.51428
0.51379
0.51453
0.50538
0.50569
0.50569
0.52196
0.51120
0.50729
0.49874
0.48964
0.48961
0.48959
0.48955
0.47569
0.47966
0.47965
0.48163
0.46295
0.46295
0.47060
0.47126
0.50741
0.49199
0.45663
0.42799
0.43587
0.43496
0.43496
0.41395
0.42422
0.42807
0.42736
0.40872
0.42246
0.41626
0.41692
0.43793
0.43754
0.46178
0.46106
0.47143
0.46940
0.45613
0.45613
0.46492
0.46492
0.48608
0.46845
0.48328
0.48328
0.48328
0.47696
0.48793
0.48589
0.48589
0.48827
0.47798
0.49212
0.51299
0.53954
0.53954
0.53954
0.53954
0.53945
0.54323
0.54210
0.54629
0.56225
0.57547
0.56625
0.57430
0.57424
0.57327
0.57405
0.56684
0.56684
0.56184
0.56833
0.57120
0.58245
0.56512
0.53983
0.54510
0.54510
0.51885
0.50842
0.51039
0.51381
0.51302
0.51303
0.51302
0.52096
0.51871
0.51816
0.52211
0.51800
0.51439
0.55176
0.55427
0.57191
0.57191
0.57191
0.57265
0.55419
0.55505
0.55832
0.56716
0.56742
0.56347
0.56740
0.59285
0.61025
0.62109
0.62124
0.61484
0.61484
0.61490
0.63223
0.62440
0.61728
0.61728
0.61717
0.58615
0.58163
0.59088
0.57514
0.57167
0.57506
0.57514
0.57514
0.57514
0.57514
0.57868
0.57874
0.56157
0.55623
0.55810
0.55658
0.55972
0.56335
0.56822
0.58960
0.58965
0.58960
0.58942
0.58960
0.57825
0.57862
0.57806
0.58395
0.59347
0.61209
0.59248
0.57984
0.58836
0.59002
0.59064
0.60574
0.60458
0.60564
0.59573
0.58909
0.58909
0.61220
0.58813
0.59214
0.59214
0.60814
0.60637
0.59782
0.59788
0.61122
0.61122
0.61122
0.60439
0.59240
0.59243
0.60574
0.61031
0.61234
0.63429
0.64300
0.64300
0.64300
0.64300
0.64419
0.64582
0.65941
0.65404
0.65474
0.65745
0.65739
0.64377
0.64377
0.65078
0.66173
0.66714
0.66698
0.70384
0.70329
0.70329
0.72215
0.71823
0.71823
0.71823
0.71867
0.71903
0.71867
0.71867
0.72059
0.72005
0.72122
0.71778
0.73840
0.73840
0.73840
0.74639
0.74634
0.75249
0.75249
0.74760
0.75243
0.75229
0.75229
0.76070
0.78279
0.78884
0.79016
0.79025
0.79089
0.79280
0.79808
0.79808
0.81300
0.82082
0.82203
0.82454
0.82454
0.83291
0.83291
0.80534
0.78689
0.78855
0.78855
0.79218
0.79510
0.79902
0.79902
0.77432
0.77440
0.76793
0.77283
0.79201
0.79210
0.79201
0.78276
0.78276
0.77313
0.77380
0.77380
0.75691
0.73671
0.73695
0.72897
0.72932
0.72897
0.72860
0.72857
0.72361
0.70764
0.73610
0.74481
0.75084
0.75084
0.75990
0.77011
0.77011
0.76528
0.78593
0.78593
0.76770
0.75169
0.74351
0.74493
0.77699
0.77592
0.76819
0.76967
0.77071
0.77243
0.76889
0.76938
0.74589
0.74593
0.74451
0.76243
0.75042
0.73969
0.73981
0.72819
0.73616
0.75668
0.76839
0.76839
0.76839
0.76839
0.75283
0.76219
0.76219
0.76219
0.77460
0.77440
0.77769
0.75946
0.74798
0.75070
0.74583
0.75223
0.75241
0.73925
0.73925
0.73925
0.74820
0.73782
0.74115
0.74136
0.74171
0.76354
0.76528
0.76995
0.77074
0.77460
0.79864
0.78135
0.80022
0.82375
0.83232
0.83232
0.83614
0.85351
0.82114
0.78930
0.78395
0.78394
0.78812
0.78893
0.79617
0.78399
0.78401
0.78399
0.78399
0.77508
0.77508
0.77788
0.77788
0.74088
0.74131
0.74131
0.74131
0.72357
0.71036
0.70995
0.70995
0.69881
0.69881
0.68574
0.68574
0.68673
0.69073
0.69073
0.71092
0.70548
0.69520
0.69064
0.70531
0.70194
0.70247
0.72259
0.72563
0.71169
0.70809
0.72112
0.71009
0.70758
0.70762
0.70770
0.71765
0.71895
0.71889
0.71889
0.71218
0.71771
0.71773
0.71764
0.71331
0.71654
0.70960
0.69432
0.68258
0.64945
0.64931
0.64968
0.65138
0.66496
0.65345
0.63554
0.61312
0.63695
0.63695
0.62319
0.62320
0.62892
0.63548
0.64174
0.61588
0.62673
0.62673
0.60449
0.58986
0.59940
0.58683
0.59011
0.59011
0.59532
0.59532
0.59435
0.59432
0.59342
0.59351
0.59353
0.59682
0.58320
0.58320
0.57799
0.57590
0.57590
0.57498
0.57590
0.59045
0.59033
0.59059
0.59156
0.59156
0.59704
0.60013
0.60013
0.59725
0.57885
0.57885
0.58699
0.58689
0.58573
0.57765
0.57059
0.55721
0.56428
0.56428
0.56538
0.56945
0.57447
0.57442
0.57251
0.57251
0.57269
0.57251
0.57251
0.57251
0.56912
0.56909
0.55314
0.57709
0.54536
0.54524
0.54518
0.54518
0.54413
0.54265
0.54686
0.55323
0.54248
0.53631
0.55362
0.55369
0.57265
0.57265
0.57689
0.57689
0.57651
0.59695
0.59511
0.61706
0.61254
0.61254
0.60776
0.60740
0.60372
0.58949
0.58949
0.58949
0.59468
0.58643
0.58258
0.58351
0.58320
0.57084
0.57298
0.58500
0.58070
0.58682
0.58683
0.57886
0.60834
0.62280
0.60092
0.60092
0.59590
0.58865
0.58865
0.58865
0.57788
0.57753
0.57788
0.57768
0.58211
0.57942
0.55492
0.53812
0.53795
0.54507
0.53311
0.53311
0.53311
0.53209
0.53311
0.53316
0.51930
0.50279
0.51925
0.52814
0.52349
0.51777
0.50432
0.49613
0.48753
0.50160
0.49870
0.50263
0.50747
0.52154
0.52154
0.52154
0.51007
0.50978
0.51791
0.49670
0.50799
0.48951
0.48791
0.48685
0.48796
0.48789
0.47550
0.45356
0.45343
0.44112
0.41928
0.41935
0.38047
0.38047
0.37982
0.37995
0.38355
0.38333
0.39622
0.39532
0.39571
0.37336
0.36994
0.36994
0.36866
0.36878
0.36434
0.36434
0.38092
0.36104
0.32807
0.32813
0.32813
0.32814
0.32813
0.32803
0.31347
0.28790
0.28790
0.29354
0.28852
0.29354
0.29548
0.29533
0.29542
0.29540
0.30267
0.29311
0.27454
0.27454
0.26012
0.27907
0.27171
0.27169
0.29509
0.31084
0.30627
0.30627
0.31486
0.32449
0.34052
0.32797
0.32797
0.32797
0.32797
0.32797
0.32797
0.33845
0.33276
0.33440
0.34376
0.35580
0.35550
0.35143
0.35079
0.35055
0.35055
0.35784
0.35670
0.36864
0.36503
0.36317
0.36317
0.36317
0.35409
0.36083
0.36885
0.34908
0.34792
0.35005
0.35527
0.34660
0.34657
0.34175
0.34224
0.34093
0.34227
0.34227
0.34227
0.34389
0.34640
0.35468
0.35171
0.34624
0.34504
0.32801
0.33665
0.32436
0.32665
0.32436
0.33503
0.33369
0.34265
0.34265
0.34265
0.34265
0.34265
0.35777
0.33706
0.33703
0.33722
0.33703
0.35032
0.35032
0.35874
0.36329
0.36436
0.36327
0.36436
0.36078
0.35556
0.36397
0.35400
0.36097
0.36721
0.37051
0.36710
0.36710
0.35819
0.34255
0.34251
0.33308
0.33308
0.33529
0.33819
0.33880
0.33897
0.33933
0.33413
0.32582
0.33315
0.32029
0.31978
0.33794
0.33794
0.33924
0.33769
0.32855
0.32855
0.31199
0.31068
0.31776
0.32407
0.32256
0.32256
0.30568
0.31731
0.31785
0.31998
0.32603
0.33130
0.33773
0.32863
0.31873
0.31956
0.33080
0.33548
0.35142
0.36821
0.37322
0.35482
0.35486
0.35486
0.35566
0.35566
0.35685
0.34750
0.34740
0.36388
0.37102
0.37906
0.38823
0.38823
0.39319
0.41005
0.41005
0.40738
0.39688
0.39827
0.39619
0.38595
0.38595
0.38784
0.38406
0.37960
0.37343
0.36940
0.35985
0.35985
0.35865
0.36086
0.36403
0.36372
0.36269
0.36259
0.35475
0.36628
0.36890
0.36546
0.35066
0.32214
0.32217
0.33049
0.34631
0.35020
0.35187
0.33804
0.32634
0.32889
0.32764
0.32257
0.31599
0.33920
0.31095
0.30851
0.28524
0.28654
0.26802
0.26802
0.27006
0.26996
0.26996
0.26961
0.26996
0.25963
0.27151
0.27292
0.28865
0.29567
0.27609
0.27676
0.27709
0.27688
0.27798
0.27688
0.27688
0.27676
0.28950
0.27576
0.27101
0.26052
0.26045
0.25874
0.24469
0.25933
0.25955
0.25804
0.26918
0.26918
0.28206
0.28206
0.29510
0.29510
0.30011
0.29974
0.28686
0.30134
0.28508
0.27256
0.27242
0.29103
0.31726
0.31726
0.34026
0.34477
0.34486
0.34477
0.34474
0.34604
0.32922
0.33678
0.33678
0.33872
0.33872
0.33872
0.31725
0.31597
0.29892
0.30815
0.30508
0.30509
0.30509
0.30381
0.31474
0.32198
0.32177
0.33900
0.35328
0.36688
0.36687
0.36687
0.36673
0.36892
0.36691
0.37435
0.35429
0.35426
0.35213
0.35213
0.33423
0.33423
0.31864
0.31851
0.31851
0.31851
0.31629
0.31512
0.30389
0.30386
0.31282
0.30214
0.31800
0.31800
0.31800
0.31699
0.33520
0.36549
0.36526
0.37318
0.37318
0.37311
0.34558
0.36460
0.36460
0.37570
0.38201
0.38121
0.39232
0.38678
0.38508
0.38757
0.41861
0.41407
0.41265
0.41280
0.41412
0.40977
0.40977
0.39613
0.39613
0.39585
0.39345
0.39408
0.40359
0.40651
0.40725
0.41399
0.41399
0.41399
0.41399
0.41399
0.41325
0.41099
0.40917
0.40917
0.40329
0.40517
0.42339
0.41945
0.40733
0.43144
0.43843
0.45616
0.45616
0.45615
0.44300
0.44954
0.45529
0.45529
0.45529
0.45529
0.45114
0.44843
0.44372
0.45240
0.45414
0.46146
0.45223
0.45367
0.44973
0.45017
0.45048
0.45045
0.45065
0.45059
0.45094
0.44947
0.44176
0.45023
0.45023
0.45920
0.44460
0.45090
0.44965
0.45018
0.45018
0.45116
0.44134
0.44527
0.44218
0.43676
0.42348
0.42348
0.44132
0.43968
0.43962
0.43962
0.44525
0.43464
0.45654
0.42945
0.42886
0.42942
0.43291
0.43853
0.43221
0.44033
0.41823
0.42349
0.43663
0.43268
0.42994
0.43032
0.43253
0.41574
0.41190
0.41190
0.41738
0.41695
0.42120
0.40896
0.39889
0.40513
0.39063
0.39063
0.39162
0.38429
0.37737
0.37735
0.37199
0.38053
0.36562
0.36475
0.36421
0.36378
0.36633
0.36647
0.36368
0.35507
0.35494
0.35502
0.35578
0.35379
0.35378
0.34787
0.35494
0.35494
0.34600
0.34600
0.35129
0.35129
0.35129
0.35129
0.35320
0.32305
0.32546
0.31580
0.34113
0.34087
0.34309
0.34314
0.33846
0.33624
0.34308
0.35737
0.36282
0.36717
0.36213
0.36000
0.35797
0.34985
0.34311
0.32746
0.31734
0.31738
0.31734
0.31729
0.30730
0.32185
0.31539
0.31545
0.31130
0.32078
0.32953
0.32880
0.35462
0.36021
0.36715
0.37784
0.36544
0.35701
0.35701
0.35514
0.35360
0.34916
0.34893
0.35469
0.35464
0.36192
0.37505
0.38236
0.36690
0.36724
0.35194
0.36120
0.35087
0.31249
0.30905
0.30790
0.30790
0.28421
0.28421
0.30992
0.30719
0.29653
0.29656
0.29887
0.28144
0.28416
0.31041
0.32061
0.30149
0.30458
0.30006
0.29878
0.30561
0.31712
0.32288
0.31460
0.33556
0.32362
0.34006
0.33578
0.33998
0.33253
0.33124
0.32890
0.31769
0.32908
0.32975
0.33171
0.31093
0.31091
0.31091
0.31091
0.31044
0.31091
0.33328
0.32237
0.32058
0.31896
0.31895
0.30623
0.31215
0.31213
0.31215
0.31622
0.34105
0.34121
0.35149
0.35149
0.35149
0.36424
0.36312
0.36813
0.36318
0.36637
0.35353
0.35968
0.35968
0.35033
0.34954
0.34329
0.35075
0.35105
0.35379
0.35167
0.35105
0.35413
0.35411
0.35009
0.34747
0.37343
0.37591
0.37390
0.37390
0.36146
0.36146
0.38111
0.38111
0.38111
0.38648
0.38645
0.38645
0.38592
0.38760
0.39502
0.38860
0.39305
0.39932
0.39932
0.41158
0.38623
0.35487
0.35787
0.36170
0.34669
0.34669
0.34669
0.34075
0.34352
0.34181
0.35306
0.35306
0.34984
0.34969
0.34249
0.34265
0.34634
0.34668
0.34385
0.31440
0.31676
0.30727
0.30714
0.30683
0.32209
0.32216
0.31369
0.30676
0.29849
0.30815
0.30798
0.32011
0.31340
0.31340
0.31340
0.30691
0.30751
0.30757
0.30757
0.30638
0.32974
0.32973
0.32989
0.32737
0.32737
0.32737
0.33143
0.35107
0.35258
0.38439
0.38536
0.38536
0.34244
0.35598
0.34972
0.34962
0.34351
0.34878
0.34413
0.33099
0.33170
0.31991
0.31588
0.31588
0.31588
0.31111
0.31064
0.32163
0.31534
0.31394
0.31438
0.29959
0.29503
0.31084
0.30346
0.30352
0.30316
0.30546
0.30522
0.29815
0.28820
0.28750
0.27807
0.26099
0.26099
0.27201
0.27201
0.27066
0.26946
0.27496
0.25934
0.28507
0.28507
0.28507
0.28249
0.28249
0.26856
0.27262
0.28101
0.29794
0.30726
0.30703
0.31074
0.31074
0.31084
0.31074
0.31047
0.31388
0.30780
0.31442
0.31460
0.32109
0.33901
0.34542
0.34378
0.35267
0.36449
0.36762
0.37926
0.37924
0.37821
0.38505
0.38505
0.37720
0.39255
0.40753
0.41397
0.42405
0.43718
0.43718
0.43415
0.43424
0.42634
0.41199
0.42079
0.42079
0.43094
0.43094
0.43629
0.43998
0.43998
0.43998
0.43998
0.45701
0.46401
0.46404
0.45951
0.45880
0.45100
0.45447
0.43589
0.44895
0.45259
0.45264
0.43047
0.43047
0.43047
0.43047
0.43047
0.43047
0.44859
0.45545
0.45004
0.45725
0.45725
0.44414
0.42416
0.42343
0.41704
0.43395
0.43592
0.44160
0.43895
0.44484
0.45890
0.47321
0.45861
0.47078
0.47058
0.46774
0.43463
0.43240
0.43431
0.43199
0.42898
0.42898
0.43656
0.44095
0.44359
0.44359
0.43487
0.43492
0.42996
0.42880
0.42228
0.41779
0.42292
0.44058
0.45001
0.44886
0.44911
0.43573
0.43575
0.43004
0.44286
0.44286
0.43391
0.39161
0.39088
0.37198
0.37928
0.36885
0.36885
0.37109
0.37109
0.38010
0.37969
0.38824
0.40048
0.41578
0.42891
0.40372
0.40714
0.40707
0.40124
0.39964
0.39964
0.40277
0.40883
0.41002
0.41637
0.41790
0.40519
0.40521
0.41854
0.41854
0.41516
0.41854
0.40142
0.40142
0.39724
0.40601
0.40601
0.40317
0.41513
0.41472
0.43175
0.45737
0.45537
0.45038
0.46308
0.46139
0.46125
0.45305
0.45304
0.46454
0.44841
0.44841
0.44841
0.44841
0.44846
0.47920
0.47938
0.47852
0.47709
0.47074
0.47052
0.47074
0.45308
0.44947
0.44947
0.45276
0.45276
0.47205
0.48136
0.47934
0.48267
0.50053
0.50053
0.49406
0.49406
0.49328
0.47758
0.46239
0.46576
0.47308
0.47213
0.47346
0.47037
0.49897
0.50080
0.50080
0.51033
0.51849
0.51849
0.50810
0.50810
0.47313
0.47061
0.50894
0.50950
0.50899
0.50899
0.50142
0.51434
0.52549
0.51046
0.53051
0.53051
0.53105
0.53028
0.55952
0.55022
0.55545
0.55545
0.55514
0.54583
0.54599
0.55068
0.56247
0.56247
0.56247
0.56460
0.56587
0.56587
0.58155
0.59110
0.58559
0.58564
0.58970
0.58970
0.58737
0.58265
0.59367
0.59210
0.58875
0.60621
0.60583
0.60796
0.60794
0.60834
0.62259
0.62281
0.62144
0.62521
0.62513
0.60908
0.60788
0.61451
0.62438
0.61676
0.61407
0.62460
0.62460
0.61313
0.59480
0.59842
0.60917
0.61324
0.59221
0.58026
0.58559
0.59404
0.59404
0.59404
0.59421
0.59527
0.60044
0.59437
0.59279
0.59145
0.59098
0.59720
0.59279
0.60697
0.59441
0.60210
0.60364
0.60364
0.59521
0.59449
0.57092
0.58614
0.58598
0.58594
0.57657
0.57476
0.57476
0.57601
0.56885
0.56238
0.54944
0.56162
0.55941
0.57402
0.57057
0.56995
0.58240
0.58240
0.58633
0.58637
0.58932
0.58533
0.58457
0.57661
0.55861
0.55805
0.55886
0.57168
0.57194
0.57160
0.57160
0.57160
0.56893
0.55956
0.55484
0.55484
0.54572
0.53853
0.53133
0.51679
0.51679
0.51412
0.51441
0.52043
0.51996
0.50667
0.51672
0.51672
0.51962
0.51482
0.51519
0.51497
0.50896
0.50896
0.50896
0.50896
0.50896
0.50896
0.50187
0.48160
0.48654
0.48654
0.48668
0.49171
0.49195
0.49058
0.48883
0.48882
0.48882
0.48882
0.48889
0.48882
0.48282
0.46762
0.46761
0.48024
0.48417
0.48425
0.48417
0.49215
0.48915
0.49316
0.48596
0.48596
0.51496
0.49840
0.48628
0.48628
0.48462
0.48600
0.47795
0.48266
0.48592
0.48592
0.48582
0.48829
0.49420
0.50015
0.49531
0.49531
0.49531
0.50161
0.51008
0.50563
0.51035
0.50181
0.50620
0.49518
0.49750
0.49145
0.48301
0.48452
0.48441
0.48441
0.48399
0.47711
0.47463
0.47463
0.47460
0.47463
0.47308
0.47219
0.47422
0.47962
0.47964
0.47879
0.47879
0.46585
0.46585
0.46585
0.46916
0.46585
0.44532
0.44703
0.46515
0.46793
0.46111
0.47376
0.48670
0.48611
0.48670
0.50291
0.50065
0.50099
0.48142
0.49168
0.46344
0.44762
0.44731
0.43928
0.43928
0.41904
0.41315
0.39455
0.39455
0.39662
0.39735
0.39706
0.38750
0.38736
0.38736
0.38736
0.40859
0.42170
0.42008
0.42032
0.42032
0.42428
0.42646
0.42557
0.42708
0.43337
0.43592
0.43108
0.40742
0.41179
0.39950
0.40015
0.44660
0.46388
0.46010
0.46010
0.48799
0.48799
0.50129
0.48987
0.48987
0.48862
0.48987
0.47203
0.46567
0.46773
0.44587
0.44940
0.44635
0.44476
0.44317
0.47117
0.47108
0.47117
0.46380
0.48307
0.48967
0.49037
0.49037
0.48936
0.49027
0.49167
0.49164
0.48170
0.47570
0.47479
0.47479
0.45611
0.45611
0.43930
0.43930
0.42992
0.43014
0.41843
0.41355
0.41708
0.41708
0.41704
0.41423
0.41423
0.41474
0.42093
0.41825
0.41320
0.40843
0.40840
0.40840
0.41775
0.41775
0.41777
0.41775
0.41329
0.41439
0.43626
0.43908
0.45130
0.45327
0.45810
0.46182
0.46817
0.46655
0.48683
0.48692
0.51735
0.54177
0.54293
0.54925
0.55282
0.55218
0.53703
0.55155
0.55256
0.55136
0.53244
0.54290
0.54290
0.54290
0.54568
0.54578
0.54691
0.53884
0.54103
0.53531
0.53531
0.53831
0.53494
0.53531
0.53601
0.53591
0.53591
0.53591
0.53194
0.52196
0.52196
0.52195
0.53642
0.53670
0.54873
0.52855
0.52568
0.54664
0.54662
0.54662
0.54662
0.54662
0.54678
0.54646
0.53710
0.53771
0.52677
0.52812
0.52356
0.52867
0.52337
0.52332
0.52985
0.55559
0.55559
0.54704
0.58731
0.59366
0.58159
0.56475
0.56466
0.56475
0.54934
0.56060
0.56049
0.57717
0.58810
0.58737
0.58608
0.58975
0.58556
0.57204
0.57198
0.57204
0.58562
0.58853
0.58605
0.58680
0.58615
0.58221
0.56993
0.55764
0.55763
0.54414
0.54579
0.56922
0.55441
0.54365
0.55535
0.56856
0.58238
0.58722
0.58722
0.58719
0.56447
0.56434
0.56487
0.57190
0.57013
0.55047
0.56843
0.56695
0.56691
0.56832
0.56832
0.57605
0.57605
0.57351
0.57363
0.57318
0.57184
0.57505
0.56928
0.56901
0.58026
0.56344
0.57567
0.57514
0.56886
0.55980
0.56903
0.56878
0.56878
0.57017
0.56944
0.56944
0.56981
0.56944
0.56944
0.58261
0.58261
0.58786
0.59644
0.57529
0.55286
0.55408
0.56472
0.54981
0.55506
0.55910
0.55863
0.55910
0.57259
0.57288
0.57259
0.57755
0.58630
0.58452
0.58630
0.59883
0.59787
0.59888
0.59888
0.59703
0.59714
0.59741
0.59714
0.59646
0.58465
0.59405
0.59161
0.57202
0.57196
0.55918
0.55918
0.52688
0.52700
0.52700
0.50718
0.51687
0.50633
0.50175
0.50870
0.52884
0.52884
0.52884
0.52581
0.54213
0.54213
0.54213
0.52774
0.52870
0.52042
0.52329
0.53221
0.53216
0.53216
0.53216
0.53672
0.53338
0.53061
0.53059
0.52988
0.53389
0.51642
0.51747
0.51743
0.51817
0.51747
0.52182
0.51698
0.52741
0.52268
0.52268
0.51373
0.52171
0.51140
0.50493
0.52616
0.52616
0.52592
0.52905
0.52622
0.52708
0.52708
0.52242
0.51676
0.51691
0.50863
0.51061
0.53223
0.54222
0.54222
0.53404
0.53404
0.53689
0.53613
0.55116
0.54884
0.54052
0.54060
0.54060
0.55300
0.55857
0.55714
0.54581
0.53354
0.53370
0.54199
0.54201
0.51283
0.52899
0.54068
0.54014
0.52564
0.52028
0.52424
0.53109
0.53383
0.52910
0.53383
0.52443
0.51217
0.51780
0.51739
0.51737
0.52931
0.54809
0.54576
0.54576
0.53609
0.53614
0.55040
0.55723
0.54032
0.52746
0.53100
0.53717
0.52158
0.51889
0.51473
0.52121
0.53094
0.52924
0.52898
0.52898
0.50449
0.49557
0.47675
0.48502
0.48501
0.48217
0.47995
0.47995
0.48036
0.49664
0.51245
0.52777
0.52777
0.50836
0.49258
0.48127
0.48125
0.48127
0.47522
0.48353
0.48110
0.48025
0.47717
0.48290
0.49604
0.49024
0.49024
0.49118
0.49781
0.52233
0.51878
0.52728
0.52646
0.52633
0.51953
0.51953
0.51953
0.51493
0.51703
0.51706
0.53584
0.54521
0.57290
0.57531
0.57516
0.57513
0.57590
0.56942
0.56257
0.56084
0.53806
0.52636
0.52206
0.51480
0.49993
0.49782
0.48406
0.49699
0.49925
0.48913
0.48913
0.48539
0.46586
0.47369
0.47136
0.46758
0.46758
0.46761
0.46909
0.46005
0.45617
0.47138
0.46226
0.44626
0.44464
0.45710
0.45548
0.45548
0.46718
0.47315
0.47310
0.46129
0.43973
0.43971
0.44032
0.43971
0.43971
0.43514
0.45794
0.46194
0.45939
0.44881
0.46754
0.46395
0.46395
0.48651
0.49186
0.48997
0.48708
0.48711
0.47909
0.46843
0.49655
0.50184
0.50145
0.50184
0.50104
0.50350
0.49119
0.49275
0.46746
0.45937
0.45306
0.45297
0.45306
0.45714
0.45688
0.45987
0.49349
0.49391
0.49435
0.48858
0.48151
0.46910
0.45346
0.45350
0.45346
0.45346
0.47608
0.49027
0.48837
0.49160
0.48437
0.49039
0.49389
0.46708
0.46708
0.46708
0.48031
0.47967
0.46714
0.46328
0.44836
0.45753
0.43477
0.42494
0.44814
0.43686
0.43922
0.45393
0.43932
0.43932
0.43200
0.41003
0.40978
0.41096
0.41080
0.41086
0.41080
0.40018
0.39051
0.39263
0.39586
0.39263
0.39349
0.36741
0.36786
0.36817
0.33836
0.33836
0.34051
0.34752
0.30676
0.30676
0.30226
0.30207
0.30073
0.29348
0.29346
0.29346
0.29418
0.28550
0.29487
0.29748
0.29748
0.30686
0.27730
0.27730
0.28566
0.29192
0.26815
0.25199
0.24927
0.25181
0.25175
0.25066
0.26528
0.26530
0.26531
0.25125
0.25999
0.25169
0.25586
0.27413
0.27413
0.27413
0.27413
0.27413
0.27411
0.28672
0.28834
0.29461
0.29440
0.29468
0.28590
0.28091
0.27895
0.25187
0.23655
0.23676
0.23931
0.23248
0.22147
0.21859
0.22121
0.22026
0.21420
0.21754
0.20582
0.20582
0.20500
0.21144
0.21137
0.21581
0.20932
0.21347
0.22962
0.23011
0.22973
0.22503
0.22503
0.23905
0.24074
0.24773
0.24314
0.23337
0.23200
0.24705
0.24714
0.24698
0.24353
0.24144
0.23908
0.23908
0.24383
0.23989
0.25738
0.25741
0.25738
0.25738
0.26433
0.23656
0.25311
0.26239
0.27392
0.27491
0.24572
0.24688
0.24253
0.25386
0.27060
0.27050
0.27055
0.28905
0.28107
0.28148
0.29664
0.30802
0.30824
0.31578
0.29098
0.29098
0.27301
0.28779
0.27949
0.26388
0.24503
0.23601
0.23461
0.23923
0.21145
0.21703
0.20954
0.20954
0.20751
0.22248
0.22248
0.22248
0.23549
0.23914
0.23016
0.23315
0.25117
0.23201
0.23201
0.23201
0.23090
0.23646
0.25651
0.24070
0.24659
0.23719
0.23685
0.23735
0.23365
0.20101
0.20845
0.21419
0.19516
0.19516
0.17790
0.17005
0.18114
0.18271
0.17163
0.16471
0.16155
0.18058
0.17188
0.17188
0.16886
0.16895
0.16909
0.16909
0.16918
0.17645
0.18094
0.18361
0.18361
0.17941
0.20305
0.20593
0.20600
0.20033
0.21325
0.21717
0.21478
0.21475
0.21475
0.21475
0.19667
0.19667
0.19667
0.19667
0.19266
0.21508
0.21734
0.19761
0.19758
0.19761
0.19376
0.22228
0.22175
0.22156
0.22069
0.22151
0.22156
0.22363
0.22624
0.22632
0.22632
0.22853
0.23389
0.23821
0.23821
0.23821
0.24049
0.25779
0.28165
0.29470
0.29410
0.31044
0.31725
0.31915
0.31672
0.30981
0.30741
0.29687
0.29929
0.29925
0.29929
0.29094
0.29669
0.30297
0.27539
0.27533
0.27453
0.29769
0.29536
0.29805
0.29805
0.29805
0.30180
0.32201
0.33432
0.33010
0.33010
0.33010
0.33010
0.32878
0.33364
0.33601
0.33364
0.33400
0.31828
0.31608
0.31502
0.31495
0.30255
0.30234
0.30229
0.30229
0.30226
0.27992
0.29021
0.27516
0.25740
0.25689
0.25689
0.25337
0.28230
0.27905
0.28365
0.29256
0.29423
0.28933
0.29908
0.29908
0.30080
0.29412
0.29473
0.29823
0.29786
0.27056
0.26659
0.23917
0.24293
0.25528
0.25139
0.25149
0.25282
0.25279
0.23977
0.24370
0.23827
0.23963
0.26410
0.26807
0.26764
0.26756
0.26837
0.26824
0.27551
0.26442
0.26442
0.26412
0.26380
0.26933
0.26178
0.27544
0.27962
0.26741
0.26741
0.27435
0.26256
0.26828
0.29134
0.29314
0.29451
0.29451
0.29712
0.29712
0.30116
0.29253
0.26198
0.26239
0.25514
0.25599
0.25599
0.25599
0.25417
0.24223
0.24479
0.25391
0.25136
0.28126
0.26757
0.29283
0.29283
0.28830
0.31510
0.31523
0.32575
0.33196
0.32717
0.32877
0.33246
0.29392
0.29392
0.29701
0.29764
0.29704
0.29640
0.29700
0.29036
0.26934
0.26934
0.26889
0.27008
0.27124
0.25688
0.25667
0.25838
0.30181
0.30181
0.30181
0.31472
0.33452
0.35683
0.33668
0.32692
0.32703
0.32676
0.33716
0.34607
0.33989
0.34210
0.34311
0.33822
0.32452
0.34490
0.35339
0.34501
0.34783
0.35013
0.37088
0.36475
0.36469
0.36818
0.36424
0.36357
0.36424
0.37103
0.38793
0.38706
0.38412
0.39285
0.39091
0.36516
0.36784
0.35422
0.35567
0.36764
0.36491
0.36985
0.37079
0.36374
0.37929
0.36851
0.37141
0.37598
0.39799
0.39583
0.39604
0.39596
0.40308
0.40308
0.43210
0.42266
0.43212
0.42992
0.43043
0.42158
0.40669
0.39682
0.39949
0.40424
0.41487
0.41508
0.41488
0.41488
0.40797
0.41174
0.39473
0.40064
0.39903
0.39903
0.40274
0.40481
0.39446
0.40678
0.40189
0.38943
0.39787
0.40563
0.40702
0.40551
0.39798
0.40547
0.39444
0.39611
0.41308
0.41192
0.40655
0.38430
0.38512
0.38502
0.38391
0.39825
0.38091
0.38034
0.35458
0.36451
0.37543
0.37543
0.37544
0.37738
0.37715
0.37740
0.37738
0.39069
0.39461
0.39248
0.40034
0.40034
0.40269
0.40883
0.41697
0.39639
0.39075
0.40850
0.40140
0.37828
0.36519
0.36513
0.36513
0.36635
0.36469
0.35635
0.34384
0.34068
0.33606
0.33699
0.33675
0.35595
0.35625
0.35150
0.35727
0.35727
0.36484
0.36525
0.36525
0.36525
0.37877
0.37166
0.37166
0.38878
0.39011
0.39884
0.39165
0.38668
0.38528
0.38528
0.39780
0.41553
0.41556
0.41596
0.41528
0.41556
0.41556
0.41556
0.41491
0.41556
0.42309
0.41212
0.40357
0.40450
0.41695
0.41584
0.43486
0.44332
0.44332
0.44332
0.43561
0.43240
0.44675
0.45204
0.44177
0.43684
0.45475
0.47765
0.47840
0.47721
0.48223
0.48572
0.47841
0.47841
0.47841
0.47486
0.47698
0.47382
0.47394
0.46568
0.46568
0.45953
0.46103
0.45953
0.46399
0.46507
0.46507
0.46380
0.47606
0.47616
0.46276
0.43175
0.43460
0.43489
0.43484
0.43489
0.43470
0.43470
0.44761
0.44817
0.45840
0.44805
0.44671
0.44805
0.44249
0.44206
0.45101
0.42873
0.42455
0.43455
0.41518
0.41516
0.41519
0.39914
0.42075
0.42963
0.43828
0.46128
0.44795
0.44259
0.44193
0.44043
0.44641
0.42996
0.43115
0.43504
0.42199
0.42199
0.42273
0.42393
0.41257
0.41679
0.40335
0.40337
0.38718
0.38561
0.38561
0.38224
0.39002
0.37306
0.34763
0.35757
0.35731
0.35731
0.36335
0.36678
0.36418
0.36418
0.34761
0.34879
0.34879
0.33230
0.32390
0.32418
0.33645
0.33568
0.32118
0.32118
0.32118
0.31951
0.31555
0.31935
0.33535
0.33551
0.33698
0.33807
0.33996
0.34192
0.35128
0.35133
0.35128
0.35541
0.35602
0.34729
0.36148
0.36148
0.36096
0.36444
0.36781
0.36781
0.36572
0.36424
0.36420
0.36422
0.35842
0.35325
0.36833
0.35643
0.35643
0.35664
0.35643
0.35650
0.35073
0.35725
0.35616
0.35565
0.36685
0.37492
0.37496
0.37567
0.40660
0.39478
0.39605
0.39605
0.39605
0.37147
0.34724
0.35052
0.35018
0.35052
0.36430
0.37243
0.37239
0.37471
0.37787
0.37420
0.37744
0.37786
0.39114
0.37516
0.38854
0.38854
0.39783
0.39736
0.34846
0.35319
0.35319
0.33715
0.34229
0.32255
0.31515
0.29519
0.28949
0.28424
0.28450
0.27643
0.26505
0.26719
0.26963
0.26935
0.27310
0.29504
0.30313
0.30313
0.30555
0.29421
0.30300
0.30653
0.30560
0.32259
0.31843
0.31478
0.31546
0.33077
0.34484
0.35124
0.35124
0.35412
0.35518
0.37169
0.37160
0.37160
0.36375
0.35576
0.34948
0.34400
0.35354
0.35232
0.36370
0.36417
0.36361
0.36548
0.36540
0.36617
0.36106
0.35912
0.35662
0.35761
0.35789
0.35789
0.35789
0.35959
0.34221
0.34818
0.34800
0.34868
0.35472
0.34285
0.34487
0.35060
0.34934
0.34965
0.34934
0.35842
0.35843
0.37323
0.37331
0.37086
0.37086
0.36758
0.36482
0.35284
0.34879
0.36205
0.36388
0.36388
0.36166
0.36166
0.37301
0.37409
0.37308
0.37308
0.38237
0.38195
0.38195
0.38081
0.37786
0.38788
0.37849
0.37849
0.38030
0.38033
0.38224
0.37327
0.37495
0.37774
0.37778
0.38563
0.38563
0.37458
0.37341
0.37681
0.37681
0.37627
0.37459
0.36960
0.35480
0.36296
0.37039
0.39187
0.39600
0.39784
0.39844
0.40310
0.40310
0.40277
0.39565
0.38233
0.38219
0.38233
0.37931
0.37899
0.37932
0.37932
0.38019
0.38989
0.38301
0.38165
0.38165
0.36100
0.35626
0.34696
0.34099
0.34221
0.35198
0.35026
0.35621
0.35395
0.35400
0.35956
0.35959
0.36830
0.37614
0.37523
0.38823
0.38823
0.40508
0.41034
0.41034
0.40084
0.40241
0.40233
0.40230
0.40233
0.40233
0.40253
0.41141
0.41952
0.41172
0.41399
0.41457
0.42319
0.41214
0.41214
0.41227
0.41004
0.40443
0.41399
0.41946
0.41963
0.41945
0.40361
0.41141
0.41135
0.40876
0.40473
0.40492
0.40473
0.39666
0.41528
0.41528
0.41528
0.41528
0.41032
0.39769
0.38482
0.38488
0.37248
0.37331
0.38387
0.39991
0.41894
0.41467
0.40813
0.40813
0.40813
0.38299
0.38227
0.36859
0.36943
0.35875
0.35465
0.36405
0.36054
0.36054
0.37601
0.38930
0.38950
0.40376
0.39034
0.40373
0.40265
0.40606
0.39386
0.37954
0.39818
0.39716
0.40535
0.41220
0.40607
0.40843
0.41289
0.40948
0.40948
0.40205
0.39152
0.39152
0.39152
0.39152
0.39152
0.39152
0.38320
0.37179
0.36869
0.36444
0.35444
0.34812
0.34801
0.34987
0.34993
0.33736
0.35379
0.35596
0.36087
0.36087
0.36117
0.37115
0.37271
0.37276
0.37261
0.34693
0.34650
0.32416
0.32416
0.31817
0.31291
0.31984
0.31897
0.30336
0.30327
0.30468
0.30015
0.29875
0.29066
0.28695
0.26487
0.26114
0.25816
0.25818
0.26559
0.26485
0.26124
0.26124
0.26123
0.26800
0.25422
0.25416
0.25419
0.25422
0.25382
0.24401
0.25992
0.26022
0.26387
0.26110
0.26396
0.26387
0.26023
0.26020
0.26020
0.25099
0.24369
0.25101
0.24934
0.25038
0.25557
0.24565
0.24608
0.24608
0.24608
0.24260
0.24035
0.24036
0.22245
0.22225
0.21526
0.20497
0.18575
0.18207
0.18202
0.18100
0.19539
0.19513
0.20194
0.20705
0.19412
0.19418
0.19991
0.20252
0.19812
0.22691
0.23400
0.23400
0.23693
0.23681
0.23956
0.25178
0.28303
0.28306
0.29365
0.30092
0.31513
0.31513
0.32084
0.32193
0.32210
0.32613
0.32613
0.32780
0.32780
0.30694
0.30402
0.33036
0.33036
0.31962
0.32172
0.32102
0.32038
0.32071
0.32071
0.33799
0.30362
0.30362
0.28776
0.28776
0.28776
0.28776
0.29293
0.29375
0.28594
0.26214
0.26025
0.26026
0.26958
0.26957
0.31404
0.29200
0.27476
0.27508
0.27508
0.26952
0.24801
0.23917
0.24647
0.25135
0.26394
0.27842
0.28545
0.27474
0.27474
0.28849
0.28855
0.28335
0.29427
0.29413
0.29565
0.29795
0.29128
0.29142
0.29096
0.30207
0.30094
0.33282
0.33282
0.33311
0.31574
0.30704
0.29312
0.28744
0.27553
0.27066
0.26306
0.26150
0.25860
0.28376
0.27056
0.27174
0.27174
0.25228
0.26167
0.26167
0.26542
0.27501
0.25502
0.25867
0.25867
0.25867
0.25644
0.26847
0.26847
0.26844
0.26603
0.27304
0.27222
0.26890
0.26516
0.28992
0.29095
0.29817
0.28962
0.30045
0.31910
0.33084
0.33086
0.34860
0.34862
0.35006
0.35006
0.35818
0.35602
0.36064
0.37239
0.37239
0.34860
0.35976
0.37160
0.37144
0.37049
0.37144
0.37424
0.37424
0.36325
0.36387
0.35248
0.35532
0.35537
0.35859
0.34664
0.34652
0.34652
0.34315
0.35046
0.35004
0.35365
0.34971
0.35834
0.37407
0.38338
0.37615
0.38064
0.38064
0.38037
0.38064
0.37057
0.37059
0.37057
0.35754
0.35754
0.34593
0.34511
0.36819
0.37968
0.37807
0.38119
0.38110
0.38637
0.39589
0.39222
0.38066
0.38043
0.39444
0.38622
0.38622
0.38622
0.37710
0.37702
