501   501   
531   471   
544   458   
525   477   
530   472   
543   459   
534   468   
531   471   
518   484   
525   477   
539   463   
541   461   
534   468   
548   454   
540   462   
550   452   
539   463   
545   457   
550   452   
549   453   
561   441   
557   445   
552   450   
551   451   
532   470   
526   476   
518   484   
504   498   
497   505   
495   507   
491   511   
504   498   
508   494   
492   510   
496   506   
499   503   
513   489   
538   464   
534   468   
509   493   
530   472   
526   476   
523   479   
533   469   
520   482   
528   474   
535   467   
542   460   
547   455   
555   447   
566   436   
552   450   
545   457   
555   447   
556   446   
561   441   
574   428   
585   417   
589   413   
594   408   
587   415   
586   416   
593   409   
587   415   
586   416   
589   413   
578   424   
574   428   
575   427   
575   427   
577   425   
582   420   
573   429   
555   447   
547   455   
557   445   
538   464   
537   465   
537   465   
550   452   
544   458   
564   438   
566   436   
576   426   
567   435   
577   425   
587   415   
572   430   
564   438   
563   439   
568   434   
570   432   
592   410   
566   436   
578   424   
574   428   
585   417   
594   408   
582   420   
568   434   
572   430   
571   431   
572   430   
558   444   
567   435   
541   461   
546   456   
543   459   
539   463   
529   473   
530   472   
532   470   
518   484   
508   494   
520   482   
522   480   
520   482   
513   489   
507   495   
491   511   
490   512   
502   500   
501   501   
498   504   
487   515   
482   520   
470   532   
492   510   
510   492   
515   487   
550   452   
532   470   
524   478   
538   464   
557   445   
566   436   
561   441   
558   444   
554   448   
549   453   
542   460   
555   447   
562   440   
573   429   
577   425   
550   452   
558   444   
562   440   
568   434   
567   435   
566   436   
562   440   
578   424   
558   444   
548   454   
583   419   
574   428   
563   439   
569   433   
571   431   
573   429   
582   420   
560   442   
577   425   
586   416   
600   402   
612   390   
615   387   
620   382   
607   395   
613   389   
602   400   
604   398   
583   419   
604   398   
603   399   
588   414   
574   428   
574   428   
561   441   
545   457   
538   464   
544   458   
543   459   
560   442   
520   482   
524   478   
510   492   
520   482   
525   477   
523   479   
530   472   
520   482   
514   488   
510   492   
501   501   
507   495   
506   496   
497   505   
496   506   
518   484   
534   468   
527   475   
511   491   
507   495   
528   474   
527   475   
525   477   
529   473   
525   477   
524   478   
501   501   
494   508   
488   514   
496   506   
499   503   
500   502   
512   490   
501   501   
501   501   
507   495   
526   476   
520   482   
542   460   
546   456   
554   448   
554   448   
559   443   
543   459   
542   460   
554   448   
557   445   
542   460   
538   464   
528   474   
530   472   
502   500   
517   485   
497   505   
497   505   
489   513   
507   495   
523   479   
523   479   
526   476   
521   481   
505   497   
526   476   
542   460   
560   442   
569   433   
570   432   
583   419   
580   422   
571   431   
576   426   
587   415   
595   407   
568   434   
569   433   
570   432   
564   438   
577   425   
593   409   
594   408   
587   415   
588   414   
569   433   
581   421   
567   435   
579   423   
568   434   
547   455   
536   466   
546   456   
554   448   
558   444   
549   453   
538   464   
542   460   
536   466   
534   468   
533   469   
521   481   
509   493   
515   487   
541   461   
554   448   
562   440   
571   431   
585   417   
578   424   
570   432   
560   442   
564   438   
555   447   
535   467   
522   480   
528   474   
523   479   
530   472   
518   484   
532   470   
528   474   
546   456   
549   453   
547   455   
555   447   
565   437   
580   422   
600   402   
615   387   
615   387   
587   415   
581   421   
573   429   
585   417   
591   411   
589   413   
597   405   
618   384   
622   380   
627   375   
636   366   
616   386   
623   379   
630   372   
640   362   
643   359   
649   353   
658   344   
661   341   
664   338   
661   341   
662   340   
650   352   
638   364   
648   354   
654   348   
664   338   
650   352   
655   347   
651   351   
634   368   
644   358   
631   371   
630   372   
616   386   
623   379   
616   386   
603   399   
600   402   
593   409   
588   414   
589   413   
591   411   
557   445   
575   427   
577   425   
582   420   
579   423   
596   406   
602   400   
597   405   
599   403   
601   401   
578   424   
586   416   
593   409   
603   399   
602   400   
591   411   
587   415   
594   408   
591   411   
591   411   
594   408   
591   411   
579   423   
583   419   
581   421   
585   417   
587   415   
593   409   
602   400   
599   403   
594   408   
594   408   
594   408   
588   414   
605   397   
592   410   
597   405   
598   404   
598   404   
594   408   
591   411   
592   410   
576   426   
584   418   
551   451   
561   441   
566   436   
587   415   
582   420   
573   429   
576   426   
570   432   
576   426   
588   414   
561   441   
570   432   
593   409   
595   407   
587   415   
588   414   
562   440   
553   449   
559   443   
547   455   
563   439   
586   416   
583   419   
568   434   
575   427   
569   433   
572   430   
548   454   
534   468   
537   465   
527   475   
516   486   
547   455   
534   468   
505   497   
503   499   
506   496   
522   480   
524   478   
526   476   
542   460   
541   461   
541   461   
531   471   
519   483   
516   486   
533   469   
540   462   
551   451   
562   440   
566   436   
573   429   
585   417   
573   429   
583   419   
580   422   
575   427   
571   431   
559   443   
561   441   
569   433   
580   422   
576   426   
562   440   
564   438   
563   439   
575   427   
563   439   
552   450   
558   444   
576   426   
576   426   
579   423   
576   426   
574   428   
575   427   
581   421   
570   432   
547   455   
560   442   
573   429   
567   435   
589   413   
593   409   
608   394   
602   400   
600   402   
610   392   
598   404   
609   393   
600   402   
614   388   
629   373   
631   371   
661   341   
663   339   
669   333   
671   331   
668   334   
1   1   
1   1   
1   1   
1   1   
1   1   
1   1   
1   1   
1   1   
1   1   
1   1   
1   1   
1   1   
1   1   
1   1   
1   1   
1   1   
1   1   
1   1   
1   1   
1   1   
1   1   
1   1   
1   1   
1   1   
1   1   
1   1   
1   1   
1   1   
1   1   
1   1   
1   1   
1   1   
1   1   
1   1   
1   1   
1   1   
1   1   
1   1   
1   1   
1   1   
1   1   
1   1   
1   1   
1   1   
1   1   
1   1   
1   1   
1   1   
1   1   
1   1   
1   1   
1   1   
1   1   
1   1   
1   1   
1   1   
1   1   
1   1   
1   1   
1   1   
1   1   
1   1   
1   1   
1   1   
1   1   
1   1   
1   1   
1   1   
1   1   
1   1   
1   1   
1   1   
1   1   
1   1   
1   1   
1   1   
1   1   
1   1   
1   1   
1   1   
1   1   
1   1   
1   1   
1   1   
1   1   
1   1   
1   1   
1   1   
1   1   
1   1   
1   1   
1   1   
1   1   
1   1   
1   1   
1   1   
1   1   
1   1   
1   1   
1   1   
1   1   
1   1   
