126   126   126   126   126   126   126   126   
129   147   132   136   133   107   124   100   
134   151   136   139   117   108   120   103   
147   141   123   148   122   102   121   104   
160   138   125   150   110   95   120   110   
159   142   134   147   108   95   114   109   
156   141   144   146   104   97   119   101   
140   143   133   149   104   100   122   117   
139   143   137   157   104   92   110   126   
148   126   136   167   108   83   113   127   
159   121   129   167   103   87   119   123   
148   122   131   180   105   78   118   126   
153   121   123   191   108   81   101   130   
156   112   126   191   111   89   102   121   
158   106   123   199   111   100   96   115   
157   111   127   190   112   98   94   119   
164   112   135   183   106   93   99   116   
149   124   147   184   107   95   96   106   
156   128   141   174   110   100   93   106   
161   138   126   176   107   90   104   106   
144   142   124   196   104   91   106   101   
144   139   134   198   99   93   109   92   
145   146   137   196   98   84   105   97   
162   137   126   183   104   87   109   100   
148   139   126   190   112   82   111   100   
146   144   125   174   103   91   116   109   
132   145   138   175   98   89   131   100   
143   156   146   171   85   85   131   91   
139   160   141   171   80   87   137   93   
139   156   155   172   74   89   126   97   
122   163   144   179   74   92   127   107   
126   156   136   177   69   86   143   115   
119   161   150   166   72   81   141   118   
123   159   133   183   70   93   131   116   
124   151   128   177   64   102   141   121   
124   147   143   183   56   100   143   112   
126   168   142   198   59   91   127   97   
124   174   137   206   59   92   120   96   
120   162   138   211   67   89   124   97   
127   169   126   208   67   93   125   93   
123   160   139   219   67   91   123   86   
126   166   139   224   58   89   123   83   
130   165   139   214   60   98   122   80   
126   172   139   216   64   99   116   76   
116   183   145   217   60   105   114   68   
123   171   136   220   59   112   112   75   
121   177   139   212   57   116   111   75   
111   174   148   203   64   125   111   72   
107   182   154   189   61   111   125   79   
100   199   152   178   57   110   131   81   
99   203   153   175   58   119   115   86   
106   199   147   171   62   124   111   88   
112   193   152   161   55   137   112   86   
111   202   152   151   57   143   105   87   
114   206   155   158   53   139   108   75   
110   207   158   163   56   136   100   78   
102   200   150   175   63   131   111   76   
114   175   159   190   67   119   114   70   
104   180   154   195   69   119   114   73   
112   183   162   181   65   106   116   83   
110   180   156   178   59   126   120   79   
105   210   152   164   62   121   112   82   
103   226   148   160   59   122   102   88   
104   227   157   156   59   117   107   81   
104   225   154   155   53   138   106   73   
110   228   147   161   47   132   114   69   
119   227   140   169   48   114   127   64   
125   219   147   168   49   113   126   61   
117   240   137   164   54   113   126   57   
117   232   143   148   50   117   142   59   
119   237   141   143   53   114   142   59   
118   237   144   146   55   108   145   55   
126   242   146   149   55   111   138   41   
125   229   152   156   49   122   141   34   
115   221   161   160   53   120   144   34   
120   224   156   161   57   129   132   29   
124   215   162   150   53   131   143   30   
132   208   167   154   48   130   143   26   
124   214   169   151   51   126   144   29   
114   223   168   151   48   121   152   31   
119   218   162   157   46   113   163   30   
122   226   156   146   47   122   157   32   
121   233   164   139   56   123   144   28   
111   232   179   147   55   115   144   25   
112   236   174   151   53   118   142   22   
112   239   163   143   55   126   151   19   
111   228   165   147   58   137   146   16   
95   237   161   148   59   143   144   21   
102   232   162   135   62   148   144   23   
95   253   166   139   59   138   133   25   
98   229   170   149   60   141   141   20   
101   249   154   141   61   141   137   24   
99   239   160   149   61   136   139   25   
102   237   155   152   63   136   137   26   
90   214   143   168   70   144   149   30   
90   220   138   157   71   148   150   34   
104   213   128   164   80   147   142   30   
111   222   121   179   80   126   143   26   
110   225   114   188   85   124   136   26   
116   213   111   200   77   126   144   21   
118   219   108   184   82   130   150   17   
130   226   99   179   83   124   149   18   
125   221   102   183   83   120   159   15   
124   226   99   180   91   109   159   20   
135   233   107   172   92   91   156   22   
128   242   93   165   104   91   163   22   
130   232   102   162   98   95   163   26   
131   233   107   161   89   102   157   28   
132   210   110   171   94   113   150   28   
129   239   101   172   88   107   151   21   
139   234   115   165   81   101   153   20   
132   237   122   173   82   100   139   23   
137   255   127   170   79   85   140   15   
146   237   124   177   81   83   142   18   
169   232   129   165   84   77   134   18   
166   234   137   166   69   75   138   23   
164   237   137   154   71   75   143   27   
157   210   142   150   80   86   156   27   
149   213   155   136   75   92   160   28   
160   212   151   147   72   69   164   33   
155   215   147   145   78   68   165   35   
148   222   160   144   80   66   159   29   
146   233   160   145   76   65   158   25   
132   224   174   154   66   54   177   27   
138   218   167   163   64   57   182   19   
128   207   162   168   66   66   190   21   
135   214   155   157   69   66   189   23   
121   213   171   165   70   69   179   20   
126   197   174   177   67   61   186   20   
135   199   172   172   66   52   191   21   
131   190   176   175   57   58   197   24   
130   188   159   187   59   55   203   27   
140   200   175   184   53   48   181   27   
133   208   168   191   50   51   180   27   
153   204   165   178   42   53   182   31   
158   212   162   166   47   47   175   41   
180   183   167   176   51   42   163   46   
184   172   171   183   47   38   168   45   
194   171   174   185   46   38   160   40   
210   161   166   198   44   36   152   41   
201   167   160   196   46   34   164   40   
201   159   165   194   43   38   164   44   
203   165   163   186   39   40   162   50   
192   164   176   174   45   43   173   41   
199   177   166   165   48   42   175   36   
191   181   173   156   48   39   186   34   
187   188   168   155   48   42   191   29   
183   183   162   163   47   48   194   28   
186   182   154   152   56   58   202   18   
198   170   149   150   53   60   208   20   
200   169   156   144   57   54   205   23   
199   177   143   147   57   62   204   19   
195   190   133   148   58   66   201   17   
188   180   139   150   58   72   204   17   
192   194   145   154   52   71   186   14   
200   198   148   135   45   73   195   14   
205   211   151   129   46   67   187   12   
215   216   158   135   45   55   173   11   
226   238   161   127   42   47   159   8   
226   234   166   128   44   45   157   8   
221   236   157   129   47   45   164   9   
218   235   149   138   43   52   162   11   
215   241   160   128   45   54   157   8   
231   233   161   130   48   54   143   8   
245   228   164   123   49   59   131   9   
238   235   159   115   52   69   132   8   
241   222   167   114   54   70   132   8   
240   229   167   118   59   62   125   8   
233   240   163   119   60   63   126   4   
247   232   154   114   52   67   138   4   
258   223   146   114   51   63   148   5   
265   235   131   110   49   58   156   4   
275   237   132   104   53   63   140   4   
265   243   151   100   50   57   137   5   
282   221   155   103   48   63   132   4   
283   241   152   94   49   60   127   2   
281   255   139   103   52   59   117   2   
268   271   136   95   57   63   116   2   
257   261   142   98   68   61   119   2   
276   265   130   86   66   56   126   3   
272   261   138   86   60   60   128   3   
279   270   140   75   60   54   129   1   
277   262   162   66   62   53   125   1   
275   274   168   61   60   44   125   1   
276   281   162   68   56   45   119   1   
293   279   145   77   51   47   115   1   
317   276   143   74   49   48   100   1   
311   276   138   77   56   49   100   1   
308   260   160   63   53   51   112   1   
311   242   158   70   63   51   112   1   
314   255   148   65   60   49   116   1   
326   258   145   59   64   39   116   1   
315   278   148   56   55   46   109   1   
322   269   137   53   57   54   115   1   
335   275   132   49   54   43   119   1   
341   287   117   55   54   44   109   1   
353   282   109   49   56   46   112   1   
346   289   101   58   62   46   105   1   
345   294   101   49   63   46   109   1   
343   289   103   51   67   47   107   1   
348   300   99   41   60   52   107   1   
350   303   91   46   63   46   108   1   
331   316   98   47   56   46   113   1   
329   323   98   49   51   48   109   1   
333   310   95   54   46   49   120   1   
315   322   99   45   47   48   131   1   
325   320   93   39   48   45   137   1   
333   325   81   39   60   42   127   1   
316   340   87   40   50   48   126   1   
334   321   90   43   43   47   129   1   
340   330   80   42   46   38   131   1   
347   317   82   44   43   41   133   1   
349   305   81   46   41   44   141   1   
348   312   81   43   46   44   133   1   
349   305   84   45   51   47   126   1   
341   311   84   43   48   51   129   1   
344   322   82   41   45   52   121   1   
353   319   79   42   49   42   123   1   
371   291   79   45   58   35   128   1   
380   282   67   47   58   39   134   1   
374   286   72   46   53   33   143   1   
376   278   63   41   56   36   157   1   
406   264   52   40   52   36   157   1   
424   258   51   42   51   43   138   1   
425   256   48   49   48   45   136   1   
417   258   44   53   50   49   136   1   
405   257   45   59   60   46   135   1   
392   251   44   72   56   40   152   1   
393   269   48   80   48   36   133   1   
387   267   45   77   48   40   143   1   
387   277   43   66   45   32   157   1   
409   265   35   62   46   35   155   1   
413   275   32   60   45   34   148   1   
399   269   32   53   49   42   163   1   
400   258   25   50   53   49   172   1   
402   255   24   52   53   50   171   1   
399   264   23   52   50   54   165   1   
414   255   20   48   51   59   160   1   
416   236   24   57   56   58   160   1   
431   225   22   53   56   56   164   1   
436   226   18   57   49   61   160   1   
434   231   15   50   49   65   163   1   
422   228   18   53   46   68   172   1   
411   221   19   62   46   66   182   1   
411   230   20   64   45   63   174   1   
412   240   19   66   40   56   174   1   
409   230   21   66   51   54   176   1   
398   233   22   71   50   60   173   1   
397   241   17   64   54   57   177   1   
402   251   15   54   54   48   183   1   
412   259   13   58   48   53   164   1   
407   257   12   58   44   51   178   1   
410   262   10   52   44   56   173   1   
413   261   13   49   46   55   170   1   
434   253   17   48   46   48   161   1   
416   268   17   45   40   46   175   1   
412   279   18   43   36   49   170   1   
416   283   21   44   36   33   174   1   
411   280   18   47   33   32   186   1   
419   281   19   51   37   23   177   1   
419   285   19   52   31   22   179   1   
404   298   18   54   29   24   180   1   
429   292   15   54   34   18   165   1   
418   290   17   60   37   19   166   1   
440   285   14   58   37   19   154   1   
435   278   13   64   40   15   162   1   
422   279   13   72   37   12   172   1   
422   281   14   78   31   9   172   1   
432   279   15   74   26   9   172   1   
416   288   15   81   25   9   173   1   
417   295   14   82   22   16   161   1   
418   297   14   80   25   16   157   1   
421   303   12   72   25   19   155   1   
418   314   13   63   24   18   157   1   
427   310   13   56   25   16   160   1   
425   296   12   62   26   17   169   1   
429   286   14   61   28   16   173   1   
431   293   12   51   28   14   178   1   
454   279   16   54   29   10   165   1   
449   281   16   47   29   11   174   1   
453   290   19   42   24   10   169   1   
456   301   23   35   22   7   163   1   
472   290   18   32   24   7   164   1   
454   301   17   27   29   5   174   1   
459   314   17   30   30   4   153   1   
459   310   16   27   36   4   155   1   
455   311   19   25   36   3   158   1   
465   323   15   22   36   4   142   1   
472   326   12   18   35   3   141   1   
466   329   12   15   36   4   145   1   
462   337   11   15   33   3   146   1   
467   324   11   17   35   2   151   1   
474   322   8   15   36   3   149   1   
464   329   11   17   34   3   149   1   
453   338   10   19   38   3   146   1   
469   313   11   16   36   4   158   1   
476   310   8   16   39   5   153   1   
472   316   6   16   27   5   165   1   
476   313   4   16   27   4   167   1   
470   317   3   14   29   3   171   1   
480   311   2   11   27   5   171   1   
467   319   1   11   30   4   175   1   
452   335   1   14   28   7   170   1   
445   333   1   14   32   5   177   1   
445   346   1   10   27   4   174   1   
458   358   1   10   23   3   154   1   
468   364   1   7   23   3   141   1   
464   367   1   6   24   5   140   1   
473   371   1   5   23   8   126   1   
468   371   1   5   26   9   127   1   
467   372   1   5   31   8   123   1   
459   367   1   4   39   9   128   1   
459   357   1   4   42   12   132   1   
457   357   1   3   41   17   131   1   
456   352   1   4   45   15   134   1   
452   357   1   2   50   17   128   1   
465   343   1   2   49   20   127   1   
474   342   1   3   52   17   118   1   
472   335   1   4   60   22   113   1   
485   328   1   3   62   21   107   1   
502   319   1   4   55   22   104   1   
511   304   1   6   62   16   107   1   
491   322   1   6   67   16   104   1   
500   311   1   7   72   16   100   1   
508   293   1   6   75   16   108   1   
523   287   1   5   75   15   101   1   
507   300   1   3   73   17   106   1   
501   293   1   4   83   18   107   1   
485   307   1   4   81   15   114   1   
511   285   1   6   79   15   110   1   
501   286   1   6   79   20   114   1   
505   279   1   6   81   13   122   1   
523   264   1   5   90   8   116   1   
516   259   1   6   86   7   132   1   
495   262   1   9   89   8   143   1   
507   250   1   9   91   5   144   1   
501   248   1   10   102   4   141   1   
491   259   1   7   102   5   142   1   
490   264   1   5   97   5   145   1   
493   268   1   4   95   6   140   1   
516   275   1   3   81   6   125   1   
517   272   1   1   82   5   129   1   
536   246   1   1   81   4   138   1   
524   245   1   1   75   4   157   1   
536   233   1   1   71   4   161   1   
527   235   1   1   62   3   178   1   
529   228   1   1   66   3   179   1   
522   239   1   1   66   2   176   1   
517   250   1   1   66   2   170   1   
516   261   1   1   66   1   161   1   
515   269   1   1   68   1   152   1   
505   276   1   1   72   1   151   1   
517   269   1   1   75   1   143   1   
496   276   1   1   79   1   153   1   
501   282   1   1   81   1   140   1   
509   266   1   1   72   1   157   1   
501   265   1   1   66   1   172   1   
509   268   1   1   59   1   168   1   
512   264   1   1   64   1   164   1   
506   260   1   1   62   1   176   1   
506   260   1   1   58   1   180   1   
516   234   1   1   62   1   192   1   
513   233   1   1   69   1   189   1   
521   243   1   1   68   1   172   1   
538   234   1   1   65   1   167   1   
534   227   1   1   63   1   180   1   
545   213   1   1   63   1   183   1   
533   221   1   1   81   1   169   1   
541   221   1   1   74   1   168   1   
549   198   1   1   85   1   172   1   
528   219   1   1   85   1   172   1   
526   213   1   1   88   1   177   1   
546   212   1   1   84   1   162   1   
542   205   1   1   84   1   173   1   
522   206   1   1   80   1   196   1   
530   202   1   1   74   1   198   1   
534   210   1   1   65   1   195   1   
556   213   1   1   60   1   175   1   
567   215   1   1   56   1   166   1   
582   218   1   1   53   1   151   1   
585   217   1   1   56   1   146   1   
600   214   1   1   48   1   142   1   
577   229   1   1   51   1   147   1   
583   232   1   1   43   1   146   1   
599   222   1   1   44   1   139   1   
598   217   1   1   48   1   141   1   
589   220   1   1   48   1   147   1   
588   228   1   1   51   1   137   1   
582   224   1   1   50   1   148   1   
576   221   1   1   50   1   157   1   
582   222   1   1   46   1   154   1   
582   230   1   1   40   1   152   1   
578   240   1   1   43   1   143   1   
565   248   1   1   58   1   133   1   
570   235   1   1   64   1   135   1   
572   233   1   1   74   1   125   1   
583   233   1   1   76   1   112   1   
582   229   1   1   80   1   113   1   
592   233   1   1   86   1   93   1   
591   225   1   1   92   1   96   1   
593   211   1   1   97   1   103   1   
604   216   1   1   96   1   88   1   
600   217   1   1   101   1   86   1   
585   224   1   1   113   1   82   1   
587   232   1   1   104   1   81   1   
603   227   1   1   96   1   78   1   
612   216   1   1   90   1   86   1   
611   210   1   1   98   1   85   1   
614   202   1   1   102   1   86   1   
616   200   1   1   103   1   85   1   
612   220   1   1   98   1   74   1   
616   229   1   1   90   1   69   1   
616   232   1   1   86   1   70   1   
616   231   1   1   85   1   72   1   
645   227   1   1   78   1   54   1   
649   222   1   1   78   1   55   1   
638   231   1   1   85   1   50   1   
642   235   1   1   79   1   48   1   
646   227   1   1   78   1   53   1   
636   225   1   1   86   1   57   1   
634   225   1   1   90   1   55   1   
630   224   1   1   96   1   54   1   
649   202   1   1   102   1   51   1   
645   210   1   1   98   1   51   1   
647   209   1   1   96   1   52   1   
646   221   1   1   85   1   52   1   
641   225   1   1   90   1   48   1   
646   221   1   1   87   1   50   1   
627   228   1   1   94   1   55   1   
603   240   1   1   105   1   56   1   
606   239   1   1   102   1   57   1   
607   249   1   1   93   1   55   1   
606   256   1   1   86   1   56   1   
601   252   1   1   86   1   65   1   
586   259   1   1   90   1   69   1   
579   261   1   1   91   1   73   1   
581   264   1   1   92   1   67   1   
589   255   1   1   88   1   72   1   
576   270   1   1   83   1   75   1   
565   282   1   1   78   1   79   1   
581   283   1   1   73   1   67   1   
547   312   1   1   81   1   64   1   
519   332   1   1   89   1   64   1   
514   344   1   1   87   1   59   1   
507   348   1   1   92   1   57   1   
508   346   1   1   95   1   55   1   
503   346   1   1   93   1   62   1   
504   347   1   1   90   1   63   1   
490   360   1   1   91   1   63   1   
482   354   1   1   102   1   66   1   
466   363   1   1   106   1   69   1   
457   374   1   1   105   1   68   1   
449   372   1   1   111   1   72   1   
443   367   1   1   112   1   82   1   
458   365   1   1   101   1   80   1   
483   349   1   1   98   1   74   1   
483   338   1   1   110   1   73   1   
491   327   1   1   118   1   68   1   
482   333   1   1   119   1   70   1   
474   341   1   1   119   1   70   1   
476   317   1   1   131   1   80   1   
467   316   1   1   139   1   82   1   
470   303   1   1   144   1   87   1   
484   296   1   1   145   1   79   1   
475   299   1   1   143   1   87   1   
489   300   1   1   128   1   87   1   
484   308   1   1   122   1   90   1   
488   301   1   1   118   1   97   1   
475   320   1   1   106   1   103   1   
474   323   1   1   104   1   103   1   
475   332   1   1   99   1   98   1   
486   326   1   1   107   1   85   1   
487   317   1   1   101   1   99   1   
499   304   1   1   105   1   96   1   
506   293   1   1   107   1   98   1   
503   305   1   1   109   1   87   1   
499   315   1   1   108   1   82   1   
513   308   1   1   105   1   78   1   
484   325   1   1   113   1   82   1   
480   331   1   1   100   1   93   1   
463   336   1   1   101   1   104   1   
480   327   1   1   96   1   101   1   
492   315   1   1   101   1   96   1   
505   310   1   1   96   1   93   1   
519   295   1   1   104   1   86   1   
506   316   1   1   103   1   79   1   
505   316   1   1   110   1   73   1   
518   294   1   1   117   1   75   1   
521   282   1   1   131   1   70   1   
514   299   1   1   118   1   73   1   
535   276   1   1   119   1   74   1   
533   285   1   1   117   1   69   1   
511   291   1   1   132   1   70   1   
505   294   1   1   127   1   78   1   
527   278   1   1   133   1   66   1   
555   257   1   1   118   1   74   1   
552   273   1   1   107   1   72   1   
547   272   1   1   106   1   79   1   
551   273   1   1   98   1   82   1   
1   1   1   1   1   1   1   1   
1   1   1   1   1   1   1   1   
1   1   1   1   1   1   1   1   
1   1   1   1   1   1   1   1   
1   1   1   1   1   1   1   1   
1   1   1   1   1   1   1   1   
1   1   1   1   1   1   1   1   
1   1   1   1   1   1   1   1   
1   1   1   1   1   1   1   1   
1   1   1   1   1   1   1   1   
1   1   1   1   1   1   1   1   
1   1   1   1   1   1   1   1   
1   1   1   1   1   1   1   1   
1   1   1   1   1   1   1   1   
1   1   1   1   1   1   1   1   
1   1   1   1   1   1   1   1   
1   1   1   1   1   1   1   1   
1   1   1   1   1   1   1   1   
1   1   1   1   1   1   1   1   
1   1   1   1   1   1   1   1   
1   1   1   1   1   1   1   1   
1   1   1   1   1   1   1   1   
1   1   1   1   1   1   1   1   
1   1   1   1   1   1   1   1   
1   1   1   1   1   1   1   1   
1   1   1   1   1   1   1   1   
1   1   1   1   1   1   1   1   
1   1   1   1   1   1   1   1   
1   1   1   1   1   1   1   1   
1   1   1   1   1   1   1   1   
1   1   1   1   1   1   1   1   
1   1   1   1   1   1   1   1   
1   1   1   1   1   1   1   1   
1   1   1   1   1   1   1   1   
1   1   1   1   1   1   1   1   
1   1   1   1   1   1   1   1   
1   1   1   1   1   1   1   1   
1   1   1   1   1   1   1   1   
1   1   1   1   1   1   1   1   
1   1   1   1   1   1   1   1   
1   1   1   1   1   1   1   1   
1   1   1   1   1   1   1   1   
1   1   1   1   1   1   1   1   
1   1   1   1   1   1   1   1   
1   1   1   1   1   1   1   1   
1   1   1   1   1   1   1   1   
1   1   1   1   1   1   1   1   
1   1   1   1   1   1   1   1   
1   1   1   1   1   1   1   1   
1   1   1   1   1   1   1   1   
1   1   1   1   1   1   1   1   
1   1   1   1   1   1   1   1   
1   1   1   1   1   1   1   1   
1   1   1   1   1   1   1   1   
1   1   1   1   1   1   1   1   
1   1   1   1   1   1   1   1   
1   1   1   1   1   1   1   1   
1   1   1   1   1   1   1   1   
1   1   1   1   1   1   1   1   
1   1   1   1   1   1   1   1   
1   1   1   1   1   1   1   1   
1   1   1   1   1   1   1   1   
1   1   1   1   1   1   1   1   
1   1   1   1   1   1   1   1   
1   1   1   1   1   1   1   1   
1   1   1   1   1   1   1   1   
1   1   1   1   1   1   1   1   
1   1   1   1   1   1   1   1   
1   1   1   1   1   1   1   1   
1   1   1   1   1   1   1   1   
1   1   1   1   1   1   1   1   
1   1   1   1   1   1   1   1   
1   1   1   1   1   1   1   1   
1   1   1   1   1   1   1   1   
1   1   1   1   1   1   1   1   
1   1   1   1   1   1   1   1   
1   1   1   1   1   1   1   1   
1   1   1   1   1   1   1   1   
1   1   1   1   1   1   1   1   
1   1   1   1   1   1   1   1   
1   1   1   1   1   1   1   1   
1   1   1   1   1   1   1   1   
1   1   1   1   1   1   1   1   
1   1   1   1   1   1   1   1   
1   1   1   1   1   1   1   1   
1   1   1   1   1   1   1   1   
1   1   1   1   1   1   1   1   
1   1   1   1   1   1   1   1   
1   1   1   1   1   1   1   1   
1   1   1   1   1   1   1   1   
1   1   1   1   1   1   1   1   
1   1   1   1   1   1   1   1   
1   1   1   1   1   1   1   1   
1   1   1   1   1   1   1   1   
1   1   1   1   1   1   1   1   
1   1   1   1   1   1   1   1   
1   1   1   1   1   1   1   1   
1   1   1   1   1   1   1   1   
1   1   1   1   1   1   1   1   
1   1   1   1   1   1   1   1   
1   1   1   1   1   1   1   1   
1   1   1   1   1   1   1   1   
