201   201   201   201   201   
216   208   210   197   174   
216   216   199   204   170   
215   212   205   208   165   
215   216   205   209   160   
203   226   197   216   163   
190   235   204   203   173   
183   215   217   207   183   
177   218   214   206   190   
180   218   218   206   183   
183   234   215   191   182   
181   229   224   189   182   
170   240   244   173   178   
160   246   238   183   178   
178   257   232   172   166   
167   259   233   167   179   
159   284   245   146   171   
157   271   265   135   177   
166   273   235   147   184   
178   276   226   147   178   
168   259   240   156   182   
168   266   243   144   184   
162   253   258   142   190   
169   254   253   148   181   
165   258   244   160   178   
160   250   255   160   180   
162   262   245   163   173   
157   265   237   168   178   
144   265   243   181   172   
150   258   255   168   174   
151   251   246   173   184   
132   257   253   174   189   
132   240   269   171   193   
128   233   266   172   206   
114   229   281   175   206   
110   222   286   189   198   
113   212   289   188   203   
111   213   297   175   209   
118   218   279   185   205   
110   218   285   176   216   
115   215   279   173   223   
120   229   276   176   204   
112   219   274   186   214   
124   223   271   177   210   
140   228   255   171   211   
162   215   264   154   210   
156   222   262   154   211   
174   200   264   149   218   
170   204   266   149   216   
169   210   256   153   217   
188   203   252   148   214   
202   203   234   163   203   
218   215   208   152   212   
226   228   196   149   206   
224   233   196   144   208   
223   238   193   138   213   
218   242   198   165   182   
210   231   200   162   202   
212   220   197   158   218   
221   215   192   160   217   
219   213   188   162   223   
212   232   193   145   223   
198   253   189   146   219   
210   256   188   145   206   
219   233   194   137   222   
220   207   196   159   223   
216   210   180   172   227   
219   204   176   174   232   
235   197   180   182   211   
241   197   201   177   189   
237   214   203   161   190   
231   219   197   161   197   
212   232   195   162   204   
217   228   195   156   209   
202   240   213   142   208   
190   246   204   140   225   
197   239   206   137   226   
204   240   203   127   231   
214   232   208   122   229   
220   252   191   127   215   
217   252   192   130   214   
244   243   197   122   199   
226   258   215   115   191   
223   255   198   131   198   
234   251   196   126   198   
250   248   201   121   185   
269   245   194   124   173   
257   241   194   127   186   
253   241   184   129   198   
252   247   181   137   188   
253   244   181   129   198   
252   245   178   129   201   
267   229   175   127   207   
278   231   166   128   202   
293   235   174   128   175   
291   232   177   127   178   
294   232   187   127   165   
285   242   190   134   154   
289   246   187   129   154   
281   262   195   127   140   
280   256   208   136   125   
296   253   205   130   121   
295   251   193   130   136   
296   252   188   134   135   
294   236   187   141   147   
288   231   198   141   147   
293   228   210   141   133   
282   234   203   147   139   
283   238   195   145   144   
276   235   201   148   145   
275   240   214   137   139   
263   253   219   143   127   
242   270   217   151   125   
226   275   211   156   137   
226   272   204   159   144   
221   257   205   170   152   
227   235   209   168   166   
241   236   202   176   150   
233   225   229   168   150   
248   237   217   163   140   
238   249   207   165   146   
232   255   194   183   141   
238   256   187   179   145   
237   264   175   187   142   
235   267   193   160   150   
244   257   186   168   150   
237   262   187   174   145   
240   251   170   191   153   
231   265   169   198   142   
224   286   173   187   135   
219   287   189   172   138   
210   301   190   165   139   
195   307   197   171   135   
189   309   212   170   125   
175   316   213   172   129   
178   301   216   183   127   
168   294   232   187   124   
186   287   226   183   123   
173   281   236   196   119   
167   281   229   199   129   
160   267   227   210   141   
177   260   217   198   153   
177   269   215   192   152   
173   280   205   192   155   
183   275   201   200   146   
190   268   189   202   156   
210   259   183   205   148   
213   262   183   206   141   
222   260   180   217   126   
215   271   178   212   129   
211   275   183   208   128   
201   286   190   210   118   
214   280   185   212   114   
202   279   192   213   119   
212   287   176   209   121   
204   298   188   212   103   
202   295   178   224   106   
203   299   167   235   101   
200   286   174   244   101   
196   294   157   252   106   
188   286   152   257   122   
186   283   163   260   113   
195   262   158   265   125   
210   257   155   247   136   
220   257   146   237   145   
215   237   164   241   148   
218   222   184   235   146   
230   202   180   244   149   
233   198   182   248   144   
216   206   185   254   144   
200   206   191   266   142   
201   195   193   265   151   
212   206   188   255   144   
210   205   193   258   139   
212   198   200   259   136   
219   204   196   263   123   
222   207   196   263   117   
226   208   186   267   118   
248   196   195   248   118   
243   204   189   245   124   
219   218   200   254   114   
207   223   210   257   108   
206   224   212   245   118   
196   225   225   239   120   
205   215   228   235   122   
209   218   232   222   124   
209   215   233   224   124   
199   238   230   233   105   
198   245   230   237   95   
199   258   236   216   96   
194   262   231   221   97   
182   280   242   202   99   
179   287   231   206   102   
178   297   225   205   100   
184   303   225   195   98   
182   303   230   208   82   
177   300   231   210   87   
175   312   228   212   78   
167   337   224   198   79   
168   323   231   209   74   
166   328   224   208   79   
167   322   223   214   79   
174   302   225   222   82   
178   304   213   229   81   
170   313   218   219   85   
166   307   212   223   97   
187   295   207   218   98   
188   288   202   215   112   
181   290   192   223   119   
174   298   191   220   122   
180   294   184   230   117   
198   299   164   231   113   
207   292   159   243   104   
211   301   137   243   113   
199   303   141   250   112   
205   300   151   244   105   
212   302   141   239   111   
213   297   140   249   106   
226   296   149   239   95   
232   285   152   240   96   
245   286   144   238   92   
244   286   134   255   86   
242   294   138   245   86   
259   298   132   231   85   
259   306   126   226   88   
253   306   130   224   92   
241   310   135   232   87   
234   322   142   231   76   
245   305   142   240   73   
256   290   144   254   61   
255   296   152   241   61   
254   286   157   245   63   
254   291   159   242   59   
244   299   145   255   62   
234   302   152   262   55   
222   319   146   265   53   
221   310   149   279   46   
209   307   158   287   44   
189   314   167   292   43   
191   320   172   284   38   
193   312   171   286   43   
204   320   163   268   50   
217   334   155   249   50   
204   336   140   271   54   
208   349   141   250   57   
216   366   124   245   54   
217   370   131   226   61   
219   385   126   214   61   
223   406   129   198   49   
229   416   119   190   51   
226   428   127   170   54   
228   407   136   173   61   
230   401   135   180   59   
225   396   134   190   60   
220   389   136   202   58   
221   385   138   206   55   
228   389   135   202   51   
232   370   142   220   41   
233   384   125   220   43   
237   381   118   227   42   
243   375   126   221   40   
247   381   118   224   35   
255   374   119   222   35   
265   361   117   232   30   
272   356   118   229   30   
280   363   128   200   34   
271   368   131   198   37   
259   367   130   209   40   
243   354   136   226   46   
231   354   146   229   45   
222   362   148   232   41   
223   371   140   237   34   
224   385   133   227   36   
227   373   130   249   26   
229   369   133   249   25   
206   391   139   241   28   
211   400   141   228   25   
230   391   136   230   18   
220   402   123   240   20   
212   420   113   244   16   
212   416   109   250   18   
212   412   104   257   20   
208   396   110   269   22   
205   408   95   277   20   
221   411   86   266   21   
215   410   88   272   20   
224   409   72   284   16   
213   420   81   274   17   
218   417   79   277   14   
210   424   78   279   14   
221   411   85   269   19   
231   403   82   270   19   
232   407   84   265   17   
231   420   88   249   17   
228   420   94   244   19   
223   421   98   243   20   
218   416   98   250   23   
217   415   98   258   17   
221   413   96   255   20   
221   400   102   265   17   
224   391   107   263   20   
234   385   111   253   22   
235   389   104   254   23   
252   390   106   239   18   
266   381   101   241   16   
258   396   107   231   13   
265   387   106   236   11   
265   363   123   241   13   
262   359   115   253   16   
263   389   104   235   14   
252   399   93   247   14   
267   411   93   221   13   
268   402   85   234   16   
271   415   78   224   17   
264   395   83   247   16   
252   399   91   247   16   
271   392   87   242   13   
276   392   83   243   11   
289   380   81   246   9   
276   383   85   257   4   
270   378   83   269   5   
254   393   88   265   5   
258   396   77   269   5   
256   380   79   286   4   
248   363   83   306   5   
251   379   75   292   8   
252   382   80   282   9   
251   384   83   279   8   
251   371   89   285   9   
244   358   102   294   7   
255   341   89   316   4   
253   330   88   332   2   
264   340   74   325   2   
281   339   77   305   3   
296   330   74   303   2   
305   336   69   293   2   
317   336   66   285   1   
289   346   67   302   1   
305   326   64   309   1   
298   332   69   305   1   
295   337   57   315   1   
288   339   51   326   1   
283   335   50   336   1   
279   363   42   320   1   
264   366   45   329   1   
268   368   37   331   1   
259   368   39   338   1   
268   373   43   320   1   
274   390   42   298   1   
259   406   33   306   1   
249   429   30   296   1   
251   434   26   293   1   
259   431   29   285   1   
267   425   25   287   1   
278   425   25   276   1   
275   431   25   273   1   
265   436   27   276   1   
262   433   27   282   1   
252   448   31   273   1   
252   453   24   275   1   
258   441   24   281   1   
261   442   25   276   1   
256   433   31   284   1   
254   435   34   281   1   
276   439   37   252   1   
274   440   39   251   1   
277   445   36   246   1   
265   458   30   251   1   
267   449   28   260   1   
266   470   32   236   1   
258   483   32   231   1   
255   490   27   232   1   
246   502   26   230   1   
258   489   26   231   1   
250   489   26   239   1   
260   493   27   224   1   
266   484   30   224   1   
270   475   29   230   1   
272   472   29   231   1   
273   480   32   219   1   
279   484   29   212   1   
283   483   29   209   1   
272   487   35   210   1   
284   477   36   207   1   
300   459   31   214   1   
290   460   40   214   1   
288   457   37   222   1   
267   466   37   234   1   
270   475   29   230   1   
272   473   28   231   1   
256   477   33   238   1   
266   479   29   230   1   
264   468   34   238   1   
258   466   33   247   1   
276   459   36   233   1   
281   449   37   237   1   
270   461   45   228   1   
275   450   50   229   1   
274   433   51   246   1   
280   441   52   231   1   
268   428   57   251   1   
281   429   61   233   1   
281   435   53   235   1   
304   427   55   218   1   
314   413   57   220   1   
322   405   56   221   1   
324   399   53   228   1   
359   388   47   210   1   
361   404   48   191   1   
360   406   51   187   1   
375   396   55   178   1   
384   387   63   170   1   
380   399   64   161   1   
369   397   63   175   1   
368   398   61   177   1   
383   388   59   174   1   
392   382   59   171   1   
388   390   53   173   1   
374   396   55   179   1   
372   411   52   169   1   
368   401   59   176   1   
361   404   56   183   1   
368   406   54   176   1   
370   401   56   177   1   
381   389   58   176   1   
386   391   57   170   1   
382   382   58   182   1   
388   376   61   179   1   
405   388   52   159   1   
421   363   45   175   1   
426   370   40   168   1   
437   364   39   164   1   
416   380   45   163   1   
403   387   46   168   1   
414   377   37   176   1   
411   389   34   170   1   
407   397   31   169   1   
407   407   26   164   1   
393   409   27   175   1   
397   409   27   171   1   
400   411   23   170   1   
394   404   25   181   1   
390   408   25   181   1   
374   416   20   194   1   
374   418   23   189   1   
374   417   22   191   1   
396   404   26   178   1   
377   425   26   176   1   
377   421   26   180   1   
372   420   22   190   1   
387   434   20   163   1   
386   438   20   160   1   
397   440   16   151   1   
392   447   19   146   1   
384   443   21   156   1   
409   428   22   145   1   
410   433   15   146   1   
407   445   18   134   1   
405   444   18   137   1   
416   438   17   133   1   
430   431   20   123   1   
438   419   15   132   1   
448   407   19   130   1   
417   443   20   124   1   
411   441   19   133   1   
409   432   23   140   1   
420   428   25   131   1   
426   427   29   122   1   
411   438   27   128   1   
399   444   30   131   1   
401   432   36   135   1   
391   442   38   133   1   
382   440   42   140   1   
381   443   39   141   1   
381   433   44   146   1   
380   447   33   144   1   
388   438   27   151   1   
388   428   30   158   1   
369   434   33   168   1   
369   440   31   164   1   
352   453   27   172   1   
337   461   31   175   1   
328   463   35   178   1   
319   459   26   200   1   
317   443   23   221   1   
304   457   22   221   1   
325   451   24   204   1   
328   456   21   199   1   
326   449   24   205   1   
320   452   23   209   1   
321   452   18   213   1   
320   458   15   211   1   
332   442   18   212   1   
344   426   20   214   1   
343   441   21   199   1   
334   455   23   192   1   
354   437   23   190   1   
371   428   20   185   1   
360   425   17   202   1   
1   1   1   1   1   
1   1   1   1   1   
1   1   1   1   1   
1   1   1   1   1   
1   1   1   1   1   
1   1   1   1   1   
1   1   1   1   1   
1   1   1   1   1   
1   1   1   1   1   
1   1   1   1   1   
1   1   1   1   1   
1   1   1   1   1   
1   1   1   1   1   
1   1   1   1   1   
1   1   1   1   1   
1   1   1   1   1   
1   1   1   1   1   
1   1   1   1   1   
1   1   1   1   1   
1   1   1   1   1   
1   1   1   1   1   
1   1   1   1   1   
1   1   1   1   1   
1   1   1   1   1   
1   1   1   1   1   
1   1   1   1   1   
1   1   1   1   1   
1   1   1   1   1   
1   1   1   1   1   
1   1   1   1   1   
1   1   1   1   1   
1   1   1   1   1   
1   1   1   1   1   
1   1   1   1   1   
1   1   1   1   1   
1   1   1   1   1   
1   1   1   1   1   
1   1   1   1   1   
1   1   1   1   1   
1   1   1   1   1   
1   1   1   1   1   
1   1   1   1   1   
1   1   1   1   1   
1   1   1   1   1   
1   1   1   1   1   
1   1   1   1   1   
1   1   1   1   1   
1   1   1   1   1   
1   1   1   1   1   
1   1   1   1   1   
1   1   1   1   1   
1   1   1   1   1   
1   1   1   1   1   
1   1   1   1   1   
1   1   1   1   1   
1   1   1   1   1   
1   1   1   1   1   
1   1   1   1   1   
1   1   1   1   1   
1   1   1   1   1   
1   1   1   1   1   
1   1   1   1   1   
1   1   1   1   1   
1   1   1   1   1   
1   1   1   1   1   
1   1   1   1   1   
1   1   1   1   1   
1   1   1   1   1   
1   1   1   1   1   
1   1   1   1   1   
1   1   1   1   1   
1   1   1   1   1   
1   1   1   1   1   
1   1   1   1   1   
1   1   1   1   1   
1   1   1   1   1   
1   1   1   1   1   
1   1   1   1   1   
1   1   1   1   1   
1   1   1   1   1   
1   1   1   1   1   
1   1   1   1   1   
1   1   1   1   1   
1   1   1   1   1   
1   1   1   1   1   
1   1   1   1   1   
1   1   1   1   1   
1   1   1   1   1   
1   1   1   1   1   
1   1   1   1   1   
1   1   1   1   1   
1   1   1   1   1   
1   1   1   1   1   
1   1   1   1   1   
1   1   1   1   1   
1   1   1   1   1   
1   1   1   1   1   
1   1   1   1   1   
1   1   1   1   1   
1   1   1   1   1   
1   1   1   1   1   
1   1   1   1   1   
