501   501   
501   501   
521   481   
520   482   
529   473   
529   473   
543   459   
544   458   
548   454   
548   454   
534   468   
515   487   
517   485   
508   494   
506   496   
508   494   
496   506   
482   520   
473   529   
474   528   
475   527   
474   528   
474   528   
470   532   
479   523   
466   536   
456   546   
450   552   
433   569   
429   573   
444   558   
454   548   
439   563   
432   570   
431   571   
439   563   
438   564   
443   559   
466   536   
475   527   
475   527   
481   521   
465   537   
469   533   
472   530   
481   521   
493   509   
500   502   
494   508   
522   480   
517   485   
520   482   
500   502   
486   516   
477   525   
470   532   
470   532   
469   533   
469   533   
467   535   
447   555   
468   534   
460   542   
450   552   
447   555   
437   565   
431   571   
413   589   
428   574   
443   559   
454   548   
452   550   
462   540   
465   537   
449   553   
429   573   
427   575   
429   573   
426   576   
429   573   
420   582   
409   593   
398   604   
396   606   
380   622   
374   628   
385   617   
388   614   
390   612   
393   609   
384   618   
386   616   
389   613   
393   609   
384   618   
402   600   
384   618   
381   621   
364   638   
365   637   
380   622   
382   620   
371   631   
364   638   
388   614   
387   615   
390   612   
391   611   
404   598   
421   581   
431   571   
444   558   
448   554   
447   555   
445   557   
445   557   
458   544   
462   540   
459   543   
445   557   
446   556   
459   543   
453   549   
449   553   
449   553   
445   557   
445   557   
458   544   
453   549   
434   568   
438   564   
437   565   
443   559   
438   564   
428   574   
435   567   
439   563   
432   570   
432   570   
422   580   
414   588   
410   592   
423   579   
416   586   
399   603   
401   601   
398   604   
374   628   
380   622   
381   621   
372   630   
374   628   
371   631   
343   659   
351   651   
361   641   
369   633   
370   632   
382   620   
391   611   
389   613   
380   622   
389   613   
381   621   
392   610   
393   609   
408   594   
394   608   
386   616   
377   625   
378   624   
389   613   
415   587   
407   595   
422   580   
420   582   
425   577   
415   587   
425   577   
435   567   
411   591   
414   588   
427   575   
425   577   
422   580   
415   587   
422   580   
425   577   
432   570   
420   582   
422   580   
427   575   
430   572   
435   567   
440   562   
429   573   
427   575   
441   561   
432   570   
427   575   
396   606   
373   629   
374   628   
366   636   
367   635   
377   625   
382   620   
399   603   
412   590   
409   593   
430   572   
420   582   
420   582   
430   572   
428   574   
425   577   
435   567   
425   577   
420   582   
429   573   
436   566   
436   566   
434   568   
429   573   
436   566   
428   574   
426   576   
409   593   
389   613   
408   594   
404   598   
396   606   
395   607   
380   622   
357   645   
343   659   
346   656   
342   660   
350   652   
347   655   
341   661   
346   656   
359   643   
353   649   
363   639   
368   634   
375   627   
383   619   
364   638   
357   645   
340   662   
338   664   
346   656   
339   663   
337   665   
330   672   
316   686   
325   677   
336   666   
346   656   
350   652   
361   641   
354   648   
358   644   
346   656   
355   647   
346   656   
342   660   
342   660   
348   654   
338   664   
360   642   
360   642   
376   626   
391   611   
396   606   
408   594   
412   590   
412   590   
430   572   
429   573   
431   571   
417   585   
424   578   
420   582   
424   578   
417   585   
411   591   
406   596   
401   601   
417   585   
439   563   
448   554   
480   522   
480   522   
474   528   
493   509   
483   519   
475   527   
472   530   
471   531   
461   541   
489   513   
492   510   
493   509   
490   512   
494   508   
485   517   
483   519   
478   524   
463   539   
466   536   
470   532   
483   519   
464   538   
460   542   
463   539   
479   523   
495   507   
497   505   
492   510   
502   500   
501   501   
485   517   
498   504   
482   520   
475   527   
484   518   
495   507   
508   494   
514   488   
510   492   
518   484   
512   490   
502   500   
519   483   
505   497   
504   498   
494   508   
488   514   
473   529   
479   523   
478   524   
477   525   
482   520   
485   517   
467   535   
469   533   
462   540   
447   555   
432   570   
420   582   
406   596   
414   588   
394   608   
397   605   
376   626   
370   632   
360   642   
355   647   
369   633   
364   638   
345   657   
321   681   
310   692   
305   697   
304   698   
302   700   
300   702   
297   705   
297   705   
298   704   
305   697   
295   707   
312   690   
304   698   
301   701   
295   707   
296   706   
299   703   
278   724   
266   736   
275   727   
264   738   
257   745   
265   737   
264   738   
268   734   
271   731   
268   734   
277   725   
272   730   
272   730   
282   720   
289   713   
271   731   
277   725   
294   708   
287   715   
278   724   
289   713   
284   718   
280   722   
259   743   
272   730   
268   734   
266   736   
270   732   
265   737   
268   734   
273   729   
267   735   
283   719   
289   713   
271   731   
265   737   
276   726   
278   724   
282   720   
286   716   
297   705   
291   711   
281   721   
286   716   
277   725   
265   737   
278   724   
285   717   
274   728   
266   736   
268   734   
259   743   
278   724   
281   721   
270   732   
252   750   
256   746   
258   744   
275   727   
279   723   
276   726   
278   724   
284   718   
293   709   
293   709   
301   701   
290   712   
297   705   
295   707   
293   709   
281   721   
286   716   
266   736   
278   724   
282   720   
271   731   
276   726   
281   721   
261   741   
250   752   
234   768   
252   750   
265   737   
259   743   
273   729   
264   738   
256   746   
263   739   
278   724   
264   738   
269   733   
287   715   
295   707   
286   716   
294   708   
285   717   
288   714   
306   696   
309   693   
322   680   
318   684   
323   679   
336   666   
326   676   
312   690   
300   702   
303   699   
302   700   
288   714   
296   706   
303   699   
309   693   
317   685   
315   687   
325   677   
338   664   
346   656   
346   656   
343   659   
1   1   
1   1   
1   1   
1   1   
1   1   
1   1   
1   1   
1   1   
1   1   
1   1   
1   1   
1   1   
1   1   
1   1   
1   1   
1   1   
1   1   
1   1   
1   1   
1   1   
1   1   
1   1   
1   1   
1   1   
1   1   
1   1   
1   1   
1   1   
1   1   
1   1   
1   1   
1   1   
1   1   
1   1   
1   1   
1   1   
1   1   
1   1   
1   1   
1   1   
1   1   
1   1   
1   1   
1   1   
1   1   
1   1   
1   1   
1   1   
1   1   
1   1   
1   1   
1   1   
1   1   
1   1   
1   1   
1   1   
1   1   
1   1   
1   1   
1   1   
1   1   
1   1   
1   1   
1   1   
1   1   
1   1   
1   1   
1   1   
1   1   
1   1   
1   1   
1   1   
1   1   
1   1   
1   1   
1   1   
1   1   
1   1   
1   1   
1   1   
1   1   
1   1   
1   1   
1   1   
1   1   
1   1   
1   1   
1   1   
1   1   
1   1   
1   1   
1   1   
1   1   
1   1   
1   1   
1   1   
1   1   
1   1   
1   1   
1   1   
1   1   
1   1   
