334   334   335   
322   367   314   
294   386   323   
299   392   312   
296   393   314   
296   403   304   
315   385   303   
304   393   306   
315   391   297   
317   396   290   
304   403   296   
298   411   294   
289   413   301   
280   416   307   
287   431   285   
289   429   285   
294   440   269   
308   447   248   
301   451   251   
295   463   245   
298   460   245   
305   447   251   
313   444   246   
295   453   255   
287   455   261   
287   444   272   
286   439   278   
282   425   296   
288   422   293   
277   434   292   
290   449   264   
301   435   267   
293   441   269   
296   415   292   
281   435   287   
274   446   283   
262   443   298   
256   444   303   
249   456   298   
242   460   301   
253   462   288   
258   442   303   
275   429   299   
299   418   286   
291   412   300   
293   437   273   
304   445   254   
309   448   246   
302   458   243   
309   446   248   
317   446   240   
335   437   231   
339   448   216   
355   448   200   
353   460   190   
349   462   192   
358   462   183   
358   462   183   
358   450   195   
347   470   186   
352   470   181   
353   465   185   
358   457   188   
356   468   179   
353   467   183   
355   456   192   
368   443   192   
372   427   204   
371   425   207   
356   435   212   
347   437   219   
330   455   218   
346   450   207   
337   460   206   
342   464   197   
345   469   189   
346   469   188   
344   467   192   
342   488   173   
329   498   176   
326   504   173   
322   507   174   
344   484   175   
339   490   174   
327   503   173   
333   486   184   
348   462   193   
348   472   183   
356   467   180   
365   465   173   
355   474   174   
359   457   187   
361   443   199   
366   450   187   
361   456   186   
348   459   196   
344   472   187   
354   456   193   
357   466   180   
365   478   160   
366   474   163   
368   469   166   
342   480   181   
330   494   179   
328   502   173   
323   506   174   
327   506   170   
315   513   175   
294   532   177   
296   536   171   
305   533   165   
284   556   163   
272   560   171   
275   558   170   
269   565   169   
269   572   162   
285   555   163   
301   535   167   
309   527   167   
296   550   157   
295   558   150   
280   577   146   
281   573   149   
291   555   157   
286   547   170   
297   524   182   
293   522   188   
300   526   177   
308   513   182   
286   527   190   
286   510   207   
283   507   213   
281   519   203   
284   517   202   
290   508   205   
296   506   201   
302   496   205   
306   493   204   
310   488   205   
303   499   201   
317   486   200   
318   495   190   
299   513   191   
306   504   193   
320   500   183   
317   504   182   
315   501   187   
327   481   195   
337   460   206   
346   456   201   
338   459   206   
334   455   214   
321   463   219   
349   431   223   
360   426   217   
361   416   226   
356   426   221   
374   418   211   
393   415   195   
396   401   206   
401   393   209   
414   373   216   
403   385   215   
407   387   209   
408   385   210   
411   380   212   
407   376   220   
415   375   213   
432   370   201   
443   356   204   
441   352   210   
447   336   220   
440   341   222   
437   336   230   
439   334   230   
413   350   240   
418   346   239   
406   356   241   
379   370   254   
369   377   257   
383   361   259   
394   344   265   
398   330   275   
403   328   272   
392   334   277   
396   328   279   
383   338   282   
382   330   291   
372   334   297   
381   330   292   
387   321   295   
381   332   290   
385   333   285   
386   329   288   
370   335   298   
366   355   282   
353   351   299   
348   351   304   
355   342   306   
337   347   319   
325   359   319   
331   346   326   
328   344   331   
332   348   323   
333   342   328   
346   334   323   
343   333   327   
333   348   322   
325   363   315   
314   360   329   
302   379   322   
323   378   302   
306   401   296   
305   392   306   
295   390   318   
284   400   319   
285   411   307   
272   420   311   
269   425   309   
268   426   309   
275   418   310   
283   409   311   
277   403   323   
280   406   317   
289   397   317   
294   397   312   
287   402   314   
290   405   308   
294   407   302   
281   410   312   
284   407   312   
265   417   321   
253   427   323   
274   409   320   
272   424   307   
289   422   292   
297   407   299   
308   405   290   
296   402   305   
290   415   298   
270   415   318   
268   432   303   
263   430   310   
260   429   314   
259   432   312   
254   449   300   
243   458   302   
230   478   295   
214   490   299   
216   472   315   
199   492   312   
204   489   310   
209   480   314   
205   489   309   
210   488   305   
210   472   321   
201   471   331   
214   481   308   
195   475   333   
191   476   336   
205   465   333   
206   476   321   
200   484   319   
209   475   319   
196   484   323   
201   481   321   
202   489   312   
192   498   313   
194   510   299   
187   522   294   
168   546   289   
151   546   306   
155   538   310   
152   537   314   
156   536   311   
157   528   318   
144   532   327   
148   532   323   
141   547   315   
153   530   320   
156   536   311   
160   529   314   
158   538   307   
166   544   293   
160   547   296   
167   545   291   
187   517   299   
176   526   301   
189   509   305   
198   494   311   
189   498   316   
199   488   316   
201   493   309   
199   487   317   
199   501   303   
215   504   284   
219   503   281   
213   503   287   
218   483   302   
225   487   291   
233   480   290   
241   479   283   
242   474   287   
242   483   278   
256   491   256   
273   487   243   
278   483   242   
286   471   246   
294   473   236   
304   458   241   
291   459   253   
295   458   250   
289   474   240   
311   471   221   
325   459   219   
325   459   219   
309   468   226   
302   465   236   
294   474   235   
282   475   246   
286   477   240   
265   499   239   
252   521   230   
262   513   228   
258   514   231   
247   520   236   
234   543   226   
228   542   233   
226   526   251   
233   522   248   
238   518   247   
252   519   232   
243   541   219   
252   519   232   
253   509   241   
255   515   233   
252   515   236   
244   516   243   
239   510   254   
236   522   245   
227   529   247   
228   510   265   
219   515   269   
215   522   266   
230   506   267   
232   514   257   
225   513   265   
207   537   259   
204   532   267   
202   546   255   
205   539   259   
192   550   261   
193   560   250   
187   571   245   
198   575   230   
192   584   227   
203   569   231   
213   573   217   
202   606   195   
204   624   175   
212   614   177   
211   619   173   
199   616   188   
192   628   183   
191   629   183   
188   616   199   
168   625   210   
169   613   221   
181   615   207   
176   608   219   
178   622   203   
195   618   190   
181   641   181   
197   645   161   
198   649   156   
204   646   153   
209   651   143   
191   676   136   
194   670   139   
194   676   133   
208   672   123   
215   664   124   
212   658   133   
213   669   121   
224   656   123   
232   652   119   
229   646   128   
218   662   123   
215   668   120   
218   656   129   
204   662   137   
222   647   134   
214   640   149   
210   648   145   
214   630   159   
224   629   150   
225   628   150   
230   618   155   
246   601   156   
258   579   166   
257   576   170   
264   576   163   
261   603   139   
252   614   137   
262   611   130   
270   599   134   
287   579   137   
285   578   140   
288   590   125   
288   590   125   
296   579   128   
300   575   128   
305   573   125   
312   565   126   
319   554   130   
336   541   126   
335   539   129   
317   554   132   
311   554   138   
306   553   144   
282   565   156   
282   566   155   
281   558   164   
268   560   175   
281   569   153   
254   590   159   
257   597   149   
257   603   143   
269   586   148   
277   567   159   
266   578   159   
250   588   165   
260   585   158   
264   576   163   
249   595   159   
246   599   158   
246   600   157   
253   593   157   
243   586   174   
248   589   166   
256   603   144   
269   594   140   
257   614   132   
265   601   137   
261   591   151   
254   595   154   
245   603   155   
248   605   150   
251   599   153   
250   594   159   
231   610   162   
241   600   162   
236   601   166   
231   579   193   
212   595   196   
209   605   189   
200   602   201   
204   591   208   
201   595   207   
191   597   215   
199   579   225   
171   608   224   
171   604   228   
187   579   237   
180   581   242   
178   574   251   
186   549   268   
182   549   272   
169   551   283   
176   544   283   
183   545   275   
173   554   276   
185   538   280   
188   549   266   
196   560   247   
193   556   254   
193   565   245   
192   565   246   
181   568   254   
176   568   259   
178   570   255   
169   574   260   
161   565   277   
166   552   285   
161   537   305   
169   523   311   
171   525   307   
169   517   317   
178   503   322   
176   502   325   
183   497   323   
171   506   326   
162   505   336   
168   494   341   
173   491   339   
165   491   347   
159   485   359   
147   495   361   
155   488   360   
1   1   1   
1   1   1   
1   1   1   
1   1   1   
1   1   1   
1   1   1   
1   1   1   
1   1   1   
1   1   1   
1   1   1   
1   1   1   
1   1   1   
1   1   1   
1   1   1   
1   1   1   
1   1   1   
1   1   1   
1   1   1   
1   1   1   
1   1   1   
1   1   1   
1   1   1   
1   1   1   
1   1   1   
1   1   1   
1   1   1   
1   1   1   
1   1   1   
1   1   1   
1   1   1   
1   1   1   
1   1   1   
1   1   1   
1   1   1   
1   1   1   
1   1   1   
1   1   1   
1   1   1   
1   1   1   
1   1   1   
1   1   1   
1   1   1   
1   1   1   
1   1   1   
1   1   1   
1   1   1   
1   1   1   
1   1   1   
1   1   1   
1   1   1   
1   1   1   
1   1   1   
1   1   1   
1   1   1   
1   1   1   
1   1   1   
1   1   1   
1   1   1   
1   1   1   
1   1   1   
1   1   1   
1   1   1   
1   1   1   
1   1   1   
1   1   1   
1   1   1   
1   1   1   
1   1   1   
1   1   1   
1   1   1   
1   1   1   
1   1   1   
1   1   1   
1   1   1   
1   1   1   
1   1   1   
1   1   1   
1   1   1   
1   1   1   
1   1   1   
1   1   1   
1   1   1   
1   1   1   
1   1   1   
1   1   1   
1   1   1   
1   1   1   
1   1   1   
1   1   1   
1   1   1   
1   1   1   
1   1   1   
1   1   1   
1   1   1   
1   1   1   
1   1   1   
1   1   1   
1   1   1   
1   1   1   
1   1   1   
1   1   1   
1   1   1   
