334   334   335   
342   358   303   
346   353   304   
336   356   311   
339   357   307   
353   341   309   
355   336   312   
355   340   308   
357   345   301   
370   355   278   
364   358   281   
367   375   261   
359   394   250   
366   376   261   
367   371   265   
337   388   278   
333   382   288   
334   372   297   
340   368   295   
327   385   291   
305   416   282   
299   430   274   
316   422   265   
324   396   283   
321   398   284   
334   392   277   
340   407   256   
327   408   268   
338   412   253   
344   408   251   
360   393   250   
368   389   246   
373   372   258   
370   367   266   
366   367   270   
387   353   263   
397   353   253   
378   357   268   
376   353   274   
392   353   258   
385   365   253   
392   365   246   
396   350   257   
406   332   265   
389   341   273   
395   332   276   
384   335   284   
384   326   293   
394   325   284   
396   315   292   
386   327   290   
384   330   289   
359   342   302   
356   349   298   
341   340   322   
328   348   327   
323   363   317   
304   379   320   
316   371   316   
308   369   326   
306   363   334   
306   377   320   
313   380   310   
303   389   311   
312   374   317   
281   372   350   
276   366   361   
262   366   375   
269   371   363   
265   364   374   
254   372   377   
257   393   353   
274   377   352   
286   363   354   
286   362   355   
272   367   364   
255   388   360   
265   385   353   
253   404   346   
264   392   347   
275   388   340   
279   396   328   
261   395   347   
282   364   357   
295   340   368   
302   333   368   
293   334   376   
299   333   371   
293   336   374   
291   360   352   
280   354   369   
272   345   386   
264   354   385   
271   327   405   
279   310   414   
288   310   405   
284   302   417   
281   305   417   
285   303   415   
286   308   409   
277   294   432   
284   291   428   
270   299   434   
263   314   426   
277   310   416   
284   303   416   
281   291   431   
281   286   436   
267   286   450   
288   283   432   
274   283   446   
270   301   432   
259   300   444   
248   295   460   
251   298   454   
253   303   447   
242   311   450   
226   309   468   
221   291   491   
221   278   504   
228   271   504   
235   276   492   
241   277   485   
248   273   482   
234   278   491   
214   285   504   
208   282   513   
205   292   506   
210   287   506   
204   271   528   
204   276   523   
207   288   508   
200   293   510   
198   289   516   
182   282   539   
188   277   538   
202   279   522   
174   294   535   
174   291   538   
183   294   526   
178   308   517   
186   312   505   
188   302   513   
194   323   486   
201   330   472   
198   333   472   
194   316   493   
194   335   474   
198   308   497   
208   296   499   
205   301   497   
216   287   500   
206   274   523   
193   279   531   
181   292   530   
179   291   533   
167   293   543   
157   307   539   
147   303   553   
148   302   553   
144   296   563   
156   294   553   
156   285   562   
165   283   555   
171   279   553   
180   267   556   
188   270   545   
192   249   562   
209   239   555   
207   250   546   
220   248   535   
229   242   532   
237   235   531   
233   240   530   
244   241   518   
255   251   497   
258   243   502   
279   236   488   
283   227   493   
286   225   492   
295   239   469   
306   228   469   
305   210   488   
291   227   485   
292   228   483   
279   242   482   
281   235   487   
269   233   501   
259   231   513   
262   230   511   
267   221   515   
251   226   526   
249   210   544   
247   211   545   
247   198   558   
247   212   544   
257   222   524   
262   214   527   
276   219   508   
262   226   515   
261   230   512   
255   218   530   
253   209   541   
249   207   547   
241   201   561   
241   193   569   
243   190   570   
239   200   564   
236   202   565   
241   202   560   
250   210   543   
256   214   533   
263   208   532   
263   229   511   
261   218   524   
277   206   520   
278   201   524   
274   198   531   
271   197   535   
277   201   525   
291   187   525   
288   185   530   
277   196   530   
282   195   526   
273   201   529   
266   212   525   
279   206   518   
269   207   527   
260   204   539   
252   209   542   
260   205   538   
255   210   538   
252   217   534   
254   208   541   
271   204   528   
264   210   529   
262   223   518   
268   216   519   
282   217   504   
273   218   512   
283   206   514   
276   202   525   
264   200   539   
267   202   534   
253   204   546   
246   215   542   
250   233   520   
243   226   534   
247   219   537   
243   222   538   
244   228   531   
246   225   532   
243   229   531   
242   246   515   
256   250   497   
265   235   503   
262   239   502   
272   232   499   
276   218   509   
276   216   511   
275   215   513   
279   201   523   
280   196   527   
280   208   515   
284   208   511   
290   185   528   
284   189   530   
284   191   528   
284   176   543   
284   171   548   
279   173   551   
273   164   566   
287   155   561   
287   168   548   
295   166   542   
289   157   557   
275   167   561   
268   154   581   
256   158   589   
267   157   579   
270   163   570   
285   149   569   
288   139   576   
287   134   582   
282   136   585   
290   135   578   
289   130   584   
315   132   556   
317   122   564   
316   138   549   
315   139   549   
293   138   572   
286   136   581   
297   131   575   
312   131   560   
310   129   564   
317   112   574   
307   114   582   
311   100   592   
301   109   593   
289   121   593   
304   117   582   
302   108   593   
313   96   594   
308   103   592   
310   105   588   
315   108   580   
323   108   572   
333   102   568   
319   91   593   
335   84   584   
312   87   604   
297   87   619   
314   94   595   
338   92   573   
333   88   582   
340   86   577   
324   93   586   
332   88   583   
327   90   586   
333   91   579   
319   91   593   
307   98   598   
318   95   590   
326   92   585   
337   90   576   
325   84   594   
337   77   589   
342   81   580   
355   76   572   
363   84   556   
384   77   542   
404   74   525   
389   72   542   
380   85   538   
367   82   554   
392   75   536   
412   71   520   
408   75   520   
393   76   534   
404   81   518   
393   82   528   
397   83   523   
373   78   552   
362   93   548   
354   84   565   
365   73   565   
350   91   562   
337   83   583   
349   89   565   
346   91   566   
338   94   571   
329   97   577   
320   103   580   
309   100   594   
314   111   578   
302   116   585   
299   107   597   
314   98   591   
316   103   584   
323   113   567   
322   114   567   
328   115   560   
338   118   547   
349   113   541   
347   118   538   
328   129   546   
315   122   566   
290   118   595   
290   120   593   
287   127   589   
293   139   571   
294   146   563   
306   139   558   
302   134   567   
301   135   567   
304   130   569   
314   131   558   
310   136   557   
304   127   572   
294   124   585   
292   120   591   
300   114   589   
298   107   598   
293   112   598   
283   122   598   
279   122   602   
261   137   605   
243   139   621   
237   145   621   
227   152   624   
229   150   624   
201   163   639   
204   167   632   
190   160   653   
191   156   656   
203   150   650   
201   162   640   
201   148   654   
209   141   653   
213   144   646   
217   142   644   
212   152   639   
216   159   628   
228   153   622   
233   159   611   
245   151   607   
253   155   595   
247   166   590   
242   174   587   
241   175   587   
222   169   612   
224   184   595   
196   191   616   
192   193   618   
200   190   613   
194   195   614   
218   192   593   
232   191   580   
250   190   563   
254   190   559   
256   204   543   
250   199   554   
253   194   556   
272   195   536   
266   205   532   
279   205   519   
290   221   492   
299   217   487   
300   214   489   
293   198   512   
282   209   512   
286   191   526   
283   203   517   
278   204   521   
286   195   522   
276   183   544   
277   189   537   
278   200   525   
272   207   524   
288   189   526   
285   186   532   
281   187   535   
290   194   519   
292   181   530   
299   196   508   
304   191   508   
331   176   496   
328   159   516   
329   159   515   
340   166   497   
332   165   506   
356   152   495   
340   148   515   
328   154   521   
300   171   532   
288   184   531   
277   201   525   
281   199   523   
284   213   506   
298   208   497   
288   200   515   
288   186   529   
276   183   544   
285   196   522   
279   195   529   
292   197   514   
298   203   502   
321   200   482   
317   199   487   
314   195   494   
302   207   494   
294   198   511   
291   207   505   
300   207   496   
303   234   466   
309   229   465   
305   232   466   
309   237   457   
317   235   451   
317   245   441   
306   251   446   
301   258   444   
305   236   462   
303   235   465   
310   238   455   
315   226   462   
304   225   474   
314   231   458   
312   219   472   
303   231   469   
300   235   468   
303   254   446   
319   247   437   
292   244   467   
284   251   468   
285   252   466   
283   252   468   
281   244   478   
1   1   1   
1   1   1   
1   1   1   
1   1   1   
1   1   1   
1   1   1   
1   1   1   
1   1   1   
1   1   1   
1   1   1   
1   1   1   
1   1   1   
1   1   1   
1   1   1   
1   1   1   
1   1   1   
1   1   1   
1   1   1   
1   1   1   
1   1   1   
1   1   1   
1   1   1   
1   1   1   
1   1   1   
1   1   1   
1   1   1   
1   1   1   
1   1   1   
1   1   1   
1   1   1   
1   1   1   
1   1   1   
1   1   1   
1   1   1   
1   1   1   
1   1   1   
1   1   1   
1   1   1   
1   1   1   
1   1   1   
1   1   1   
1   1   1   
1   1   1   
1   1   1   
1   1   1   
1   1   1   
1   1   1   
1   1   1   
1   1   1   
1   1   1   
1   1   1   
1   1   1   
1   1   1   
1   1   1   
1   1   1   
1   1   1   
1   1   1   
1   1   1   
1   1   1   
1   1   1   
1   1   1   
1   1   1   
1   1   1   
1   1   1   
1   1   1   
1   1   1   
1   1   1   
1   1   1   
1   1   1   
1   1   1   
1   1   1   
1   1   1   
1   1   1   
1   1   1   
1   1   1   
1   1   1   
1   1   1   
1   1   1   
1   1   1   
1   1   1   
1   1   1   
1   1   1   
1   1   1   
1   1   1   
1   1   1   
1   1   1   
1   1   1   
1   1   1   
1   1   1   
1   1   1   
1   1   1   
1   1   1   
1   1   1   
1   1   1   
1   1   1   
1   1   1   
1   1   1   
1   1   1   
1   1   1   
1   1   1   
1   1   1   
1   1   1   
