126   126   126   126   126   126   126   126   
129   122   130   133   143   130   111   110   
131   110   131   133   133   139   115   116   
135   115   128   137   134   137   111   111   
152   107   133   137   129   137   104   109   
168   99   146   141   123   128   103   100   
165   100   147   141   125   129   95   106   
168   109   151   127   140   122   87   104   
156   123   146   123   139   127   91   103   
145   136   143   116   141   127   91   109   
142   136   133   109   141   140   99   108   
129   137   129   105   134   153   107   114   
134   131   135   110   133   151   102   112   
140   128   140   109   136   138   99   118   
139   131   150   111   123   143   99   112   
150   125   149   109   122   147   101   105   
147   124   158   111   122   140   95   111   
145   126   159   112   132   148   80   106   
139   119   164   111   125   162   88   100   
145   117   164   112   132   144   86   108   
146   127   154   112   137   142   86   104   
134   129   146   119   142   136   98   104   
134   138   144   117   143   131   98   103   
133   135   134   126   142   140   98   100   
137   134   126   136   140   135   100   100   
146   119   130   133   148   142   90   100   
134   110   145   128   151   139   89   112   
138   111   132   127   146   141   99   114   
137   120   116   134   144   134   105   118   
126   129   119   136   131   132   117   118   
103   135   128   135   138   134   117   118   
103   136   128   138   132   135   112   124   
97   142   121   137   131   127   123   130   
95   145   101   155   139   125   122   126   
92   156   92   168   137   124   114   125   
91   154   104   149   154   119   120   117   
97   148   98   157   147   123   126   112   
94   145   98   151   157   132   125   106   
101   128   106   158   152   121   136   106   
91   134   102   148   154   114   146   119   
98   127   108   146   165   110   135   119   
92   125   109   153   161   114   134   120   
98   114   99   162   175   108   137   115   
106   115   104   154   180   105   137   107   
109   109   107   148   170   103   154   108   
107   116   99   150   174   96   165   101   
107   110   108   146   174   96   157   110   
110   112   117   139   179   79   161   111   
98   111   111   151   182   87   156   112   
102   110   114   151   173   75   168   115   
115   108   102   153   173   78   153   126   
117   132   113   147   152   79   150   118   
119   120   117   145   158   84   150   115   
109   123   127   150   163   81   139   116   
106   114   133   161   157   74   141   122   
121   105   122   184   161   78   122   115   
121   115   129   181   158   79   113   112   
132   105   139   181   151   85   113   102   
126   107   131   176   154   88   119   107   
122   109   140   184   151   79   110   113   
120   111   151   185   136   84   94   127   
130   122   146   184   121   85   86   134   
137   119   147   198   127   75   79   126   
150   106   159   194   127   70   74   128   
153   95   158   175   142   75   78   132   
167   85   169   171   143   78   70   125   
156   84   173   185   140   77   79   114   
157   89   179   202   130   70   77   104   
149   90   184   222   117   62   72   112   
148   102   172   216   114   65   73   118   
151   106   174   212   107   62   73   123   
156   90   189   211   106   64   70   122   
147   88   189   219   107   67   70   121   
157   88   178   205   111   80   74   115   
160   88   194   201   110   70   69   116   
157   89   201   200   109   81   66   105   
154   74   211   204   116   86   63   100   
147   80   215   205   112   71   69   109   
150   82   205   214   106   64   73   114   
154   76   209   216   104   62   62   125   
159   79   205   238   96   63   60   108   
147   89   197   243   94   57   70   111   
150   92   205   235   85   46   82   113   
149   96   218   223   81   35   94   112   
149   89   233   224   86   37   87   103   
144   84   241   222   87   38   84   108   
159   73   250   214   72   35   86   119   
164   60   263   205   71   36   78   131   
159   63   270   204   80   37   68   127   
158   62   288   206   81   30   63   120   
138   65   304   209   78   33   69   112   
161   67   301   198   90   33   59   99   
178   69   307   184   94   30   50   96   
169   69   319   191   99   25   38   98   
156   76   321   183   107   24   43   98   
149   77   341   175   104   27   43   92   
153   78   348   172   92   35   41   89   
157   78   335   175   92   36   36   99   
162   75   335   178   87   36   39   96   
161   63   348   171   89   36   44   96   
157   76   348   170   85   32   46   94   
149   67   353   179   76   35   43   106   
141   71   344   192   75   36   45   104   
138   79   346   184   71   37   46   107   
143   89   347   169   77   35   40   108   
151   82   354   174   76   29   37   105   
143   81   355   190   79   30   29   101   
141   81   351   192   79   28   30   106   
136   81   354   192   80   31   28   106   
125   84   351   196   87   27   28   110   
118   77   354   197   88   28   28   118   
111   81   352   193   93   24   28   126   
118   81   356   182   89   22   31   129   
134   84   336   184   94   21   29   126   
129   84   347   192   87   19   30   120   
137   83   338   201   83   22   31   113   
138   93   336   191   81   23   29   117   
144   83   335   194   84   27   28   113   
144   81   330   180   92   31   26   124   
153   72   324   173   106   31   32   117   
138   73   346   163   99   29   34   126   
128   78   348   169   106   27   30   122   
117   83   348   173   107   25   26   129   
118   84   373   173   98   27   29   106   
119   81   381   180   98   23   25   101   
110   80   378   187   110   25   30   88   
113   75   363   191   112   30   33   91   
115   75   361   199   114   18   29   97   
107   74   373   203   107   14   32   98   
106   81   373   196   103   12   32   105   
98   80   380   197   100   10   36   107   
98   84   361   216   102   9   36   102   
96   84   362   207   114   8   32   105   
94   78   350   232   118   6   30   100   
90   89   355   235   112   9   28   90   
98   92   351   228   115   7   29   88   
87   95   332   229   126   7   25   107   
78   94   329   231   135   9   25   107   
79   89   338   232   131   7   23   109   
70   84   360   224   141   8   23   98   
66   78   366   221   143   7   23   104   
72   73   347   229   140   9   27   111   
77   75   369   209   143   12   21   102   
82   75   363   207   149   10   23   99   
82   75   355   205   148   13   29   101   
81   69   373   194   155   11   27   98   
80   73   384   186   147   11   26   101   
81   74   386   185   153   11   14   104   
82   73   383   193   159   9   15   94   
77   75   387   196   153   7   22   91   
77   72   400   186   154   10   23   86   
87   80   386   177   152   11   21   94   
86   75   409   170   138   10   28   92   
77   73   405   177   141   10   28   97   
71   70   419   181   134   9   26   98   
70   69   427   192   128   8   26   88   
76   68   443   173   131   5   22   90   
74   69   436   167   134   3   27   98   
70   77   431   169   128   1   25   107   
66   73   435   176   124   1   24   109   
61   73   433   181   131   1   23   105   
62   78   424   189   128   1   24   102   
62   80   429   187   128   1   19   102   
66   80   439   182   125   1   21   94   
68   72   443   169   126   1   25   104   
76   74   434   174   126   1   22   101   
75   91   421   173   128   1   21   98   
81   83   406   180   138   1   23   96   
81   82   407   174   146   1   22   95   
82   77   393   197   148   1   21   89   
82   77   378   200   152   1   23   95   
80   76   370   222   141   1   25   93   
76   77   379   224   146   1   22   83   
77   81   366   217   164   1   22   80   
74   87   360   230   159   1   20   77   
73   89   369   204   164   1   17   91   
72   91   369   195   175   1   17   88   
72   86   353   204   176   1   18   98   
81   92   371   197   165   1   14   87   
76   94   356   200   185   1   12   84   
79   94   342   209   194   1   12   77   
81   84   357   206   189   1   14   76   
73   78   363   201   195   1   15   82   
79   78   348   199   197   1   15   91   
83   84   345   195   204   1   12   84   
77   80   344   212   195   1   10   89   
79   79   337   207   210   1   10   85   
88   86   339   186   210   1   10   88   
84   87   347   174   212   1   10   93   
81   85   363   163   212   1   7   96   
78   92   388   149   197   1   5   98   
78   76   413   147   199   1   2   92   
76   78   421   142   198   1   2   90   
87   91   400   135   200   1   3   91   
92   101   376   139   210   1   3   86   
77   88   373   156   222   1   3   88   
67   78   382   172   216   1   4   88   
72   82   375   186   208   1   4   80   
74   81   371   193   216   1   5   67   
68   87   392   174   212   1   5   69   
68   80   390   180   215   1   4   70   
59   91   406   182   204   1   5   60   
60   89   407   179   206   1   4   62   
61   73   396   190   220   1   4   63   
69   71   403   183   220   1   2   59   
63   69   404   181   220   1   2   68   
61   73   392   190   207   1   3   81   
69   66   380   187   211   1   5   89   
58   59   405   177   210   1   5   93   
46   67   419   180   208   1   6   81   
48   60   417   183   212   1   6   81   
55   61   420   183   205   1   7   76   
52   64   411   197   202   1   6   75   
46   59   410   206   194   1   7   85   
50   49   409   213   183   1   6   97   
51   54   405   206   181   1   6   104   
52   55   415   204   176   1   4   101   
58   53   430   182   170   1   6   108   
63   44   434   180   180   1   6   100   
70   40   422   189   178   1   3   105   
71   27   434   194   178   1   2   101   
58   25   444   201   163   1   1   115   
65   26   452   188   158   1   1   117   
67   27   454   176   167   1   1   115   
76   25   454   175   166   1   1   110   
84   26   475   163   163   1   1   95   
82   28   472   170   153   1   1   101   
83   29   463   175   151   1   1   105   
98   31   462   170   137   1   1   108   
103   33   466   166   145   1   1   93   
95   26   475   179   140   1   1   91   
91   28   484   170   142   1   1   91   
97   22   491   164   144   1   1   88   
101   24   481   170   141   1   1   89   
90   22   485   176   138   1   1   95   
80   21   489   170   143   1   1   103   
79   20   490   177   131   1   1   109   
81   17   494   170   132   1   1   112   
78   19   492   158   142   1   1   117   
76   18   484   166   137   1   1   125   
77   22   497   150   139   1   1   121   
76   18   493   150   145   1   1   124   
69   19   485   164   138   1   1   131   
70   18   489   161   129   1   1   139   
74   19   483   179   120   1   1   131   
81   18   475   179   120   1   1   133   
73   18   452   208   124   1   1   131   
76   20   438   213   132   1   1   127   
74   19   456   201   131   1   1   125   
70   21   469   191   137   1   1   118   
67   19   458   185   148   1   1   129   
66   20   468   190   143   1   1   119   
61   18   488   193   130   1   1   116   
61   24   478   199   131   1   1   113   
52   22   483   199   126   1   1   124   
45   23   491   193   125   1   1   129   
49   28   475   195   129   1   1   130   
52   32   462   201   129   1   1   130   
51   28   480   209   113   1   1   125   
48   29   482   213   118   1   1   116   
52   34   492   196   121   1   1   111   
55   34   495   188   127   1   1   107   
45   29   516   194   122   1   1   100   
42   32   518   194   118   1   1   102   
39   35   531   193   119   1   1   89   
36   33   539   186   126   1   1   86   
35   32   545   173   130   1   1   91   
33   29   550   173   140   1   1   81   
33   28   550   170   140   1   1   85   
33   27   551   173   136   1   1   86   
39   27   553   174   115   1   1   98   
36   23   555   186   105   1   1   101   
41   20   551   185   106   1   1   103   
41   19   540   196   108   1   1   102   
38   19   560   187   107   1   1   95   
35   16   582   194   95   1   1   84   
31   17   586   183   110   1   1   79   
34   16   583   185   110   1   1   78   
35   17   567   202   102   1   1   83   
31   19   575   200   91   1   1   90   
33   13   580   202   87   1   1   91   
30   11   590   201   83   1   1   91   
33   8   587   220   79   1   1   79   
34   7   581   226   75   1   1   83   
31   7   572   220   83   1   1   93   
29   7   584   207   83   1   1   96   
34   8   573   206   83   1   1   102   
34   9   558   220   89   1   1   96   
30   4   585   208   82   1   1   97   
26   3   575   213   86   1   1   103   
27   4   561   214   91   1   1   109   
21   4   569   206   88   1   1   118   
26   7   574   187   89   1   1   123   
25   7   564   194   92   1   1   124   
27   5   565   189   99   1   1   121   
32   3   571   182   108   1   1   110   
32   3   575   174   116   1   1   106   
28   1   589   167   107   1   1   114   
25   1   577   165   108   1   1   130   
27   1   577   156   114   1   1   131   
23   1   588   156   119   1   1   119   
20   1   581   162   117   1   1   125   
22   1   586   145   126   1   1   126   
22   1   589   147   129   1   1   118   
18   1   580   152   134   1   1   121   
14   1   594   143   131   1   1   123   
16   1   601   139   124   1   1   125   
20   1   600   139   122   1   1   124   
14   1   598   135   127   1   1   131   
16   1   608   139   126   1   1   116   
10   1   612   137   131   1   1   115   
10   1   608   149   131   1   1   107   
10   1   603   158   131   1   1   103   
12   1   610   152   131   1   1   100   
15   1   598   170   124   1   1   98   
16   1   609   162   117   1   1   101   
18   1   617   163   114   1   1   93   
15   1   609   161   110   1   1   110   
20   1   593   160   120   1   1   112   
21   1   590   160   126   1   1   108   
19   1   575   160   136   1   1   115   
21   1   574   173   130   1   1   107   
22   1   558   185   131   1   1   109   
26   1   563   192   117   1   1   107   
23   1   573   181   114   1   1   114   
27   1   575   175   114   1   1   114   
27   1   578   172   109   1   1   119   
26   1   575   176   111   1   1   117   
31   1   569   176   120   1   1   109   
28   1   576   166   126   1   1   109   
27   1   571   184   119   1   1   104   
25   1   563   202   119   1   1   96   
29   1   556   197   121   1   1   102   
30   1   566   193   118   1   1   98   
28   1   566   188   120   1   1   103   
30   1   557   189   125   1   1   104   
27   1   534   190   132   1   1   122   
20   1   546   188   124   1   1   127   
18   1   546   197   112   1   1   132   
17   1   548   206   123   1   1   111   
15   1   547   213   119   1   1   111   
14   1   569   199   114   1   1   109   
11   1   559   204   127   1   1   104   
10   1   559   203   128   1   1   105   
11   1   539   214   140   1   1   101   
14   1   520   215   153   1   1   103   
11   1   532   214   144   1   1   104   
7   1   526   219   149   1   1   104   
3   1   507   223   170   1   1   102   
4   1   487   232   173   1   1   109   
4   1   479   241   181   1   1   100   
5   1   481   216   195   1   1   108   
6   1   491   208   188   1   1   112   
7   1   485   213   196   1   1   104   
7   1   496   211   193   1   1   98   
9   1   475   230   196   1   1   95   
8   1   502   218   187   1   1   90   
6   1   501   207   191   1   1   100   
8   1   507   203   187   1   1   100   
6   1   504   202   201   1   1   92   
2   1   510   215   188   1   1   90   
1   1   518   210   189   1   1   87   
1   1   509   214   194   1   1   87   
1   1   503   205   204   1   1   92   
1   1   504   196   222   1   1   82   
1   1   506   204   203   1   1   91   
1   1   502   213   192   1   1   97   
1   1   500   215   181   1   1   108   
1   1   513   206   184   1   1   101   
1   1   496   209   191   1   1   108   
1   1   494   216   185   1   1   109   
1   1   481   204   202   1   1   117   
1   1   481   203   195   1   1   125   
1   1   486   188   207   1   1   123   
1   1   499   190   193   1   1   122   
1   1   511   179   190   1   1   124   
1   1   502   188   181   1   1   133   
1   1   507   191   170   1   1   136   
1   1   524   192   161   1   1   127   
1   1   543   202   141   1   1   118   
1   1   557   186   146   1   1   115   
1   1   571   183   145   1   1   105   
1   1   559   186   152   1   1   107   
1   1   563   185   155   1   1   101   
1   1   569   181   155   1   1   99   
1   1   573   174   158   1   1   99   
1   1   587   175   150   1   1   92   
1   1   603   166   149   1   1   86   
1   1   619   162   144   1   1   79   
1   1   630   157   145   1   1   72   
1   1   623   160   147   1   1   74   
1   1   627   162   145   1   1   70   
1   1   606   167   164   1   1   67   
1   1   601   183   155   1   1   65   
1   1   584   191   157   1   1   72   
1   1   589   207   152   1   1   56   
1   1   589   206   149   1   1   60   
1   1   589   210   141   1   1   64   
1   1   578   218   143   1   1   65   
1   1   563   217   158   1   1   66   
1   1   552   218   167   1   1   67   
1   1   547   213   181   1   1   63   
1   1   558   218   173   1   1   55   
1   1   552   220   171   1   1   61   
1   1   547   216   185   1   1   56   
1   1   541   216   188   1   1   59   
1   1   532   209   195   1   1   68   
1   1   522   215   204   1   1   63   
1   1   519   215   214   1   1   56   
1   1   506   228   219   1   1   51   
1   1   506   235   212   1   1   51   
1   1   518   224   209   1   1   53   
1   1   538   217   191   1   1   58   
1   1   543   204   198   1   1   59   
1   1   544   202   201   1   1   57   
1   1   538   209   202   1   1   55   
1   1   569   199   179   1   1   57   
1   1   561   213   174   1   1   56   
1   1   591   188   175   1   1   50   
1   1   586   191   178   1   1   49   
1   1   576   189   185   1   1   54   
1   1   567   185   194   1   1   58   
1   1   554   206   187   1   1   57   
1   1   562   195   191   1   1   56   
1   1   554   189   196   1   1   65   
1   1   552   181   201   1   1   70   
1   1   552   177   201   1   1   74   
1   1   570   180   172   1   1   82   
1   1   572   168   183   1   1   81   
1   1   567   161   192   1   1   84   
1   1   572   161   188   1   1   83   
1   1   596   153   179   1   1   76   
1   1   593   157   175   1   1   79   
1   1   587   163   175   1   1   79   
1   1   580   171   187   1   1   66   
1   1   570   163   204   1   1   67   
1   1   580   156   201   1   1   67   
1   1   575   152   221   1   1   56   
1   1   582   148   219   1   1   55   
1   1   579   156   216   1   1   53   
1   1   574   157   221   1   1   52   
1   1   556   166   231   1   1   51   
1   1   568   161   231   1   1   44   
1   1   571   158   228   1   1   47   
1   1   554   171   235   1   1   44   
1   1   542   181   231   1   1   50   
1   1   545   170   237   1   1   52   
1   1   525   180   245   1   1   54   
1   1   531   170   249   1   1   54   
1   1   534   176   234   1   1   60   
1   1   541   178   229   1   1   56   
1   1   555   172   225   1   1   52   
1   1   536   180   234   1   1   54   
1   1   539   171   246   1   1   48   
1   1   525   176   254   1   1   49   
1   1   509   180   263   1   1   52   
1   1   504   180   262   1   1   58   
1   1   518   180   244   1   1   62   
1   1   528   182   226   1   1   68   
1   1   520   185   229   1   1   70   
1   1   522   182   231   1   1   69   
1   1   521   193   226   1   1   64   
1   1   524   185   227   1   1   68   
1   1   525   187   231   1   1   61   
1   1   516   177   243   1   1   68   
1   1   525   170   252   1   1   57   
1   1   533   168   246   1   1   57   
1   1   532   171   244   1   1   57   
1   1   536   173   234   1   1   61   
1   1   543   177   225   1   1   59   
1   1   530   166   243   1   1   65   
1   1   532   156   253   1   1   63   
1   1   523   162   255   1   1   64   
1   1   535   151   256   1   1   62   
1   1   554   154   234   1   1   62   
1   1   548   158   227   1   1   71   
1   1   559   167   210   1   1   68   
1   1   559   165   213   1   1   67   
1   1   562   160   219   1   1   63   
1   1   576   148   217   1   1   63   
1   1   563   145   227   1   1   69   
1   1   591   143   205   1   1   65   
1   1   585   140   201   1   1   78   
1   1   597   124   203   1   1   80   
1   1   589   127   205   1   1   83   
1   1   608   116   195   1   1   85   
1   1   598   122   194   1   1   90   
1   1   611   118   192   1   1   83   
1   1   621   111   187   1   1   85   
1   1   624   105   195   1   1   80   
1   1   616   94   216   1   1   78   
1   1   625   87   217   1   1   75   
1   1   647   85   202   1   1   70   
1   1   654   89   202   1   1   59   
1   1   658   86   209   1   1   51   
1   1   643   93   221   1   1   47   
1   1   642   79   237   1   1   46   
1   1   629   78   245   1   1   52   
1   1   603   90   253   1   1   58   
1   1   1   1   1   1   1   1   
1   1   1   1   1   1   1   1   
1   1   1   1   1   1   1   1   
1   1   1   1   1   1   1   1   
1   1   1   1   1   1   1   1   
1   1   1   1   1   1   1   1   
1   1   1   1   1   1   1   1   
1   1   1   1   1   1   1   1   
1   1   1   1   1   1   1   1   
1   1   1   1   1   1   1   1   
1   1   1   1   1   1   1   1   
1   1   1   1   1   1   1   1   
1   1   1   1   1   1   1   1   
1   1   1   1   1   1   1   1   
1   1   1   1   1   1   1   1   
1   1   1   1   1   1   1   1   
1   1   1   1   1   1   1   1   
1   1   1   1   1   1   1   1   
1   1   1   1   1   1   1   1   
1   1   1   1   1   1   1   1   
1   1   1   1   1   1   1   1   
1   1   1   1   1   1   1   1   
1   1   1   1   1   1   1   1   
1   1   1   1   1   1   1   1   
1   1   1   1   1   1   1   1   
1   1   1   1   1   1   1   1   
1   1   1   1   1   1   1   1   
1   1   1   1   1   1   1   1   
1   1   1   1   1   1   1   1   
1   1   1   1   1   1   1   1   
1   1   1   1   1   1   1   1   
1   1   1   1   1   1   1   1   
1   1   1   1   1   1   1   1   
1   1   1   1   1   1   1   1   
1   1   1   1   1   1   1   1   
1   1   1   1   1   1   1   1   
1   1   1   1   1   1   1   1   
1   1   1   1   1   1   1   1   
1   1   1   1   1   1   1   1   
1   1   1   1   1   1   1   1   
1   1   1   1   1   1   1   1   
1   1   1   1   1   1   1   1   
1   1   1   1   1   1   1   1   
1   1   1   1   1   1   1   1   
1   1   1   1   1   1   1   1   
1   1   1   1   1   1   1   1   
1   1   1   1   1   1   1   1   
1   1   1   1   1   1   1   1   
1   1   1   1   1   1   1   1   
1   1   1   1   1   1   1   1   
1   1   1   1   1   1   1   1   
1   1   1   1   1   1   1   1   
1   1   1   1   1   1   1   1   
1   1   1   1   1   1   1   1   
1   1   1   1   1   1   1   1   
1   1   1   1   1   1   1   1   
1   1   1   1   1   1   1   1   
1   1   1   1   1   1   1   1   
1   1   1   1   1   1   1   1   
1   1   1   1   1   1   1   1   
1   1   1   1   1   1   1   1   
1   1   1   1   1   1   1   1   
1   1   1   1   1   1   1   1   
1   1   1   1   1   1   1   1   
1   1   1   1   1   1   1   1   
1   1   1   1   1   1   1   1   
1   1   1   1   1   1   1   1   
1   1   1   1   1   1   1   1   
1   1   1   1   1   1   1   1   
1   1   1   1   1   1   1   1   
1   1   1   1   1   1   1   1   
1   1   1   1   1   1   1   1   
1   1   1   1   1   1   1   1   
1   1   1   1   1   1   1   1   
1   1   1   1   1   1   1   1   
1   1   1   1   1   1   1   1   
1   1   1   1   1   1   1   1   
1   1   1   1   1   1   1   1   
1   1   1   1   1   1   1   1   
1   1   1   1   1   1   1   1   
1   1   1   1   1   1   1   1   
1   1   1   1   1   1   1   1   
1   1   1   1   1   1   1   1   
1   1   1   1   1   1   1   1   
1   1   1   1   1   1   1   1   
1   1   1   1   1   1   1   1   
1   1   1   1   1   1   1   1   
1   1   1   1   1   1   1   1   
1   1   1   1   1   1   1   1   
1   1   1   1   1   1   1   1   
1   1   1   1   1   1   1   1   
1   1   1   1   1   1   1   1   
1   1   1   1   1   1   1   1   
1   1   1   1   1   1   1   1   
1   1   1   1   1   1   1   1   
1   1   1   1   1   1   1   1   
1   1   1   1   1   1   1   1   
1   1   1   1   1   1   1   1   
1   1   1   1   1   1   1   1   
1   1   1   1   1   1   1   1   
1   1   1   1   1   1   1   1   
1   1   1   1   1   1   1   1   
