51   51   51   51   51   51   51   51   51   51   51   51   51   51   51   51   51   51   51   51   
55   54   48   46   51   49   57   48   56   57   46   68   61   53   47   45   48   52   44   35   
52   55   48   47   56   45   57   47   55   60   48   68   61   44   48   46   57   60   38   28   
59   56   48   47   53   50   50   47   51   56   52   62   55   45   50   54   59   62   35   29   
56   58   49   41   45   52   47   57   45   60   56   60   58   45   49   53   55   68   35   31   
56   58   50   45   46   49   43   54   42   66   58   56   57   52   51   62   54   64   33   24   
61   61   52   45   51   45   44   51   47   60   63   55   55   50   50   52   46   69   37   26   
58   61   55   44   48   55   45   51   49   58   68   55   45   48   48   54   46   64   35   33   
54   60   59   48   46   54   45   56   50   63   64   53   51   45   57   47   41   55   38   34   
52   60   57   41   58   55   38   60   53   58   67   59   48   43   59   45   39   53   38   37   
43   71   54   40   63   56   41   55   63   63   70   50   57   35   53   39   47   55   27   38   
43   73   60   40   66   51   44   59   66   62   70   45   54   27   54   42   46   50   23   45   
49   71   66   44   65   53   40   58   70   52   59   46   57   25   59   42   48   46   27   43   
48   61   58   45   59   61   43   64   65   60   67   42   62   23   62   45   42   51   21   41   
44   66   47   54   55   68   45   56   65   62   61   43   56   28   63   50   38   49   24   46   
44   66   50   55   63   66   42   59   66   61   55   42   51   21   63   47   43   45   24   57   
47   68   43   50   62   63   41   52   74   62   61   48   44   15   67   45   48   47   28   55   
45   75   41   48   63   73   44   53   72   72   65   36   45   9   73   36   39   46   29   56   
46   73   35   41   65   70   41   58   80   75   71   36   43   7   71   38   43   44   31   52   
53   78   35   45   74   80   40   48   77   81   73   35   36   7   69   31   36   45   30   47   
54   82   37   49   85   79   39   44   78   79   67   31   40   6   66   25   35   37   32   55   
63   77   40   50   85   78   38   43   76   74   56   29   48   7   68   27   32   42   27   60   
61   79   31   48   82   70   33   45   73   95   61   27   47   9   83   23   24   38   28   63   
54   86   34   47   90   65   30   42   72   91   71   31   44   8   85   22   26   28   35   59   
55   82   38   46   83   55   31   49   77   90   67   28   49   11   90   21   21   36   38   53   
56   78   44   55   74   53   34   49   75   94   61   26   53   12   82   21   21   36   36   60   
66   71   42   61   80   56   29   44   54   101   59   25   48   12   85   24   25   39   37   62   
62   65   47   56   81   58   31   45   56   97   64   24   41   13   82   22   30   38   41   67   
70   59   42   50   82   52   27   50   57   91   69   29   41   12   84   19   31   41   42   72   
67   49   42   51   75   54   21   48   67   95   63   32   42   16   88   21   38   37   42   72   
65   51   41   44   79   49   18   52   67   86   62   31   35   16   99   23   38   41   45   78   
62   48   36   53   73   50   22   60   68   85   53   31   27   17   100   21   43   44   46   81   
67   46   30   61   71   51   30   55   55   87   59   36   29   22   88   20   41   40   50   82   
60   41   30   58   74   47   29   54   53   97   62   34   33   16   93   18   50   38   60   73   
64   43   34   56   84   47   29   49   49   90   66   33   33   12   93   21   50   40   57   70   
57   41   35   53   78   48   26   46   64   89   65   32   33   12   101   25   53   40   61   61   
62   43   35   51   85   46   25   43   68   82   53   33   35   15   101   26   55   41   57   64   
65   42   32   49   84   45   31   47   69   76   57   33   33   17   103   27   58   45   48   59   
66   44   31   48   83   46   34   48   73   77   55   36   28   16   103   28   60   40   46   58   
63   40   32   43   87   46   33   58   80   77   58   32   24   17   97   27   61   37   49   59   
66   37   30   43   90   47   31   58   68   89   56   33   28   23   98   30   59   31   45   58   
67   35   36   34   87   49   24   57   72   98   58   31   24   27   102   28   60   30   49   52   
70   30   31   31   75   52   21   59   71   106   52   31   31   28   95   28   65   42   46   56   
69   25   37   35   76   51   21   49   75   112   51   27   31   23   87   31   64   45   49   62   
61   24   41   33   83   54   22   43   76   110   56   21   21   19   92   31   70   48   50   65   
71   25   35   33   77   46   23   49   81   105   60   20   19   19   96   35   60   45   60   61   
65   25   33   37   84   47   19   49   80   107   58   20   22   21   85   37   53   38   69   71   
70   27   28   33   77   44   16   47   82   115   61   21   24   22   87   34   51   38   69   74   
75   23   27   36   65   47   11   51   85   119   68   16   21   19   82   35   57   42   64   77   
67   23   25   33   68   50   7   51   80   137   74   12   19   19   88   33   46   38   69   81   
65   16   28   36   67   54   6   48   77   144   75   13   17   19   89   37   48   39   71   71   
69   12   28   34   63   55   6   48   82   155   79   12   17   22   94   32   47   34   65   66   
64   14   28   36   56   53   3   44   91   147   69   11   14   25   119   36   45   34   63   68   
67   16   33   29   57   50   1   44   80   163   59   15   12   25   115   38   43   35   69   69   
70   14   33   34   58   52   1   47   84   160   64   19   10   25   103   37   35   37   66   71   
67   17   40   32   69   52   1   50   85   162   63   16   7   27   93   35   39   39   63   63   
70   15   43   31   69   50   1   52   91   168   54   14   5   36   88   31   40   39   64   59   
69   15   38   28   68   56   1   55   93   167   61   11   5   40   72   36   41   32   71   61   
69   15   36   24   75   52   1   55   96   169   64   10   6   34   70   41   42   27   70   64   
64   14   43   18   75   47   1   54   84   187   63   11   6   36   64   43   45   27   72   66   
54   14   40   19   86   46   1   61   90   179   58   9   5   38   65   36   42   27   84   66   
49   14   37   20   82   50   1   73   88   184   60   5   4   41   59   36   43   26   84   64   
43   14   27   21   92   48   1   78   91   188   55   5   6   37   70   35   39   30   77   63   
38   12   28   22   91   52   1   75   93   176   57   6   8   42   77   31   39   34   68   70   
43   15   27   23   87   41   1   86   95   178   56   7   9   45   79   33   39   32   63   61   
49   15   18   20   83   42   1   88   82   172   67   8   9   51   89   31   46   31   66   52   
46   11   15   21   81   40   1   94   89   163   70   11   10   48   85   34   52   32   69   48   
39   15   14   19   76   38   1   100   97   155   62   5   8   49   84   37   62   24   86   49   
39   17   16   17   70   42   1   103   109   146   66   5   10   51   78   41   51   27   84   47   
36   20   22   11   62   47   1   96   113   150   62   7   11   52   79   38   50   27   85   51   
43   18   23   11   59   55   1   89   118   147   63   8   8   48   78   40   46   25   94   46   
42   18   23   12   58   56   1   95   137   140   60   9   6   42   68   47   42   21   91   52   
36   13   28   11   59   57   1   99   136   120   65   11   6   44   66   47   45   24   104   48   
38   15   27   12   61   62   1   93   131   120   80   10   7   38   64   51   32   19   110   49   
34   15   25   13   56   72   1   81   137   120   83   9   9   42   72   47   33   20   104   47   
28   13   26   11   51   73   1   83   133   138   100   7   7   47   66   43   31   18   103   41   
31   15   25   9   48   74   1   89   147   136   95   4   8   44   60   46   33   14   108   33   
29   15   25   8   45   72   1   97   151   135   98   4   6   50   58   49   33   10   109   25   
34   17   22   10   43   67   1   98   147   133   110   4   7   47   59   48   31   7   116   19   
36   13   21   6   40   68   1   101   140   132   110   3   8   48   63   59   29   5   115   22   
36   11   20   5   42   78   1   99   144   132   114   2   4   45   70   52   25   5   111   24   
39   13   23   5   46   75   1   93   138   124   120   1   4   43   70   56   26   4   120   19   
42   15   19   6   49   66   1   100   132   130   126   1   3   40   70   54   25   4   120   17   
44   15   19   7   49   70   1   99   141   134   121   1   3   45   66   51   23   4   107   20   
40   16   18   9   42   65   1   103   135   140   134   1   3   50   71   50   20   6   99   17   
36   13   20   11   50   68   1   108   132   138   130   1   2   51   67   53   21   5   102   11   
34   15   20   8   52   74   1   117   128   131   144   1   3   44   66   45   18   6   103   10   
36   12   18   10   57   70   1   116   116   128   154   1   3   44   68   48   24   6   99   9   
36   13   19   10   47   74   1   126   110   126   166   1   4   46   57   49   14   8   104   9   
29   11   22   11   52   73   1   115   129   117   156   1   4   54   62   50   10   11   99   13   
29   13   27   13   56   77   1   106   125   117   152   1   3   62   63   49   8   8   97   13   
29   12   31   16   60   75   1   118   124   119   146   1   3   66   60   41   9   7   87   15   
30   11   34   21   61   72   1   119   121   120   135   1   4   66   63   50   11   8   82   10   
28   11   30   24   59   71   1   110   124   132   141   1   2   68   55   49   10   8   87   9   
27   4   32   27   61   69   1   105   133   136   141   1   3   66   54   48   7   10   84   11   
29   4   34   27   58   72   1   104   116   135   154   1   1   65   46   52   6   11   93   11   
30   5   35   33   62   58   1   99   116   134   163   1   1   58   48   47   4   12   102   11   
36   5   34   34   61   54   1   103   121   123   166   1   1   61   46   49   4   13   92   15   
40   6   31   31   66   50   1   114   117   120   161   1   1   70   44   43   2   15   92   15   
36   7   33   33   65   53   1   111   102   138   166   1   1   66   34   44   3   16   90   20   
37   7   29   33   58   61   1   105   103   145   169   1   1   69   37   39   5   12   89   19   
39   6   36   35   57   53   1   104   112   149   160   1   1   71   30   37   4   12   91   21   
48   8   32   37   50   50   1   104   114   148   159   1   1   72   30   41   2   10   91   21   
42   7   37   35   54   57   1   105   109   155   156   1   1   69   25   42   2   10   92   20   
46   7   41   38   57   62   1   96   109   155   161   1   1   63   24   40   2   9   91   16   
41   6   36   35   61   67   1   93   116   152   168   1   1   67   22   36   2   6   93   16   
44   5   31   39   63   65   1   92   116   156   175   1   1   63   25   34   2   6   86   15   
51   4   37   37   62   56   1   90   125   147   172   1   1   61   27   31   3   4   90   20   
52   6   33   40   61   56   1   91   119   155   180   1   1   60   30   28   2   2   83   19   
60   8   32   37   53   63   1   95   123   139   180   1   1   65   25   27   3   2   86   19   
60   10   32   39   55   49   1   106   123   137   189   1   1   66   27   29   2   2   75   16   
55   8   38   45   55   41   1   122   121   138   187   1   1   57   26   27   3   2   81   11   
67   7   36   48   53   38   1   122   131   135   176   1   1   47   28   26   3   2   87   11   
62   7   35   51   62   30   1   131   133   131   169   1   1   49   31   27   3   2   80   14   
54   7   32   49   59   29   1   134   139   146   177   1   1   47   27   26   3   2   73   13   
47   9   30   58   51   29   1   127   156   145   171   1   1   47   26   24   4   2   78   13   
39   9   27   69   52   28   1   123   161   160   160   1   1   54   21   24   3   1   73   13   
38   8   27   74   40   25   1   128   179   158   154   1   1   43   22   27   4   1   71   18   
45   9   24   71   38   23   1   132   183   158   146   1   1   49   14   32   3   1   71   18   
42   7   25   77   30   23   1   129   190   180   129   1   1   50   20   27   2   1   70   15   
47   7   27   78   29   22   1   129   182   182   132   1   1   51   19   26   3   1   74   8   
44   9   25   81   29   26   1   132   184   179   128   1   1   46   22   27   2   1   73   9   
42   11   31   82   27   26   1   138   192   168   126   1   1   49   20   23   1   1   75   5   
41   14   32   89   25   34   1   133   187   163   131   1   1   47   17   21   1   1   75   6   
38   12   32   78   24   30   1   147   196   174   127   1   1   48   17   16   1   1   69   7   
40   7   31   75   28   26   1   142   210   171   135   1   1   46   18   13   1   1   68   5   
34   9   32   79   29   23   1   135   213   169   147   1   1   38   21   12   1   1   67   7   
37   10   37   82   31   24   1   133   211   154   146   1   1   33   27   14   1   1   70   6   
40   11   40   72   29   23   1   139   208   140   166   1   1   34   29   14   1   1   67   3   
36   8   39   73   31   26   1   135   219   133   158   1   1   34   33   13   1   1   73   4   
35   7   34   79   32   30   1   144   213   119   170   1   1   33   32   12   1   1   72   3   
36   6   37   81   25   23   1   141   225   119   184   1   1   31   30   11   1   1   65   1   
39   7   36   85   26   20   1   138   221   113   183   1   1   39   31   9   1   1   67   1   
43   7   41   82   23   22   1   140   218   108   183   1   1   44   33   5   1   1   65   1   
45   8   38   72   22   22   1   149   217   125   166   1   1   46   30   4   1   1   70   1   
47   9   40   69   23   17   1   156   214   125   165   1   1   48   29   5   1   1   67   1   
42   12   39   74   27   18   1   157   204   123   170   1   1   56   25   6   1   1   61   1   
46   16   38   67   29   21   1   170   199   119   162   1   1   53   26   7   1   1   61   1   
39   18   36   73   31   20   1   181   190   115   166   1   1   57   29   7   1   1   52   1   
43   17   41   69   28   17   1   192   192   116   152   1   1   53   28   7   1   1   59   1   
41   17   34   59   26   14   1   189   191   128   150   1   1   48   36   4   1   1   77   1   
43   14   26   57   32   20   1   176   191   129   159   1   1   45   38   5   1   1   79   1   
42   14   20   67   29   22   1   160   202   135   154   1   1   41   39   8   1   1   81   1   
46   9   17   72   28   23   1   168   188   133   151   1   1   42   46   10   1   1   81   1   
47   8   22   69   29   23   1   163   178   137   166   1   1   37   41   13   1   1   81   1   
48   6   18   63   29   19   1   164   188   135   169   1   1   40   37   15   1   1   83   1   
44   7   18   66   28   17   1   165   180   134   171   1   1   38   43   16   1   1   87   1   
45   9   13   61   26   19   1   159   184   129   180   1   1   44   50   11   1   1   84   1   
49   8   9   66   30   24   1   162   188   123   174   1   1   51   45   11   1   1   74   1   
58   9   6   59   36   29   1   154   193   112   181   1   1   45   47   10   1   1   75   1   
52   9   4   70   31   29   1   147   194   111   185   1   1   41   55   8   1   1   78   1   
48   11   4   62   31   32   1   148   192   125   166   1   1   43   56   13   1   1   83   1   
48   12   2   46   30   32   1   158   191   138   162   1   1   38   50   10   1   1   97   1   
52   12   2   46   30   29   1   150   204   132   156   1   1   42   52   12   1   1   95   1   
46   11   2   50   29   27   1   147   202   130   163   1   1   41   55   14   1   1   97   1   
45   8   2   50   27   30   1   158   216   124   165   1   1   35   48   11   1   1   95   1   
40   5   1   55   37   27   1   171   214   124   155   1   1   33   46   13   1   1   93   1   
46   3   1   51   35   29   1   182   208   128   139   1   1   33   47   15   1   1   97   1   
53   2   1   46   27   31   1   191   212   127   141   1   1   32   42   12   1   1   97   1   
54   1   1   39   33   34   1   188   220   123   145   1   1   36   37   14   1   1   89   1   
50   1   1   32   30   39   1   186   222   130   140   1   1   36   41   13   1   1   93   1   
57   1   1   25   28   41   1   184   236   125   138   1   1   28   44   10   1   1   96   1   
50   1   1   26   28   40   1   185   245   124   138   1   1   25   47   9   1   1   95   1   
54   1   1   33   24   38   1   174   226   125   151   1   1   29   55   5   1   1   98   1   
51   1   1   34   32   41   1   174   210   128   148   1   1   29   57   2   1   1   106   1   
51   1   1   38   36   42   1   175   199   128   144   1   1   26   62   2   1   1   109   1   
50   1   1   43   38   46   1   159   206   126   140   1   1   30   60   2   1   1   112   1   
54   1   1   39   41   50   1   162   194   127   134   1   1   38   56   1   1   1   116   1   
43   1   1   42   34   59   1   176   201   121   127   1   1   38   56   1   1   1   114   1   
44   1   1   43   30   58   1   171   189   131   129   1   1   45   58   1   1   1   113   1   
45   1   1   45   32   60   1   169   199   131   128   1   1   42   54   1   1   1   106   1   
41   1   1   45   30   57   1   165   204   136   123   1   1   39   54   1   1   1   117   1   
50   1   1   47   34   52   1   147   217   135   116   1   1   45   46   1   1   1   122   1   
53   1   1   51   32   48   1   164   225   128   108   1   1   44   42   1   1   1   116   1   
52   1   1   50   33   53   1   160   232   121   103   1   1   41   46   1   1   1   120   1   
54   1   1   49   36   55   1   153   233   126   97   1   1   36   52   1   1   1   120   1   
60   1   1   47   32   47   1   151   240   125   100   1   1   42   55   1   1   1   112   1   
60   1   1   48   35   50   1   144   235   129   107   1   1   43   58   1   1   1   102   1   
60   1   1   45   39   56   1   143   249   108   108   1   1   46   54   1   1   1   103   1   
71   1   1   44   43   59   1   131   234   116   107   1   1   49   40   1   1   1   117   1   
73   1   1   48   40   63   1   124   223   130   91   1   1   51   42   1   1   1   126   1   
74   1   1   51   40   71   1   120   226   121   88   1   1   45   44   1   1   1   131   1   
74   1   1   54   36   63   1   126   233   113   82   1   1   44   50   1   1   1   136   1   
77   1   1   59   31   66   1   120   238   106   91   1   1   47   46   1   1   1   130   1   
75   1   1   73   22   71   1   119   219   115   87   1   1   48   47   1   1   1   135   1   
88   1   1   69   22   66   1   110   243   116   78   1   1   43   48   1   1   1   128   1   
97   1   1   66   21   64   1   107   234   119   78   1   1   44   46   1   1   1   135   1   
94   1   1   56   20   60   1   109   229   134   80   1   1   48   46   1   1   1   135   1   
87   1   1   64   17   59   1   117   233   125   73   1   1   48   48   1   1   1   140   1   
90   1   1   65   16   64   1   128   223   138   73   1   1   45   44   1   1   1   125   1   
99   1   1   63   12   62   1   124   222   145   68   1   1   43   40   1   1   1   133   1   
100   1   1   56   9   66   1   123   224   141   76   1   1   48   37   1   1   1   131   1   
96   1   1   57   11   65   1   117   234   141   74   1   1   44   37   1   1   1   135   1   
103   1   1   62   12   61   1   107   243   137   66   1   1   39   38   1   1   1   143   1   
100   1   1   65   11   59   1   107   257   145   66   1   1   37   35   1   1   1   129   1   
100   1   1   67   13   50   1   112   247   150   65   1   1   31   37   1   1   1   139   1   
92   1   1   73   10   52   1   128   235   150   56   1   1   31   38   1   1   1   146   1   
97   1   1   68   12   52   1   125   240   155   59   1   1   32   39   1   1   1   132   1   
91   1   1   69   14   45   1   118   244   173   65   1   1   27   44   1   1   1   121   1   
97   1   1   74   18   42   1   116   239   172   59   1   1   29   48   1   1   1   117   1   
111   1   1   71   13   45   1   122   234   163   62   1   1   23   47   1   1   1   120   1   
116   1   1   78   10   44   1   131   233   157   63   1   1   22   47   1   1   1   110   1   
110   1   1   81   11   39   1   126   236   175   56   1   1   16   39   1   1   1   122   1   
110   1   1   85   10   39   1   126   224   163   64   1   1   16   48   1   1   1   126   1   
111   1   1   91   10   36   1   123   229   171   61   1   1   16   50   1   1   1   113   1   
120   1   1   100   13   38   1   124   217   171   55   1   1   19   41   1   1   1   113   1   
125   1   1   114   13   36   1   125   204   159   55   1   1   20   44   1   1   1   116   1   
118   1   1   125   16   35   1   118   196   154   60   1   1   13   45   1   1   1   131   1   
114   1   1   134   14   29   1   123   193   146   68   1   1   15   44   1   1   1   131   1   
121   1   1   137   15   23   1   127   197   133   71   1   1   13   48   1   1   1   126   1   
126   1   1   129   11   21   1   135   183   146   70   1   1   10   49   1   1   1   131   1   
126   1   1   125   11   23   1   124   179   154   76   1   1   9   51   1   1   1   133   1   
121   1   1   125   10   23   1   127   177   167   77   1   1   8   43   1   1   1   133   1   
130   1   1   126   11   24   1   127   174   150   80   1   1   6   49   1   1   1   134   1   
131   1   1   128   10   24   1   125   178   142   80   1   1   7   36   1   1   1   150   1   
135   1   1   129   11   22   1   123   160   142   88   1   1   6   38   1   1   1   157   1   
153   1   1   120   15   26   1   123   147   151   85   1   1   5   35   1   1   1   151   1   
149   1   1   124   14   25   1   123   142   159   79   1   1   4   36   1   1   1   156   1   
161   1   1   139   14   25   1   125   132   151   71   1   1   5   28   1   1   1   160   1   
178   1   1   149   15   23   1   130   124   140   61   1   1   5   27   1   1   1   159   1   
160   1   1   155   14   26   1   138   124   141   63   1   1   7   27   1   1   1   156   1   
153   1   1   147   10   29   1   133   136   153   69   1   1   6   33   1   1   1   142   1   
154   1   1   145   9   27   1   125   132   156   72   1   1   6   37   1   1   1   148   1   
151   1   1   138   10   21   1   143   139   144   74   1   1   5   41   1   1   1   145   1   
155   1   1   150   10   23   1   138   152   137   69   1   1   6   34   1   1   1   137   1   
158   1   1   159   8   20   1   133   157   136   63   1   1   8   34   1   1   1   135   1   
163   1   1   158   7   15   1   127   155   133   63   1   1   11   39   1   1   1   140   1   
159   1   1   166   5   18   1   135   151   134   59   1   1   13   29   1   1   1   142   1   
178   1   1   150   6   16   1   127   147   142   57   1   1   13   31   1   1   1   144   1   
189   1   1   138   7   22   1   123   158   137   57   1   1   12   28   1   1   1   140   1   
187   1   1   145   10   21   1   117   165   135   44   1   1   15   31   1   1   1   141   1   
192   1   1   143   13   25   1   113   170   138   45   1   1   14   31   1   1   1   127   1   
191   1   1   160   11   22   1   119   167   129   49   1   1   10   30   1   1   1   123   1   
197   1   1   153   12   25   1   125   162   128   53   1   1   10   31   1   1   1   115   1   
196   1   1   147   10   26   1   126   157   131   58   1   1   13   30   1   1   1   117   1   
196   1   1   160   9   29   1   125   144   137   45   1   1   16   29   1   1   1   121   1   
197   1   1   149   10   33   1   129   146   131   49   1   1   18   31   1   1   1   118   1   
193   1   1   152   12   32   1   139   145   133   49   1   1   13   27   1   1   1   116   1   
204   1   1   144   12   33   1   135   148   130   47   1   1   13   27   1   1   1   118   1   
199   1   1   153   11   26   1   149   140   133   35   1   1   13   33   1   1   1   119   1   
206   1   1   149   10   23   1   164   140   121   36   1   1   12   27   1   1   1   123   1   
208   1   1   146   9   25   1   158   140   125   36   1   1   8   24   1   1   1   132   1   
206   1   1   149   9   25   1   165   132   133   28   1   1   8   28   1   1   1   128   1   
204   1   1   156   9   28   1   175   140   133   25   1   1   7   19   1   1   1   115   1   
202   1   1   161   6   29   1   166   142   133   28   1   1   7   13   1   1   1   124   1   
195   1   1   155   4   34   1   180   149   129   25   1   1   6   9   1   1   1   125   1   
197   1   1   162   4   33   1   178   136   129   31   1   1   6   9   1   1   1   126   1   
187   1   1   158   5   34   1   189   144   139   28   1   1   6   6   1   1   1   115   1   
195   1   1   165   4   38   1   180   140   131   32   1   1   5   7   1   1   1   114   1   
186   1   1   160   4   41   1   177   155   130   30   1   1   4   8   1   1   1   116   1   
184   1   1   163   4   43   1   173   149   131   32   1   1   5   9   1   1   1   118   1   
180   1   1   176   6   43   1   170   131   136   27   1   1   6   9   1   1   1   127   1   
166   1   1   168   6   36   1   177   130   148   27   1   1   6   9   1   1   1   138   1   
163   1   1   152   6   38   1   187   149   140   22   1   1   9   8   1   1   1   137   1   
162   1   1   144   7   31   1   205   135   141   23   1   1   8   7   1   1   1   148   1   
162   1   1   158   5   36   1   219   121   129   19   1   1   6   9   1   1   1   147   1   
155   1   1   157   7   32   1   221   119   132   22   1   1   7   12   1   1   1   147   1   
155   1   1   165   9   32   1   212   110   136   24   1   1   7   14   1   1   1   147   1   
138   1   1   157   10   26   1   217   118   135   26   1   1   9   19   1   1   1   156   1   
130   1   1   161   9   24   1   220   117   139   26   1   1   9   20   1   1   1   156   1   
122   1   1   154   10   22   1   214   117   147   30   1   1   9   18   1   1   1   168   1   
112   1   1   143   7   25   1   209   118   167   30   1   1   11   15   1   1   1   174   1   
103   1   1   156   5   25   1   212   117   181   25   1   1   7   14   1   1   1   166   1   
91   1   1   149   5   27   1   223   120   183   28   1   1   6   11   1   1   1   168   1   
96   1   1   138   4   25   1   232   126   175   25   1   1   7   14   1   1   1   169   1   
101   1   1   147   3   27   1   221   115   172   27   1   1   8   10   1   1   1   180   1   
110   1   1   139   3   28   1   239   107   153   29   1   1   8   8   1   1   1   187   1   
114   1   1   143   2   26   1   237   105   155   29   1   1   7   7   1   1   1   186   1   
109   1   1   134   2   27   1   226   113   159   26   1   1   12   5   1   1   1   198   1   
97   1   1   138   2   26   1   228   119   156   22   1   1   10   6   1   1   1   207   1   
100   1   1   157   2   27   1   222   112   138   18   1   1   12   5   1   1   1   218   1   
112   1   1   151   2   30   1   227   110   135   21   1   1   12   7   1   1   1   204   1   
108   1   1   155   2   30   1   231   99   147   16   1   1   13   9   1   1   1   201   1   
100   1   1   148   2   23   1   246   107   151   19   1   1   9   10   1   1   1   196   1   
92   1   1   149   3   25   1   257   112   152   14   1   1   10   9   1   1   1   188   1   
99   1   1   144   2   23   1   266   105   147   17   1   1   9   12   1   1   1   187   1   
102   1   1   148   3   21   1   242   109   152   14   1   1   6   12   1   1   1   202   1   
113   1   1   156   2   21   1   238   114   140   13   1   1   4   15   1   1   1   195   1   
117   1   1   151   1   24   1   243   114   129   14   1   1   4   13   1   1   1   201   1   
106   1   1   152   1   23   1   255   106   132   14   1   1   5   16   1   1   1   201   1   
107   1   1   153   1   16   1   260   98   131   20   1   1   2   12   1   1   1   211   1   
109   1   1   158   1   16   1   256   95   126   19   1   1   1   15   1   1   1   215   1   
104   1   1   159   1   18   1   257   106   118   24   1   1   1   14   1   1   1   209   1   
106   1   1   150   1   22   1   242   115   122   24   1   1   1   16   1   1   1   212   1   
103   1   1   151   1   19   1   249   110   126   22   1   1   1   15   1   1   1   214   1   
104   1   1   148   1   15   1   242   105   140   20   1   1   1   14   1   1   1   221   1   
114   1   1   145   1   14   1   239   109   137   21   1   1   1   18   1   1   1   212   1   
112   1   1   152   1   17   1   242   111   137   18   1   1   1   20   1   1   1   200   1   
127   1   1   142   1   17   1   218   111   148   21   1   1   1   20   1   1   1   205   1   
131   1   1   139   1   15   1   217   105   157   18   1   1   1   21   1   1   1   206   1   
140   1   1   139   1   10   1   223   106   156   19   1   1   1   14   1   1   1   202   1   
136   1   1   136   1   11   1   220   111   157   22   1   1   1   19   1   1   1   197   1   
155   1   1   142   1   7   1   209   100   149   22   1   1   1   24   1   1   1   201   1   
162   1   1   139   1   4   1   206   101   148   24   1   1   1   19   1   1   1   206   1   
166   1   1   146   1   3   1   207   96   146   27   1   1   1   20   1   1   1   198   1   
164   1   1   145   1   3   1   207   98   142   28   1   1   1   22   1   1   1   200   1   
170   1   1   137   1   3   1   209   115   133   31   1   1   1   19   1   1   1   192   1   
185   1   1   140   1   2   1   194   118   140   35   1   1   1   17   1   1   1   178   1   
193   1   1   133   1   2   1   205   113   134   43   1   1   1   18   1   1   1   168   1   
187   1   1   132   1   1   1   205   111   132   45   1   1   1   14   1   1   1   182   1   
187   1   1   130   1   1   1   224   117   115   45   1   1   1   11   1   1   1   179   1   
190   1   1   131   1   1   1   234   110   112   30   1   1   1   14   1   1   1   187   1   
185   1   1   138   1   1   1   242   105   114   27   1   1   1   11   1   1   1   186   1   
201   1   1   137   1   1   1   239   96   111   27   1   1   1   10   1   1   1   187   1   
192   1   1   143   1   1   1   234   99   118   24   1   1   1   7   1   1   1   191   1   
177   1   1   155   1   1   1   227   103   115   32   1   1   1   6   1   1   1   193   1   
180   1   1   161   1   1   1   235   97   105   37   1   1   1   5   1   1   1   188   1   
190   1   1   153   1   1   1   229   99   107   45   1   1   1   4   1   1   1   181   1   
199   1   1   166   1   1   1   224   97   105   42   1   1   1   5   1   1   1   170   1   
203   1   1   156   1   1   1   236   89   113   43   1   1   1   6   1   1   1   162   1   
194   1   1   161   1   1   1   235   92   122   39   1   1   1   8   1   1   1   157   1   
184   1   1   168   1   1   1   233   84   130   42   1   1   1   9   1   1   1   158   1   
183   1   1   173   1   1   1   221   89   135   42   1   1   1   10   1   1   1   155   1   
182   1   1   179   1   1   1   226   82   121   52   1   1   1   10   1   1   1   156   1   
182   1   1   181   1   1   1   222   91   117   49   1   1   1   8   1   1   1   158   1   
167   1   1   207   1   1   1   205   96   121   51   1   1   1   5   1   1   1   156   1   
180   1   1   207   1   1   1   189   91   127   57   1   1   1   3   1   1   1   154   1   
187   1   1   202   1   1   1   195   80   127   59   1   1   1   2   1   1   1   156   1   
196   1   1   198   1   1   1   192   90   117   58   1   1   1   1   1   1   1   156   1   
214   1   1   207   1   1   1   189   84   115   58   1   1   1   1   1   1   1   140   1   
212   1   1   201   1   1   1   204   88   112   60   1   1   1   1   1   1   1   130   1   
219   1   1   190   1   1   1   208   85   114   57   1   1   1   1   1   1   1   134   1   
218   1   1   191   1   1   1   210   87   121   64   1   1   1   1   1   1   1   116   1   
211   1   1   198   1   1   1   206   92   122   59   1   1   1   1   1   1   1   119   1   
212   1   1   193   1   1   1   210   91   111   51   1   1   1   1   1   1   1   139   1   
206   1   1   199   1   1   1   205   86   116   54   1   1   1   1   1   1   1   141   1   
209   1   1   198   1   1   1   204   77   120   67   1   1   1   1   1   1   1   132   1   
221   1   1   192   1   1   1   206   69   114   65   1   1   1   1   1   1   1   140   1   
210   1   1   193   1   1   1   212   67   110   66   1   1   1   1   1   1   1   149   1   
208   1   1   186   1   1   1   208   70   107   65   1   1   1   1   1   1   1   163   1   
195   1   1   192   1   1   1   213   71   107   71   1   1   1   1   1   1   1   158   1   
210   1   1   189   1   1   1   212   67   109   69   1   1   1   1   1   1   1   151   1   
208   1   1   179   1   1   1   218   67   111   68   1   1   1   1   1   1   1   156   1   
219   1   1   172   1   1   1   228   68   108   59   1   1   1   1   1   1   1   153   1   
223   1   1   173   1   1   1   225   62   114   48   1   1   1   1   1   1   1   162   1   
242   1   1   173   1   1   1   215   52   111   39   1   1   1   1   1   1   1   175   1   
242   1   1   170   1   1   1   230   48   110   42   1   1   1   1   1   1   1   165   1   
237   1   1   165   1   1   1   225   52   114   42   1   1   1   1   1   1   1   172   1   
228   1   1   176   1   1   1   219   57   116   40   1   1   1   1   1   1   1   171   1   
231   1   1   174   1   1   1   217   54   109   42   1   1   1   1   1   1   1   180   1   
222   1   1   169   1   1   1   220   50   109   47   1   1   1   1   1   1   1   190   1   
223   1   1   163   1   1   1   212   55   110   53   1   1   1   1   1   1   1   191   1   
223   1   1   166   1   1   1   198   52   117   48   1   1   1   1   1   1   1   203   1   
203   1   1   168   1   1   1   205   49   123   47   1   1   1   1   1   1   1   212   1   
200   1   1   172   1   1   1   207   55   124   45   1   1   1   1   1   1   1   204   1   
195   1   1   168   1   1   1   216   55   123   47   1   1   1   1   1   1   1   203   1   
205   1   1   185   1   1   1   209   53   117   43   1   1   1   1   1   1   1   195   1   
211   1   1   189   1   1   1   219   55   111   42   1   1   1   1   1   1   1   180   1   
217   1   1   179   1   1   1   207   60   110   50   1   1   1   1   1   1   1   184   1   
223   1   1   177   1   1   1   217   59   108   49   1   1   1   1   1   1   1   174   1   
220   1   1   165   1   1   1   227   57   106   55   1   1   1   1   1   1   1   177   1   
207   1   1   160   1   1   1   240   67   110   61   1   1   1   1   1   1   1   162   1   
202   1   1   161   1   1   1   229   72   108   71   1   1   1   1   1   1   1   164   1   
214   1   1   152   1   1   1   237   68   104   60   1   1   1   1   1   1   1   172   1   
213   1   1   148   1   1   1   248   63   102   64   1   1   1   1   1   1   1   169   1   
202   1   1   149   1   1   1   244   64   114   64   1   1   1   1   1   1   1   170   1   
204   1   1   155   1   1   1   241   62   104   67   1   1   1   1   1   1   1   174   1   
206   1   1   157   1   1   1   245   62   98   66   1   1   1   1   1   1   1   173   1   
211   1   1   153   1   1   1   250   60   97   59   1   1   1   1   1   1   1   177   1   
207   1   1   146   1   1   1   255   55   96   69   1   1   1   1   1   1   1   179   1   
197   1   1   150   1   1   1   269   48   94   75   1   1   1   1   1   1   1   174   1   
189   1   1   156   1   1   1   271   54   92   68   1   1   1   1   1   1   1   177   1   
178   1   1   162   1   1   1   264   48   97   71   1   1   1   1   1   1   1   187   1   
192   1   1   158   1   1   1   266   44   106   75   1   1   1   1   1   1   1   166   1   
200   1   1   168   1   1   1   264   40   98   76   1   1   1   1   1   1   1   161   1   
205   1   1   168   1   1   1   271   36   100   73   1   1   1   1   1   1   1   154   1   
190   1   1   177   1   1   1   278   31   106   74   1   1   1   1   1   1   1   151   1   
197   1   1   179   1   1   1   270   27   108   64   1   1   1   1   1   1   1   162   1   
206   1   1   179   1   1   1   270   26   114   69   1   1   1   1   1   1   1   143   1   
219   1   1   179   1   1   1   253   27   107   70   1   1   1   1   1   1   1   152   1   
233   1   1   177   1   1   1   249   30   111   57   1   1   1   1   1   1   1   150   1   
229   1   1   189   1   1   1   256   36   100   51   1   1   1   1   1   1   1   146   1   
223   1   1   189   1   1   1   273   41   95   54   1   1   1   1   1   1   1   132   1   
217   1   1   184   1   1   1   263   48   93   54   1   1   1   1   1   1   1   148   1   
232   1   1   181   1   1   1   249   51   87   50   1   1   1   1   1   1   1   157   1   
226   1   1   189   1   1   1   260   53   90   51   1   1   1   1   1   1   1   138   1   
221   1   1   181   1   1   1   257   54   96   48   1   1   1   1   1   1   1   150   1   
225   1   1   203   1   1   1   235   49   99   50   1   1   1   1   1   1   1   146   1   
231   1   1   194   1   1   1   227   52   113   51   1   1   1   1   1   1   1   139   1   
248   1   1   187   1   1   1   223   45   119   46   1   1   1   1   1   1   1   139   1   
254   1   1   197   1   1   1   212   39   113   41   1   1   1   1   1   1   1   151   1   
262   1   1   189   1   1   1   218   43   103   45   1   1   1   1   1   1   1   147   1   
259   1   1   191   1   1   1   221   42   98   40   1   1   1   1   1   1   1   156   1   
256   1   1   198   1   1   1   231   38   98   43   1   1   1   1   1   1   1   143   1   
246   1   1   203   1   1   1   231   42   100   39   1   1   1   1   1   1   1   146   1   
242   1   1   208   1   1   1   220   41   90   46   1   1   1   1   1   1   1   160   1   
232   1   1   208   1   1   1   223   39   94   48   1   1   1   1   1   1   1   163   1   
228   1   1   215   1   1   1   207   42   89   52   1   1   1   1   1   1   1   174   1   
220   1   1   204   1   1   1   217   42   89   61   1   1   1   1   1   1   1   174   1   
216   1   1   205   1   1   1   219   41   90   68   1   1   1   1   1   1   1   168   1   
215   1   1   215   1   1   1   214   45   92   69   1   1   1   1   1   1   1   157   1   
223   1   1   228   1   1   1   208   40   94   70   1   1   1   1   1   1   1   144   1   
234   1   1   215   1   1   1   224   35   85   72   1   1   1   1   1   1   1   142   1   
245   1   1   225   1   1   1   214   33   86   68   1   1   1   1   1   1   1   136   1   
255   1   1   212   1   1   1   212   26   88   71   1   1   1   1   1   1   1   143   1   
250   1   1   222   1   1   1   203   26   85   73   1   1   1   1   1   1   1   148   1   
259   1   1   218   1   1   1   201   29   90   69   1   1   1   1   1   1   1   141   1   
257   1   1   231   1   1   1   181   38   102   69   1   1   1   1   1   1   1   129   1   
270   1   1   208   1   1   1   186   40   98   62   1   1   1   1   1   1   1   143   1   
266   1   1   205   1   1   1   182   44   105   63   1   1   1   1   1   1   1   142   1   
270   1   1   202   1   1   1   183   47   107   61   1   1   1   1   1   1   1   137   1   
286   1   1   203   1   1   1   168   41   100   65   1   1   1   1   1   1   1   144   1   
280   1   1   207   1   1   1   186   40   85   66   1   1   1   1   1   1   1   143   1   
272   1   1   201   1   1   1   183   41   91   57   1   1   1   1   1   1   1   162   1   
279   1   1   203   1   1   1   163   42   101   61   1   1   1   1   1   1   1   158   1   
280   1   1   197   1   1   1   167   35   110   61   1   1   1   1   1   1   1   157   1   
267   1   1   188   1   1   1   169   36   116   64   1   1   1   1   1   1   1   167   1   
259   1   1   194   1   1   1   168   40   121   61   1   1   1   1   1   1   1   164   1   
235   1   1   198   1   1   1   173   46   120   62   1   1   1   1   1   1   1   173   1   
247   1   1   201   1   1   1   159   42   118   67   1   1   1   1   1   1   1   173   1   
251   1   1   196   1   1   1   167   39   108   67   1   1   1   1   1   1   1   179   1   
253   1   1   201   1   1   1   162   35   107   73   1   1   1   1   1   1   1   176   1   
257   1   1   204   1   1   1   163   30   103   59   1   1   1   1   1   1   1   191   1   
258   1   1   211   1   1   1   159   29   108   55   1   1   1   1   1   1   1   187   1   
251   1   1   211   1   1   1   161   34   111   51   1   1   1   1   1   1   1   188   1   
243   1   1   215   1   1   1   163   46   108   47   1   1   1   1   1   1   1   185   1   
240   1   1   217   1   1   1   171   44   112   41   1   1   1   1   1   1   1   182   1   
248   1   1   216   1   1   1   162   40   110   40   1   1   1   1   1   1   1   191   1   
251   1   1   208   1   1   1   173   39   119   38   1   1   1   1   1   1   1   179   1   
277   1   1   210   1   1   1   167   35   109   32   1   1   1   1   1   1   1   177   1   
262   1   1   219   1   1   1   150   35   116   31   1   1   1   1   1   1   1   194   1   
255   1   1   217   1   1   1   165   35   119   26   1   1   1   1   1   1   1   190   1   
251   1   1   226   1   1   1   170   39   125   24   1   1   1   1   1   1   1   172   1   
261   1   1   220   1   1   1   180   47   121   23   1   1   1   1   1   1   1   155   1   
259   1   1   229   1   1   1   168   49   128   18   1   1   1   1   1   1   1   156   1   
260   1   1   231   1   1   1   184   48   124   20   1   1   1   1   1   1   1   140   1   
259   1   1   234   1   1   1   182   47   127   19   1   1   1   1   1   1   1   139   1   
258   1   1   219   1   1   1   175   45   146   22   1   1   1   1   1   1   1   142   1   
262   1   1   218   1   1   1   188   36   150   19   1   1   1   1   1   1   1   134   1   
254   1   1   224   1   1   1   188   33   146   19   1   1   1   1   1   1   1   143   1   
254   1   1   226   1   1   1   192   38   144   18   1   1   1   1   1   1   1   135   1   
271   1   1   225   1   1   1   184   34   146   16   1   1   1   1   1   1   1   131   1   
276   1   1   233   1   1   1   192   25   147   13   1   1   1   1   1   1   1   121   1   
255   1   1   238   1   1   1   210   27   143   8   1   1   1   1   1   1   1   126   1   
252   1   1   234   1   1   1   212   29   130   13   1   1   1   1   1   1   1   137   1   
234   1   1   239   1   1   1   234   30   126   15   1   1   1   1   1   1   1   129   1   
235   1   1   227   1   1   1   235   27   129   21   1   1   1   1   1   1   1   133   1   
245   1   1   235   1   1   1   243   22   106   19   1   1   1   1   1   1   1   137   1   
248   1   1   231   1   1   1   241   27   109   19   1   1   1   1   1   1   1   132   1   
257   1   1   218   1   1   1   243   20   114   23   1   1   1   1   1   1   1   132   1   
253   1   1   229   1   1   1   225   21   121   23   1   1   1   1   1   1   1   135   1   
228   1   1   243   1   1   1   237   23   125   21   1   1   1   1   1   1   1   130   1   
227   1   1   240   1   1   1   252   20   115   18   1   1   1   1   1   1   1   135   1   
225   1   1   245   1   1   1   262   18   117   12   1   1   1   1   1   1   1   128   1   
219   1   1   257   1   1   1   267   18   117   12   1   1   1   1   1   1   1   117   1   
225   1   1   248   1   1   1   254   19   130   13   1   1   1   1   1   1   1   118   1   
228   1   1   236   1   1   1   247   18   141   15   1   1   1   1   1   1   1   122   1   
239   1   1   236   1   1   1   260   21   134   15   1   1   1   1   1   1   1   102   1   
238   1   1   243   1   1   1   258   18   141   12   1   1   1   1   1   1   1   97   1   
235   1   1   255   1   1   1   260   18   132   10   1   1   1   1   1   1   1   97   1   
224   1   1   260   1   1   1   266   23   125   8   1   1   1   1   1   1   1   101   1   
222   1   1   262   1   1   1   275   19   123   8   1   1   1   1   1   1   1   98   1   
226   1   1   254   1   1   1   263   22   130   9   1   1   1   1   1   1   1   103   1   
220   1   1   250   1   1   1   271   23   128   11   1   1   1   1   1   1   1   104   1   
219   1   1   264   1   1   1   244   27   136   14   1   1   1   1   1   1   1   103   1   
218   1   1   287   1   1   1   234   24   142   10   1   1   1   1   1   1   1   92   1   
208   1   1   291   1   1   1   252   22   139   10   1   1   1   1   1   1   1   85   1   
208   1   1   284   1   1   1   248   21   156   9   1   1   1   1   1   1   1   81   1   
198   1   1   289   1   1   1   252   20   157   10   1   1   1   1   1   1   1   81   1   
210   1   1   304   1   1   1   241   17   151   11   1   1   1   1   1   1   1   73   1   
213   1   1   309   1   1   1   244   17   153   8   1   1   1   1   1   1   1   63   1   
230   1   1   307   1   1   1   228   12   152   11   1   1   1   1   1   1   1   67   1   
236   1   1   305   1   1   1   217   12   149   7   1   1   1   1   1   1   1   81   1   
235   1   1   318   1   1   1   206   14   136   7   1   1   1   1   1   1   1   91   1   
238   1   1   310   1   1   1   213   18   123   8   1   1   1   1   1   1   1   97   1   
226   1   1   318   1   1   1   212   20   133   6   1   1   1   1   1   1   1   92   1   
234   1   1   310   1   1   1   210   25   132   6   1   1   1   1   1   1   1   90   1   
221   1   1   337   1   1   1   206   24   138   8   1   1   1   1   1   1   1   73   1   
224   1   1   339   1   1   1   209   20   132   8   1   1   1   1   1   1   1   75   1   
223   1   1   332   1   1   1   214   21   133   8   1   1   1   1   1   1   1   76   1   
220   1   1   324   1   1   1   217   21   134   7   1   1   1   1   1   1   1   84   1   
220   1   1   328   1   1   1   210   23   144   9   1   1   1   1   1   1   1   73   1   
213   1   1   330   1   1   1   199   24   156   10   1   1   1   1   1   1   1   75   1   
205   1   1   335   1   1   1   204   19   152   10   1   1   1   1   1   1   1   82   1   
191   1   1   336   1   1   1   210   20   158   9   1   1   1   1   1   1   1   83   1   
191   1   1   349   1   1   1   197   19   162   10   1   1   1   1   1   1   1   79   1   
184   1   1   368   1   1   1   188   22   158   11   1   1   1   1   1   1   1   76   1   
207   1   1   359   1   1   1   185   21   149   12   1   1   1   1   1   1   1   74   1   
220   1   1   346   1   1   1   184   16   152   14   1   1   1   1   1   1   1   75   1   
220   1   1   324   1   1   1   195   13   159   14   1   1   1   1   1   1   1   82   1   
221   1   1   321   1   1   1   194   13   161   18   1   1   1   1   1   1   1   79   1   
223   1   1   321   1   1   1   193   10   170   20   1   1   1   1   1   1   1   70   1   
210   1   1   339   1   1   1   191   10   162   26   1   1   1   1   1   1   1   69   1   
207   1   1   328   1   1   1   204   10   163   28   1   1   1   1   1   1   1   67   1   
207   1   1   329   1   1   1   199   4   177   28   1   1   1   1   1   1   1   63   1   
191   1   1   315   1   1   1   217   2   192   32   1   1   1   1   1   1   1   58   1   
187   1   1   321   1   1   1   211   3   193   31   1   1   1   1   1   1   1   61   1   
182   1   1   351   1   1   1   195   4   193   28   1   1   1   1   1   1   1   54   1   
181   1   1   348   1   1   1   187   3   214   27   1   1   1   1   1   1   1   47   1   
181   1   1   326   1   1   1   201   4   227   30   1   1   1   1   1   1   1   38   1   
199   1   1   308   1   1   1   194   5   232   31   1   1   1   1   1   1   1   38   1   
209   1   1   305   1   1   1   201   4   233   28   1   1   1   1   1   1   1   27   1   
217   1   1   307   1   1   1   186   4   233   28   1   1   1   1   1   1   1   32   1   
218   1   1   301   1   1   1   195   5   228   26   1   1   1   1   1   1   1   34   1   
218   1   1   299   1   1   1   203   6   221   28   1   1   1   1   1   1   1   32   1   
238   1   1   299   1   1   1   202   4   203   25   1   1   1   1   1   1   1   36   1   
242   1   1   298   1   1   1   208   5   200   18   1   1   1   1   1   1   1   36   1   
251   1   1   294   1   1   1   206   3   195   19   1   1   1   1   1   1   1   39   1   
259   1   1   293   1   1   1   198   3   197   15   1   1   1   1   1   1   1   42   1   
270   1   1   285   1   1   1   195   2   198   18   1   1   1   1   1   1   1   39   1   
265   1   1   286   1   1   1   195   2   211   20   1   1   1   1   1   1   1   28   1   
269   1   1   283   1   1   1   197   1   208   16   1   1   1   1   1   1   1   33   1   
271   1   1   290   1   1   1   189   1   199   23   1   1   1   1   1   1   1   34   1   
275   1   1   307   1   1   1   185   1   183   23   1   1   1   1   1   1   1   33   1   
264   1   1   308   1   1   1   174   1   201   25   1   1   1   1   1   1   1   34   1   
265   1   1   310   1   1   1   183   1   198   21   1   1   1   1   1   1   1   29   1   
267   1   1   305   1   1   1   178   1   208   20   1   1   1   1   1   1   1   28   1   
264   1   1   286   1   1   1   183   1   220   23   1   1   1   1   1   1   1   30   1   
259   1   1   300   1   1   1   181   1   212   24   1   1   1   1   1   1   1   30   1   
249   1   1   292   1   1   1   193   1   222   19   1   1   1   1   1   1   1   31   1   
252   1   1   297   1   1   1   194   1   211   21   1   1   1   1   1   1   1   31   1   
267   1   1   293   1   1   1   197   1   195   29   1   1   1   1   1   1   1   25   1   
258   1   1   295   1   1   1   214   1   193   23   1   1   1   1   1   1   1   23   1   
252   1   1   302   1   1   1   218   1   192   20   1   1   1   1   1   1   1   22   1   
245   1   1   294   1   1   1   219   1   203   20   1   1   1   1   1   1   1   25   1   
249   1   1   279   1   1   1   237   1   206   14   1   1   1   1   1   1   1   21   1   
248   1   1   275   1   1   1   243   1   203   13   1   1   1   1   1   1   1   24   1   
238   1   1   278   1   1   1   241   1   205   18   1   1   1   1   1   1   1   26   1   
220   1   1   289   1   1   1   238   1   209   19   1   1   1   1   1   1   1   31   1   
207   1   1   284   1   1   1   251   1   223   18   1   1   1   1   1   1   1   23   1   
213   1   1   288   1   1   1   249   1   220   19   1   1   1   1   1   1   1   17   1   
217   1   1   288   1   1   1   251   1   213   19   1   1   1   1   1   1   1   18   1   
225   1   1   290   1   1   1   240   1   218   21   1   1   1   1   1   1   1   12   1   
239   1   1   284   1   1   1   247   1   212   15   1   1   1   1   1   1   1   9   1   
234   1   1   290   1   1   1   246   1   212   13   1   1   1   1   1   1   1   11   1   
228   1   1   288   1   1   1   246   1   219   13   1   1   1   1   1   1   1   12   1   
212   1   1   297   1   1   1   244   1   231   12   1   1   1   1   1   1   1   10   1   
203   1   1   299   1   1   1   252   1   233   10   1   1   1   1   1   1   1   9   1   
199   1   1   301   1   1   1   250   1   236   12   1   1   1   1   1   1   1   8   1   
183   1   1   308   1   1   1   260   1   235   13   1   1   1   1   1   1   1   7   1   
189   1   1   303   1   1   1   254   1   239   14   1   1   1   1   1   1   1   7   1   
189   1   1   295   1   1   1   260   1   234   20   1   1   1   1   1   1   1   8   1   
165   1   1   298   1   1   1   261   1   260   13   1   1   1   1   1   1   1   9   1   
166   1   1   307   1   1   1   254   1   261   10   1   1   1   1   1   1   1   8   1   
165   1   1   302   1   1   1   247   1   274   10   1   1   1   1   1   1   1   8   1   
152   1   1   314   1   1   1   245   1   275   10   1   1   1   1   1   1   1   10   1   
150   1   1   307   1   1   1   253   1   276   8   1   1   1   1   1   1   1   12   1   
140   1   1   303   1   1   1   270   1   272   8   1   1   1   1   1   1   1   13   1   
137   1   1   288   1   1   1   288   1   275   9   1   1   1   1   1   1   1   9   1   
152   1   1   294   1   1   1   287   1   252   12   1   1   1   1   1   1   1   9   1   
155   1   1   290   1   1   1   287   1   254   9   1   1   1   1   1   1   1   11   1   
153   1   1   280   1   1   1   297   1   261   9   1   1   1   1   1   1   1   6   1   
161   1   1   279   1   1   1   291   1   257   11   1   1   1   1   1   1   1   7   1   
149   1   1   298   1   1   1   281   1   260   9   1   1   1   1   1   1   1   9   1   
158   1   1   304   1   1   1   268   1   256   10   1   1   1   1   1   1   1   10   1   
167   1   1   292   1   1   1   274   1   251   12   1   1   1   1   1   1   1   10   1   
162   1   1   305   1   1   1   262   1   253   12   1   1   1   1   1   1   1   12   1   
149   1   1   323   1   1   1   269   1   242   11   1   1   1   1   1   1   1   12   1   
144   1   1   319   1   1   1   260   1   259   11   1   1   1   1   1   1   1   13   1   
142   1   1   305   1   1   1   277   1   254   15   1   1   1   1   1   1   1   13   1   
142   1   1   299   1   1   1   278   1   256   18   1   1   1   1   1   1   1   13   1   
138   1   1   308   1   1   1   273   1   259   15   1   1   1   1   1   1   1   13   1   
143   1   1   304   1   1   1   270   1   262   13   1   1   1   1   1   1   1   14   1   
157   1   1   295   1   1   1   256   1   271   16   1   1   1   1   1   1   1   11   1   
166   1   1   282   1   1   1   260   1   273   14   1   1   1   1   1   1   1   11   1   
169   1   1   276   1   1   1   263   1   272   14   1   1   1   1   1   1   1   12   1   
166   1   1   266   1   1   1   262   1   284   16   1   1   1   1   1   1   1   12   1   
159   1   1   272   1   1   1   252   1   290   17   1   1   1   1   1   1   1   16   1   
161   1   1   270   1   1   1   256   1   284   17   1   1   1   1   1   1   1   18   1   
162   1   1   257   1   1   1   266   1   294   15   1   1   1   1   1   1   1   12   1   
161   1   1   243   1   1   1   268   1   305   18   1   1   1   1   1   1   1   11   1   
166   1   1   233   1   1   1   269   1   313   14   1   1   1   1   1   1   1   11   1   
162   1   1   243   1   1   1   253   1   326   14   1   1   1   1   1   1   1   8   1   
162   1   1   232   1   1   1   269   1   326   13   1   1   1   1   1   1   1   4   1   
158   1   1   238   1   1   1   272   1   318   16   1   1   1   1   1   1   1   4   1   
149   1   1   234   1   1   1   269   1   333   19   1   1   1   1   1   1   1   2   1   
150   1   1   229   1   1   1   270   1   336   20   1   1   1   1   1   1   1   1   1   
163   1   1   222   1   1   1   263   1   342   15   1   1   1   1   1   1   1   1   1   
190   1   1   222   1   1   1   259   1   320   14   1   1   1   1   1   1   1   1   1   
194   1   1   225   1   1   1   268   1   305   13   1   1   1   1   1   1   1   1   1   
206   1   1   202   1   1   1   273   1   312   12   1   1   1   1   1   1   1   1   1   
195   1   1   203   1   1   1   288   1   310   9   1   1   1   1   1   1   1   1   1   
184   1   1   206   1   1   1   281   1   328   6   1   1   1   1   1   1   1   1   1   
191   1   1   201   1   1   1   291   1   316   6   1   1   1   1   1   1   1   1   1   
193   1   1   206   1   1   1   286   1   314   6   1   1   1   1   1   1   1   1   1   
190   1   1   201   1   1   1   284   1   326   4   1   1   1   1   1   1   1   1   1   
192   1   1   209   1   1   1   285   1   316   3   1   1   1   1   1   1   1   1   1   
197   1   1   216   1   1   1   269   1   318   5   1   1   1   1   1   1   1   1   1   
182   1   1   212   1   1   1   285   1   321   5   1   1   1   1   1   1   1   1   1   
188   1   1   203   1   1   1   309   1   299   6   1   1   1   1   1   1   1   1   1   
176   1   1   200   1   1   1   323   1   301   5   1   1   1   1   1   1   1   1   1   
192   1   1   190   1   1   1   313   1   306   4   1   1   1   1   1   1   1   1   1   
193   1   1   206   1   1   1   303   1   299   4   1   1   1   1   1   1   1   1   1   
190   1   1   206   1   1   1   306   1   298   5   1   1   1   1   1   1   1   1   1   
185   1   1   215   1   1   1   306   1   294   5   1   1   1   1   1   1   1   1   1   
178   1   1   219   1   1   1   312   1   292   4   1   1   1   1   1   1   1   1   1   
179   1   1   226   1   1   1   299   1   297   4   1   1   1   1   1   1   1   1   1   
178   1   1   217   1   1   1   302   1   301   7   1   1   1   1   1   1   1   1   1   
184   1   1   223   1   1   1   290   1   302   6   1   1   1   1   1   1   1   1   1   
181   1   1   228   1   1   1   291   1   301   4   1   1   1   1   1   1   1   1   1   
183   1   1   238   1   1   1   282   1   298   4   1   1   1   1   1   1   1   1   1   
182   1   1   244   1   1   1   269   1   307   3   1   1   1   1   1   1   1   1   1   
173   1   1   250   1   1   1   274   1   305   3   1   1   1   1   1   1   1   1   1   
168   1   1   242   1   1   1   272   1   319   4   1   1   1   1   1   1   1   1   1   
164   1   1   237   1   1   1   269   1   330   5   1   1   1   1   1   1   1   1   1   
160   1   1   242   1   1   1   256   1   344   3   1   1   1   1   1   1   1   1   1   
154   1   1   239   1   1   1   265   1   343   4   1   1   1   1   1   1   1   1   1   
138   1   1   239   1   1   1   273   1   349   6   1   1   1   1   1   1   1   1   1   
137   1   1   257   1   1   1   251   1   356   4   1   1   1   1   1   1   1   1   1   
145   1   1   262   1   1   1   259   1   334   5   1   1   1   1   1   1   1   1   1   
1   1   1   1   1   1   1   1   1   1   1   1   1   1   1   1   1   1   1   1   
1   1   1   1   1   1   1   1   1   1   1   1   1   1   1   1   1   1   1   1   
1   1   1   1   1   1   1   1   1   1   1   1   1   1   1   1   1   1   1   1   
1   1   1   1   1   1   1   1   1   1   1   1   1   1   1   1   1   1   1   1   
1   1   1   1   1   1   1   1   1   1   1   1   1   1   1   1   1   1   1   1   
1   1   1   1   1   1   1   1   1   1   1   1   1   1   1   1   1   1   1   1   
1   1   1   1   1   1   1   1   1   1   1   1   1   1   1   1   1   1   1   1   
1   1   1   1   1   1   1   1   1   1   1   1   1   1   1   1   1   1   1   1   
1   1   1   1   1   1   1   1   1   1   1   1   1   1   1   1   1   1   1   1   
1   1   1   1   1   1   1   1   1   1   1   1   1   1   1   1   1   1   1   1   
1   1   1   1   1   1   1   1   1   1   1   1   1   1   1   1   1   1   1   1   
