334   334   335   
365   346   292   
335   383   285   
334   391   278   
323   395   285   
325   390   288   
326   388   289   
338   376   289   
357   372   274   
365   362   276   
362   355   286   
357   373   273   
349   371   283   
352   363   288   
354   365   284   
354   363   286   
373   363   267   
400   361   242   
395   366   242   
403   365   235   
418   353   232   
383   366   254   
360   372   271   
346   375   282   
346   384   273   
359   375   269   
391   344   268   
397   350   256   
389   353   261   
382   359   262   
363   381   259   
336   411   256   
339   408   256   
348   392   263   
363   380   260   
352   386   265   
367   386   250   
364   377   262   
354   394   255   
352   400   251   
337   413   253   
338   415   250   
339   408   256   
355   415   233   
376   409   218   
367   408   228   
374   401   228   
358   417   228   
357   425   221   
357   436   210   
366   445   192   
352   454   197   
343   464   196   
337   482   184   
324   493   186   
318   498   187   
300   516   187   
292   529   182   
284   535   184   
270   562   171   
283   553   167   
280   561   162   
270   573   160   
274   562   167   
275   584   144   
275   585   143   
269   578   156   
274   575   154   
275   555   173   
271   549   183   
280   543   180   
277   546   180   
279   553   171   
281   543   179   
282   558   163   
284   572   147   
290   558   155   
279   570   154   
256   585   162   
249   583   171   
244   583   176   
229   594   180   
228   589   186   
211   596   196   
218   586   199   
204   605   194   
189   625   189   
200   622   181   
203   616   184   
194   628   181   
205   621   177   
209   626   168   
204   631   168   
206   631   166   
203   625   175   
193   635   175   
192   628   183   
173   643   187   
163   657   183   
156   674   173   
157   657   189   
147   671   185   
145   670   188   
147   662   194   
152   657   194   
149   666   188   
146   670   187   
141   685   177   
130   704   169   
136   706   161   
145   700   158   
151   703   149   
149   715   139   
141   725   137   
148   727   128   
152   712   139   
161   713   129   
163   729   111   
171   723   109   
178   721   104   
178   716   109   
184   713   106   
180   707   116   
176   704   123   
188   694   121   
191   693   119   
202   677   124   
216   662   125   
198   676   129   
189   684   130   
165   695   143   
171   693   139   
148   704   151   
147   721   135   
138   730   135   
132   742   129   
121   749   133   
115   750   138   
108   757   138   
107   764   132   
108   773   122   
109   767   127   
113   768   122   
109   784   110   
100   798   105   
107   796   100   
98   815   90   
92   822   89   
92   838   73   
97   824   82   
93   825   85   
88   831   84   
79   848   76   
67   867   69   
71   868   64   
75   863   65   
74   876   53   
69   879   55   
77   870   56   
76   868   59   
76   863   64   
73   870   60   
74   865   64   
83   862   58   
75   876   52   
68   884   51   
66   880   57   
74   882   47   
66   886   51   
64   889   50   
61   890   52   
61   887   55   
57   895   51   
61   892   50   
57   900   46   
53   910   40   
48   917   38   
40   932   31   
42   924   37   
44   919   40   
35   922   46   
35   921   47   
33   920   50   
38   917   48   
32   927   44   
32   931   40   
27   936   40   
27   939   37   
28   942   33   
29   947   27   
24   953   26   
27   953   23   
36   944   23   
32   951   20   
37   941   25   
31   943   29   
27   945   31   
26   950   27   
24   952   27   
23   950   30   
20   951   32   
20   952   31   
25   946   32   
20   953   30   
23   947   33   
20   951   32   
16   954   33   
17   948   38   
17   950   36   
12   955   36   
10   961   32   
13   964   26   
13   959   31   
14   961   28   
16   951   36   
13   952   38   
7   954   42   
9   953   41   
8   959   36   
11   960   32   
10   960   33   
13   964   26   
14   963   26   
15   963   25   
16   966   21   
16   965   22   
15   974   14   
14   977   12   
13   978   12   
17   973   13   
17   973   13   
18   973   12   
23   969   11   
22   970   11   
25   967   11   
22   973   8   
21   973   9   
19   977   7   
22   977   4   
23   977   3   
26   974   3   
24   975   4   
21   978   4   
17   982   4   
16   984   3   
15   985   3   
10   989   4   
13   986   4   
16   985   2   
16   986   1   
17   985   1   
16   986   1   
15   987   1   
15   987   1   
17   985   1   
20   982   1   
18   984   1   
14   988   1   
14   988   1   
16   986   1   
18   984   1   
21   981   1   
21   981   1   
21   981   1   
28   974   1   
24   978   1   
19   983   1   
18   984   1   
19   983   1   
21   981   1   
24   978   1   
25   977   1   
27   975   1   
24   978   1   
21   981   1   
16   986   1   
15   987   1   
15   987   1   
17   985   1   
13   989   1   
13   989   1   
16   986   1   
15   987   1   
14   988   1   
16   986   1   
18   984   1   
17   985   1   
17   985   1   
18   984   1   
20   982   1   
19   983   1   
19   983   1   
17   985   1   
20   982   1   
23   979   1   
23   979   1   
22   980   1   
22   980   1   
25   977   1   
26   976   1   
23   979   1   
25   977   1   
26   976   1   
21   981   1   
17   985   1   
18   984   1   
22   980   1   
24   978   1   
21   981   1   
17   985   1   
18   984   1   
16   986   1   
15   987   1   
13   989   1   
15   987   1   
12   990   1   
11   991   1   
13   989   1   
13   989   1   
13   989   1   
14   988   1   
16   986   1   
20   982   1   
20   982   1   
17   985   1   
22   980   1   
17   985   1   
16   986   1   
22   980   1   
16   986   1   
15   987   1   
14   988   1   
15   987   1   
12   990   1   
15   987   1   
16   986   1   
15   987   1   
19   983   1   
18   984   1   
23   979   1   
26   976   1   
25   977   1   
25   977   1   
28   974   1   
30   972   1   
30   972   1   
35   967   1   
35   967   1   
34   968   1   
37   965   1   
38   964   1   
41   961   1   
36   966   1   
37   965   1   
30   972   1   
32   970   1   
32   970   1   
38   964   1   
35   967   1   
34   968   1   
28   974   1   
25   977   1   
27   975   1   
33   969   1   
38   964   1   
42   960   1   
40   962   1   
52   950   1   
59   943   1   
51   951   1   
46   956   1   
36   966   1   
38   964   1   
35   967   1   
40   962   1   
42   960   1   
45   957   1   
48   954   1   
47   955   1   
41   961   1   
39   963   1   
37   965   1   
31   971   1   
30   972   1   
26   976   1   
28   974   1   
31   971   1   
32   970   1   
30   972   1   
23   979   1   
31   971   1   
22   980   1   
21   981   1   
28   974   1   
28   974   1   
30   972   1   
33   969   1   
36   966   1   
39   963   1   
44   958   1   
43   959   1   
37   965   1   
43   959   1   
43   959   1   
43   959   1   
44   958   1   
44   958   1   
56   946   1   
62   940   1   
59   943   1   
63   939   1   
56   946   1   
51   951   1   
46   956   1   
43   959   1   
43   959   1   
42   960   1   
43   959   1   
39   963   1   
35   967   1   
43   959   1   
40   962   1   
35   967   1   
36   966   1   
33   969   1   
38   964   1   
36   966   1   
32   970   1   
31   971   1   
32   970   1   
32   970   1   
24   978   1   
23   979   1   
17   985   1   
18   984   1   
17   985   1   
19   983   1   
18   984   1   
18   984   1   
19   983   1   
24   978   1   
26   976   1   
26   976   1   
26   976   1   
28   974   1   
22   980   1   
25   977   1   
23   979   1   
25   977   1   
19   983   1   
18   984   1   
14   988   1   
15   987   1   
14   988   1   
14   988   1   
13   989   1   
12   990   1   
11   991   1   
11   991   1   
10   992   1   
14   988   1   
14   988   1   
11   991   1   
13   989   1   
11   991   1   
10   992   1   
11   991   1   
14   988   1   
14   988   1   
12   990   1   
15   987   1   
12   990   1   
13   989   1   
17   985   1   
18   984   1   
13   989   1   
15   987   1   
13   989   1   
15   987   1   
18   984   1   
13   989   1   
13   989   1   
14   988   1   
13   989   1   
16   986   1   
14   988   1   
13   989   1   
15   987   1   
18   984   1   
16   986   1   
16   986   1   
16   986   1   
18   984   1   
19   983   1   
18   984   1   
18   984   1   
14   988   1   
10   992   1   
11   991   1   
1   1   1   
1   1   1   
1   1   1   
1   1   1   
1   1   1   
1   1   1   
1   1   1   
1   1   1   
1   1   1   
1   1   1   
1   1   1   
1   1   1   
1   1   1   
1   1   1   
1   1   1   
1   1   1   
1   1   1   
1   1   1   
1   1   1   
1   1   1   
1   1   1   
1   1   1   
1   1   1   
1   1   1   
1   1   1   
1   1   1   
1   1   1   
1   1   1   
1   1   1   
1   1   1   
1   1   1   
1   1   1   
1   1   1   
1   1   1   
1   1   1   
1   1   1   
1   1   1   
1   1   1   
1   1   1   
1   1   1   
1   1   1   
1   1   1   
1   1   1   
1   1   1   
1   1   1   
1   1   1   
1   1   1   
1   1   1   
1   1   1   
1   1   1   
1   1   1   
1   1   1   
1   1   1   
1   1   1   
1   1   1   
1   1   1   
1   1   1   
1   1   1   
1   1   1   
1   1   1   
1   1   1   
1   1   1   
1   1   1   
1   1   1   
1   1   1   
1   1   1   
1   1   1   
1   1   1   
1   1   1   
1   1   1   
1   1   1   
1   1   1   
1   1   1   
1   1   1   
1   1   1   
1   1   1   
1   1   1   
1   1   1   
1   1   1   
1   1   1   
1   1   1   
1   1   1   
1   1   1   
1   1   1   
1   1   1   
1   1   1   
1   1   1   
1   1   1   
1   1   1   
1   1   1   
1   1   1   
1   1   1   
1   1   1   
1   1   1   
1   1   1   
1   1   1   
1   1   1   
1   1   1   
1   1   1   
1   1   1   
1   1   1   
1   1   1   
