334   334   335   
363   345   295   
361   360   282   
355   370   278   
349   373   281   
357   352   294   
371   335   297   
360   340   303   
357   342   304   
364   341   298   
385   323   295   
380   313   310   
373   320   310   
354   324   325   
345   336   322   
355   335   313   
360   340   303   
359   356   288   
348   367   288   
334   386   283   
333   376   294   
341   367   295   
338   362   303   
325   363   315   
315   389   299   
323   389   291   
319   398   286   
318   397   288   
321   390   292   
317   400   286   
300   401   302   
323   391   289   
308   413   282   
305   405   293   
306   413   284   
312   397   294   
316   378   309   
329   370   304   
326   371   306   
341   344   318   
335   349   319   
341   341   321   
347   338   318   
341   336   326   
343   342   318   
351   349   303   
361   354   288   
355   365   283   
360   343   300   
351   345   307   
346   333   324   
352   329   322   
350   332   321   
347   329   327   
352   337   314   
365   338   300   
371   332   300   
337   349   317   
345   328   330   
363   320   320   
374   315   314   
378   296   329   
385   287   331   
362   304   337   
367   300   336   
362   313   328   
355   324   324   
349   321   333   
358   313   332   
345   322   336   
338   326   339   
334   323   346   
340   321   342   
347   333   323   
357   323   323   
357   325   321   
344   333   326   
328   331   344   
335   325   343   
312   339   352   
311   355   337   
330   356   317   
320   366   317   
304   374   325   
294   368   341   
294   368   341   
306   365   332   
317   351   335   
333   325   345   
327   331   345   
330   327   346   
328   322   353   
320   312   371   
312   321   370   
310   329   364   
310   322   371   
312   323   368   
305   318   380   
305   318   380   
315   328   360   
324   313   366   
315   331   357   
311   330   362   
307   335   361   
306   330   367   
304   339   360   
305   346   352   
302   343   358   
300   340   363   
308   339   356   
290   351   362   
280   368   355   
275   365   363   
281   370   352   
262   376   365   
278   378   347   
274   365   364   
304   345   354   
316   354   333   
308   362   333   
306   365   332   
312   351   340   
323   347   333   
322   353   328   
302   353   348   
297   358   348   
275   374   354   
258   369   376   
251   354   398   
235   360   408   
240   362   401   
246   366   391   
242   363   398   
247   359   397   
252   352   399   
252   364   387   
248   362   393   
232   373   398   
223   370   410   
209   384   410   
205   392   406   
209   393   401   
209   402   392   
219   399   385   
223   398   382   
220   405   378   
233   406   364   
225   423   355   
227   408   368   
226   422   355   
230   414   359   
234   414   355   
233   424   346   
256   401   346   
236   409   358   
236   406   361   
246   414   343   
238   424   341   
238   440   325   
236   429   338   
241   436   326   
235   448   320   
239   429   335   
244   418   341   
241   435   327   
232   445   326   
227   423   353   
248   402   353   
235   405   363   
225   410   368   
226   392   385   
221   394   388   
223   391   389   
212   397   394   
211   395   397   
206   410   387   
207   411   385   
201   424   378   
199   409   395   
208   395   400   
197   393   413   
200   390   413   
187   401   415   
190   398   415   
180   402   421   
186   401   416   
187   409   407   
209   421   373   
214   414   375   
206   421   376   
200   449   354   
197   464   342   
198   451   354   
196   446   361   
190   434   379   
206   423   374   
200   418   385   
198   425   380   
189   426   388   
200   404   399   
204   405   394   
208   408   387   
207   417   379   
200   408   395   
206   392   405   
214   381   408   
207   375   421   
204   375   424   
208   367   428   
200   366   437   
219   341   443   
231   327   445   
239   319   445   
249   311   443   
239   319   445   
228   315   460   
231   313   459   
234   311   458   
224   323   456   
237   325   441   
248   321   434   
238   331   434   
219   338   446   
223   340   440   
216   347   440   
225   334   444   
224   335   444   
225   333   445   
233   328   442   
250   316   437   
260   303   440   
256   303   444   
266   291   446   
257   278   468   
253   290   460   
269   301   433   
257   304   442   
248   324   431   
247   321   435   
255   318   430   
249   325   429   
268   351   384   
269   342   392   
266   360   377   
263   355   385   
282   341   380   
276   349   378   
290   339   374   
288   334   381   
287   330   386   
288   323   392   
298   305   400   
294   298   411   
299   281   423   
308   267   428   
311   274   418   
292   278   433   
296   277   430   
313   263   427   
310   266   427   
311   265   427   
317   263   423   
314   259   430   
325   253   425   
327   251   425   
319   273   411   
314   274   415   
322   287   394   
325   285   393   
335   276   392   
323   276   404   
340   281   382   
323   276   404   
321   284   398   
326   294   383   
351   276   376   
360   259   384   
352   265   386   
366   247   390   
364   241   398   
355   248   400   
378   243   382   
368   241   394   
363   233   407   
354   242   407   
353   233   417   
338   229   436   
341   225   437   
347   221   435   
343   221   439   
328   234   441   
312   236   455   
318   245   440   
316   245   442   
321   231   451   
328   238   437   
334   227   442   
338   222   443   
342   219   442   
348   221   434   
345   241   417   
336   250   417   
341   246   416   
354   240   409   
360   240   403   
351   242   410   
348   241   414   
363   246   394   
391   222   390   
385   229   389   
386   223   394   
373   220   410   
368   222   413   
375   223   405   
393   222   388   
401   227   375   
410   220   373   
410   216   377   
421   203   379   
438   197   368   
430   205   368   
422   203   378   
440   195   368   
442   192   369   
447   186   370   
435   191   377   
430   193   380   
431   193   379   
435   201   367   
425   199   379   
414   196   393   
408   201   394   
404   202   397   
380   196   427   
372   198   433   
377   184   442   
376   206   421   
378   204   421   
388   188   427   
399   189   415   
387   196   420   
395   198   410   
390   212   401   
403   223   377   
419   227   357   
424   228   351   
450   207   346   
454   204   345   
451   204   348   
441   202   360   
458   213   332   
449   221   333   
449   225   329   
451   226   326   
458   226   319   
464   216   323   
466   206   331   
486   200   317   
502   198   303   
510   180   313   
530   164   309   
537   171   295   
531   175   297   
532   170   301   
542   166   295   
539   153   311   
556   147   300   
536   154   313   
545   149   309   
552   162   289   
538   165   300   
535   161   307   
524   162   317   
508   160   335   
516   158   329   
509   158   336   
504   157   342   
497   156   350   
493   156   354   
491   148   364   
500   150   353   
493   164   346   
506   150   347   
507   162   334   
511   152   340   
523   153   327   
516   174   313   
531   174   298   
529   178   296   
518   184   301   
527   179   297   
527   174   302   
523   169   311   
517   172   314   
527   179   297   
529   177   297   
525   183   295   
500   194   309   
508   181   314   
536   176   291   
521   180   302   
532   178   293   
550   169   284   
565   172   266   
566   173   264   
566   161   276   
562   153   288   
552   153   298   
557   146   300   
566   148   289   
574   148   281   
576   166   261   
564   166   273   
551   169   283   
563   167   273   
561   165   277   
560   164   279   
572   164   267   
554   177   272   
583   167   253   
602   162   239   
608   153   242   
600   166   237   
597   175   231   
587   179   237   
590   187   226   
594   186   223   
592   189   222   
583   190   230   
592   175   236   
589   181   233   
599   183   221   
597   179   227   
592   181   230   
607   182   214   
606   192   205   
601   201   201   
623   183   197   
638   187   178   
639   188   176   
658   178   167   
653   176   174   
648   168   187   
635   170   198   
651   156   196   
649   144   210   
651   153   199   
674   152   177   
690   139   174   
694   124   185   
713   128   162   
721   131   151   
716   144   143   
707   147   149   
698   143   162   
691   146   166   
675   157   171   
682   141   180   
675   143   185   
682   135   186   
671   144   188   
668   139   196   
668   140   195   
679   147   177   
683   166   154   
665   163   175   
666   164   173   
662   170   171   
668   167   168   
665   170   168   
653   185   165   
645   174   184   
654   178   171   
647   182   174   
654   175   174   
671   167   165   
657   169   177   
661   153   189   
645   169   189   
658   152   193   
645   157   201   
661   137   205   
650   154   199   
637   163   203   
653   162   188   
645   161   197   
630   161   212   
641   160   202   
658   155   190   
641   168   194   
645   171   187   
650   162   191   
641   163   199   
625   179   199   
604   186   213   
609   201   193   
622   191   190   
628   193   182   
621   192   190   
1   1   1   
1   1   1   
1   1   1   
1   1   1   
1   1   1   
1   1   1   
1   1   1   
1   1   1   
1   1   1   
1   1   1   
1   1   1   
1   1   1   
1   1   1   
1   1   1   
1   1   1   
1   1   1   
1   1   1   
1   1   1   
1   1   1   
1   1   1   
1   1   1   
1   1   1   
1   1   1   
1   1   1   
1   1   1   
1   1   1   
1   1   1   
1   1   1   
1   1   1   
1   1   1   
1   1   1   
1   1   1   
1   1   1   
1   1   1   
1   1   1   
1   1   1   
1   1   1   
1   1   1   
1   1   1   
1   1   1   
1   1   1   
1   1   1   
1   1   1   
1   1   1   
1   1   1   
1   1   1   
1   1   1   
1   1   1   
1   1   1   
1   1   1   
1   1   1   
1   1   1   
1   1   1   
1   1   1   
1   1   1   
1   1   1   
1   1   1   
1   1   1   
1   1   1   
1   1   1   
1   1   1   
1   1   1   
1   1   1   
1   1   1   
1   1   1   
1   1   1   
1   1   1   
1   1   1   
1   1   1   
1   1   1   
1   1   1   
1   1   1   
1   1   1   
1   1   1   
1   1   1   
1   1   1   
1   1   1   
1   1   1   
1   1   1   
1   1   1   
1   1   1   
1   1   1   
1   1   1   
1   1   1   
1   1   1   
1   1   1   
1   1   1   
1   1   1   
1   1   1   
1   1   1   
1   1   1   
1   1   1   
1   1   1   
1   1   1   
1   1   1   
1   1   1   
1   1   1   
1   1   1   
1   1   1   
1   1   1   
1   1   1   
1   1   1   
