201   201   201   201   201   
204   219   214   197   171   
214   227   206   185   173   
217   229   205   175   179   
218   226   210   177   174   
217   225   199   188   176   
229   218   193   199   166   
235   216   195   193   166   
236   219   199   187   164   
243   218   207   179   158   
216   222   213   197   157   
218   229   206   182   170   
208   242   211   174   170   
203   240   213   170   179   
203   259   213   163   167   
213   260   206   162   164   
238   256   197   160   154   
239   247   182   175   162   
223   255   184   173   170   
220   255   181   175   174   
230   266   166   162   181   
239   255   180   165   166   
245   232   172   181   175   
245   247   172   170   171   
270   225   180   164   166   
277   230   176   168   154   
286   234   176   176   133   
291   224   185   181   124   
271   236   185   181   132   
279   234   168   186   138   
283   229   169   165   159   
288   226   171   156   164   
288   227   166   164   160   
287   225   171   169   153   
290   223   170   163   159   
295   231   175   165   139   
298   216   186   163   142   
321   191   187   167   139   
324   196   187   157   141   
335   175   179   170   146   
336   177   179   162   151   
341   185   178   150   151   
333   211   167   148   146   
328   221   173   155   128   
331   215   170   157   132   
316   216   181   153   139   
306   214   184   172   129   
301   232   166   175   131   
298   229   163   178   137   
279   235   167   193   131   
278   237   168   194   128   
272   255   162   192   124   
273   271   162   181   118   
268   247   175   182   133   
277   242   169   185   132   
279   232   186   177   131   
278   226   197   173   131   
281   218   191   175   140   
291   215   187   177   135   
296   214   179   178   138   
295   212   175   184   139   
304   189   185   188   139   
323   183   184   174   141   
316   199   178   173   139   
319   200   173   177   136   
315   198   173   187   132   
308   182   179   195   141   
313   185   188   189   130   
316   189   187   181   132   
340   180   174   171   140   
323   173   190   175   144   
319   180   185   179   142   
311   181   191   172   150   
316   183   198   168   140   
318   193   199   153   142   
297   201   201   151   155   
293   203   216   147   146   
287   205   211   148   154   
289   200   215   151   150   
300   195   215   153   142   
298   195   215   145   152   
297   193   218   141   156   
286   200   220   144   155   
305   202   205   138   155   
313   212   190   132   158   
311   223   183   151   137   
291   241   192   148   133   
305   240   193   146   121   
317   230   196   148   114   
324   249   177   146   109   
326   236   176   160   107   
329   232   184   152   108   
321   230   197   153   104   
323   227   205   145   105   
311   223   214   143   114   
316   217   230   135   107   
308   216   235   138   108   
315   215   229   139   107   
328   208   225   138   106   
337   212   231   127   98   
323   220   235   134   93   
330   218   239   127   91   
328   236   241   120   80   
335   227   245   108   90   
324   224   247   110   100   
307   234   259   107   98   
296   233   271   116   89   
289   227   281   116   92   
292   225   278   114   96   
299   214   293   105   94   
289   210   302   108   96   
272   209   324   98   102   
274   211   318   93   109   
249   210   336   98   112   
261   205   317   102   120   
245   214   322   99   125   
232   207   336   101   129   
225   197   349   114   120   
226   202   344   109   124   
223   192   355   116   119   
217   184   371   105   128   
213   195   372   102   123   
225   190   373   92   125   
226   184   367   103   125   
224   186   345   111   139   
220   173   343   123   146   
221   170   355   121   138   
230   174   340   127   134   
227   166   354   125   133   
225   153   374   123   130   
235   160   363   120   127   
217   168   375   119   126   
226   153   376   130   120   
234   159   361   133   118   
236   157   360   140   112   
229   154   373   129   120   
233   174   370   121   107   
240   188   342   114   121   
250   195   321   118   121   
248   191   334   105   127   
256   187   340   110   112   
257   187   336   113   112   
262   193   324   122   104   
261   180   343   119   102   
266   179   338   128   94   
279   179   335   121   91   
274   169   338   119   105   
283   165   341   116   100   
284   178   331   121   91   
282   169   338   128   88   
273   151   356   137   88   
268   159   335   156   87   
274   158   334   148   91   
276   161   350   137   81   
300   152   337   131   85   
312   150   333   126   84   
338   146   318   123   80   
350   135   322   116   82   
327   145   334   119   80   
324   140   339   123   79   
312   133   356   133   71   
298   137   372   130   68   
296   124   383   126   76   
292   130   384   128   71   
290   140   381   126   68   
281   140   385   128   71   
293   138   371   136   67   
281   141   373   148   62   
284   139   378   145   59   
280   127   382   163   53   
279   145   374   159   48   
276   156   366   162   45   
273   158   369   165   40   
268   152   379   168   38   
274   170   366   161   34   
269   179   361   158   38   
273   183   354   155   40   
268   180   364   152   41   
257   167   371   166   44   
246   174   368   171   46   
232   166   402   165   40   
240   177   384   159   45   
255   178   376   155   41   
246   178   375   165   41   
244   188   357   168   48   
255   196   320   179   55   
260   191   318   189   47   
268   196   318   179   44   
265   189   327   184   40   
268   182   332   183   40   
269   199   328   173   36   
273   192   333   170   37   
274   170   341   179   41   
270   155   342   190   48   
264   148   344   200   49   
252   154   349   204   46   
258   144   363   192   48   
268   119   369   198   51   
272   136   364   179   54   
278   120   361   184   62   
293   110   361   178   63   
301   105   362   178   59   
301   106   374   167   57   
301   106   367   174   57   
298   114   374   168   51   
278   117   375   185   50   
273   113   387   181   51   
269   116   389   175   56   
278   99   402   167   59   
282   103   401   168   51   
279   103   412   156   55   
267   103   426   158   51   
267   96   426   161   55   
254   98   430   168   55   
261   106   431   158   49   
255   98   446   168   38   
250   100   455   166   34   
233   106   460   171   35   
251   100   454   171   29   
252   112   440   177   24   
240   121   441   181   22   
236   118   444   186   21   
238   129   418   200   20   
249   125   409   200   22   
245   129   387   216   28   
237   132   398   205   33   
228   130   386   231   30   
236   129   374   233   33   
245   125   371   230   34   
235   118   373   242   37   
232   127   377   235   34   
229   122   388   236   30   
232   126   376   235   36   
230   127   376   235   37   
215   123   374   254   39   
214   119   383   243   46   
225   113   374   253   40   
228   111   371   252   43   
216   110   386   256   37   
216   97   410   248   34   
204   98   426   242   35   
212   94   427   235   37   
213   85   428   243   36   
216   77   436   240   36   
212   73   424   258   38   
208   77   421   270   29   
208   82   432   256   27   
211   74   434   264   22   
205   69   436   272   23   
193   75   432   277   28   
192   84   442   260   27   
192   84   441   263   25   
184   84   450   260   27   
181   83   452   267   22   
184   78   452   267   24   
180   73   438   289   25   
177   81   424   296   27   
173   74   430   299   29   
156   87   410   323   29   
160   96   384   332   33   
148   97   389   338   33   
135   97   388   354   31   
127   102   392   353   31   
121   104   380   369   31   
116   100   379   381   29   
119   103   383   375   25   
126   101   381   374   23   
123   108   382   370   22   
122   105   367   391   20   
107   110   358   410   20   
106   116   366   398   19   
103   125   377   380   20   
107   111   376   393   18   
117   116   369   390   13   
109   112   365   407   12   
108   101   362   420   14   
102   102   371   420   10   
102   100   377   418   8   
103   101   368   426   7   
110   99   351   439   6   
105   109   342   441   8   
96   103   368   432   6   
93   111   369   426   6   
88   111   383   417   6   
87   113   377   420   8   
97   96   384   416   12   
98   94   367   427   19   
95   90   364   441   15   
109   82   351   447   16   
110   85   343   455   12   
102   80   329   481   13   
112   84   346   450   13   
105   90   351   447   12   
107   74   368   446   10   
106   75   360   454   10   
104   69   350   472   10   
94   67   347   486   11   
96   58   345   494   12   
83   59   350   499   14   
84   63   359   480   19   
84   62   382   459   18   
89   59   375   462   20   
85   66   365   464   25   
94   70   362   458   21   
93   75   353   461   23   
105   75   363   438   24   
102   79   354   444   26   
107   78   344   451   25   
114   82   356   425   28   
113   81   361   416   34   
116   87   346   424   32   
115   105   327   427   31   
115   103   334   422   31   
117   87   335   431   35   
113   89   337   429   37   
110   87   331   437   40   
110   82   342   430   41   
112   59   336   455   43   
124   55   327   468   31   
131   51   330   460   33   
137   53   317   465   33   
129   48   317   470   41   
147   44   309   471   34   
151   46   323   453   32   
148   42   333   453   29   
152   46   335   435   37   
146   51   333   439   36   
149   50   343   429   34   
149   49   351   427   29   
153   41   366   417   28   
156   42   380   396   31   
152   42   392   385   34   
142   44   389   392   38   
152   48   380   376   49   
142   52   376   379   56   
142   56   389   362   56   
137   48   402   354   64   
152   49   396   347   61   
155   46   396   343   65   
141   41   410   352   61   
144   50   422   329   60   
142   48   433   327   55   
149   52   440   303   61   
141   47   461   293   63   
145   49   455   301   55   
154   48   444   303   56   
158   58   439   283   67   
152   58   439   286   70   
150   52   448   279   76   
159   54   426   293   73   
161   48   435   283   78   
161   55   439   283   67   
166   66   438   272   63   
167   57   448   261   72   
151   60   453   274   67   
134   67   460   279   65   
132   66   446   295   66   
127   74   444   301   59   
124   69   438   310   64   
126   70   416   330   63   
126   69   419   331   60   
125   68   422   329   61   
126   60   432   320   67   
138   51   413   331   72   
125   51   432   323   74   
110   55   416   341   83   
107   60   407   341   90   
103   68   385   353   96   
107   59   386   359   94   
107   53   395   352   98   
102   60   404   343   96   
87   52   411   355   100   
91   53   398   370   93   
93   56   417   352   87   
104   59   417   339   86   
124   61   413   324   83   
127   65   423   315   75   
124   68   423   316   74   
129   78   420   304   74   
122   76   415   320   72   
122   71   430   319   63   
128   69   426   312   70   
134   52   432   318   69   
128   47   437   323   70   
142   47   420   327   69   
142   50   417   329   67   
149   49   409   328   70   
140   55   429   312   69   
142   63   399   325   76   
145   63   399   318   80   
149   60   412   313   71   
154   62   420   305   64   
149   62   414   308   72   
160   68   400   302   75   
162   65   396   305   77   
153   64   394   310   84   
150   64   407   302   82   
153   67   400   301   84   
151   81   388   298   87   
142   76   381   321   85   
141   84   390   312   78   
134   78   386   337   70   
140   69   375   349   72   
138   64   393   342   68   
138   62   379   358   68   
144   59   371   361   70   
146   56   372   360   71   
144   53   358   372   78   
150   53   351   365   86   
154   47   353   358   93   
165   55   347   353   85   
158   66   343   352   86   
161   70   345   342   87   
172   71   340   341   81   
179   69   343   337   77   
180   67   338   325   95   
178   69   338   322   98   
184   65   334   320   102   
193   58   332   312   110   
201   60   332   309   103   
195   62   343   305   100   
196   66   335   311   97   
194   62   338   315   96   
188   50   334   326   107   
168   44   356   322   115   
163   47   361   329   105   
158   40   356   339   112   
153   43   368   348   93   
153   46   384   340   82   
155   50   379   340   81   
162   43   365   353   82   
170   42   376   342   75   
178   42   361   340   84   
182   48   339   356   80   
185   48   340   345   87   
184   52   335   347   87   
194   48   339   334   90   
204   46   340   328   87   
214   42   348   312   89   
208   48   348   318   83   
218   45   344   311   87   
200   38   345   327   95   
203   34   349   331   88   
191   31   357   327   99   
187   24   351   334   109   
171   19   339   365   111   
185   17   315   370   118   
204   18   303   364   116   
200   14   320   364   107   
188   20   319   372   106   
183   24   312   372   114   
176   23   313   374   119   
173   20   302   391   119   
167   21   290   391   136   
161   18   306   381   139   
155   19   307   382   142   
174   20   296   380   135   
177   21   293   385   129   
176   19   301   376   133   
179   19   290   375   142   
187   24   291   376   127   
201   19   295   365   125   
200   14   299   363   129   
188   16   309   363   129   
204   14   307   346   134   
197   10   306   346   146   
182   9   312   351   151   
168   7   308   366   156   
169   10   293   374   159   
181   13   287   359   165   
193   16   273   359   164   
185   15   277   371   157   
189   13   270   376   157   
175   17   262   392   159   
158   14   276   393   164   
165   14   280   374   172   
160   14   278   371   182   
148   14   275   380   188   
153   11   267   373   201   
150   9   265   378   203   
148   10   256   377   214   
156   7   254   381   207   
156   9   269   382   189   
144   9   272   391   189   
148   12   267   383   195   
159   14   265   380   187   
162   14   264   370   195   
155   11   243   394   202   
150   10   238   405   202   
150   11   241   395   208   
146   9   238   398   214   
141   11   216   414   223   
127   14   221   412   231   
128   16   230   410   221   
131   14   233   421   206   
135   13   237   429   191   
144   10   245   421   185   
153   12   241   417   182   
158   7   242   417   181   
1   1   1   1   1   
1   1   1   1   1   
1   1   1   1   1   
1   1   1   1   1   
1   1   1   1   1   
1   1   1   1   1   
1   1   1   1   1   
1   1   1   1   1   
1   1   1   1   1   
1   1   1   1   1   
1   1   1   1   1   
1   1   1   1   1   
1   1   1   1   1   
1   1   1   1   1   
1   1   1   1   1   
1   1   1   1   1   
1   1   1   1   1   
1   1   1   1   1   
1   1   1   1   1   
1   1   1   1   1   
1   1   1   1   1   
1   1   1   1   1   
1   1   1   1   1   
1   1   1   1   1   
1   1   1   1   1   
1   1   1   1   1   
1   1   1   1   1   
1   1   1   1   1   
1   1   1   1   1   
1   1   1   1   1   
1   1   1   1   1   
1   1   1   1   1   
1   1   1   1   1   
1   1   1   1   1   
1   1   1   1   1   
1   1   1   1   1   
1   1   1   1   1   
1   1   1   1   1   
1   1   1   1   1   
1   1   1   1   1   
1   1   1   1   1   
1   1   1   1   1   
1   1   1   1   1   
1   1   1   1   1   
1   1   1   1   1   
1   1   1   1   1   
1   1   1   1   1   
1   1   1   1   1   
1   1   1   1   1   
1   1   1   1   1   
1   1   1   1   1   
1   1   1   1   1   
1   1   1   1   1   
1   1   1   1   1   
1   1   1   1   1   
1   1   1   1   1   
1   1   1   1   1   
1   1   1   1   1   
1   1   1   1   1   
1   1   1   1   1   
1   1   1   1   1   
1   1   1   1   1   
1   1   1   1   1   
1   1   1   1   1   
1   1   1   1   1   
1   1   1   1   1   
1   1   1   1   1   
1   1   1   1   1   
1   1   1   1   1   
1   1   1   1   1   
1   1   1   1   1   
1   1   1   1   1   
1   1   1   1   1   
1   1   1   1   1   
1   1   1   1   1   
1   1   1   1   1   
1   1   1   1   1   
1   1   1   1   1   
1   1   1   1   1   
1   1   1   1   1   
1   1   1   1   1   
1   1   1   1   1   
1   1   1   1   1   
1   1   1   1   1   
1   1   1   1   1   
1   1   1   1   1   
1   1   1   1   1   
1   1   1   1   1   
1   1   1   1   1   
1   1   1   1   1   
1   1   1   1   1   
1   1   1   1   1   
1   1   1   1   1   
1   1   1   1   1   
1   1   1   1   1   
1   1   1   1   1   
1   1   1   1   1   
1   1   1   1   1   
1   1   1   1   1   
1   1   1   1   1   
1   1   1   1   1   
1   1   1   1   1   
