334   334   335   
328   368   307   
332   375   296   
344   378   281   
330   392   281   
333   399   271   
327   399   277   
325   409   269   
339   385   279   
346   379   278   
357   361   285   
357   359   287   
352   368   283   
355   360   288   
344   356   303   
353   343   307   
359   342   302   
356   335   312   
355   333   315   
360   313   330   
373   289   341   
377   277   349   
383   273   347   
388   273   342   
396   256   351   
381   267   355   
361   286   356   
372   285   346   
360   282   361   
361   282   360   
356   297   350   
357   297   349   
360   300   343   
348   304   351   
353   296   354   
349   282   372   
350   283   370   
347   275   381   
355   276   372   
356   284   363   
349   300   354   
349   294   360   
338   295   370   
354   306   343   
346   319   338   
349   323   331   
349   318   336   
350   327   326   
348   334   321   
352   335   316   
365   339   299   
361   333   309   
352   330   321   
333   334   336   
328   342   333   
337   327   339   
324   326   353   
339   312   352   
337   309   357   
340   311   352   
343   330   330   
339   329   335   
347   334   322   
351   332   320   
330   347   326   
324   351   328   
328   348   327   
316   350   337   
316   363   324   
314   383   306   
331   378   294   
339   384   280   
326   389   288   
321   388   294   
324   406   273   
317   411   275   
319   418   266   
308   424   271   
320   442   241   
332   435   236   
336   433   234   
333   432   238   
343   429   231   
334   434   235   
342   435   226   
332   452   219   
316   460   227   
320   452   231   
299   452   252   
301   456   246   
302   455   246   
300   450   253   
268   476   259   
269   475   259   
269   474   260   
275   468   260   
261   467   275   
250   470   283   
247   452   304   
242   460   301   
239   469   295   
247   464   292   
231   480   292   
240   479   284   
256   474   273   
265   471   267   
264   463   276   
276   447   280   
273   438   292   
283   440   280   
295   432   276   
278   441   284   
264   456   283   
271   440   292   
275   439   289   
273   446   284   
255   473   275   
262   465   276   
282   465   256   
269   475   259   
269   480   254   
284   474   245   
302   449   252   
305   438   260   
321   424   258   
328   424   251   
341   396   266   
335   396   272   
341   391   271   
325   401   277   
337   400   266   
337   392   274   
324   400   279   
334   386   283   
320   409   274   
322   413   268   
306   427   270   
321   429   253   
328   427   248   
332   437   234   
326   435   242   
315   445   243   
313   445   245   
317   447   239   
314   447   242   
299   469   235   
297   468   238   
280   484   239   
274   491   238   
269   507   227   
260   518   225   
267   520   216   
263   516   224   
255   523   225   
256   527   220   
251   532   220   
259   528   216   
256   532   215   
259   530   214   
262   525   216   
252   523   228   
255   527   221   
247   548   208   
253   546   204   
261   538   204   
265   541   197   
276   525   202   
270   520   213   
266   516   221   
269   507   227   
263   510   230   
265   505   233   
261   503   239   
253   504   246   
248   509   246   
265   495   243   
268   495   240   
254   513   236   
264   505   234   
271   506   226   
264   510   229   
271   505   227   
257   517   229   
259   511   233   
266   495   242   
260   514   229   
275   491   237   
271   482   250   
260   480   263   
265   466   272   
271   466   266   
271   451   281   
262   443   298   
269   450   284   
274   447   282   
258   463   282   
248   462   293   
250   448   305   
249   459   295   
261   443   299   
259   441   303   
251   459   293   
254   482   267   
250   490   263   
225   514   264   
226   518   259   
210   525   268   
222   523   258   
222   525   256   
222   529   252   
218   522   263   
222   532   249   
218   530   255   
226   513   264   
225   519   259   
218   512   273   
211   521   271   
212   518   273   
227   513   263   
231   498   274   
233   477   293   
215   495   293   
227   465   311   
241   460   302   
235   483   285   
239   496   268   
236   498   269   
233   510   260   
240   527   236   
253   520   230   
244   532   227   
267   507   229   
296   481   226   
289   481   233   
285   481   237   
309   462   232   
302   452   249   
308   450   245   
302   451   250   
281   461   261   
272   469   262   
288   468   247   
280   471   252   
282   458   263   
295   456   252   
308   455   240   
318   429   256   
334   420   249   
342   417   244   
349   408   246   
336   417   250   
343   428   232   
350   430   223   
353   421   229   
327   454   222   
325   457   221   
335   447   221   
342   451   210   
349   449   205   
361   437   205   
377   429   197   
362   428   213   
353   432   218   
344   435   224   
348   423   232   
347   418   238   
343   430   230   
330   427   246   
304   437   262   
297   442   264   
292   451   260   
269   463   271   
256   465   282   
263   466   274   
258   475   270   
265   463   275   
267   466   270   
247   478   278   
245   485   273   
252   497   254   
247   504   252   
247   525   231   
255   527   221   
266   508   229   
266   524   213   
264   533   206   
257   530   216   
239   547   217   
243   536   224   
239   541   223   
256   542   205   
239   559   205   
244   539   220   
245   554   204   
233   556   214   
232   553   218   
232   557   214   
219   558   226   
214   560   229   
216   580   207   
194   583   226   
202   583   218   
220   569   214   
219   566   218   
229   555   219   
226   572   205   
234   570   199   
224   570   209   
231   569   203   
233   571   199   
227   577   199   
227   582   194   
222   582   199   
213   588   202   
213   592   198   
200   613   190   
205   602   196   
188   606   209   
190   598   215   
186   613   204   
189   623   191   
185   624   194   
185   650   168   
172   656   175   
177   648   178   
180   644   179   
201   627   175   
194   638   171   
200   628   175   
199   616   188   
208   613   182   
184   637   182   
201   622   180   
188   635   180   
190   634   179   
194   619   190   
176   621   206   
179   617   207   
170   639   194   
174   617   212   
182   609   212   
185   620   198   
167   621   215   
173   612   218   
168   612   223   
165   618   220   
166   618   219   
163   614   226   
164   630   209   
166   637   200   
166   633   204   
170   635   198   
173   631   199   
182   605   216   
193   572   238   
196   579   228   
189   597   217   
188   607   208   
195   604   204   
196   594   213   
180   597   226   
182   594   227   
187   597   219   
185   606   212   
186   611   206   
197   592   214   
192   591   220   
183   596   224   
180   596   227   
172   596   235   
171   585   247   
182   568   253   
185   561   257   
176   567   260   
164   578   261   
170   558   275   
168   551   284   
165   534   304   
177   526   300   
187   495   321   
189   498   316   
173   489   341   
179   500   324   
183   493   327   
181   483   339   
177   468   358   
190   463   350   
192   463   348   
199   463   341   
204   469   330   
207   476   320   
209   473   321   
208   479   316   
209   472   322   
194   475   334   
197   475   331   
193   478   332   
216   458   329   
213   456   334   
220   460   323   
232   442   329   
238   455   310   
242   451   310   
255   435   313   
256   434   313   
263   440   300   
271   442   290   
294   419   290   
285   428   290   
274   421   308   
276   424   303   
280   422   301   
271   446   286   
278   449   276   
260   451   292   
282   436   285   
273   436   294   
260   447   296   
258   452   293   
255   449   299   
255   450   298   
276   442   285   
272   435   296   
264   452   287   
258   446   299   
260   443   300   
267   430   306   
265   413   325   
264   422   317   
258   430   315   
257   436   310   
277   428   298   
286   426   291   
285   419   299   
260   454   289   
253   465   285   
253   459   291   
237   476   290   
247   467   289   
277   460   266   
281   468   254   
271   481   251   
256   500   247   
273   486   244   
271   482   250   
284   467   252   
268   472   263   
255   475   273   
236   500   267   
239   502   262   
260   476   267   
258   471   274   
258   478   267   
247   484   272   
249   481   273   
246   491   266   
244   490   269   
252   474   277   
248   475   280   
262   473   268   
274   483   246   
281   482   240   
287   473   243   
301   462   240   
303   464   236   
313   463   227   
317   454   232   
314   452   237   
321   453   229   
335   465   203   
352   447   204   
359   451   193   
368   437   198   
373   419   211   
364   416   223   
361   435   207   
351   423   229   
353   426   224   
343   429   231   
335   437   231   
327   449   227   
330   458   215   
332   452   219   
336   446   221   
361   428   214   
356   418   229   
369   410   224   
371   416   216   
374   420   209   
378   415   210   
376   421   206   
394   424   185   
382   433   188   
381   432   190   
390   415   198   
401   421   181   
412   402   189   
417   389   197   
415   388   200   
1   1   1   
1   1   1   
1   1   1   
1   1   1   
1   1   1   
1   1   1   
1   1   1   
1   1   1   
1   1   1   
1   1   1   
1   1   1   
1   1   1   
1   1   1   
1   1   1   
1   1   1   
1   1   1   
1   1   1   
1   1   1   
1   1   1   
1   1   1   
1   1   1   
1   1   1   
1   1   1   
1   1   1   
1   1   1   
1   1   1   
1   1   1   
1   1   1   
1   1   1   
1   1   1   
1   1   1   
1   1   1   
1   1   1   
1   1   1   
1   1   1   
1   1   1   
1   1   1   
1   1   1   
1   1   1   
1   1   1   
1   1   1   
1   1   1   
1   1   1   
1   1   1   
1   1   1   
1   1   1   
1   1   1   
1   1   1   
1   1   1   
1   1   1   
1   1   1   
1   1   1   
1   1   1   
1   1   1   
1   1   1   
1   1   1   
1   1   1   
1   1   1   
1   1   1   
1   1   1   
1   1   1   
1   1   1   
1   1   1   
1   1   1   
1   1   1   
1   1   1   
1   1   1   
1   1   1   
1   1   1   
1   1   1   
1   1   1   
1   1   1   
1   1   1   
1   1   1   
1   1   1   
1   1   1   
1   1   1   
1   1   1   
1   1   1   
1   1   1   
1   1   1   
1   1   1   
1   1   1   
1   1   1   
1   1   1   
1   1   1   
1   1   1   
1   1   1   
1   1   1   
1   1   1   
1   1   1   
1   1   1   
1   1   1   
1   1   1   
1   1   1   
1   1   1   
1   1   1   
1   1   1   
1   1   1   
1   1   1   
1   1   1   
1   1   1   
