101   101   101   101   101   101   101   101   101   101   
101   94   102   115   123   110   90   96   96   83   
105   95   92   111   122   107   97   106   85   90   
115   92   82   103   127   131   87   98   97   78   
116   86   92   91   123   142   94   93   93   80   
121   86   86   86   129   144   83   95   94   86   
120   86   81   85   128   129   85   97   112   87   
114   84   83   92   127   139   84   92   115   80   
109   88   82   100   121   138   85   84   126   77   
102   83   87   102   117   125   83   100   136   75   
107   85   82   104   114   127   79   96   141   75   
118   75   78   96   111   125   77   98   146   86   
110   83   67   97   125   128   81   93   143   83   
103   78   73   94   139   127   87   97   133   79   
90   85   68   100   137   129   98   102   118   83   
92   77   58   102   137   130   96   102   127   89   
99   80   57   98   130   136   99   110   119   82   
90   71   61   103   139   128   95   123   116   84   
90   72   63   87   132   129   103   124   118   92   
98   68   61   96   129   132   109   115   113   89   
102   61   62   97   132   134   108   117   111   86   
112   58   68   106   135   134   106   103   105   83   
125   60   63   105   138   139   102   92   101   85   
114   54   65   103   140   135   103   86   115   95   
124   60   70   99   141   123   97   85   122   89   
120   70   65   92   135   136   105   77   119   91   
129   65   81   95   129   135   103   66   110   97   
124   72   72   96   133   132   96   73   112   100   
113   82   63   93   130   140   97   71   107   114   
126   73   60   89   129   158   106   74   96   99   
128   71   61   91   133   170   101   70   96   89   
120   70   60   91   135   185   114   68   86   81   
119   70   59   81   137   195   108   77   81   83   
105   69   69   86   153   188   108   72   79   81   
95   64   68   87   153   185   121   79   79   79   
99   63   64   85   159   164   128   83   86   79   
111   58   71   86   153   159   123   82   88   79   
123   49   67   88   166   154   125   74   86   78   
120   39   71   81   176   161   120   73   90   79   
121   47   71   81   184   139   120   69   96   82   
119   41   80   80   196   128   120   68   94   84   
117   36   90   83   197   130   126   66   86   79   
115   38   95   74   194   132   124   73   84   81   
116   37   99   76   192   135   123   77   74   81   
110   36   100   75   193   136   136   76   63   85   
113   32   90   67   190   138   141   83   64   92   
125   30   87   72   184   135   141   88   72   76   
133   30   90   70   182   123   138   90   68   86   
129   30   93   75   177   122   133   89   70   92   
129   27   87   80   178   117   145   87   64   96   
141   22   92   90   178   111   151   87   58   80   
142   17   85   93   179   113   164   79   64   74   
145   16   85   97   193   113   150   78   58   75   
143   11   84   97   183   119   157   78   60   78   
138   11   88   92   182   122   151   85   64   77   
140   7   84   88   195   125   154   79   58   80   
145   6   88   94   198   128   157   68   48   78   
140   6   95   96   190   121   166   77   50   69   
137   9   90   102   183   128   162   76   57   66   
134   11   80   104   189   119   177   73   56   67   
135   10   78   101   190   122   179   71   53   71   
135   14   79   91   207   116   168   71   55   74   
145   13   70   94   208   106   167   72   61   74   
135   14   76   107   209   111   176   63   51   68   
134   12   91   103   186   118   180   56   53   77   
129   12   92   112   180   106   180   53   71   75   
121   11   97   109   172   105   181   51   78   85   
126   10   110   113   167   110   165   59   74   76   
131   10   108   116   168   90   167   57   78   85   
125   7   112   111   164   78   190   57   80   86   
134   6   110   111   156   81   186   53   77   96   
135   5   118   109   159   71   183   64   71   95   
139   4   125   101   154   71   188   59   73   96   
139   2   125   109   141   70   201   59   59   105   
145   2   134   114   137   77   186   48   60   107   
137   1   139   99   131   83   199   53   58   110   
137   1   143   96   136   76   203   50   60   108   
132   1   138   98   142   79   215   45   52   108   
134   1   155   109   131   68   202   40   57   113   
140   1   162   117   122   72   199   42   55   100   
142   1   170   107   119   66   198   48   56   103   
136   1   173   107   130   68   198   42   51   104   
144   1   173   88   136   64   210   49   43   102   
160   1   168   83   131   74   210   46   40   97   
148   1   190   82   133   56   220   51   43   86   
149   1   200   76   128   50   222   54   45   85   
151   1   215   75   127   44   214   54   43   86   
161   1   202   81   122   37   222   54   45   85   
167   1   183   79   122   28   234   64   40   92   
187   1   165   70   122   26   237   72   45   85   
172   1   168   63   121   31   242   78   45   89   
174   1   170   53   122   34   237   84   47   88   
170   1   166   57   126   38   222   95   48   87   
176   1   181   55   124   37   209   94   46   87   
183   1   184   63   115   35   200   93   48   88   
189   1   187   60   109   44   194   102   38   86   
176   1   171   58   116   45   199   125   32   87   
171   1   172   59   113   45   203   123   30   93   
172   1   172   53   118   42   214   114   28   96   
169   1   171   48   115   44   215   120   31   96   
180   1   164   53   119   37   216   128   25   87   
179   1   178   51   121   34   213   127   24   82   
175   1   177   64   125   30   204   134   19   81   
164   1   183   56   130   29   206   137   16   88   
165   1   178   59   131   31   204   132   12   97   
182   1   178   48   118   37   198   133   11   104   
189   1   184   45   101   38   193   142   14   103   
200   1   177   44   112   41   192   133   15   95   
197   1   175   38   122   45   182   142   11   97   
201   1   175   39   122   48   177   146   8   93   
209   1   190   41   115   39   176   137   11   91   
193   1   200   43   117   34   182   131   8   101   
180   1   194   45   117   34   183   135   8   113   
175   1   190   42   118   42   190   131   9   112   
162   1   187   48   123   55   190   125   12   107   
169   1   186   50   131   40   203   119   10   101   
173   1   199   53   122   38   198   119   12   95   
186   1   195   53   113   44   202   118   9   89   
194   1   193   49   130   44   196   116   9   78   
188   1   211   44   135   45   203   109   7   67   
182   1   208   47   135   50   202   116   3   66   
182   1   205   55   132   57   198   115   2   63   
176   1   200   63   138   52   202   119   3   56   
179   1   214   56   139   50   194   112   4   61   
179   1   219   59   128   49   188   122   5   60   
170   1   210   60   139   47   188   122   5   68   
169   1   198   65   131   47   199   123   5   72   
165   1   182   57   147   48   213   130   4   63   
163   1   166   56   150   46   222   133   4   69   
161   1   170   57   143   42   217   136   6   77   
155   1   163   53   152   42   227   128   5   84   
164   1   156   50   150   38   223   137   6   85   
165   1   153   51   158   34   223   140   5   80   
157   1   148   54   160   34   241   136   8   71   
156   1   149   59   161   27   255   136   8   58   
160   1   161   63   158   24   248   139   5   51   
170   1   154   57   150   24   251   139   5   59   
155   1   142   62   150   23   262   138   5   72   
149   1   151   75   141   28   262   134   5   64   
151   1   141   82   142   28   260   141   3   61   
151   1   126   84   156   25   258   140   2   67   
153   1   130   89   156   22   250   136   3   70   
153   1   134   90   149   22   240   147   2   72   
159   1   132   101   134   22   249   147   2   63   
154   1   131   98   138   16   259   143   3   67   
155   1   132   99   132   14   256   145   2   74   
153   1   131   101   136   16   255   144   1   72   
138   1   126   112   122   16   253   162   1   79   
129   1   126   120   118   15   244   177   1   79   
134   1   126   110   110   13   249   182   1   84   
137   1   133   116   106   10   247   183   1   76   
128   1   126   120   115   12   255   181   1   71   
120   1   124   122   106   11   274   179   1   72   
113   1   123   121   113   8   264   193   1   73   
110   1   124   110   124   11   269   191   1   69   
100   1   131   116   130   9   273   183   1   66   
96   1   140   109   129   10   278   183   1   63   
96   1   137   112   130   6   284   187   1   56   
99   1   137   111   137   6   268   186   1   64   
92   1   126   116   147   3   273   196   1   55   
90   1   135   117   147   1   272   191   1   55   
91   1   150   127   140   1   254   196   1   49   
79   1   154   118   145   1   277   187   1   47   
81   1   144   127   138   1   281   186   1   50   
88   1   134   124   147   1   282   187   1   45   
83   1   136   124   164   1   272   186   1   42   
83   1   147   117   166   1   268   184   1   42   
72   1   145   109   160   1   286   188   1   47   
72   1   152   111   164   1   273   189   1   46   
79   1   147   113   165   1   283   175   1   45   
84   1   157   125   157   1   279   158   1   47   
87   1   163   123   156   1   288   143   1   47   
84   1   156   126   157   1   293   153   1   38   
79   1   156   119   166   1   288   156   1   43   
75   1   154   118   159   1   292   158   1   51   
63   1   159   116   140   1   308   163   1   58   
59   1   166   115   123   1   313   165   1   66   
67   1   162   115   115   1   306   179   1   63   
67   1   177   110   108   1   303   179   1   63   
71   1   176   102   112   1   300   182   1   64   
67   1   178   97   122   1   291   187   1   65   
55   1   176   104   130   1   291   193   1   58   
53   1   200   105   119   1   274   203   1   53   
44   1   205   108   110   1   274   210   1   56   
45   1   192   121   109   1   289   199   1   52   
48   1   199   121   110   1   313   174   1   42   
41   1   196   129   111   1   315   174   1   41   
39   1   190   122   113   1   323   167   1   53   
37   1   175   125   118   1   328   165   1   59   
39   1   172   126   104   1   337   174   1   55   
43   1   159   120   116   1   334   182   1   53   
43   1   153   127   108   1   348   178   1   50   
46   1   140   129   120   1   344   180   1   48   
41   1   151   131   120   1   354   172   1   38   
36   1   152   127   127   1   342   182   1   41   
36   1   159   125   121   1   343   182   1   41   
27   1   155   131   114   1   355   186   1   39   
27   1   169   121   98   1   339   209   1   44   
29   1   165   124   82   1   345   218   1   44   
34   1   175   121   82   1   336   210   1   49   
43   1   178   121   76   1   330   210   1   49   
44   1   165   123   82   1   334   204   1   55   
44   1   175   121   79   1   336   201   1   51   
40   1   183   115   77   1   341   210   1   41   
34   1   198   116   76   1   331   215   1   37   
24   1   187   133   75   1   346   208   1   34   
22   1   197   141   65   1   342   210   1   30   
24   1   182   142   59   1   346   220   1   34   
21   1   191   141   49   1   349   223   1   33   
24   1   200   140   56   1   336   211   1   40   
26   1   210   143   53   1   337   204   1   34   
23   1   211   133   52   1   345   210   1   33   
24   1   223   124   47   1   345   213   1   31   
24   1   225   132   44   1   328   224   1   30   
17   1   232   136   34   1   326   228   1   34   
15   1   244   131   37   1   315   234   1   31   
18   1   240   127   44   1   311   234   1   33   
14   1   247   126   47   1   304   237   1   32   
13   1   248   129   49   1   294   242   1   32   
14   1   224   141   52   1   283   263   1   30   
14   1   215   131   53   1   282   279   1   33   
11   1   227   117   59   1   285   281   1   27   
9   1   210   112   54   1   299   299   1   24   
11   1   207   107   62   1   294   303   1   23   
9   1   208   110   54   1   286   316   1   24   
8   1   209   114   55   1   277   319   1   25   
8   1   198   115   61   1   283   313   1   29   
7   1   208   119   56   1   270   315   1   32   
6   1   210   121   55   1   277   300   1   38   
5   1   196   129   56   1   277   308   1   36   
6   1   184   120   49   1   298   306   1   44   
5   1   188   131   45   1   294   297   1   47   
5   1   192   119   44   1   302   294   1   51   
7   1   196   116   47   1   295   295   1   51   
5   1   198   123   47   1   295   287   1   52   
4   1   190   125   49   1   283   293   1   63   
4   1   187   126   51   1   292   285   1   62   
4   1   208   128   48   1   285   269   1   65   
4   1   204   121   48   1   269   295   1   66   
6   1   207   127   50   1   265   286   1   66   
8   1   213   108   56   1   280   280   1   62   
7   1   219   102   56   1   270   292   1   61   
8   1   234   92   63   1   265   276   1   69   
9   1   213   105   56   1   283   280   1   61   
7   1   208   94   54   1   299   280   1   65   
8   1   218   96   49   1   294   275   1   67   
12   1   201   96   56   1   303   284   1   55   
9   1   194   105   57   1   310   279   1   53   
9   1   190   109   50   1   319   278   1   52   
8   1   194   103   47   1   316   295   1   44   
7   1   202   100   46   1   305   295   1   52   
5   1   215   111   40   1   294   291   1   51   
3   1   211   110   43   1   289   301   1   50   
2   1   200   102   46   1   302   307   1   48   
1   1   191   111   50   1   298   314   1   42   
1   1   190   120   56   1   297   298   1   45   
1   1   190   132   44   1   320   285   1   35   
1   1   201   130   44   1   313   285   1   33   
1   1   203   136   46   1   312   281   1   28   
1   1   208   130   48   1   314   281   1   25   
1   1   210   146   55   1   299   267   1   29   
1   1   220   140   50   1   313   251   1   32   
1   1   240   140   53   1   307   235   1   31   
1   1   246   131   49   1   323   225   1   32   
1   1   266   131   55   1   310   213   1   31   
1   1   271   121   55   1   301   226   1   32   
1   1   247   125   66   1   307   227   1   34   
1   1   230   120   72   1   304   239   1   41   
1   1   250   113   74   1   297   226   1   46   
1   1   240   119   76   1   299   229   1   43   
1   1   247   108   81   1   307   222   1   41   
1   1   239   103   88   1   316   216   1   44   
1   1   233   109   87   1   315   215   1   47   
1   1   235   114   88   1   300   221   1   48   
1   1   245   116   85   1   318   199   1   43   
1   1   240   131   74   1   304   210   1   47   
1   1   236   126   74   1   317   206   1   47   
1   1   225   133   77   1   320   209   1   42   
1   1   212   137   83   1   323   216   1   35   
1   1   213   139   78   1   323   215   1   38   
1   1   211   144   67   1   336   211   1   37   
1   1   212   143   66   1   346   200   1   39   
1   1   210   132   66   1   342   212   1   44   
1   1   207   128   64   1   341   222   1   44   
1   1   220   122   64   1   338   219   1   43   
1   1   213   115   70   1   321   239   1   48   
1   1   218   106   69   1   334   234   1   45   
1   1   227   92   81   1   340   220   1   46   
1   1   230   91   87   1   331   221   1   46   
1   1   236   91   78   1   337   216   1   48   
1   1   233   81   75   1   362   208   1   47   
1   1   243   76   73   1   355   212   1   47   
1   1   248   76   73   1   356   208   1   45   
1   1   245   69   72   1   344   236   1   40   
1   1   243   78   68   1   355   223   1   39   
1   1   254   75   68   1   353   218   1   38   
1   1   247   75   73   1   354   212   1   45   
1   1   243   69   63   1   364   216   1   51   
1   1   245   70   63   1   364   211   1   53   
1   1   239   74   57   1   369   219   1   48   
1   1   261   87   50   1   341   218   1   49   
1   1   264   94   49   1   338   209   1   52   
1   1   271   102   52   1   319   219   1   43   
1   1   283   100   47   1   313   228   1   35   
1   1   289   106   46   1   302   224   1   39   
1   1   294   110   52   1   297   214   1   39   
1   1   292   106   64   1   279   226   1   39   
1   1   320   80   70   1   261   240   1   35   
1   1   321   79   70   1   259   241   1   36   
1   1   331   82   72   1   244   245   1   32   
1   1   333   75   68   1   260   232   1   38   
1   1   340   68   74   1   246   237   1   41   
1   1   340   73   79   1   237   235   1   42   
1   1   327   62   82   1   247   249   1   39   
1   1   340   71   81   1   237   240   1   37   
1   1   319   75   87   1   234   261   1   30   
1   1   316   66   81   1   254   257   1   32   
1   1   321   63   73   1   242   272   1   35   
1   1   331   64   69   1   221   290   1   31   
1   1   329   67   66   1   214   299   1   31   
1   1   321   71   71   1   230   287   1   26   
1   1   305   76   82   1   237   281   1   25   
1   1   302   63   81   1   246   289   1   25   
1   1   292   52   83   1   254   299   1   26   
1   1   303   52   86   1   259   280   1   26   
1   1   314   50   78   1   257   287   1   20   
1   1   318   49   68   1   249   303   1   19   
1   1   316   55   71   1   236   308   1   20   
1   1   310   55   73   1   241   310   1   17   
1   1   319   57   70   1   241   301   1   18   
1   1   342   52   60   1   245   291   1   16   
1   1   322   54   56   1   242   310   1   22   
1   1   311   53   55   1   236   327   1   24   
1   1   311   40   59   1   240   336   1   20   
1   1   318   41   52   1   227   346   1   22   
1   1   321   43   44   1   224   350   1   24   
1   1   306   43   44   1   236   351   1   26   
1   1   295   44   51   1   243   353   1   20   
1   1   289   42   51   1   255   347   1   22   
1   1   286   40   48   1   258   346   1   28   
1   1   277   37   44   1   268   351   1   29   
1   1   288   39   31   1   267   351   1   30   
1   1   303   39   31   1   260   336   1   37   
1   1   311   46   28   1   276   306   1   39   
1   1   300   51   28   1   276   310   1   41   
1   1   280   45   27   1   292   321   1   41   
1   1   279   42   30   1   297   318   1   40   
1   1   281   44   22   1   293   324   1   42   
1   1   274   46   21   1   300   317   1   48   
1   1   283   42   19   1   303   314   1   45   
1   1   273   41   18   1   314   310   1   50   
1   1   279   40   19   1   318   304   1   46   
1   1   284   35   18   1   315   301   1   53   
1   1   281   42   20   1   329   286   1   48   
1   1   284   48   17   1   340   275   1   42   
1   1   298   47   18   1   318   284   1   41   
1   1   309   34   17   1   315   283   1   48   
1   1   314   32   16   1   314   286   1   44   
1   1   307   27   12   1   336   282   1   42   
1   1   312   29   13   1   339   278   1   35   
1   1   312   25   13   1   339   282   1   35   
1   1   290   27   13   1   358   280   1   38   
1   1   277   34   13   1   362   287   1   33   
1   1   298   35   12   1   351   282   1   28   
1   1   303   39   15   1   333   284   1   32   
1   1   296   37   15   1   342   286   1   30   
1   1   295   40   15   1   340   283   1   33   
1   1   289   31   16   1   355   281   1   34   
1   1   290   33   15   1   345   286   1   37   
1   1   297   29   14   1   342   285   1   39   
1   1   280   27   16   1   360   288   1   35   
1   1   282   28   18   1   345   297   1   36   
1   1   285   31   17   1   343   293   1   37   
1   1   278   22   21   1   332   308   1   45   
1   1   276   26   20   1   332   310   1   42   
1   1   277   27   25   1   338   306   1   33   
1   1   267   28   29   1   330   319   1   33   
1   1   241   26   27   1   337   343   1   32   
1   1   228   30   32   1   347   332   1   37   
1   1   234   28   33   1   340   343   1   28   
1   1   212   30   35   1   339   359   1   31   
1   1   207   33   42   1   334   357   1   33   
1   1   216   26   45   1   325   346   1   48   
1   1   214   27   42   1   327   349   1   47   
1   1   206   25   36   1   335   356   1   48   
1   1   202   29   33   1   329   367   1   46   
1   1   198   32   39   1   337   352   1   48   
1   1   197   30   32   1   346   359   1   42   
1   1   194   29   21   1   332   388   1   42   
1   1   181   28   22   1   334   405   1   36   
1   1   192   30   20   1   314   411   1   39   
1   1   196   25   19   1   302   427   1   37   
1   1   209   17   16   1   296   429   1   39   
1   1   210   20   16   1   289   431   1   40   
1   1   209   20   16   1   290   432   1   39   
1   1   210   19   15   1   291   435   1   36   
1   1   228   16   19   1   296   410   1   37   
1   1   251   17   20   1   300   387   1   31   
1   1   249   18   16   1   295   392   1   36   
1   1   233   15   18   1   301   406   1   33   
1   1   235   16   19   1   307   397   1   32   
1   1   245   12   22   1   285   410   1   32   
1   1   233   18   20   1   293   411   1   31   
1   1   230   21   19   1   293   403   1   40   
1   1   241   25   15   1   289   394   1   42   
1   1   254   27   16   1   280   388   1   41   
1   1   240   30   21   1   276   398   1   41   
1   1   246   31   21   1   283   390   1   35   
1   1   254   34   21   1   277   388   1   32   
1   1   251   32   24   1   272   400   1   27   
1   1   243   28   27   1   273   407   1   28   
1   1   235   35   29   1   271   406   1   30   
1   1   229   39   27   1   278   405   1   28   
1   1   245   42   29   1   276   395   1   19   
1   1   251   35   33   1   278   391   1   18   
1   1   254   38   31   1   270   392   1   21   
1   1   277   30   27   1   270   382   1   20   
1   1   267   27   26   1   277   390   1   19   
1   1   288   23   24   1   277   377   1   17   
1   1   292   28   27   1   273   367   1   19   
1   1   293   27   23   1   280   367   1   16   
1   1   287   25   17   1   285   375   1   17   
1   1   292   20   19   1   283   376   1   16   
1   1   285   13   18   1   288   388   1   14   
1   1   283   15   20   1   296   379   1   13   
1   1   281   11   15   1   303   384   1   12   
1   1   274   8   16   1   306   392   1   10   
1   1   270   7   13   1   291   421   1   4   
1   1   271   7   17   1   298   408   1   5   
1   1   272   4   18   1   305   404   1   3   
1   1   257   3   21   1   310   412   1   3   
1   1   255   4   28   1   334   381   1   4   
1   1   264   5   28   1   323   383   1   3   
1   1   255   3   35   1   315   394   1   4   
1   1   245   3   41   1   316   396   1   5   
1   1   244   2   41   1   302   413   1   4   
1   1   242   1   36   1   291   433   1   3   
1   1   246   1   34   1   295   427   1   3   
1   1   245   1   33   1   295   429   1   3   
1   1   246   1   32   1   276   447   1   4   
1   1   242   1   30   1   288   441   1   4   
1   1   256   1   25   1   272   449   1   3   
1   1   247   1   22   1   276   456   1   4   
1   1   249   1   20   1   278   454   1   4   
1   1   244   1   24   1   289   444   1   4   
1   1   259   1   24   1   274   446   1   2   
1   1   258   1   27   1   271   447   1   2   
1   1   252   1   30   1   261   459   1   3   
1   1   249   1   33   1   246   475   1   2   
1   1   255   1   29   1   229   490   1   2   
1   1   228   1   23   1   239   513   1   2   
1   1   234   1   22   1   241   506   1   2   
1   1   238   1   20   1   247   499   1   1   
1   1   238   1   22   1   241   503   1   1   
1   1   241   1   19   1   241   503   1   1   
1   1   228   1   23   1   237   516   1   1   
1   1   235   1   19   1   233   517   1   1   
1   1   226   1   16   1   236   526   1   1   
1   1   234   1   12   1   246   512   1   1   
1   1   235   1   10   1   242   517   1   1   
1   1   254   1   9   1   263   478   1   1   
1   1   263   1   8   1   269   464   1   1   
1   1   271   1   7   1   269   457   1   1   
1   1   279   1   7   1   291   427   1   1   
1   1   289   1   8   1   276   431   1   1   
1   1   304   1   10   1   255   435   1   1   
1   1   319   1   12   1   236   437   1   1   
1   1   325   1   16   1   242   421   1   1   
1   1   314   1   15   1   240   435   1   1   
1   1   301   1   18   1   257   428   1   1   
1   1   294   1   24   1   252   434   1   1   
1   1   299   1   21   1   245   439   1   1   
1   1   300   1   23   1   243   438   1   1   
1   1   310   1   22   1   226   446   1   1   
1   1   316   1   17   1   223   448   1   1   
1   1   324   1   15   1   217   448   1   1   
1   1   337   1   20   1   206   441   1   1   
1   1   345   1   15   1   216   428   1   1   
1   1   365   1   16   1   196   427   1   1   
1   1   372   1   14   1   183   435   1   1   
1   1   360   1   12   1   177   455   1   1   
1   1   360   1   13   1   175   456   1   1   
1   1   368   1   17   1   166   453   1   1   
1   1   365   1   23   1   158   458   1   1   
1   1   344   1   23   1   161   476   1   1   
1   1   345   1   28   1   156   475   1   1   
1   1   343   1   29   1   155   477   1   1   
1   1   354   1   33   1   144   473   1   1   
1   1   348   1   32   1   148   476   1   1   
1   1   337   1   26   1   152   489   1   1   
1   1   332   1   25   1   148   499   1   1   
1   1   318   1   24   1   149   513   1   1   
1   1   329   1   21   1   147   507   1   1   
1   1   319   1   25   1   149   511   1   1   
1   1   330   1   24   1   143   507   1   1   
1   1   317   1   18   1   155   514   1   1   
1   1   310   1   16   1   162   516   1   1   
1   1   339   1   15   1   156   494   1   1   
1   1   323   1   16   1   155   510   1   1   
1   1   333   1   11   1   158   502   1   1   
1   1   339   1   15   1   148   502   1   1   
1   1   347   1   12   1   143   502   1   1   
1   1   351   1   14   1   138   501   1   1   
1   1   338   1   14   1   149   503   1   1   
1   1   343   1   18   1   144   499   1   1   
1   1   336   1   19   1   137   512   1   1   
1   1   332   1   20   1   143   509   1   1   
1   1   331   1   22   1   142   509   1   1   
1   1   324   1   21   1   146   513   1   1   
1   1   344   1   18   1   144   498   1   1   
1   1   350   1   17   1   147   490   1   1   
1   1   348   1   17   1   148   491   1   1   
1   1   355   1   19   1   137   493   1   1   
1   1   358   1   24   1   133   489   1   1   
1   1   349   1   27   1   138   490   1   1   
1   1   357   1   24   1   137   486   1   1   
1   1   361   1   26   1   127   490   1   1   
1   1   366   1   30   1   128   480   1   1   
1   1   386   1   24   1   118   476   1   1   
1   1   365   1   26   1   129   484   1   1   
1   1   344   1   20   1   138   502   1   1   
1   1   341   1   23   1   139   501   1   1   
1   1   353   1   15   1   142   494   1   1   
1   1   332   1   11   1   144   517   1   1   
1   1   323   1   16   1   145   520   1   1   
1   1   322   1   18   1   149   515   1   1   
1   1   302   1   16   1   159   527   1   1   
1   1   320   1   17   1   155   512   1   1   
1   1   323   1   16   1   163   502   1   1   
1   1   339   1   12   1   156   497   1   1   
1   1   343   1   8   1   156   497   1   1   
1   1   350   1   9   1   142   503   1   1   
1   1   335   1   11   1   135   523   1   1   
1   1   311   1   8   1   138   547   1   1   
1   1   314   1   9   1   128   553   1   1   
1   1   291   1   7   1   121   585   1   1   
1   1   302   1   6   1   119   577   1   1   
1   1   298   1   5   1   116   585   1   1   
1   1   280   1   4   1   119   601   1   1   
1   1   279   1   4   1   115   606   1   1   
1   1   296   1   4   1   112   592   1   1   
1   1   284   1   2   1   101   617   1   1   
1   1   288   1   2   1   87   627   1   1   
1   1   299   1   1   1   85   619   1   1   
1   1   304   1   1   1   86   613   1   1   
1   1   302   1   1   1   95   606   1   1   
1   1   294   1   1   1   107   602   1   1   
1   1   297   1   1   1   110   596   1   1   
1   1   295   1   1   1   116   592   1   1   
1   1   307   1   1   1   110   586   1   1   
1   1   315   1   1   1   99   589   1   1   
1   1   319   1   1   1   95   589   1   1   
1   1   325   1   1   1   108   570   1   1   
1   1   320   1   1   1   100   583   1   1   
1   1   303   1   1   1   109   591   1   1   
1   1   304   1   1   1   111   588   1   1   
1   1   300   1   1   1   113   590   1   1   
1   1   295   1   1   1   111   597   1   1   
1   1   288   1   1   1   124   591   1   1   
1   1   302   1   1   1   125   576   1   1   
1   1   307   1   1   1   117   579   1   1   
1   1   311   1   1   1   114   578   1   1   
1   1   312   1   1   1   120   571   1   1   
1   1   305   1   1   1   128   570   1   1   
1   1   306   1   1   1   121   576   1   1   
1   1   311   1   1   1   121   571   1   1   
1   1   325   1   1   1   124   554   1   1   
1   1   312   1   1   1   122   569   1   1   
1   1   309   1   1   1   128   566   1   1   
1   1   323   1   1   1   134   546   1   1   
1   1   312   1   1   1   147   544   1   1   
1   1   325   1   1   1   148   530   1   1   
1   1   308   1   1   1   164   531   1   1   
1   1   324   1   1   1   170   509   1   1   
1   1   297   1   1   1   173   533   1   1   
1   1   318   1   1   1   172   513   1   1   
1   1   321   1   1   1   169   513   1   1   
1   1   312   1   1   1   166   525   1   1   
1   1   304   1   1   1   169   530   1   1   
1   1   312   1   1   1   151   540   1   1   
1   1   329   1   1   1   146   528   1   1   
1   1   327   1   1   1   154   522   1   1   
1   1   324   1   1   1   149   530   1   1   
1   1   333   1   1   1   144   526   1   1   
1   1   350   1   1   1   138   515   1   1   
1   1   358   1   1   1   148   497   1   1   
1   1   345   1   1   1   155   503   1   1   
1   1   339   1   1   1   157   507   1   1   
1   1   347   1   1   1   163   493   1   1   
1   1   343   1   1   1   167   493   1   1   
1   1   350   1   1   1   169   484   1   1   
1   1   366   1   1   1   163   474   1   1   
1   1   378   1   1   1   160   465   1   1   
1   1   401   1   1   1   154   448   1   1   
1   1   394   1   1   1   156   453   1   1   
1   1   382   1   1   1   177   444   1   1   
1   1   386   1   1   1   169   448   1   1   
1   1   398   1   1   1   161   444   1   1   
1   1   407   1   1   1   161   435   1   1   
1   1   414   1   1   1   155   434   1   1   
1   1   1   1   1   1   1   1   1   1   
1   1   1   1   1   1   1   1   1   1   
1   1   1   1   1   1   1   1   1   1   
1   1   1   1   1   1   1   1   1   1   
1   1   1   1   1   1   1   1   1   1   
1   1   1   1   1   1   1   1   1   1   
1   1   1   1   1   1   1   1   1   1   
1   1   1   1   1   1   1   1   1   1   
1   1   1   1   1   1   1   1   1   1   
1   1   1   1   1   1   1   1   1   1   
1   1   1   1   1   1   1   1   1   1   
