334   334   335   
339   365   299   
324   373   306   
332   365   306   
321   373   309   
307   371   325   
317   364   322   
325   357   321   
320   352   331   
315   360   328   
308   370   325   
317   361   325   
310   359   334   
305   365   333   
301   366   336   
308   355   340   
322   337   344   
317   363   323   
329   349   325   
335   339   329   
301   348   354   
306   337   360   
302   362   339   
289   374   340   
291   370   342   
300   368   335   
288   363   352   
283   378   342   
297   375   331   
309   373   321   
304   390   309   
296   408   299   
296   408   299   
292   409   302   
299   412   292   
289   413   301   
294   399   310   
311   388   304   
307   395   301   
285   407   311   
299   397   307   
298   413   292   
286   440   277   
298   417   288   
297   404   302   
301   391   311   
305   398   300   
305   406   292   
309   411   283   
302   420   281   
303   424   276   
299   423   281   
295   407   301   
291   400   312   
298   393   312   
288   391   324   
276   402   325   
286   394   323   
292   400   311   
294   389   320   
302   394   307   
311   383   309   
314   392   297   
302   397   304   
330   381   292   
314   383   306   
325   382   296   
332   379   292   
330   385   288   
326   389   288   
331   373   299   
350   353   300   
348   365   290   
350   355   298   
337   348   318   
342   335   326   
336   337   330   
351   325   327   
345   336   322   
343   339   321   
340   342   321   
341   336   326   
365   338   300   
382   320   301   
389   295   319   
387   293   323   
380   299   324   
397   292   314   
403   290   310   
390   306   307   
385   324   294   
385   321   297   
370   341   292   
373   347   283   
371   354   278   
377   334   292   
376   332   295   
368   335   300   
364   338   301   
365   322   316   
380   323   300   
388   320   295   
389   327   287   
378   318   307   
372   326   305   
360   320   323   
357   316   330   
370   322   311   
386   325   292   
385   333   285   
394   327   282   
399   322   282   
428   301   274   
414   295   294   
403   308   292   
399   302   302   
377   293   333   
389   294   320   
404   300   299   
414   291   298   
423   290   290   
412   310   281   
407   313   283   
406   302   295   
409   299   295   
437   289   277   
448   303   252   
464   294   245   
479   284   240   
461   306   236   
446   305   252   
457   299   247   
459   305   239   
449   309   245   
438   317   248   
417   335   251   
426   327   250   
413   319   271   
426   305   272   
414   313   276   
414   304   285   
413   304   286   
403   318   282   
406   317   280   
413   317   273   
412   304   287   
409   298   296   
425   290   288   
421   292   290   
431   294   278   
426   292   285   
424   298   281   
412   313   278   
419   307   277   
410   311   282   
415   317   271   
415   333   255   
412   343   248   
418   343   242   
415   350   238   
418   349   236   
422   344   237   
437   348   218   
422   354   227   
418   355   230   
424   366   213   
405   379   219   
424   386   193   
418   393   192   
441   377   185   
451   368   184   
463   356   184   
458   362   183   
446   379   178   
456   360   187   
443   372   188   
458   361   184   
444   371   188   
464   351   188   
470   335   198   
463   334   206   
479   332   192   
472   327   204   
457   319   227   
467   318   218   
472   312   219   
494   286   223   
498   284   221   
522   265   216   
509   266   228   
504   271   228   
497   282   224   
482   283   238   
496   276   231   
499   273   231   
512   251   240   
523   247   233   
531   237   235   
527   242   234   
524   248   231   
525   253   225   
530   257   216   
524   267   212   
523   273   207   
507   291   205   
493   310   200   
495   305   203   
499   303   201   
493   303   207   
481   310   212   
483   313   207   
492   316   195   
480   330   193   
471   338   194   
448   338   217   
454   330   219   
450   331   222   
451   319   233   
453   307   243   
446   306   251   
453   296   254   
423   315   265   
420   318   265   
404   319   280   
396   322   285   
410   322   271   
418   313   272   
427   300   276   
418   304   281   
438   297   268   
433   326   244   
439   323   241   
435   328   240   
449   330   224   
468   318   217   
465   326   212   
454   341   208   
445   344   214   
456   332   215   
460   327   216   
456   328   219   
449   334   220   
447   348   208   
446   337   220   
442   336   225   
438   337   228   
444   338   221   
440   341   222   
443   343   217   
449   341   213   
438   340   225   
435   343   225   
444   343   216   
424   362   217   
424   361   218   
437   354   212   
421   357   225   
423   354   226   
424   348   231   
435   357   211   
431   355   217   
434   348   221   
428   357   218   
438   342   223   
443   321   239   
422   323   258   
427   336   240   
416   345   242   
425   348   230   
453   328   222   
442   338   223   
444   326   233   
450   319   234   
453   330   220   
452   341   210   
440   347   216   
434   347   222   
444   343   216   
469   322   212   
482   296   225   
477   307   219   
492   296   215   
511   287   205   
529   281   193   
546   277   180   
543   282   178   
553   291   159   
569   285   149   
585   270   148   
591   260   152   
572   285   146   
577   275   151   
571   275   157   
563   284   156   
538   294   171   
538   296   169   
546   277   180   
543   272   188   
546   275   182   
545   258   200   
539   259   205   
552   255   196   
550   262   191   
567   241   195   
564   232   207   
577   223   203   
567   222   214   
563   212   228   
569   216   218   
577   211   215   
565   220   218   
577   216   210   
571   217   215   
584   200   219   
582   209   212   
577   208   218   
576   219   208   
562   239   202   
555   232   216   
545   225   233   
536   228   239   
529   227   247   
516   235   252   
510   240   253   
515   235   253   
531   225   247   
534   213   256   
523   211   269   
522   216   265   
515   222   266   
526   227   250   
523   216   264   
498   224   281   
501   215   287   
507   224   272   
497   237   269   
500   246   257   
499   245   259   
504   240   259   
500   239   264   
504   230   269   
503   228   272   
492   236   275   
477   251   275   
468   254   281   
469   257   277   
448   261   294   
461   257   285   
468   255   280   
469   250   284   
468   265   270   
445   291   267   
462   290   251   
471   292   240   
481   285   237   
485   288   230   
476   279   248   
471   270   262   
485   265   253   
485   273   245   
488   264   251   
480   271   252   
497   265   241   
500   254   249   
514   240   249   
531   234   238   
524   249   230   
535   238   230   
514   253   236   
503   264   236   
509   268   226   
512   265   226   
501   271   231   
483   275   245   
479   282   242   
467   284   252   
469   288   246   
474   283   246   
464   278   261   
447   278   278   
425   288   290   
428   305   270   
438   290   275   
451   279   273   
458   262   283   
446   262   295   
454   274   275   
449   279   275   
431   284   288   
423   291   289   
409   291   303   
420   292   291   
422   293   288   
418   281   304   
414   281   308   
415   280   308   
429   271   303   
423   276   304   
407   284   312   
407   262   334   
410   267   326   
400   271   332   
384   281   338   
403   265   335   
390   260   353   
396   251   356   
369   254   380   
352   260   391   
347   244   412   
349   243   411   
358   246   399   
342   256   405   
333   254   416   
328   246   429   
325   238   440   
339   235   429   
329   241   433   
332   238   433   
330   225   448   
343   219   441   
342   218   443   
347   201   455   
357   206   440   
363   205   435   
339   215   449   
340   202   461   
347   200   456   
339   212   452   
360   215   428   
335   225   443   
355   220   428   
340   226   437   
341   224   438   
346   200   457   
365   192   446   
375   195   433   
360   203   440   
363   200   440   
377   193   433   
383   203   417   
381   192   430   
381   204   418   
367   212   424   
357   221   425   
365   212   426   
353   220   430   
356   215   432   
378   207   418   
381   193   429   
396   185   422   
380   180   443   
372   180   451   
367   178   458   
361   197   445   
362   201   440   
359   201   443   
382   191   430   
357   201   445   
339   212   452   
354   211   438   
369   205   429   
383   193   427   
375   197   431   
384   204   415   
374   214   415   
375   221   407   
392   220   391   
402   226   375   
393   231   379   
392   237   374   
377   226   400   
382   222   399   
383   198   422   
369   198   436   
352   205   446   
360   199   444   
361   194   448   
372   185   446   
379   179   445   
383   179   441   
376   177   450   
381   191   431   
372   215   416   
366   215   422   
365   227   411   
355   217   431   
356   209   438   
345   216   442   
345   208   450   
370   191   442   
368   196   439   
361   203   439   
370   207   426   
364   210   429   
363   224   416   
360   222   421   
338   224   441   
334   226   443   
334   225   444   
1   1   1   
1   1   1   
1   1   1   
1   1   1   
1   1   1   
1   1   1   
1   1   1   
1   1   1   
1   1   1   
1   1   1   
1   1   1   
1   1   1   
1   1   1   
1   1   1   
1   1   1   
1   1   1   
1   1   1   
1   1   1   
1   1   1   
1   1   1   
1   1   1   
1   1   1   
1   1   1   
1   1   1   
1   1   1   
1   1   1   
1   1   1   
1   1   1   
1   1   1   
1   1   1   
1   1   1   
1   1   1   
1   1   1   
1   1   1   
1   1   1   
1   1   1   
1   1   1   
1   1   1   
1   1   1   
1   1   1   
1   1   1   
1   1   1   
1   1   1   
1   1   1   
1   1   1   
1   1   1   
1   1   1   
1   1   1   
1   1   1   
1   1   1   
1   1   1   
1   1   1   
1   1   1   
1   1   1   
1   1   1   
1   1   1   
1   1   1   
1   1   1   
1   1   1   
1   1   1   
1   1   1   
1   1   1   
1   1   1   
1   1   1   
1   1   1   
1   1   1   
1   1   1   
1   1   1   
1   1   1   
1   1   1   
1   1   1   
1   1   1   
1   1   1   
1   1   1   
1   1   1   
1   1   1   
1   1   1   
1   1   1   
1   1   1   
1   1   1   
1   1   1   
1   1   1   
1   1   1   
1   1   1   
1   1   1   
1   1   1   
1   1   1   
1   1   1   
1   1   1   
1   1   1   
1   1   1   
1   1   1   
1   1   1   
1   1   1   
1   1   1   
1   1   1   
1   1   1   
1   1   1   
1   1   1   
1   1   1   
1   1   1   
1   1   1   
