101   101   101   101   101   101   101   101   101   101   
106   104   114   112   111   109   89   87   83   95   
112   108   114   110   106   109   83   86   81   101   
109   101   105   108   116   118   74   87   85   107   
105   112   105   104   120   111   75   82   90   106   
117   98   110   106   130   111   78   78   86   96   
124   82   113   113   141   93   77   84   89   94   
117   79   108   121   140   94   80   89   87   95   
127   75   105   120   141   92   89   84   87   90   
131   82   105   126   147   86   89   84   77   83   
123   90   105   119   160   82   93   83   69   86   
119   96   99   127   158   84   93   82   63   89   
111   103   89   124   172   86   95   77   68   85   
115   99   92   117   169   94   97   72   75   80   
113   97   85   119   182   91   95   71   73   84   
107   90   79   112   178   95   98   71   80   100   
93   98   89   117   176   92   97   73   78   97   
91   91   101   125   185   86   98   68   82   83   
93   93   104   130   183   90   77   73   88   79   
87   93   91   129   183   90   85   71   95   86   
71   93   87   125   176   93   85   82   101   97   
69   98   92   122   180   98   87   66   106   92   
77   95   94   119   179   93   82   56   119   96   
72   98   91   121   187   105   84   47   110   95   
72   95   88   122   188   100   80   48   115   102   
79   90   98   117   189   104   72   50   123   88   
83   85   102   112   192   103   78   47   122   86   
79   91   103   113   195   111   77   49   111   81   
82   87   105   114   199   104   77   45   115   82   
78   83   121   105   195   110   87   43   113   75   
79   82   115   100   185   111   94   49   114   81   
82   87   115   94   173   107   98   44   122   88   
81   86   98   88   181   104   103   48   128   93   
85   93   101   90   191   101   94   48   126   81   
92   88   99   79   193   106   89   47   136   81   
108   91   86   75   193   105   93   48   135   76   
110   108   89   74   185   98   95   49   131   71   
105   116   89   78   183   93   91   45   140   70   
92   129   90   83   186   83   96   46   141   64   
97   142   76   79   191   88   89   44   143   61   
99   144   86   80   188   91   82   46   142   52   
91   152   85   77   185   85   78   53   147   57   
98   151   92   77   178   84   78   47   153   52   
104   171   73   76   189   87   68   48   148   46   
100   181   77   62   183   101   67   45   144   50   
98   177   83   64   179   97   71   46   145   50   
97   166   88   61   182   92   67   44   162   51   
98   160   89   51   181   92   67   43   175   54   
91   172   90   50   173   95   71   38   173   57   
90   182   90   46   179   100   71   38   161   53   
93   186   84   47   181   92   65   45   166   51   
100   174   88   56   178   79   70   53   161   51   
100   166   85   57   167   88   67   58   168   54   
110   172   83   53   155   99   66   54   162   56   
107   167   74   51   167   101   65   59   160   59   
112   167   82   45   162   96   74   56   163   53   
111   165   78   51   158   96   74   56   168   53   
113   168   81   46   160   97   70   53   170   52   
123   177   75   39   170   92   67   54   162   51   
124   172   80   43   161   91   73   55   160   51   
120   172   69   46   163   87   87   50   166   50   
128   168   68   43   166   84   91   43   175   44   
123   162   59   41   183   83   98   44   177   40   
119   169   57   45   188   82   89   42   169   50   
126   161   63   48   191   77   82   42   172   48   
140   160   59   46   195   75   82   39   162   52   
147   159   60   50   188   73   78   32   168   55   
155   157   62   44   178   82   78   34   163   57   
152   157   67   32   177   86   85   29   169   56   
144   171   71   29   179   85   81   37   155   58   
144   186   66   26   178   81   74   42   153   60   
148   183   65   23   180   80   75   46   151   59   
139   190   66   20   184   79   71   52   161   48   
134   187   68   22   181   74   79   52   165   48   
146   167   76   20   172   84   85   53   162   45   
163   154   75   22   167   78   84   48   176   43   
160   150   70   18   176   75   84   55   183   39   
167   147   72   15   192   75   77   52   170   43   
151   152   74   15   193   69   87   51   177   41   
161   155   69   17   195   65   88   47   167   46   
168   160   64   20   188   63   95   41   168   43   
168   155   77   27   182   61   98   34   160   48   
163   167   83   29   167   57   100   42   162   40   
165   162   84   34   164   60   88   47   171   35   
164   156   89   37   158   55   81   43   193   34   
171   168   88   36   157   52   81   35   188   34   
179   158   93   43   150   59   76   36   185   31   
186   156   99   41   153   50   82   27   185   31   
194   144   108   44   160   51   74   22   184   29   
202   147   114   43   167   51   69   22   169   26   
194   148   114   45   168   52   66   17   177   29   
197   157   109   45   155   56   73   19   171   28   
187   161   116   49   153   53   68   22   173   28   
189   149   111   50   162   51   72   27   172   27   
198   132   122   58   156   54   62   26   172   30   
179   143   118   63   163   56   69   32   159   28   
177   146   103   73   167   57   76   29   159   23   
171   137   104   66   172   56   81   34   166   23   
172   132   111   67   171   51   89   29   162   26   
157   140   98   67   174   52   87   40   170   25   
165   149   85   68   167   48   92   39   171   26   
154   154   88   71   182   44   94   43   151   29   
139   152   89   79   193   44   90   40   157   27   
142   150   95   85   184   43   72   44   168   27   
141   135   89   88   192   42   76   48   172   27   
143   137   82   87   190   46   78   49   173   25   
147   128   82   84   205   43   83   48   169   21   
148   134   77   84   204   46   81   51   167   18   
141   128   77   81   235   48   82   48   157   13   
151   118   70   74   242   51   80   50   160   14   
165   116   67   62   250   52   84   52   147   15   
175   122   70   65   238   54   82   44   149   11   
173   129   71   64   233   52   79   39   157   13   
156   138   77   62   239   54   75   39   158   12   
179   142   83   62   221   60   80   29   146   8   
177   133   81   53   242   62   76   28   151   7   
191   122   86   63   238   58   69   23   149   11   
181   135   97   70   229   48   64   17   157   12   
179   147   94   70   216   55   65   17   155   12   
172   160   81   72   219   57   61   16   156   16   
155   169   85   64   221   56   69   14   160   17   
166   177   79   65   210   62   66   13   156   16   
147   178   90   59   209   69   68   13   162   15   
159   178   88   69   209   67   62   14   151   13   
158   170   83   84   201   61   67   17   160   9   
171   165   92   81   185   72   56   15   160   13   
161   170   99   80   182   73   57   15   160   13   
163   176   103   74   160   76   61   13   166   18   
165   191   110   79   151   77   57   14   149   17   
164   184   117   78   145   72   61   16   153   20   
164   177   112   79   138   74   64   18   162   22   
173   168   105   87   142   67   70   17   158   23   
176   166   105   86   131   69   81   22   146   28   
182   169   99   91   130   69   79   22   144   25   
170   182   105   103   123   69   81   26   127   24   
160   176   109   111   131   70   82   28   117   26   
171   179   111   111   124   68   73   26   123   24   
164   193   102   108   127   70   73   20   124   29   
175   201   103   109   126   54   81   20   119   22   
187   209   92   100   126   59   64   18   132   23   
186   202   82   88   127   59   67   25   145   29   
173   207   73   97   136   57   62   27   148   30   
166   207   76   101   145   55   63   28   143   26   
170   218   75   93   126   55   67   23   153   30   
181   216   82   90   125   55   71   23   140   27   
169   227   85   88   127   51   73   19   141   30   
161   229   83   95   129   53   71   18   143   28   
165   213   92   89   134   58   74   20   135   30   
152   232   86   98   127   61   82   20   130   22   
143   242   88   95   125   67   81   19   123   27   
149   248   85   96   116   70   67   20   127   32   
143   241   94   97   114   76   72   15   129   29   
152   241   95   94   116   77   67   15   123   30   
151   249   99   93   101   85   64   15   125   28   
143   259   86   92   99   84   66   18   138   25   
156   254   85   91   89   89   63   22   138   23   
153   260   84   84   88   93   64   16   143   25   
143   269   78   88   102   95   61   17   131   26   
144   280   78   77   109   95   59   20   120   28   
143   279   80   79   114   107   57   16   104   31   
151   270   79   79   122   105   56   14   101   33   
156   282   77   78   116   103   54   15   105   24   
161   290   72   76   114   100   51   14   110   22   
156   294   69   80   112   102   50   13   113   21   
154   293   66   77   119   103   52   10   120   16   
153   289   72   80   122   107   45   13   115   14   
150   280   61   80   133   118   43   14   119   12   
145   280   64   81   133   123   47   12   112   13   
139   293   63   87   128   128   48   14   99   11   
136   306   67   88   122   120   46   14   102   9   
136   302   70   86   118   119   45   15   110   9   
141   291   66   90   124   118   40   14   117   9   
139   284   69   86   132   124   43   11   111   11   
147   292   69   80   124   117   52   15   101   13   
155   296   62   74   115   120   53   18   104   13   
158   295   68   68   100   120   52   17   117   15   
157   295   66   65   97   118   56   22   119   15   
159   306   67   60   93   107   56   24   115   23   
163   314   59   66   88   112   56   22   112   18   
153   332   62   59   91   110   53   24   109   17   
161   335   64   54   88   109   41   28   115   15   
147   339   68   60   95   106   46   24   110   15   
157   336   61   55   104   107   47   22   104   17   
156   342   66   51   106   104   43   21   104   17   
150   349   72   47   112   101   40   20   101   18   
149   348   78   47   111   97   45   23   91   21   
153   360   72   53   113   81   42   26   89   21   
158   363   73   49   105   91   33   27   88   23   
162   372   67   48   117   85   26   33   76   24   
166   360   75   50   118   89   21   37   79   15   
168   358   71   47   119   97   18   42   74   16   
170   352   66   48   123   93   15   44   80   19   
160   369   62   44   124   96   16   46   74   19   
164   367   51   50   125   97   9   46   79   22   
154   362   51   55   121   105   10   48   81   23   
157   364   47   57   125   105   10   38   79   28   
167   348   49   55   123   100   10   45   92   21   
189   336   63   52   111   96   14   50   76   23   
185   334   61   55   116   85   13   55   84   22   
178   336   64   52   120   81   15   62   78   24   
159   339   61   49   117   91   18   61   90   25   
153   339   56   46   122   95   17   66   84   32   
147   352   55   45   120   90   17   68   82   34   
153   352   42   48   121   93   18   70   78   35   
157   344   39   52   117   92   20   73   75   41   
157   349   35   48   119   102   25   64   76   35   
164   355   33   45   109   104   29   62   75   34   
176   361   26   42   114   105   25   61   67   33   
186   355   26   31   103   113   25   69   72   30   
191   349   29   27   102   121   29   64   66   32   
187   351   29   28   108   116   24   71   64   32   
178   335   37   28   123   118   26   68   61   36   
176   329   32   26   132   119   17   72   67   40   
179   324   37   22   127   126   21   68   68   38   
177   329   34   20   124   131   26   68   70   31   
187   327   29   15   119   123   30   78   68   34   
187   316   33   20   121   129   28   75   67   34   
177   331   33   27   123   119   26   74   69   31   
184   329   36   26   111   120   24   82   72   26   
183   343   44   28   99   105   29   93   58   28   
186   331   39   29   100   118   26   95   64   22   
180   337   44   25   96   114   23   102   69   20   
168   340   48   21   109   105   23   108   65   23   
158   347   58   24   103   95   21   115   66   23   
147   332   55   26   113   97   23   118   71   28   
136   328   60   28   119   88   26   122   75   28   
140   333   59   22   117   95   28   122   64   30   
135   334   59   21   120   98   20   130   69   24   
143   319   65   19   115   104   24   124   75   22   
153   309   62   19   111   109   27   125   76   19   
160   302   64   21   98   105   24   138   71   27   
153   298   66   22   110   105   25   132   70   29   
161   272   81   21   108   112   30   127   72   26   
170   267   82   20   106   103   31   133   72   26   
180   271   83   22   95   97   26   144   69   23   
196   266   74   30   87   92   28   141   71   25   
185   273   71   35   87   85   33   138   78   25   
184   278   57   29   78   91   31   148   85   29   
167   281   56   28   85   95   32   158   79   29   
179   270   48   30   90   92   28   160   86   27   
181   258   42   31   90   89   31   180   82   26   
188   258   40   24   93   89   30   168   93   27   
187   254   40   23   94   99   27   162   94   30   
179   258   37   27   95   103   21   165   94   31   
194   262   35   23   93   112   16   151   97   27   
196   278   32   27   88   117   17   128   102   25   
202   262   29   28   97   117   19   120   112   24   
202   252   24   26   95   116   21   133   118   23   
191   266   20   32   93   113   25   131   117   22   
206   266   20   30   98   116   22   121   112   19   
202   265   20   32   97   108   27   126   113   20   
185   262   19   31   114   100   27   141   108   23   
190   258   15   35   113   104   24   143   108   20   
210   251   15   35   114   103   24   139   103   16   
217   226   17   29   130   113   24   135   101   18   
198   236   22   25   122   119   27   139   101   21   
190   238   21   23   117   120   22   159   99   21   
172   234   18   24   127   136   23   146   107   23   
175   205   18   26   138   137   26   149   110   26   
178   196   19   29   128   143   30   154   106   27   
176   190   18   33   130   157   30   142   106   28   
183   191   17   30   118   161   28   150   104   28   
172   201   14   22   125   167   28   147   103   31   
167   217   16   21   123   167   24   151   100   24   
172   217   21   18   128   152   27   162   93   20   
180   218   22   14   131   159   28   156   83   19   
173   211   18   13   145   149   27   172   81   21   
179   221   18   10   141   157   25   150   84   25   
180   216   17   12   134   169   27   143   88   24   
184   214   13   13   139   176   28   143   84   16   
181   228   12   12   137   183   26   137   79   15   
183   227   8   12   141   186   29   130   80   14   
189   208   9   14   133   190   30   129   93   15   
192   206   10   16   133   185   34   130   88   16   
208   204   9   15   133   162   39   125   98   17   
219   195   9   12   124   163   43   126   103   16   
241   186   9   16   118   157   38   137   97   11   
243   180   8   14   118   145   36   142   108   16   
231   189   7   14   122   144   41   149   99   14   
224   186   5   9   117   150   33   164   103   19   
221   192   6   9   117   136   30   163   115   21   
219   198   6   7   108   124   35   178   114   21   
200   206   6   5   108   123   36   166   134   26   
198   215   4   5   101   126   38   164   129   30   
196   213   4   4   111   120   43   169   126   24   
204   212   3   5   109   125   41   169   121   21   
211   188   4   6   116   126   42   168   128   21   
200   185   4   5   120   123   40   177   129   27   
192   181   5   6   116   131   35   190   130   24   
191   194   4   4   113   132   34   196   124   18   
191   202   2   4   112   126   29   203   127   14   
188   207   3   4   109   138   24   196   123   18   
182   201   2   5   120   141   26   194   123   16   
190   204   2   4   108   142   27   193   124   16   
202   184   2   3   106   137   28   217   111   20   
215   182   2   3   117   131   26   206   107   21   
203   199   3   2   100   129   25   208   120   21   
224   175   3   3   101   124   25   205   137   13   
218   167   3   4   105   120   33   209   135   16   
224   163   4   4   115   113   32   204   133   18   
231   157   3   3   120   120   28   200   131   17   
238   160   3   3   118   108   27   199   131   23   
241   134   3   2   133   115   23   191   145   23   
257   140   3   1   127   110   25   181   142   24   
248   140   3   1   136   109   25   177   144   27   
239   152   2   1   150   102   27   169   136   32   
246   153   1   1   147   102   22   162   144   32   
254   149   1   1   149   92   23   160   153   28   
261   147   1   1   145   91   22   153   159   30   
260   141   1   1   146   89   25   149   169   29   
252   143   1   1   135   96   29   146   181   26   
263   148   1   1   131   84   24   146   186   26   
258   145   1   1   132   88   20   164   180   21   
259   142   1   1   126   88   19   158   194   22   
262   142   1   1   117   76   21   175   193   22   
256   147   1   1   126   79   21   174   187   18   
260   150   1   1   122   87   18   173   185   13   
265   147   1   1   119   78   24   178   184   13   
251   134   1   1   120   84   31   180   192   16   
252   119   1   1   128   89   31   184   186   19   
244   111   1   1   129   95   33   187   188   21   
233   104   1   1   127   93   38   193   197   23   
233   110   1   1   121   89   39   191   200   25   
226   108   1   1   120   84   34   201   206   29   
214   109   1   1   121   88   36   195   211   34   
231   109   1   1   113   75   37   200   212   31   
224   97   1   1   130   70   33   201   223   30   
224   97   1   1   141   66   32   189   231   28   
230   100   1   1   137   67   33   190   220   31   
231   91   1   1   148   69   35   193   216   25   
230   98   1   1   137   70   36   213   201   23   
214   104   1   1   136   85   36   213   205   15   
220   111   1   1   141   81   37   208   198   12   
218   125   1   1   133   82   39   195   204   12   
198   135   1   1   122   77   34   217   214   11   
192   131   1   1   120   78   38   219   217   13   
189   127   1   1   114   73   42   229   224   10   
202   124   1   1   109   71   39   233   220   10   
183   132   1   1   107   76   40   219   239   12   
197   125   1   1   100   72   41   220   240   13   
181   136   1   1   102   73   40   222   243   11   
167   128   1   1   100   73   45   229   253   13   
181   134   1   1   99   57   41   229   249   18   
188   137   1   1   95   59   40   216   256   17   
192   130   1   1   102   59   40   210   254   21   
200   131   1   1   110   55   40   224   229   19   
192   132   1   1   111   58   44   222   232   17   
192   125   1   1   109   65   49   225   231   12   
185   122   1   1   118   68   40   219   243   13   
187   126   1   1   106   76   45   220   239   9   
172   142   1   1   100   79   45   228   232   10   
175   141   1   1   110   76   32   234   231   9   
175   141   1   1   107   72   35   230   237   11   
171   139   1   1   113   74   38   237   229   7   
175   137   1   1   113   71   34   240   231   7   
179   132   1   1   119   72   36   223   240   7   
183   132   1   1   116   69   37   226   238   7   
190   120   1   1   117   67   32   241   237   4   
199   117   1   1   101   67   30   235   255   4   
193   112   1   1   102   67   30   244   258   2   
180   115   1   1   96   80   28   244   263   2   
180   111   1   1   103   83   30   225   274   2   
175   118   1   1   111   80   30   229   263   2   
158   116   1   1   124   92   26   231   260   1   
148   110   1   1   138   96   27   219   269   1   
155   108   1   1   144   92   28   209   271   1   
158   98   1   1   137   98   30   211   275   1   
160   103   1   1   145   97   29   208   265   1   
162   109   1   1   137   105   25   212   257   1   
167   99   1   1   136   103   23   211   268   1   
168   102   1   1   132   98   25   213   269   1   
162   101   1   1   135   98   20   223   268   1   
161   98   1   1   142   86   21   222   277   1   
165   93   1   1   148   80   17   213   291   1   
165   97   1   1   141   70   21   218   295   1   
162   102   1   1   146   74   20   218   285   1   
164   106   1   1   152   64   24   223   274   1   
163   118   1   1   137   61   23   227   278   1   
166   130   1   1   143   51   16   243   258   1   
154   131   1   1   140   51   16   248   267   1   
163   141   1   1   145   43   16   248   251   1   
163   142   1   1   156   33   14   264   235   1   
170   137   1   1   162   33   16   263   226   1   
174   139   1   1   166   26   17   276   209   1   
183   143   1   1   156   26   13   288   198   1   
184   141   1   1   156   22   13   299   192   1   
198   140   1   1   149   22   14   285   199   1   
196   146   1   1   139   20   12   287   207   1   
201   142   1   1   134   22   8   305   195   1   
192   144   1   1   126   25   8   324   188   1   
189   139   1   1   130   19   5   328   197   1   
199   130   1   1   136   18   4   327   193   1   
213   119   1   1   148   20   4   314   189   1   
230   115   1   1   150   17   4   309   182   1   
234   106   1   1   160   19   3   299   186   1   
226   112   1   1   152   21   3   305   188   1   
219   124   1   1   163   24   3   277   197   1   
227   127   1   1   152   29   4   264   204   1   
216   119   1   1   147   32   4   256   233   1   
225   111   1   1   149   28   4   260   230   1   
223   100   1   1   152   24   3   253   252   1   
211   99   1   1   153   19   3   261   261   1   
202   99   1   1   164   16   4   257   265   1   
219   89   1   1   160   17   4   259   259   1   
210   83   1   1   170   16   4   265   259   1   
226   65   1   1   177   16   5   260   258   1   
219   67   1   1   190   16   4   253   258   1   
221   74   1   1   184   15   4   264   245   1   
245   66   1   1   187   5   3   263   238   1   
243   63   1   1   200   3   4   257   237   1   
236   64   1   1   202   2   3   262   238   1   
243   66   1   1   212   3   4   256   223   1   
242   70   1   1   204   4   4   257   226   1   
238   71   1   1   183   2   3   264   246   1   
240   71   1   1   181   2   3   267   243   1   
235   78   1   1   184   2   4   262   242   1   
243   74   1   1   180   1   4   266   239   1   
229   71   1   1   181   1   3   279   243   1   
217   68   1   1   187   1   2   281   251   1   
222   72   1   1   164   1   2   289   257   1   
232   65   1   1   165   1   2   268   274   1   
224   72   1   1   154   1   3   270   283   1   
217   67   1   1   159   1   3   275   285   1   
233   63   1   1   149   1   3   282   276   1   
244   62   1   1   145   1   3   281   271   1   
239   61   1   1   169   1   3   273   261   1   
234   61   1   1   167   1   4   280   260   1   
227   60   1   1   181   1   2   274   262   1   
218   60   1   1   202   1   2   266   258   1   
224   58   1   1   207   1   3   261   253   1   
218   67   1   1   208   1   2   265   246   1   
203   66   1   1   216   1   3   276   242   1   
208   61   1   1   210   1   2   280   245   1   
211   59   1   1   192   1   1   294   249   1   
195   61   1   1   189   1   1   294   266   1   
207   55   1   1   191   1   1   279   273   1   
203   53   1   1   194   1   1   279   276   1   
201   56   1   1   197   1   1   275   276   1   
199   59   1   1   196   1   1   266   285   1   
212   69   1   1   170   1   1   266   288   1   
215   76   1   1   164   1   1   268   282   1   
203   84   1   1   165   1   1   275   278   1   
213   81   1   1   162   1   1   285   264   1   
210   76   1   1   169   1   1   279   271   1   
218   68   1   1   162   1   1   284   273   1   
203   66   1   1   161   1   1   291   284   1   
200   61   1   1   177   1   1   283   284   1   
223   61   1   1   168   1   1   276   277   1   
201   67   1   1   168   1   1   290   279   1   
220   61   1   1   164   1   1   307   253   1   
218   79   1   1   162   1   1   306   240   1   
225   76   1   1   155   1   1   304   245   1   
201   75   1   1   170   1   1   308   251   1   
199   75   1   1   162   1   1   304   265   1   
210   79   1   1   157   1   1   301   258   1   
214   76   1   1   161   1   1   292   262   1   
213   78   1   1   170   1   1   287   257   1   
216   76   1   1   181   1   1   289   243   1   
201   80   1   1   187   1   1   318   219   1   
200   77   1   1   184   1   1   335   209   1   
200   84   1   1   189   1   1   319   213   1   
190   91   1   1   186   1   1   314   224   1   
201   79   1   1   184   1   1   316   225   1   
200   76   1   1   191   1   1   324   214   1   
207   74   1   1   193   1   1   306   225   1   
197   80   1   1   190   1   1   305   233   1   
209   81   1   1   169   1   1   310   236   1   
209   82   1   1   177   1   1   310   227   1   
217   82   1   1   179   1   1   310   217   1   
236   92   1   1   150   1   1   305   222   1   
213   86   1   1   151   1   1   318   237   1   
207   86   1   1   145   1   1   328   239   1   
210   91   1   1   135   1   1   323   246   1   
190   97   1   1   149   1   1   333   236   1   
185   89   1   1   152   1   1   344   235   1   
189   84   1   1   139   1   1   357   236   1   
193   84   1   1   137   1   1   364   227   1   
194   84   1   1   137   1   1   359   231   1   
210   82   1   1   131   1   1   343   239   1   
198   87   1   1   120   1   1   358   242   1   
197   95   1   1   111   1   1   362   240   1   
207   95   1   1   111   1   1   356   236   1   
220   92   1   1   115   1   1   334   244   1   
228   84   1   1   117   1   1   335   241   1   
228   86   1   1   125   1   1   342   224   1   
231   84   1   1   122   1   1   350   218   1   
234   85   1   1   118   1   1   342   226   1   
247   85   1   1   119   1   1   334   220   1   
248   91   1   1   111   1   1   343   212   1   
267   92   1   1   121   1   1   332   193   1   
262   95   1   1   111   1   1   335   202   1   
282   91   1   1   122   1   1   311   199   1   
281   77   1   1   127   1   1   314   206   1   
284   78   1   1   120   1   1   310   213   1   
274   89   1   1   126   1   1   314   202   1   
280   88   1   1   126   1   1   308   203   1   
270   90   1   1   133   1   1   306   206   1   
262   87   1   1   128   1   1   309   219   1   
264   67   1   1   129   1   1   329   216   1   
270   66   1   1   145   1   1   308   216   1   
275   65   1   1   145   1   1   310   210   1   
267   67   1   1   156   1   1   320   195   1   
271   64   1   1   156   1   1   315   199   1   
270   66   1   1   154   1   1   308   207   1   
264   70   1   1   153   1   1   314   204   1   
264   65   1   1   147   1   1   329   200   1   
271   59   1   1   141   1   1   332   202   1   
252   54   1   1   157   1   1   342   200   1   
263   43   1   1   156   1   1   348   195   1   
260   37   1   1   148   1   1   356   204   1   
266   36   1   1   125   1   1   380   198   1   
281   41   1   1   126   1   1   361   196   1   
276   36   1   1   133   1   1   361   199   1   
263   37   1   1   130   1   1   365   210   1   
247   44   1   1   143   1   1   346   225   1   
246   42   1   1   149   1   1   337   231   1   
246   37   1   1   147   1   1   332   243   1   
278   33   1   1   141   1   1   318   235   1   
282   25   1   1   135   1   1   318   245   1   
287   26   1   1   118   1   1   346   228   1   
296   30   1   1   102   1   1   348   229   1   
282   26   1   1   104   1   1   349   244   1   
278   27   1   1   116   1   1   343   241   1   
282   26   1   1   116   1   1   344   237   1   
272   26   1   1   120   1   1   350   237   1   
289   20   1   1   119   1   1   341   236   1   
284   16   1   1   134   1   1   334   237   1   
295   16   1   1   138   1   1   327   229   1   
297   18   1   1   130   1   1   342   218   1   
311   17   1   1   123   1   1   335   219   1   
289   17   1   1   134   1   1   335   230   1   
267   20   1   1   139   1   1   366   213   1   
272   18   1   1   140   1   1   348   227   1   
272   13   1   1   129   1   1   358   233   1   
262   13   1   1   117   1   1   374   239   1   
276   9   1   1   125   1   1   355   240   1   
275   9   1   1   127   1   1   347   247   1   
273   8   1   1   132   1   1   333   259   1   
266   9   1   1   134   1   1   330   266   1   
274   11   1   1   135   1   1   320   265   1   
262   14   1   1   133   1   1   331   265   1   
274   13   1   1   115   1   1   341   262   1   
278   10   1   1   109   1   1   332   276   1   
269   8   1   1   106   1   1   331   291   1   
287   11   1   1   103   1   1   305   299   1   
283   14   1   1   102   1   1   310   296   1   
284   12   1   1   108   1   1   301   300   1   
262   11   1   1   106   1   1   306   320   1   
264   15   1   1   106   1   1   305   315   1   
248   18   1   1   98   1   1   316   325   1   
245   20   1   1   99   1   1   335   306   1   
250   21   1   1   111   1   1   333   290   1   
249   22   1   1   105   1   1   343   286   1   
253   22   1   1   103   1   1   341   286   1   
263   17   1   1   99   1   1   340   286   1   
268   14   1   1   107   1   1   333   283   1   
264   12   1   1   107   1   1   350   272   1   
257   12   1   1   111   1   1   357   268   1   
262   14   1   1   113   1   1   351   265   1   
262   7   1   1   111   1   1   352   273   1   
271   8   1   1   119   1   1   338   269   1   
259   9   1   1   123   1   1   337   277   1   
259   7   1   1   120   1   1   341   278   1   
256   8   1   1   107   1   1   334   300   1   
272   8   1   1   100   1   1   338   287   1   
262   8   1   1   96   1   1   342   297   1   
253   5   1   1   92   1   1   348   307   1   
231   4   1   1   102   1   1   351   317   1   
222   4   1   1   95   1   1   355   329   1   
211   5   1   1   93   1   1   344   352   1   
215   6   1   1   89   1   1   347   348   1   
212   8   1   1   78   1   1   353   354   1   
216   7   1   1   68   1   1   370   344   1   
207   6   1   1   67   1   1   370   355   1   
198   9   1   1   62   1   1   385   351   1   
206   12   1   1   61   1   1   382   344   1   
196   11   1   1   64   1   1   387   347   1   
187   12   1   1   66   1   1   407   333   1   
172   12   1   1   76   1   1   417   328   1   
152   9   1   1   72   1   1   439   333   1   
164   8   1   1   68   1   1   429   336   1   
160   8   1   1   63   1   1   444   330   1   
162   9   1   1   64   1   1   442   328   1   
168   12   1   1   64   1   1   430   331   1   
148   12   1   1   66   1   1   455   324   1   
136   14   1   1   65   1   1   466   324   1   
134   11   1   1   68   1   1   464   328   1   
130   12   1   1   65   1   1   470   328   1   
134   10   1   1   65   1   1   472   324   1   
131   11   1   1   68   1   1   447   348   1   
135   7   1   1   60   1   1   466   337   1   
131   8   1   1   63   1   1   447   356   1   
136   7   1   1   63   1   1   438   361   1   
132   6   1   1   57   1   1   435   375   1   
127   10   1   1   55   1   1   441   372   1   
137   6   1   1   57   1   1   432   373   1   
133   6   1   1   61   1   1   440   365   1   
126   4   1   1   61   1   1   441   373   1   
130   5   1   1   48   1   1   447   375   1   
134   5   1   1   47   1   1   435   384   1   
1   1   1   1   1   1   1   1   1   1   
1   1   1   1   1   1   1   1   1   1   
1   1   1   1   1   1   1   1   1   1   
1   1   1   1   1   1   1   1   1   1   
1   1   1   1   1   1   1   1   1   1   
1   1   1   1   1   1   1   1   1   1   
1   1   1   1   1   1   1   1   1   1   
1   1   1   1   1   1   1   1   1   1   
1   1   1   1   1   1   1   1   1   1   
1   1   1   1   1   1   1   1   1   1   
1   1   1   1   1   1   1   1   1   1   
