501   501   
505   497   
506   496   
493   509   
483   519   
491   511   
480   522   
489   513   
478   524   
478   524   
472   530   
484   518   
499   503   
498   504   
502   500   
484   518   
485   517   
502   500   
505   497   
495   507   
491   511   
509   493   
506   496   
519   483   
513   489   
515   487   
515   487   
514   488   
509   493   
504   498   
505   497   
517   485   
513   489   
510   492   
521   481   
543   459   
547   455   
541   461   
541   461   
527   475   
529   473   
521   481   
531   471   
538   464   
544   458   
550   452   
538   464   
530   472   
530   472   
530   472   
533   469   
517   485   
510   492   
522   480   
528   474   
544   458   
563   439   
545   457   
566   436   
561   441   
569   433   
570   432   
537   465   
550   452   
540   462   
528   474   
545   457   
534   468   
525   477   
518   484   
513   489   
495   507   
496   506   
515   487   
511   491   
524   478   
534   468   
536   466   
554   448   
558   444   
543   459   
552   450   
546   456   
547   455   
542   460   
543   459   
554   448   
539   463   
557   445   
557   445   
543   459   
543   459   
552   450   
547   455   
533   469   
532   470   
529   473   
529   473   
526   476   
533   469   
530   472   
548   454   
539   463   
536   466   
547   455   
556   446   
557   445   
564   438   
561   441   
597   405   
573   429   
578   424   
562   440   
562   440   
551   451   
554   448   
554   448   
550   452   
545   457   
537   465   
549   453   
554   448   
559   443   
573   429   
576   426   
559   443   
568   434   
579   423   
583   419   
585   417   
587   415   
591   411   
595   407   
615   387   
620   382   
631   371   
643   359   
650   352   
656   346   
651   351   
646   356   
632   370   
620   382   
620   382   
635   367   
648   354   
641   361   
631   371   
619   383   
624   378   
610   392   
617   385   
622   380   
629   373   
639   363   
638   364   
644   358   
629   373   
633   369   
631   371   
639   363   
635   367   
630   372   
647   355   
636   366   
647   355   
626   376   
615   387   
619   383   
623   379   
625   377   
620   382   
622   380   
639   363   
632   370   
621   381   
615   387   
613   389   
611   391   
600   402   
610   392   
624   378   
614   388   
617   385   
622   380   
632   370   
645   357   
636   366   
656   346   
672   330   
679   323   
696   306   
700   302   
708   294   
710   292   
714   288   
717   285   
718   284   
737   265   
723   279   
730   272   
728   274   
743   259   
748   254   
754   248   
769   233   
761   241   
758   244   
749   253   
735   267   
739   263   
743   259   
747   255   
743   259   
743   259   
766   236   
775   227   
764   238   
777   225   
773   229   
779   223   
779   223   
779   223   
783   219   
792   210   
786   216   
781   221   
782   220   
763   239   
757   245   
764   238   
751   251   
766   236   
768   234   
754   248   
762   240   
746   256   
745   257   
737   265   
714   288   
716   286   
695   307   
698   304   
700   302   
686   316   
695   307   
706   296   
700   302   
692   310   
677   325   
656   346   
640   362   
656   346   
651   351   
647   355   
655   347   
667   335   
668   334   
662   340   
675   327   
678   324   
667   335   
657   345   
661   341   
660   342   
666   336   
668   334   
672   330   
685   317   
663   339   
658   344   
648   354   
638   364   
638   364   
648   354   
644   358   
638   364   
626   376   
631   371   
634   368   
646   356   
648   354   
616   386   
598   404   
594   408   
591   411   
592   410   
596   406   
586   416   
578   424   
559   443   
541   461   
547   455   
566   436   
554   448   
542   460   
539   463   
543   459   
543   459   
555   447   
545   457   
538   464   
547   455   
535   467   
537   465   
535   467   
532   470   
531   471   
536   466   
530   472   
526   476   
551   451   
553   449   
546   456   
544   458   
536   466   
540   462   
530   472   
528   474   
540   462   
539   463   
546   456   
535   467   
545   457   
536   466   
535   467   
536   466   
541   461   
542   460   
516   486   
521   481   
523   479   
528   474   
523   479   
518   484   
514   488   
513   489   
511   491   
506   496   
522   480   
535   467   
533   469   
542   460   
528   474   
511   491   
533   469   
527   475   
513   489   
505   497   
501   501   
504   498   
512   490   
509   493   
515   487   
522   480   
528   474   
517   485   
522   480   
543   459   
553   449   
556   446   
552   450   
550   452   
542   460   
546   456   
537   465   
538   464   
552   450   
551   451   
545   457   
563   439   
564   438   
558   444   
572   430   
580   422   
578   424   
579   423   
589   413   
587   415   
580   422   
575   427   
582   420   
585   417   
602   400   
590   412   
578   424   
591   411   
601   401   
604   398   
600   402   
599   403   
593   409   
592   410   
597   405   
578   424   
585   417   
608   394   
620   382   
619   383   
613   389   
631   371   
628   374   
619   383   
609   393   
593   409   
602   400   
594   408   
602   400   
599   403   
593   409   
594   408   
584   418   
580   422   
574   428   
588   414   
594   408   
594   408   
589   413   
578   424   
567   435   
562   440   
577   425   
563   439   
567   435   
563   439   
563   439   
556   446   
575   427   
582   420   
599   403   
590   412   
599   403   
597   405   
599   403   
601   401   
597   405   
620   382   
601   401   
599   403   
587   415   
588   414   
604   398   
618   384   
618   384   
600   402   
605   397   
623   379   
615   387   
630   372   
608   394   
585   417   
578   424   
585   417   
590   412   
570   432   
567   435   
543   459   
540   462   
540   462   
549   453   
527   475   
525   477   
530   472   
546   456   
545   457   
540   462   
565   437   
573   429   
583   419   
581   421   
575   427   
577   425   
574   428   
564   438   
572   430   
553   449   
550   452   
572   430   
578   424   
578   424   
585   417   
576   426   
578   424   
583   419   
574   428   
574   428   
574   428   
571   431   
567   435   
545   457   
542   460   
540   462   
550   452   
546   456   
542   460   
537   465   
525   477   
511   491   
511   491   
1   1   
1   1   
1   1   
1   1   
1   1   
1   1   
1   1   
1   1   
1   1   
1   1   
1   1   
1   1   
1   1   
1   1   
1   1   
1   1   
1   1   
1   1   
1   1   
1   1   
1   1   
1   1   
1   1   
1   1   
1   1   
1   1   
1   1   
1   1   
1   1   
1   1   
1   1   
1   1   
1   1   
1   1   
1   1   
1   1   
1   1   
1   1   
1   1   
1   1   
1   1   
1   1   
1   1   
1   1   
1   1   
1   1   
1   1   
1   1   
1   1   
1   1   
1   1   
1   1   
1   1   
1   1   
1   1   
1   1   
1   1   
1   1   
1   1   
1   1   
1   1   
1   1   
1   1   
1   1   
1   1   
1   1   
1   1   
1   1   
1   1   
1   1   
1   1   
1   1   
1   1   
1   1   
1   1   
1   1   
1   1   
1   1   
1   1   
1   1   
1   1   
1   1   
1   1   
1   1   
1   1   
1   1   
1   1   
1   1   
1   1   
1   1   
1   1   
1   1   
1   1   
1   1   
1   1   
1   1   
1   1   
1   1   
1   1   
1   1   
1   1   
1   1   
