126   126   126   126   126   126   126   126   
133   131   139   133   125   126   119   102   
146   129   121   126   135   123   118   110   
157   115   121   122   141   117   115   120   
158   115   120   111   149   125   114   116   
163   109   125   119   156   124   107   105   
163   120   117   117   153   138   96   104   
151   124   114   108   177   136   91   107   
138   120   119   111   183   137   87   113   
146   127   125   103   187   129   69   122   
155   133   125   99   199   128   67   102   
149   132   125   87   210   141   64   100   
159   125   119   80   207   149   63   106   
158   130   130   83   199   137   69   102   
175   132   124   71   205   131   75   95   
166   142   125   72   197   141   70   95   
175   152   115   64   208   130   67   97   
172   157   106   61   207   113   80   112   
166   164   110   67   204   117   81   99   
190   159   101   58   206   105   96   93   
206   164   94   55   194   111   82   102   
195   182   91   52   196   106   85   101   
195   185   90   57   213   100   87   81   
195   173   79   55   227   107   89   83   
204   169   71   62   218   106   101   77   
214   165   68   60   224   107   95   75   
207   164   72   56   232   101   101   75   
205   173   71   50   225   100   104   80   
205   182   82   43   224   92   103   77   
212   182   79   45   222   97   101   70   
217   177   80   43   230   105   87   69   
211   183   80   40   223   115   93   63   
190   188   87   39   225   119   94   66   
184   190   84   38   223   122   100   67   
183   185   82   36   228   125   95   74   
181   196   70   37   235   122   88   79   
169   214   74   35   236   123   76   81   
174   221   74   39   229   122   78   71   
175   223   75   34   226   119   85   71   
161   219   77   32   237   119   83   80   
153   214   84   26   245   115   82   89   
148   214   88   18   243   119   83   95   
150   204   90   20   240   120   90   94   
137   223   104   17   239   123   88   77   
140   214   103   12   249   117   100   73   
150   226   101   11   236   122   91   71   
143   229   94   11   245   125   83   78   
146   226   95   13   251   124   75   78   
150   223   89   16   240   132   73   85   
148   225   85   13   250   132   73   82   
139   214   92   11   261   139   74   78   
131   200   89   11   273   143   76   85   
124   200   81   16   275   142   81   89   
123   207   82   17   273   147   72   87   
120   188   84   21   281   131   80   103   
111   195   75   22   278   140   85   102   
116   181   74   23   279   148   81   106   
107   188   72   26   272   167   84   92   
103   184   68   24   275   176   86   92   
109   179   59   23   279   185   81   93   
107   186   66   22   271   190   72   94   
117   191   66   26   274   181   62   91   
114   185   70   27   280   175   61   96   
103   192   65   33   288   183   64   80   
95   178   80   29   292   183   70   81   
104   183   85   24   274   190   69   79   
96   195   73   30   256   189   82   87   
99   191   61   29   261   209   83   75   
101   191   58   32   257   214   70   85   
110   178   57   38   246   217   76   86   
110   169   65   41   247   225   68   83   
122   158   66   40   227   232   74   89   
131   162   71   44   213   216   84   87   
151   151   68   46   200   221   79   92   
142   156   66   49   216   212   75   92   
138   156   65   60   214   217   70   88   
145   154   62   55   220   208   70   94   
143   156   62   62   223   205   72   85   
144   148   57   59   244   201   78   77   
145   150   68   54   229   204   86   72   
146   148   71   54   218   205   83   83   
137   158   70   54   222   198   92   77   
130   174   78   55   220   197   90   64   
131   180   74   49   209   213   91   61   
137   181   73   51   217   196   88   65   
125   182   79   60   219   191   96   56   
131   166   80   61   230   194   96   50   
125   176   75   54   240   193   88   57   
113   177   88   48   235   196   94   57   
106   180   89   56   236   207   90   44   
110   163   89   56   233   214   98   45   
116   168   82   56   242   207   94   43   
108   173   83   65   241   211   89   38   
111   173   74   62   254   207   96   31   
113   161   78   65   252   207   100   32   
106   163   74   67   257   219   96   26   
102   185   78   50   253   212   103   25   
104   182   84   46   256   199   110   27   
100   185   80   47   259   195   118   24   
97   191   83   45   258   192   116   26   
92   187   90   49   266   193   109   22   
94   178   84   53   276   200   100   23   
87   173   84   56   280   200   101   27   
86   170   79   56   283   214   92   28   
84   164   68   53   293   222   91   33   
73   159   70   58   307   223   87   31   
79   146   71   64   300   220   96   32   
84   124   69   71   310   222   93   35   
77   137   56   63   318   237   87   33   
79   135   57   62   313   242   82   38   
74   130   60   69   301   246   89   39   
74   125   64   59   317   243   92   34   
65   130   63   54   333   241   91   31   
71   118   56   50   344   244   98   27   
81   128   56   51   336   236   92   28   
84   122   58   52   330   251   88   23   
69   121   63   55   333   254   93   20   
69   113   56   55   329   269   97   20   
62   112   52   61   342   269   87   23   
58   110   45   73   348   259   91   24   
58   98   31   71   374   260   88   28   
62   87   37   70   387   251   92   22   
56   88   36   74   376   273   87   18   
63   70   35   73   399   257   93   18   
60   64   31   70   396   273   92   22   
65   68   31   68   376   283   94   23   
64   57   29   77   374   285   99   23   
71   60   29   72   381   274   99   22   
64   60   29   66   393   287   87   22   
68   60   33   61   389   290   87   20   
61   65   34   59   377   301   90   21   
63   62   27   53   399   300   81   23   
63   66   27   59   392   298   82   21   
65   68   27   56   399   287   85   21   
72   71   33   53   404   276   80   19   
76   80   33   57   394   269   78   21   
64   86   32   58   380   280   87   21   
67   83   33   60   372   275   94   24   
59   83   34   56   385   272   100   19   
62   80   34   60   368   285   103   16   
69   78   21   61   376   278   113   12   
69   89   13   59   389   274   106   9   
69   95   11   54   412   246   112   9   
69   94   12   54   402   249   117   11   
64   92   13   55   397   246   129   12   
72   85   11   56   404   249   122   9   
68   88   17   51   401   250   127   6   
67   89   17   47   397   254   132   5   
78   88   18   44   385   264   128   3   
75   83   19   48   379   266   133   5   
64   88   13   48   379   271   139   6   
71   89   12   47   368   270   145   6   
75   80   16   45   365   272   147   8   
78   86   15   50   361   259   149   10   
72   87   15   51   372   258   144   9   
71   89   13   57   360   275   136   7   
69   87   15   58   346   281   148   4   
69   92   12   58   349   287   137   4   
65   101   9   57   362   276   135   3   
68   108   8   49   332   295   146   2   
68   114   12   40   331   282   158   3   
64   114   14   41   342   289   142   2   
69   115   17   43   334   286   141   3   
74   122   15   44   328   280   143   2   
80   126   16   49   324   263   148   2   
83   117   18   45   325   265   152   3   
78   102   18   40   327   273   168   2   
87   99   21   34   306   282   177   2   
87   100   20   34   281   301   183   2   
91   99   16   36   270   308   185   3   
85   100   16   38   260   312   194   3   
72   103   18   43   268   327   175   2   
74   108   19   51   258   331   166   1   
79   120   17   52   259   316   164   1   
81   114   14   57   269   316   156   1   
70   127   15   60   267   309   159   1   
58   129   10   68   262   318   162   1   
58   138   10   67   278   308   148   1   
63   147   7   64   285   305   136   1   
63   135   6   63   300   295   145   1   
71   144   5   63   298   284   142   1   
68   135   5   66   283   297   153   1   
74   136   6   58   285   290   158   1   
71   133   2   73   287   287   154   1   
67   142   2   67   275   303   151   1   
68   131   3   70   276   304   155   1   
59   137   4   69   287   309   142   1   
64   138   2   66   305   294   138   1   
57   149   1   66   304   294   136   1   
62   142   1   59   306   303   134   1   
58   134   1   63   316   316   119   1   
63   132   1   66   300   321   124   1   
56   127   1   65   301   321   136   1   
56   127   1   67   300   327   129   1   
55   140   1   63   295   329   124   1   
54   133   1   73   302   323   121   1   
58   134   1   71   289   326   128   1   
50   145   1   73   294   315   129   1   
53   134   1   65   297   325   132   1   
54   138   1   60   280   331   143   1   
56   137   1   64   269   328   152   1   
55   135   1   58   264   341   153   1   
58   120   1   71   279   338   140   1   
61   125   1   74   263   349   134   1   
58   135   1   70   273   341   129   1   
60   143   1   80   261   340   122   1   
64   142   1   76   274   343   107   1   
61   149   1   74   284   336   102   1   
66   138   1   72   305   327   98   1   
52   139   1   71   327   327   90   1   
46   143   1   62   327   337   91   1   
48   128   1   61   336   343   90   1   
44   108   1   74   352   333   95   1   
45   104   1   75   355   326   101   1   
49   96   1   76   364   319   102   1   
53   93   1   77   340   341   102   1   
56   90   1   72   353   335   100   1   
50   84   1   77   337   353   105   1   
49   83   1   79   338   345   112   1   
49   80   1   72   325   360   120   1   
48   79   1   75   333   354   117   1   
50   71   1   68   335   360   122   1   
57   67   1   80   346   353   103   1   
55   66   1   80   343   355   107   1   
57   63   1   72   336   370   108   1   
54   58   1   75   354   358   107   1   
54   54   1   77   349   354   118   1   
55   59   1   87   339   343   123   1   
46   64   1   84   326   348   138   1   
47   62   1   71   331   348   147   1   
46   54   1   70   332   351   153   1   
53   51   1   66   325   369   142   1   
57   50   1   63   320   377   139   1   
49   52   1   69   307   374   155   1   
51   50   1   75   299   378   153   1   
53   64   1   64   292   389   144   1   
53   59   1   72   299   375   148   1   
54   66   1   69   300   375   142   1   
53   65   1   68   289   375   156   1   
58   66   1   73   286   367   156   1   
66   61   1   70   295   356   158   1   
61   64   1   64   305   354   158   1   
63   63   1   68   294   352   166   1   
54   59   1   84   289   353   167   1   
60   66   1   95   300   340   145   1   
66   69   1   89   285   340   157   1   
62   65   1   79   285   352   163   1   
59   74   1   77   289   348   159   1   
57   74   1   71   281   354   169   1   
55   78   1   65   283   348   177   1   
53   89   1   63   288   350   163   1   
50   99   1   66   281   355   155   1   
40   102   1   60   273   377   154   1   
39   92   1   61   286   367   161   1   
44   100   1   61   280   365   156   1   
42   94   1   66   287   363   154   1   
41   97   1   62   289   370   147   1   
44   105   1   56   268   385   148   1   
40   107   1   66   249   392   152   1   
35   97   1   64   273   393   144   1   
34   103   1   59   263   397   150   1   
34   103   1   57   265   391   156   1   
27   99   1   58   267   405   150   1   
28   99   1   54   265   398   162   1   
24   101   1   59   260   406   156   1   
18   98   1   65   243   430   152   1   
18   99   1   71   236   426   156   1   
11   108   1   62   250   432   143   1   
5   108   1   59   252   437   145   1   
4   100   1   62   243   458   139   1   
4   122   1   57   246   442   135   1   
4   128   1   64   237   445   128   1   
4   119   1   70   234   464   115   1   
4   117   1   60   241   466   118   1   
2   113   1   57   253   457   124   1   
3   116   1   59   241   459   128   1   
3   118   1   54   237   465   129   1   
1   126   1   51   249   449   130   1   
1   109   1   52   244   464   136   1   
1   108   1   54   230   477   136   1   
1   102   1   57   251   458   137   1   
1   103   1   62   255   444   141   1   
1   102   1   61   248   452   142   1   
1   96   1   54   264   447   144   1   
1   87   1   56   262   446   154   1   
1   87   1   59   258   438   163   1   
1   90   1   62   256   420   177   1   
1   104   1   54   255   410   182   1   
1   104   1   59   250   408   184   1   
1   103   1   65   253   412   172   1   
1   114   1   62   238   430   161   1   
1   120   1   53   245   429   158   1   
1   118   1   53   255   420   159   1   
1   118   1   62   245   411   169   1   
1   119   1   50   263   418   155   1   
1   119   1   51   266   416   153   1   
1   110   1   57   274   411   153   1   
1   115   1   54   267   414   155   1   
1   133   1   46   260   418   148   1   
1   127   1   44   257   441   136   1   
1   134   1   49   251   430   141   1   
1   132   1   55   258   432   128   1   
1   119   1   55   277   416   138   1   
1   110   1   63   284   426   122   1   
1   101   1   57   283   431   133   1   
1   104   1   55   281   426   139   1   
1   114   1   48   285   419   139   1   
1   121   1   45   301   403   135   1   
1   134   1   38   306   400   127   1   
1   138   1   39   293   403   132   1   
1   131   1   36   309   400   129   1   
1   132   1   34   321   386   132   1   
1   138   1   30   327   390   120   1   
1   133   1   28   330   394   120   1   
1   133   1   31   334   403   104   1   
1   120   1   33   336   409   107   1   
1   116   1   29   344   410   106   1   
1   124   1   25   356   399   101   1   
1   118   1   20   351   417   99   1   
1   115   1   18   370   407   95   1   
1   118   1   12   379   411   85   1   
1   125   1   15   369   424   72   1   
1   124   1   17   375   420   69   1   
1   117   1   12   390   423   63   1   
1   113   1   11   398   414   69   1   
1   122   1   12   383   419   69   1   
1   121   1   10   381   419   74   1   
1   134   1   11   368   415   77   1   
1   129   1   9   376   417   74   1   
1   116   1   10   365   434   80   1   
1   132   1   6   380   412   75   1   
1   141   1   3   384   399   78   1   
1   147   1   2   360   421   75   1   
1   153   1   2   362   414   74   1   
1   159   1   3   349   421   73   1   
1   144   1   2   338   442   79   1   
1   150   1   1   338   425   91   1   
1   158   1   1   334   416   96   1   
1   157   1   1   340   407   100   1   
1   155   1   1   338   410   101   1   
1   151   1   1   332   421   100   1   
1   165   1   1   335   418   86   1   
1   174   1   1   336   410   84   1   
1   175   1   1   332   413   84   1   
1   169   1   1   343   404   88   1   
1   168   1   1   331   416   89   1   
1   162   1   1   334   412   96   1   
1   161   1   1   334   412   97   1   
1   162   1   1   312   430   100   1   
1   155   1   1   322   440   87   1   
1   161   1   1   320   444   79   1   
1   167   1   1   305   450   82   1   
1   147   1   1   293   490   74   1   
1   148   1   1   288   497   71   1   
1   139   1   1   301   492   72   1   
1   136   1   1   308   498   62   1   
1   139   1   1   296   509   60   1   
1   133   1   1   299   517   55   1   
1   130   1   1   299   519   56   1   
1   125   1   1   283   527   69   1   
1   119   1   1   287   530   68   1   
1   110   1   1   289   543   62   1   
1   100   1   1   284   559   61   1   
1   97   1   1   261   583   63   1   
1   89   1   1   261   588   66   1   
1   96   1   1   269   565   74   1   
1   92   1   1   263   581   68   1   
1   78   1   1   262   591   73   1   
1   80   1   1   266   577   81   1   
1   85   1   1   261   580   78   1   
1   92   1   1   254   576   82   1   
1   98   1   1   246   579   81   1   
1   88   1   1   252   581   83   1   
1   81   1   1   264   568   91   1   
1   87   1   1   281   545   91   1   
1   91   1   1   291   523   99   1   
1   85   1   1   290   526   103   1   
1   76   1   1   299   520   109   1   
1   80   1   1   304   515   105   1   
1   70   1   1   304   513   117   1   
1   73   1   1   303   517   111   1   
1   63   1   1   310   515   116   1   
1   62   1   1   317   517   108   1   
1   59   1   1   304   535   106   1   
1   62   1   1   280   559   103   1   
1   67   1   1   278   563   96   1   
1   69   1   1   270   565   100   1   
1   65   1   1   256   578   105   1   
1   54   1   1   264   581   105   1   
1   52   1   1   265   579   108   1   
1   42   1   1   266   589   107   1   
1   46   1   1   256   591   111   1   
1   42   1   1   257   595   110   1   
1   42   1   1   260   585   117   1   
1   38   1   1   251   591   124   1   
1   43   1   1   257   577   127   1   
1   46   1   1   257   588   113   1   
1   47   1   1   267   580   110   1   
1   42   1   1   281   568   113   1   
1   53   1   1   296   558   97   1   
1   58   1   1   295   555   96   1   
1   51   1   1   296   554   103   1   
1   57   1   1   296   546   105   1   
1   60   1   1   309   530   105   1   
1   66   1   1   307   521   110   1   
1   64   1   1   281   548   111   1   
1   64   1   1   280   561   99   1   
1   69   1   1   282   546   107   1   
1   64   1   1   283   547   110   1   
1   70   1   1   293   531   110   1   
1   69   1   1   286   529   120   1   
1   70   1   1   298   514   122   1   
1   69   1   1   295   527   113   1   
1   67   1   1   279   525   133   1   
1   61   1   1   299   515   129   1   
1   62   1   1   313   493   136   1   
1   68   1   1   313   478   145   1   
1   62   1   1   317   471   154   1   
1   68   1   1   313   477   146   1   
1   69   1   1   310   457   168   1   
1   81   1   1   317   442   164   1   
1   79   1   1   320   431   174   1   
1   87   1   1   311   441   165   1   
1   81   1   1   313   441   169   1   
1   80   1   1   313   443   168   1   
1   87   1   1   313   432   172   1   
1   87   1   1   322   423   172   1   
1   85   1   1   310   425   184   1   
1   82   1   1   325   417   180   1   
1   93   1   1   321   398   192   1   
1   91   1   1   328   398   187   1   
1   97   1   1   327   391   189   1   
1   93   1   1   337   392   182   1   
1   100   1   1   340   386   178   1   
1   104   1   1   333   394   173   1   
1   112   1   1   337   378   177   1   
1   118   1   1   332   381   173   1   
1   121   1   1   343   370   170   1   
1   128   1   1   347   364   165   1   
1   122   1   1   343   374   165   1   
1   142   1   1   341   350   171   1   
1   154   1   1   358   340   152   1   
1   160   1   1   357   346   141   1   
1   158   1   1   354   349   143   1   
1   145   1   1   364   335   160   1   
1   144   1   1   347   347   166   1   
1   138   1   1   356   336   174   1   
1   143   1   1   371   335   155   1   
1   154   1   1   378   317   155   1   
1   159   1   1   381   315   149   1   
1   163   1   1   391   299   151   1   
1   160   1   1   384   294   166   1   
1   155   1   1   398   289   162   1   
1   154   1   1   392   308   150   1   
1   148   1   1   387   311   158   1   
1   133   1   1   388   326   157   1   
1   141   1   1   381   325   157   1   
1   142   1   1   389   312   161   1   
1   145   1   1   390   314   155   1   
1   143   1   1   408   298   155   1   
1   150   1   1   412   302   140   1   
1   158   1   1   421   299   126   1   
1   168   1   1   424   299   113   1   
1   167   1   1   423   309   105   1   
1   157   1   1   436   305   106   1   
1   152   1   1   444   314   94   1   
1   147   1   1   449   303   105   1   
1   143   1   1   453   301   107   1   
1   150   1   1   440   306   108   1   
1   140   1   1   444   306   114   1   
1   141   1   1   445   307   111   1   
1   127   1   1   455   307   115   1   
1   126   1   1   454   311   113   1   
1   125   1   1   445   320   114   1   
1   119   1   1   446   325   114   1   
1   106   1   1   459   332   107   1   
1   105   1   1   468   328   103   1   
1   115   1   1   466   325   98   1   
1   129   1   1   445   325   105   1   
1   131   1   1   432   333   108   1   
1   133   1   1   421   347   103   1   
1   138   1   1   425   340   101   1   
1   138   1   1   416   359   91   1   
1   135   1   1   404   385   80   1   
1   136   1   1   411   376   81   1   
1   137   1   1   417   372   78   1   
1   132   1   1   420   370   82   1   
1   135   1   1   419   377   73   1   
1   133   1   1   416   381   74   1   
1   136   1   1   425   374   69   1   
1   143   1   1   431   359   71   1   
1   142   1   1   435   357   70   1   
1   144   1   1   442   348   70   1   
1   145   1   1   441   351   67   1   
1   151   1   1   443   345   65   1   
1   143   1   1   443   359   59   1   
1   143   1   1   435   360   66   1   
1   139   1   1   443   357   65   1   
1   132   1   1   437   364   71   1   
1   1   1   1   1   1   1   1   
1   1   1   1   1   1   1   1   
1   1   1   1   1   1   1   1   
1   1   1   1   1   1   1   1   
1   1   1   1   1   1   1   1   
1   1   1   1   1   1   1   1   
1   1   1   1   1   1   1   1   
1   1   1   1   1   1   1   1   
1   1   1   1   1   1   1   1   
1   1   1   1   1   1   1   1   
1   1   1   1   1   1   1   1   
1   1   1   1   1   1   1   1   
1   1   1   1   1   1   1   1   
1   1   1   1   1   1   1   1   
1   1   1   1   1   1   1   1   
1   1   1   1   1   1   1   1   
1   1   1   1   1   1   1   1   
1   1   1   1   1   1   1   1   
1   1   1   1   1   1   1   1   
1   1   1   1   1   1   1   1   
1   1   1   1   1   1   1   1   
1   1   1   1   1   1   1   1   
1   1   1   1   1   1   1   1   
1   1   1   1   1   1   1   1   
1   1   1   1   1   1   1   1   
1   1   1   1   1   1   1   1   
1   1   1   1   1   1   1   1   
1   1   1   1   1   1   1   1   
1   1   1   1   1   1   1   1   
1   1   1   1   1   1   1   1   
1   1   1   1   1   1   1   1   
1   1   1   1   1   1   1   1   
1   1   1   1   1   1   1   1   
1   1   1   1   1   1   1   1   
1   1   1   1   1   1   1   1   
1   1   1   1   1   1   1   1   
1   1   1   1   1   1   1   1   
1   1   1   1   1   1   1   1   
1   1   1   1   1   1   1   1   
1   1   1   1   1   1   1   1   
1   1   1   1   1   1   1   1   
1   1   1   1   1   1   1   1   
1   1   1   1   1   1   1   1   
1   1   1   1   1   1   1   1   
1   1   1   1   1   1   1   1   
1   1   1   1   1   1   1   1   
1   1   1   1   1   1   1   1   
1   1   1   1   1   1   1   1   
1   1   1   1   1   1   1   1   
1   1   1   1   1   1   1   1   
1   1   1   1   1   1   1   1   
1   1   1   1   1   1   1   1   
1   1   1   1   1   1   1   1   
1   1   1   1   1   1   1   1   
1   1   1   1   1   1   1   1   
1   1   1   1   1   1   1   1   
1   1   1   1   1   1   1   1   
1   1   1   1   1   1   1   1   
1   1   1   1   1   1   1   1   
1   1   1   1   1   1   1   1   
1   1   1   1   1   1   1   1   
1   1   1   1   1   1   1   1   
1   1   1   1   1   1   1   1   
1   1   1   1   1   1   1   1   
1   1   1   1   1   1   1   1   
1   1   1   1   1   1   1   1   
1   1   1   1   1   1   1   1   
1   1   1   1   1   1   1   1   
1   1   1   1   1   1   1   1   
1   1   1   1   1   1   1   1   
1   1   1   1   1   1   1   1   
1   1   1   1   1   1   1   1   
1   1   1   1   1   1   1   1   
1   1   1   1   1   1   1   1   
1   1   1   1   1   1   1   1   
1   1   1   1   1   1   1   1   
1   1   1   1   1   1   1   1   
1   1   1   1   1   1   1   1   
1   1   1   1   1   1   1   1   
1   1   1   1   1   1   1   1   
1   1   1   1   1   1   1   1   
1   1   1   1   1   1   1   1   
1   1   1   1   1   1   1   1   
1   1   1   1   1   1   1   1   
1   1   1   1   1   1   1   1   
1   1   1   1   1   1   1   1   
1   1   1   1   1   1   1   1   
1   1   1   1   1   1   1   1   
1   1   1   1   1   1   1   1   
1   1   1   1   1   1   1   1   
1   1   1   1   1   1   1   1   
1   1   1   1   1   1   1   1   
1   1   1   1   1   1   1   1   
1   1   1   1   1   1   1   1   
1   1   1   1   1   1   1   1   
1   1   1   1   1   1   1   1   
1   1   1   1   1   1   1   1   
1   1   1   1   1   1   1   1   
1   1   1   1   1   1   1   1   
1   1   1   1   1   1   1   1   
1   1   1   1   1   1   1   1   
1   1   1   1   1   1   1   1   
