126   126   126   126   126   126   126   126   
119   133   128   129   145   132   109   113   
129   145   129   125   140   124   99   117   
126   150   129   127   131   133   96   116   
136   151   114   135   125   132   92   123   
135   150   115   134   129   131   88   126   
137   159   123   136   121   127   88   117   
134   154   139   129   117   140   87   108   
144   151   133   137   114   147   84   98   
152   143   147   140   118   144   78   86   
159   135   147   143   108   151   81   84   
169   131   158   136   117   137   78   82   
164   130   170   136   123   129   74   82   
161   136   177   135   118   131   60   90   
163   130   189   134   118   134   59   81   
173   144   176   130   121   134   53   77   
180   142   182   117   135   126   51   75   
181   133   186   114   127   132   52   83   
176   143   177   121   123   129   56   83   
166   150   173   120   111   145   62   81   
167   150   168   122   112   145   57   87   
176   150   163   123   101   148   57   90   
174   139   170   103   110   140   59   113   
159   143   174   99   111   146   67   109   
139   157   167   98   111   155   71   110   
137   150   163   105   107   152   75   119   
134   158   165   101   99   153   85   113   
142   159   152   97   99   157   90   112   
141   156   153   99   104   159   89   107   
132   165   153   100   96   159   84   119   
141   162   142   98   106   164   76   119   
153   151   146   99   105   165   68   121   
160   145   147   98   109   161   61   127   
164   151   144   76   115   173   56   129   
174   155   134   69   112   166   62   136   
167   162   137   64   117   172   56   133   
171   168   129   73   118   173   47   129   
160   179   123   71   133   171   42   129   
171   177   114   68   142   163   46   127   
160   178   101   77   138   169   52   133   
166   171   108   81   137   167   51   127   
169   163   112   85   134   175   47   123   
171   160   120   95   130   165   44   123   
179   156   125   97   116   168   49   118   
179   151   123   100   124   169   49   113   
182   155   119   99   126   183   57   87   
182   164   113   101   118   203   45   82   
189   161   96   96   123   200   56   87   
181   159   94   107   111   212   61   83   
185   154   104   105   103   220   59   78   
190   153   102   108   110   219   49   77   
196   159   108   91   110   215   57   72   
193   164   118   92   102   212   56   71   
201   155   118   91   107   204   59   73   
202   171   120   100   93   186   58   78   
209   161   120   95   85   193   59   86   
210   160   131   97   76   195   57   82   
212   156   141   95   67   200   59   78   
223   155   125   103   67   195   66   74   
230   133   121   100   68   217   61   78   
235   142   117   97   72   214   61   70   
252   135   103   102   69   214   59   74   
263   117   109   112   61   213   58   75   
258   118   104   126   69   205   47   81   
281   114   105   114   66   205   45   78   
278   119   108   115   58   212   55   63   
280   129   100   102   65   210   58   64   
289   136   99   96   76   199   58   55   
295   139   92   107   69   193   54   59   
301   147   102   108   68   176   55   51   
301   135   114   114   62   187   56   39   
290   143   105   120   62   188   62   38   
282   138   102   122   60   183   80   41   
291   141   106   126   64   169   72   39   
289   147   104   122   68   171   72   35   
289   149   112   117   57   170   79   35   
300   140   104   125   51   176   83   29   
307   130   108   129   45   175   89   25   
326   127   107   128   41   169   86   24   
318   135   105   124   40   175   85   26   
316   137   98   116   38   182   95   26   
339   137   90   103   37   185   89   28   
347   116   103   102   31   191   87   31   
357   122   104   105   27   173   88   32   
360   113   109   110   30   173   81   32   
364   98   118   115   31   171   81   30   
383   92   119   120   21   169   74   30   
385   89   119   107   19   178   83   28   
382   88   113   101   18   174   97   35   
376   90   106   99   20   176   104   37   
359   84   113   93   21   198   105   35   
359   88   117   85   19   197   104   39   
358   90   115   89   18   198   96   44   
357   84   125   99   17   195   91   40   
371   78   118   94   17   203   91   36   
361   80   112   88   18   214   98   37   
366   74   114   87   17   213   97   40   
370   81   100   93   14   222   94   34   
360   83   102   90   13   228   98   34   
360   86   97   77   15   241   98   34   
356   81   102   80   14   241   106   28   
363   73   104   84   15   240   105   24   
373   70   93   81   14   236   115   26   
377   60   93   78   14   247   116   23   
367   57   93   78   14   244   124   31   
346   57   94   77   17   251   134   32   
354   58   97   67   15   242   141   34   
352   53   98   68   17   239   147   34   
372   55   99   69   14   224   143   32   
389   47   105   65   15   224   130   33   
379   44   108   63   15   231   139   29   
380   43   109   57   18   215   152   34   
378   39   118   51   15   223   152   32   
370   41   119   50   12   222   158   36   
376   42   118   49   11   211   164   37   
367   42   126   54   10   192   184   33   
372   43   130   52   9   183   182   37   
361   47   113   45   10   208   179   45   
356   46   108   43   12   216   179   48   
343   44   110   48   15   222   173   53   
347   40   115   43   16   234   165   48   
350   45   108   42   17   239   157   50   
327   47   108   50   20   242   160   54   
326   42   107   50   19   257   156   51   
344   39   101   49   21   255   153   46   
354   39   104   48   22   248   145   48   
359   44   97   51   23   237   145   52   
362   44   111   47   23   233   138   50   
367   49   122   39   26   232   125   48   
366   57   127   39   27   222   119   51   
380   52   119   35   28   218   128   48   
391   46   125   38   32   209   125   42   
396   47   118   37   36   219   117   38   
405   43   121   38   30   213   120   38   
408   42   124   29   27   225   120   33   
407   32   126   32   30   239   117   25   
428   30   115   33   27   225   129   21   
424   22   117   35   24   225   139   22   
439   21   104   40   26   208   145   25   
440   20   106   34   22   201   152   33   
457   21   107   34   22   201   126   40   
463   20   114   34   23   192   121   41   
474   15   113   31   22   201   123   29   
467   15   120   27   19   218   117   25   
471   16   129   23   17   217   113   22   
475   19   122   26   21   217   105   23   
483   13   126   24   14   216   105   27   
480   12   121   28   13   217   110   27   
472   12   124   28   17   227   104   24   
466   12   126   32   19   232   101   20   
464   11   125   30   22   239   97   20   
453   8   130   37   22   235   101   22   
445   8   127   33   20   245   110   20   
446   7   120   25   23   250   121   16   
448   9   125   23   26   253   112   12   
445   8   118   24   27   268   111   7   
461   8   123   24   27   249   107   9   
449   8   117   21   29   260   116   8   
473   4   109   21   22   259   112   8   
486   5   111   21   22   248   107   8   
474   6   117   19   20   239   128   5   
470   5   125   17   20   229   137   5   
465   6   125   20   22   232   136   2   
475   5   126   23   22   223   131   3   
465   5   131   25   20   222   137   3   
491   6   121   24   21   210   132   3   
474   6   120   22   25   219   141   1   
468   7   124   26   29   221   132   1   
469   7   122   28   30   215   136   1   
483   5   125   32   23   211   128   1   
463   6   125   31   26   228   128   1   
472   5   124   35   18   224   129   1   
475   6   122   29   15   222   138   1   
481   5   124   24   16   214   143   1   
466   6   138   26   16   201   154   1   
479   6   155   28   15   182   142   1   
486   6   140   22   16   190   147   1   
479   5   147   19   20   184   153   1   
467   2   154   22   21   194   147   1   
470   2   148   22   22   199   144   1   
434   2   159   20   24   209   159   1   
441   2   162   25   26   193   158   1   
449   1   156   24   25   188   164   1   
447   1   164   21   23   191   160   1   
466   1   161   23   25   187   144   1   
470   1   164   24   28   186   134   1   
465   1   163   24   27   184   143   1   
464   1   163   28   32   172   147   1   
471   1   149   27   35   169   155   1   
469   1   159   32   29   157   160   1   
473   1   160   25   29   158   161   1   
451   1   160   26   33   154   182   1   
441   1   161   30   32   159   183   1   
453   1   150   27   40   152   184   1   
435   1   150   29   47   151   194   1   
449   1   154   27   45   142   189   1   
435   1   157   31   43   139   201   1   
429   1   154   31   45   140   207   1   
420   1   154   32   54   130   216   1   
431   1   159   29   54   129   204   1   
420   1   160   34   55   125   212   1   
423   1   146   28   62   133   214   1   
436   1   154   29   56   128   203   1   
427   1   150   34   64   129   202   1   
426   1   150   31   69   136   194   1   
433   1   151   25   73   132   192   1   
446   1   146   27   73   127   187   1   
455   1   139   29   65   134   184   1   
443   1   129   28   67   142   197   1   
458   1   117   28   60   135   208   1   
444   1   116   28   59   140   219   1   
433   1   112   24   64   147   226   1   
436   1   108   22   69   146   225   1   
438   1   105   25   71   138   229   1   
417   1   99   29   71   144   246   1   
427   1   108   27   69   147   228   1   
423   1   116   26   67   146   228   1   
416   1   105   32   60   144   249   1   
418   1   114   38   61   140   235   1   
401   1   115   36   61   153   240   1   
401   1   120   36   51   155   243   1   
402   1   122   36   45   146   255   1   
396   1   118   39   46   144   263   1   
408   1   122   40   42   127   267   1   
403   1   128   39   40   132   264   1   
413   1   128   41   41   122   261   1   
416   1   120   41   48   115   266   1   
426   1   114   40   40   122   264   1   
438   1   123   42   32   114   257   1   
448   1   129   40   36   107   246   1   
440   1   140   42   29   99   256   1   
424   1   153   42   30   88   269   1   
409   1   161   39   35   100   262   1   
422   1   164   42   36   97   245   1   
425   1   159   40   39   108   235   1   
425   1   157   37   45   104   238   1   
434   1   148   34   35   113   242   1   
419   1   146   34   39   122   246   1   
419   1   135   33   46   121   252   1   
417   1   151   26   38   120   254   1   
421   1   152   24   44   106   259   1   
398   1   148   17   43   105   295   1   
424   1   150   14   41   84   293   1   
417   1   153   14   46   86   290   1   
422   1   157   15   45   80   287   1   
403   1   166   13   50   76   298   1   
398   1   166   13   51   79   299   1   
400   1   168   7   45   78   308   1   
381   1   163   8   43   91   320   1   
398   1   151   5   40   96   316   1   
397   1   145   4   43   102   315   1   
409   1   148   4   45   98   302   1   
418   1   139   4   45   96   304   1   
430   1   140   3   42   106   285   1   
420   1   143   3   36   108   296   1   
403   1   146   4   38   112   303   1   
393   1   143   6   40   116   308   1   
376   1   134   4   39   131   322   1   
351   1   130   4   45   136   340   1   
351   1   133   6   42   140   334   1   
366   1   130   5   34   134   337   1   
365   1   121   4   41   132   343   1   
377   1   125   3   45   134   322   1   
384   1   125   1   45   135   316   1   
382   1   125   1   48   129   321   1   
390   1   126   1   46   118   325   1   
381   1   124   1   46   111   343   1   
395   1   119   1   47   86   358   1   
384   1   129   1   36   84   372   1   
396   1   130   1   36   88   355   1   
408   1   128   1   30   92   347   1   
417   1   120   1   27   97   344   1   
425   1   119   1   28   94   339   1   
403   1   131   1   27   90   354   1   
412   1   131   1   26   86   350   1   
409   1   136   1   28   74   358   1   
438   1   142   1   28   72   325   1   
433   1   143   1   30   75   324   1   
443   1   135   1   27   70   330   1   
448   1   133   1   27   67   330   1   
419   1   150   1   25   63   348   1   
391   1   157   1   30   70   357   1   
404   1   161   1   28   79   333   1   
404   1   149   1   26   90   336   1   
389   1   161   1   26   86   343   1   
390   1   170   1   30   91   324   1   
388   1   162   1   28   97   330   1   
375   1   162   1   33   93   342   1   
376   1   160   1   38   92   339   1   
346   1   168   1   41   96   354   1   
366   1   160   1   44   90   345   1   
370   1   165   1   40   93   337   1   
365   1   179   1   45   94   322   1   
363   1   196   1   48   80   318   1   
364   1   197   1   34   90   320   1   
360   1   201   1   31   83   330   1   
365   1   202   1   35   74   329   1   
365   1   207   1   29   79   325   1   
363   1   210   1   32   86   314   1   
367   1   201   1   40   90   307   1   
356   1   197   1   42   85   325   1   
338   1   181   1   52   89   345   1   
337   1   185   1   64   81   338   1   
344   1   177   1   57   83   344   1   
339   1   180   1   53   83   350   1   
358   1   183   1   45   76   343   1   
369   1   189   1   36   69   342   1   
378   1   172   1   37   63   355   1   
378   1   164   1   31   61   371   1   
401   1   161   1   30   53   360   1   
402   1   161   1   35   51   356   1   
406   1   153   1   39   52   355   1   
395   1   162   1   43   46   359   1   
394   1   159   1   44   48   360   1   
381   1   157   1   45   42   380   1   
396   1   152   1   47   46   364   1   
395   1   143   1   50   51   366   1   
401   1   133   1   48   53   370   1   
419   1   131   1   47   46   362   1   
425   1   118   1   43   39   380   1   
431   1   110   1   48   36   380   1   
428   1   116   1   46   36   379   1   
450   1   108   1   42   33   372   1   
448   1   103   1   46   31   377   1   
456   1   103   1   43   28   375   1   
456   1   94   1   46   30   379   1   
445   1   86   1   52   23   399   1   
471   1   91   1   40   22   381   1   
479   1   93   1   42   20   371   1   
472   1   93   1   52   23   365   1   
483   1   90   1   46   22   364   1   
490   1   85   1   42   22   366   1   
489   1   95   1   45   26   350   1   
505   1   104   1   47   20   329   1   
515   1   97   1   50   16   327   1   
508   1   99   1   50   25   323   1   
509   1   100   1   50   32   314   1   
503   1   89   1   41   33   339   1   
501   1   82   1   41   35   346   1   
502   1   90   1   40   28   345   1   
515   1   93   1   36   33   328   1   
530   1   82   1   35   36   322   1   
534   1   82   1   31   33   325   1   
524   1   75   1   32   36   338   1   
514   1   82   1   29   34   346   1   
509   1   80   1   30   29   357   1   
527   1   70   1   29   38   341   1   
539   1   65   1   32   36   333   1   
522   1   75   1   36   38   334   1   
520   1   66   1   40   40   339   1   
541   1   54   1   37   33   340   1   
543   1   61   1   41   30   330   1   
542   1   66   1   40   28   329   1   
539   1   69   1   36   27   334   1   
555   1   54   1   36   26   334   1   
544   1   58   1   35   29   339   1   
559   1   63   1   32   32   319   1   
562   1   57   1   26   33   327   1   
565   1   45   1   31   35   329   1   
575   1   51   1   27   29   323   1   
575   1   48   1   27   29   326   1   
565   1   53   1   29   28   330   1   
572   1   53   1   22   25   333   1   
562   1   54   1   19   26   344   1   
553   1   57   1   20   26   349   1   
561   1   55   1   20   23   346   1   
560   1   59   1   19   29   338   1   
556   1   66   1   20   32   331   1   
568   1   58   1   18   24   337   1   
566   1   55   1   21   24   339   1   
585   1   51   1   19   26   324   1   
585   1   46   1   21   24   329   1   
591   1   52   1   13   26   323   1   
584   1   50   1   14   21   336   1   
574   1   53   1   17   22   339   1   
580   1   42   1   19   16   348   1   
590   1   35   1   17   19   344   1   
594   1   36   1   15   19   341   1   
573   1   41   1   19   16   356   1   
580   1   40   1   21   21   343   1   
579   1   40   1   25   21   340   1   
581   1   41   1   24   19   340   1   
588   1   44   1   18   14   341   1   
588   1   41   1   21   18   337   1   
584   1   44   1   20   20   337   1   
554   1   44   1   22   20   365   1   
556   1   55   1   15   24   355   1   
561   1   58   1   12   18   356   1   
565   1   56   1   11   17   356   1   
551   1   61   1   10   14   369   1   
539   1   59   1   9   16   382   1   
546   1   55   1   11   15   378   1   
521   1   58   1   12   12   402   1   
533   1   61   1   10   10   391   1   
522   1   65   1   14   10   394   1   
555   1   72   1   13   12   353   1   
556   1   72   1   12   8   357   1   
552   1   81   1   13   7   352   1   
557   1   98   1   14   10   326   1   
561   1   101   1   13   11   319   1   
572   1   97   1   18   13   305   1   
570   1   87   1   16   18   314   1   
573   1   82   1   14   19   317   1   
560   1   85   1   8   20   332   1   
562   1   83   1   7   22   331   1   
573   1   83   1   9   20   320   1   
579   1   70   1   9   24   323   1   
598   1   69   1   10   23   305   1   
606   1   71   1   9   23   296   1   
596   1   74   1   10   26   299   1   
595   1   79   1   10   23   298   1   
607   1   71   1   12   21   294   1   
597   1   78   1   10   22   298   1   
591   1   76   1   5   23   310   1   
589   1   66   1   4   28   318   1   
591   1   70   1   4   25   315   1   
607   1   73   1   6   28   291   1   
621   1   53   1   7   36   288   1   
626   1   52   1   6   39   282   1   
623   1   52   1   8   32   290   1   
628   1   51   1   9   30   287   1   
624   1   48   1   10   33   290   1   
626   1   62   1   6   38   273   1   
638   1   59   1   7   41   260   1   
632   1   63   1   7   42   261   1   
639   1   65   1   7   39   255   1   
645   1   57   1   7   41   255   1   
635   1   56   1   7   34   273   1   
628   1   60   1   8   41   268   1   
629   1   53   1   8   43   272   1   
622   1   43   1   7   48   285   1   
621   1   41   1   9   56   278   1   
622   1   41   1   10   57   275   1   
621   1   43   1   12   48   281   1   
624   1   34   1   18   41   288   1   
628   1   33   1   14   40   290   1   
636   1   32   1   16   37   284   1   
645   1   30   1   16   37   277   1   
633   1   40   1   20   38   274   1   
635   1   39   1   17   34   280   1   
639   1   42   1   20   45   259   1   
631   1   40   1   23   48   263   1   
636   1   43   1   23   44   259   1   
639   1   49   1   21   41   255   1   
643   1   55   1   17   36   254   1   
631   1   52   1   20   39   263   1   
618   1   57   1   18   49   263   1   
616   1   61   1   20   38   270   1   
620   1   59   1   19   32   275   1   
625   1   62   1   19   31   268   1   
620   1   57   1   20   26   282   1   
623   1   53   1   20   26   283   1   
630   1   48   1   16   24   287   1   
634   1   42   1   17   21   291   1   
634   1   37   1   16   24   294   1   
637   1   48   1   16   23   281   1   
644   1   47   1   17   22   275   1   
643   1   51   1   15   21   275   1   
641   1   51   1   16   20   277   1   
627   1   48   1   20   24   286   1   
624   1   40   1   17   25   299   1   
626   1   45   1   13   27   294   1   
622   1   41   1   16   19   307   1   
613   1   42   1   9   16   325   1   
613   1   42   1   7   16   327   1   
616   1   40   1   7   14   328   1   
621   1   33   1   5   16   330   1   
617   1   33   1   4   13   338   1   
611   1   42   1   4   13   335   1   
618   1   37   1   6   16   328   1   
611   1   39   1   6   15   334   1   
626   1   35   1   8   18   318   1   
622   1   29   1   11   22   321   1   
642   1   24   1   11   17   311   1   
650   1   20   1   11   20   304   1   
644   1   18   1   7   24   312   1   
647   1   18   1   5   19   316   1   
662   1   22   1   3   15   303   1   
649   1   25   1   3   16   312   1   
647   1   25   1   5   10   318   1   
652   1   22   1   8   11   312   1   
654   1   21   1   10   12   308   1   
670   1   12   1   11   15   297   1   
670   1   15   1   14   12   294   1   
671   1   10   1   17   12   295   1   
661   1   8   1   20   10   306   1   
661   1   6   1   24   11   303   1   
669   1   5   1   20   12   299   1   
667   1   6   1   21   9   302   1   
691   1   7   1   17   10   280   1   
682   1   7   1   12   10   294   1   
678   1   4   1   12   12   299   1   
685   1   3   1   13   14   290   1   
665   1   3   1   14   18   305   1   
655   1   5   1   10   24   311   1   
660   1   7   1   12   20   306   1   
654   1   4   1   10   18   319   1   
643   1   4   1   13   20   325   1   
652   1   5   1   11   25   312   1   
1   1   1   1   1   1   1   1   
1   1   1   1   1   1   1   1   
1   1   1   1   1   1   1   1   
1   1   1   1   1   1   1   1   
1   1   1   1   1   1   1   1   
1   1   1   1   1   1   1   1   
1   1   1   1   1   1   1   1   
1   1   1   1   1   1   1   1   
1   1   1   1   1   1   1   1   
1   1   1   1   1   1   1   1   
1   1   1   1   1   1   1   1   
1   1   1   1   1   1   1   1   
1   1   1   1   1   1   1   1   
1   1   1   1   1   1   1   1   
1   1   1   1   1   1   1   1   
1   1   1   1   1   1   1   1   
1   1   1   1   1   1   1   1   
1   1   1   1   1   1   1   1   
1   1   1   1   1   1   1   1   
1   1   1   1   1   1   1   1   
1   1   1   1   1   1   1   1   
1   1   1   1   1   1   1   1   
1   1   1   1   1   1   1   1   
1   1   1   1   1   1   1   1   
1   1   1   1   1   1   1   1   
1   1   1   1   1   1   1   1   
1   1   1   1   1   1   1   1   
1   1   1   1   1   1   1   1   
1   1   1   1   1   1   1   1   
1   1   1   1   1   1   1   1   
1   1   1   1   1   1   1   1   
1   1   1   1   1   1   1   1   
1   1   1   1   1   1   1   1   
1   1   1   1   1   1   1   1   
1   1   1   1   1   1   1   1   
1   1   1   1   1   1   1   1   
1   1   1   1   1   1   1   1   
1   1   1   1   1   1   1   1   
1   1   1   1   1   1   1   1   
1   1   1   1   1   1   1   1   
1   1   1   1   1   1   1   1   
1   1   1   1   1   1   1   1   
1   1   1   1   1   1   1   1   
1   1   1   1   1   1   1   1   
1   1   1   1   1   1   1   1   
1   1   1   1   1   1   1   1   
1   1   1   1   1   1   1   1   
1   1   1   1   1   1   1   1   
1   1   1   1   1   1   1   1   
1   1   1   1   1   1   1   1   
1   1   1   1   1   1   1   1   
1   1   1   1   1   1   1   1   
1   1   1   1   1   1   1   1   
1   1   1   1   1   1   1   1   
1   1   1   1   1   1   1   1   
1   1   1   1   1   1   1   1   
1   1   1   1   1   1   1   1   
1   1   1   1   1   1   1   1   
1   1   1   1   1   1   1   1   
1   1   1   1   1   1   1   1   
1   1   1   1   1   1   1   1   
1   1   1   1   1   1   1   1   
1   1   1   1   1   1   1   1   
1   1   1   1   1   1   1   1   
1   1   1   1   1   1   1   1   
1   1   1   1   1   1   1   1   
1   1   1   1   1   1   1   1   
1   1   1   1   1   1   1   1   
1   1   1   1   1   1   1   1   
1   1   1   1   1   1   1   1   
1   1   1   1   1   1   1   1   
1   1   1   1   1   1   1   1   
1   1   1   1   1   1   1   1   
1   1   1   1   1   1   1   1   
1   1   1   1   1   1   1   1   
1   1   1   1   1   1   1   1   
1   1   1   1   1   1   1   1   
1   1   1   1   1   1   1   1   
1   1   1   1   1   1   1   1   
1   1   1   1   1   1   1   1   
1   1   1   1   1   1   1   1   
1   1   1   1   1   1   1   1   
1   1   1   1   1   1   1   1   
1   1   1   1   1   1   1   1   
1   1   1   1   1   1   1   1   
1   1   1   1   1   1   1   1   
1   1   1   1   1   1   1   1   
1   1   1   1   1   1   1   1   
1   1   1   1   1   1   1   1   
1   1   1   1   1   1   1   1   
1   1   1   1   1   1   1   1   
1   1   1   1   1   1   1   1   
1   1   1   1   1   1   1   1   
1   1   1   1   1   1   1   1   
1   1   1   1   1   1   1   1   
1   1   1   1   1   1   1   1   
1   1   1   1   1   1   1   1   
1   1   1   1   1   1   1   1   
1   1   1   1   1   1   1   1   
1   1   1   1   1   1   1   1   
1   1   1   1   1   1   1   1   
1   1   1   1   1   1   1   1   
