126   126   126   126   126   126   126   126   
125   122   135   136   142   133   110   105   
129   121   143   143   151   131   96   94   
124   124   132   164   153   125   97   89   
119   123   128   167   158   133   94   86   
129   123   117   175   143   125   101   95   
121   118   124   193   135   116   109   92   
129   112   121   207   130   124   100   85   
134   114   122   202   126   132   96   82   
118   111   120   215   134   125   100   85   
112   110   121   217   139   129   92   88   
104   102   128   222   135   123   90   104   
104   90   138   220   150   121   85   100   
111   94   127   217   147   120   92   100   
110   105   126   219   136   124   81   107   
112   102   121   224   140   134   67   108   
113   99   124   216   139   129   73   115   
108   93   140   222   143   120   68   114   
96   94   129   230   151   124   66   118   
106   86   122   226   152   127   66   123   
101   78   132   222   151   145   61   118   
103   84   151   207   137   149   73   104   
97   77   148   203   141   165   82   95   
99   78   148   197   140   158   85   103   
99   85   151   204   135   159   80   95   
95   75   158   206   143   161   75   95   
97   79   158   199   144   156   81   94   
101   70   168   190   148   163   79   89   
103   65   166   204   150   168   73   79   
99   62   168   214   148   173   65   79   
102   52   175   216   150   169   65   79   
98   47   186   213   151   168   58   87   
99   38   187   216   151   167   61   89   
101   35   181   219   155   174   53   90   
105   30   185   213   149   175   52   99   
101   29   190   221   146   162   59   100   
96   29   194   235   151   156   48   99   
102   35   197   237   144   150   46   97   
101   44   178   250   141   156   44   94   
88   44   200   259   134   131   43   109   
93   44   191   247   137   135   51   110   
90   49   189   248   136   140   43   113   
91   47   199   235   132   154   40   110   
89   54   190   243   137   151   31   113   
92   50   198   242   134   138   31   123   
88   46   207   241   147   131   33   115   
95   44   204   250   140   128   27   120   
100   44   197   244   145   129   30   119   
98   42   187   250   147   127   33   124   
101   42   174   249   157   125   34   126   
99   40   184   250   158   121   37   119   
85   38   179   265   161   119   44   117   
85   40   175   269   168   111   49   111   
91   37   180   259   157   113   52   119   
98   36   174   256   155   115   54   120   
99   39   175   249   162   113   51   120   
100   44   176   245   154   121   48   120   
96   45   178   241   163   119   46   120   
90   49   178   241   160   122   41   127   
90   52   168   247   153   126   43   129   
87   52   168   256   148   115   49   133   
97   48   166   255   150   121   55   116   
105   50   155   250   155   117   62   114   
103   53   167   247   154   122   64   98   
105   52   167   253   152   130   53   96   
103   54   169   249   152   120   56   105   
104   51   158   251   157   119   59   109   
103   53   165   256   164   106   57   104   
102   54   174   260   158   101   53   106   
109   55   182   250   160   92   57   103   
114   58   192   258   165   77   41   103   
124   56   192   251   158   80   41   106   
123   59   182   248   177   81   37   101   
120   59   179   265   165   82   36   102   
137   51   152   267   162   82   36   121   
132   52   150   280   156   84   34   120   
144   52   149   279   158   84   32   110   
161   52   146   268   147   81   34   119   
169   47   154   251   147   77   38   125   
172   41   155   258   144   74   40   124   
172   36   165   262   139   70   42   122   
172   34   176   245   140   79   41   121   
181   32   171   225   149   86   33   131   
181   34   166   225   160   82   27   133   
185   34   177   227   159   75   29   122   
177   32   178   210   163   86   27   135   
181   33   171   205   168   90   31   129   
169   30   173   209   172   94   29   132   
171   30   172   220   177   81   30   127   
169   34   174   223   169   86   30   123   
176   33   181   223   170   77   27   121   
169   31   186   216   170   81   27   128   
172   36   184   214   166   86   22   128   
189   36   183   217   169   87   22   105   
197   38   182   212   159   94   19   107   
202   27   206   208   153   87   18   107   
214   25   210   189   161   90   17   102   
205   25   203   184   168   91   21   111   
215   29   196   184   164   93   22   105   
218   34   191   185   151   102   25   102   
195   33   191   189   153   107   28   112   
195   35   197   187   155   89   24   126   
187   37   199   191   162   87   14   131   
198   38   193   187   153   89   15   135   
200   46   180   194   156   82   17   133   
208   42   171   197   152   91   18   129   
197   38   168   206   147   92   20   140   
209   37   171   191   154   94   16   136   
202   36   175   197   157   98   16   127   
196   38   191   189   149   95   15   135   
198   46   195   174   139   103   18   135   
175   47   202   183   141   106   17   137   
182   55   196   182   134   113   14   132   
207   56   199   168   126   112   10   130   
217   52   202   173   114   100   11   139   
221   58   198   178   105   98   10   140   
232   55   187   173   104   99   11   147   
229   54   179   158   100   101   13   174   
237   46   194   158   92   96   14   171   
231   50   199   162   106   98   12   150   
220   49   194   157   110   105   10   163   
214   47   181   158   117   111   8   172   
217   51   174   154   99   117   9   187   
211   43   176   175   104   110   7   182   
218   40   159   176   115   113   5   182   
230   40   171   168   112   101   4   182   
235   45   169   177   109   97   2   174   
249   40   165   177   111   95   2   169   
239   43   163   172   112   110   1   168   
241   31   165   166   110   115   1   179   
241   32   155   176   101   128   1   174   
249   23   161   168   96   125   1   185   
249   26   151   167   101   133   1   180   
263   31   149   151   96   145   1   172   
245   37   167   146   94   141   1   177   
246   38   175   140   95   135   1   178   
232   32   184   146   91   129   1   193   
237   31   176   156   96   126   1   185   
237   34   183   151   87   129   1   186   
229   36   188   135   94   136   1   189   
234   31   190   140   86   134   1   192   
223   29   196   132   84   142   1   201   
211   22   206   130   86   153   1   199   
204   18   217   131   88   152   1   197   
210   19   222   134   91   133   1   198   
209   14   219   137   84   138   1   206   
200   15   225   141   79   140   1   207   
189   22   217   143   82   151   1   203   
192   26   213   147   77   150   1   202   
194   26   208   139   76   163   1   201   
200   26   220   127   77   162   1   195   
202   25   226   124   69   167   1   194   
205   28   227   118   71   168   1   190   
218   32   232   107   67   166   1   185   
237   31   224   111   62   166   1   176   
232   37   217   108   61   172   1   180   
219   37   218   112   55   183   1   183   
240   34   219   114   50   176   1   174   
242   33   216   125   45   165   1   181   
260   41   204   132   35   148   1   187   
263   45   207   120   35   151   1   186   
288   38   206   112   29   146   1   188   
291   35   204   103   30   149   1   195   
300   42   207   106   28   135   1   189   
284   44   209   99   27   149   1   195   
283   51   221   102   25   138   1   187   
276   44   230   98   18   141   1   200   
268   47   231   108   24   144   1   185   
275   47   215   114   23   149   1   184   
279   43   211   121   22   162   1   169   
292   38   214   115   24   152   1   172   
275   46   219   117   27   147   1   176   
292   46   209   107   29   145   1   179   
297   53   212   110   33   135   1   167   
281   56   213   107   31   137   1   182   
261   54   230   112   32   142   1   176   
264   43   216   106   37   150   1   191   
266   41   211   107   42   154   1   186   
284   35   208   110   41   142   1   187   
299   32   204   119   45   134   1   174   
298   30   191   127   44   141   1   176   
301   34   198   115   41   136   1   182   
307   38   189   114   37   145   1   177   
316   39   183   108   41   148   1   172   
316   40   183   116   42   145   1   165   
305   32   182   116   46   143   1   183   
325   32   171   107   50   134   1   188   
318   29   188   107   46   133   1   186   
325   28   179   112   45   130   1   188   
330   29   177   112   42   139   1   178   
330   30   180   104   48   135   1   180   
330   28   183   106   44   138   1   178   
330   26   181   110   41   138   1   181   
337   18   167   121   42   141   1   181   
329   20   176   116   42   145   1   179   
316   21   191   123   45   142   1   169   
310   23   200   116   53   132   1   173   
306   22   210   117   54   118   1   180   
303   25   193   131   50   117   1   188   
302   25   196   131   53   107   1   193   
323   24   193   120   57   111   1   179   
329   23   185   124   56   107   1   183   
325   23   190   136   49   110   1   174   
336   25   188   123   51   111   1   173   
339   26   201   108   56   111   1   166   
330   22   211   114   58   113   1   159   
322   21   220   114   61   107   1   162   
313   21   226   117   65   99   1   166   
300   21   226   120   62   109   1   169   
291   13   242   126   66   105   1   164   
282   12   243   122   71   108   1   169   
291   11   238   128   61   114   1   164   
302   12   227   122   55   112   1   177   
310   18   236   133   58   90   1   162   
326   19   226   121   52   102   1   161   
316   17   237   123   50   102   1   162   
332   17   235   121   50   108   1   144   
337   9   239   125   43   97   1   157   
322   10   235   125   48   94   1   173   
315   11   245   135   46   82   1   173   
344   10   234   130   49   79   1   161   
331   11   246   128   57   88   1   146   
326   8   254   132   62   87   1   138   
324   6   269   131   62   89   1   126   
332   6   272   126   57   92   1   122   
329   5   280   136   57   83   1   117   
331   5   274   139   50   83   1   125   
330   5   289   140   46   81   1   116   
321   5   311   139   39   78   1   114   
330   6   313   130   40   79   1   109   
341   6   309   127   45   72   1   107   
335   1   304   139   39   79   1   110   
335   1   292   148   40   87   1   104   
337   1   292   154   44   83   1   96   
348   1   289   162   41   85   1   81   
349   1   297   165   37   87   1   71   
345   1   284   167   40   95   1   75   
352   1   295   155   44   87   1   73   
330   1   312   168   38   83   1   75   
337   1   314   155   43   84   1   73   
344   1   321   144   42   86   1   69   
349   1   309   157   52   79   1   60   
340   1   312   155   54   79   1   66   
341   1   304   149   61   89   1   62   
348   1   299   150   57   87   1   65   
365   1   297   151   57   79   1   57   
364   1   284   151   68   82   1   57   
354   1   294   156   66   81   1   55   
360   1   277   159   72   87   1   51   
368   1   274   162   61   88   1   53   
365   1   273   153   67   94   1   54   
376   1   274   144   64   94   1   54   
364   1   286   147   59   94   1   56   
357   1   295   139   62   98   1   55   
360   1   282   140   57   108   1   59   
363   1   288   145   44   104   1   62   
358   1   280   151   51   102   1   64   
352   1   279   145   55   109   1   66   
343   1   285   152   56   102   1   68   
352   1   280   148   54   98   1   74   
342   1   285   159   48   98   1   74   
342   1   280   165   47   94   1   78   
349   1   275   155   52   96   1   79   
348   1   279   164   51   84   1   80   
355   1   276   156   54   86   1   79   
365   1   280   159   56   77   1   69   
362   1   286   162   53   75   1   68   
360   1   308   151   53   76   1   58   
368   1   297   150   49   76   1   66   
381   1   300   147   41   70   1   67   
384   1   307   137   44   69   1   65   
384   1   312   140   42   68   1   60   
393   1   307   135   48   62   1   61   
399   1   290   147   40   65   1   65   
388   1   301   159   40   62   1   56   
385   1   303   154   40   66   1   58   
387   1   293   148   41   70   1   67   
406   1   287   147   35   71   1   60   
390   1   299   155   36   71   1   55   
390   1   313   152   36   68   1   47   
383   1   326   147   32   62   1   56   
388   1   331   145   25   60   1   57   
368   1   321   167   30   65   1   55   
371   1   317   170   25   67   1   56   
377   1   320   173   23   61   1   52   
361   1   333   181   23   55   1   53   
354   1   352   180   24   52   1   44   
351   1   345   189   32   52   1   37   
375   1   327   178   36   54   1   36   
375   1   326   177   37   56   1   35   
382   1   306   180   41   61   1   36   
376   1   308   182   43   58   1   39   
382   1   307   178   43   56   1   40   
385   1   313   169   40   59   1   40   
400   1   292   173   38   57   1   46   
401   1   289   176   30   60   1   50   
392   1   286   178   33   62   1   55   
378   1   277   192   32   76   1   51   
345   1   274   207   29   95   1   56   
337   1   276   196   30   99   1   68   
340   1   265   197   34   105   1   65   
335   1   259   185   37   122   1   68   
325   1   276   180   36   122   1   67   
300   1   298   169   34   127   1   78   
285   1   308   165   34   129   1   85   
289   1   308   156   34   123   1   96   
279   1   301   166   38   123   1   99   
289   1   275   169   43   116   1   114   
294   1   283   158   44   109   1   118   
299   1   283   161   41   106   1   116   
299   1   288   163   40   95   1   121   
307   1   277   161   42   93   1   126   
311   1   274   162   43   84   1   132   
313   1   268   171   37   80   1   137   
322   1   263   159   38   80   1   144   
326   1   257   157   42   80   1   144   
320   1   268   152   42   70   1   154   
325   1   268   144   49   67   1   153   
319   1   254   144   51   73   1   165   
306   1   256   131   60   73   1   180   
319   1   240   127   62   67   1   191   
319   1   232   127   62   64   1   202   
332   1   227   115   59   68   1   205   
334   1   235   118   61   67   1   191   
320   1   245   114   60   69   1   198   
320   1   233   129   62   70   1   192   
308   1   242   129   61   68   1   198   
289   1   242   144   59   76   1   196   
287   1   233   137   64   74   1   211   
290   1   233   133   60   73   1   217   
300   1   233   128   59   64   1   222   
290   1   217   132   61   73   1   233   
290   1   196   134   60   68   1   258   
301   1   181   131   56   71   1   266   
309   1   189   133   51   68   1   256   
316   1   194   120   51   66   1   259   
323   1   213   122   44   60   1   244   
299   1   227   122   43   72   1   243   
278   1   237   127   38   59   1   267   
286   1   238   133   38   53   1   258   
303   1   234   129   34   46   1   260   
313   1   233   123   35   43   1   259   
310   1   231   131   33   39   1   262   
313   1   230   125   29   34   1   275   
307   1   236   129   35   36   1   263   
302   1   253   122   31   40   1   258   
311   1   260   105   31   35   1   264   
316   1   253   116   31   27   1   263   
306   1   250   134   34   28   1   254   
314   1   236   133   31   29   1   263   
300   1   241   132   36   29   1   268   
305   1   240   135   41   19   1   266   
308   1   267   125   41   20   1   245   
305   1   261   134   41   20   1   245   
314   1   255   147   38   23   1   229   
305   1   260   154   42   24   1   221   
294   1   266   157   42   30   1   217   
295   1   255   172   38   30   1   216   
280   1   264   171   27   38   1   226   
285   1   249   174   30   43   1   225   
278   1   244   183   31   45   1   225   
277   1   235   186   36   43   1   229   
281   1   236   188   36   35   1   230   
252   1   252   192   33   36   1   241   
253   1   265   195   32   37   1   224   
266   1   255   186   37   45   1   217   
268   1   268   177   41   48   1   204   
257   1   273   182   37   52   1   205   
250   1   276   189   41   51   1   199   
262   1   258   180   41   53   1   212   
267   1   241   176   44   62   1   216   
265   1   246   180   39   53   1   223   
251   1   253   184   45   47   1   226   
237   1   255   200   47   44   1   223   
251   1   234   204   51   43   1   223   
261   1   239   201   54   40   1   211   
251   1   225   214   62   38   1   216   
238   1   244   214   69   40   1   201   
250   1   229   218   79   40   1   190   
245   1   240   223   76   42   1   180   
254   1   231   220   82   40   1   179   
247   1   219   217   82   48   1   193   
262   1   221   204   79   51   1   189   
262   1   211   214   75   47   1   197   
238   1   212   200   91   51   1   214   
216   1   215   191   100   47   1   237   
216   1   211   184   90   45   1   260   
207   1   220   181   90   44   1   264   
212   1   207   199   94   42   1   252   
216   1   203   198   91   40   1   258   
216   1   200   190   94   44   1   262   
215   1   196   202   99   40   1   254   
204   1   188   227   86   42   1   259   
210   1   178   231   97   43   1   247   
204   1   167   241   101   47   1   246   
199   1   171   245   95   40   1   256   
196   1   178   236   97   48   1   251   
195   1   177   240   95   53   1   246   
190   1   172   245   99   51   1   249   
194   1   163   242   102   51   1   254   
189   1   152   264   103   46   1   252   
179   1   155   258   105   45   1   264   
174   1   152   267   108   45   1   260   
178   1   158   261   114   36   1   259   
189   1   149   259   111   36   1   262   
182   1   155   251   110   31   1   277   
168   1   156   250   115   31   1   286   
180   1   150   249   104   27   1   296   
188   1   139   248   102   29   1   300   
195   1   141   251   99   29   1   291   
197   1   137   246   100   25   1   301   
174   1   153   267   91   30   1   291   
174   1   152   283   99   30   1   268   
184   1   144   282   96   30   1   270   
177   1   139   292   99   27   1   272   
172   1   152   284   96   27   1   275   
189   1   155   289   93   26   1   254   
199   1   170   278   84   19   1   256   
187   1   155   298   79   16   1   271   
187   1   142   291   79   12   1   295   
182   1   151   295   92   14   1   272   
192   1   145   308   84   17   1   260   
185   1   132   310   96   16   1   267   
175   1   130   314   104   17   1   266   
160   1   134   319   104   12   1   277   
164   1   128   326   100   15   1   273   
159   1   122   340   84   16   1   285   
167   1   119   344   78   15   1   283   
161   1   117   356   66   17   1   289   
142   1   111   380   69   17   1   287   
147   1   115   371   64   17   1   292   
150   1   115   379   57   15   1   290   
153   1   118   391   55   16   1   273   
160   1   120   376   53   15   1   282   
151   1   124   375   47   16   1   293   
165   1   110   379   53   14   1   285   
160   1   121   363   54   16   1   292   
165   1   126   361   55   14   1   285   
168   1   125   342   61   14   1   296   
178   1   114   352   59   16   1   287   
160   1   116   365   66   19   1   280   
173   1   111   345   76   20   1   281   
181   1   99   352   79   18   1   277   
167   1   97   374   80   19   1   269   
172   1   103   360   82   17   1   272   
182   1   103   352   79   10   1   280   
178   1   101   364   84   10   1   269   
176   1   94   373   85   10   1   268   
170   1   97   397   79   11   1   252   
173   1   108   383   77   11   1   254   
169   1   99   391   77   15   1   255   
164   1   105   384   74   15   1   264   
182   1   99   383   66   16   1   260   
192   1   110   378   65   14   1   247   
179   1   108   371   71   15   1   262   
190   1   109   373   62   15   1   257   
194   1   112   388   63   16   1   233   
210   1   107   376   68   19   1   226   
219   1   109   376   69   21   1   212   
221   1   112   372   71   17   1   213   
204   1   110   373   77   20   1   222   
202   1   111   374   80   16   1   223   
191   1   98   379   78   15   1   245   
193   1   101   375   73   16   1   248   
189   1   103   371   71   17   1   255   
203   1   94   362   79   15   1   253   
212   1   82   367   78   14   1   253   
209   1   84   382   78   12   1   241   
211   1   78   392   73   13   1   239   
204   1   85   391   73   11   1   242   
196   1   81   396   74   12   1   247   
198   1   84   378   69   12   1   265   
192   1   73   373   80   13   1   275   
196   1   79   382   73   17   1   259   
199   1   78   397   67   17   1   248   
191   1   76   397   67   14   1   261   
188   1   76   395   67   12   1   268   
206   1   71   382   62   13   1   272   
212   1   74   376   61   10   1   273   
217   1   79   375   61   6   1   268   
225   1   76   375   55   8   1   267   
207   1   79   363   66   10   1   281   
200   1   87   365   61   11   1   282   
193   1   93   353   61   10   1   296   
196   1   93   376   53   10   1   278   
194   1   98   383   47   6   1   278   
197   1   99   371   44   8   1   287   
200   1   105   372   49   6   1   274   
214   1   113   357   43   7   1   272   
226   1   106   355   35   9   1   275   
227   1   113   348   35   9   1   274   
225   1   116   336   29   7   1   293   
229   1   104   346   30   9   1   288   
229   1   103   360   29   8   1   277   
222   1   96   372   26   6   1   284   
220   1   94   383   32   5   1   272   
225   1   103   358   41   4   1   275   
220   1   119   358   37   4   1   268   
210   1   124   365   44   3   1   260   
1   1   1   1   1   1   1   1   
1   1   1   1   1   1   1   1   
1   1   1   1   1   1   1   1   
1   1   1   1   1   1   1   1   
1   1   1   1   1   1   1   1   
1   1   1   1   1   1   1   1   
1   1   1   1   1   1   1   1   
1   1   1   1   1   1   1   1   
1   1   1   1   1   1   1   1   
1   1   1   1   1   1   1   1   
1   1   1   1   1   1   1   1   
1   1   1   1   1   1   1   1   
1   1   1   1   1   1   1   1   
1   1   1   1   1   1   1   1   
1   1   1   1   1   1   1   1   
1   1   1   1   1   1   1   1   
1   1   1   1   1   1   1   1   
1   1   1   1   1   1   1   1   
1   1   1   1   1   1   1   1   
1   1   1   1   1   1   1   1   
1   1   1   1   1   1   1   1   
1   1   1   1   1   1   1   1   
1   1   1   1   1   1   1   1   
1   1   1   1   1   1   1   1   
1   1   1   1   1   1   1   1   
1   1   1   1   1   1   1   1   
1   1   1   1   1   1   1   1   
1   1   1   1   1   1   1   1   
1   1   1   1   1   1   1   1   
1   1   1   1   1   1   1   1   
1   1   1   1   1   1   1   1   
1   1   1   1   1   1   1   1   
1   1   1   1   1   1   1   1   
1   1   1   1   1   1   1   1   
1   1   1   1   1   1   1   1   
1   1   1   1   1   1   1   1   
1   1   1   1   1   1   1   1   
1   1   1   1   1   1   1   1   
1   1   1   1   1   1   1   1   
1   1   1   1   1   1   1   1   
1   1   1   1   1   1   1   1   
1   1   1   1   1   1   1   1   
1   1   1   1   1   1   1   1   
1   1   1   1   1   1   1   1   
1   1   1   1   1   1   1   1   
1   1   1   1   1   1   1   1   
1   1   1   1   1   1   1   1   
1   1   1   1   1   1   1   1   
1   1   1   1   1   1   1   1   
1   1   1   1   1   1   1   1   
1   1   1   1   1   1   1   1   
1   1   1   1   1   1   1   1   
1   1   1   1   1   1   1   1   
1   1   1   1   1   1   1   1   
1   1   1   1   1   1   1   1   
1   1   1   1   1   1   1   1   
1   1   1   1   1   1   1   1   
1   1   1   1   1   1   1   1   
1   1   1   1   1   1   1   1   
1   1   1   1   1   1   1   1   
1   1   1   1   1   1   1   1   
1   1   1   1   1   1   1   1   
1   1   1   1   1   1   1   1   
1   1   1   1   1   1   1   1   
1   1   1   1   1   1   1   1   
1   1   1   1   1   1   1   1   
1   1   1   1   1   1   1   1   
1   1   1   1   1   1   1   1   
1   1   1   1   1   1   1   1   
1   1   1   1   1   1   1   1   
1   1   1   1   1   1   1   1   
1   1   1   1   1   1   1   1   
1   1   1   1   1   1   1   1   
1   1   1   1   1   1   1   1   
1   1   1   1   1   1   1   1   
1   1   1   1   1   1   1   1   
1   1   1   1   1   1   1   1   
1   1   1   1   1   1   1   1   
1   1   1   1   1   1   1   1   
1   1   1   1   1   1   1   1   
1   1   1   1   1   1   1   1   
1   1   1   1   1   1   1   1   
1   1   1   1   1   1   1   1   
1   1   1   1   1   1   1   1   
1   1   1   1   1   1   1   1   
1   1   1   1   1   1   1   1   
1   1   1   1   1   1   1   1   
1   1   1   1   1   1   1   1   
1   1   1   1   1   1   1   1   
1   1   1   1   1   1   1   1   
1   1   1   1   1   1   1   1   
1   1   1   1   1   1   1   1   
1   1   1   1   1   1   1   1   
1   1   1   1   1   1   1   1   
1   1   1   1   1   1   1   1   
1   1   1   1   1   1   1   1   
1   1   1   1   1   1   1   1   
1   1   1   1   1   1   1   1   
1   1   1   1   1   1   1   1   
1   1   1   1   1   1   1   1   
1   1   1   1   1   1   1   1   
1   1   1   1   1   1   1   1   
