501   501   
538   464   
540   462   
542   460   
543   459   
552   450   
579   423   
584   418   
580   422   
602   400   
616   386   
608   394   
621   381   
625   377   
633   369   
638   364   
649   353   
659   343   
669   333   
687   315   
686   316   
671   331   
653   349   
666   336   
651   351   
674   328   
658   344   
664   338   
668   334   
672   330   
688   314   
678   324   
677   325   
698   304   
704   298   
731   271   
736   266   
728   274   
721   281   
736   266   
748   254   
760   242   
763   239   
754   248   
747   255   
754   248   
752   250   
749   253   
749   253   
749   253   
744   258   
743   259   
744   258   
724   278   
737   265   
738   264   
731   271   
740   262   
753   249   
752   250   
730   272   
736   266   
746   256   
721   281   
723   279   
730   272   
731   271   
737   265   
741   261   
738   264   
754   248   
764   238   
772   230   
773   229   
757   245   
752   250   
749   253   
747   255   
755   247   
744   258   
756   246   
743   259   
756   246   
745   257   
731   271   
755   247   
763   239   
773   229   
773   229   
767   235   
753   249   
763   239   
770   232   
762   240   
781   221   
780   222   
781   221   
778   224   
779   223   
779   223   
774   228   
771   231   
767   235   
757   245   
745   257   
741   261   
729   273   
709   293   
692   310   
709   293   
724   278   
715   287   
713   289   
708   294   
713   289   
714   288   
717   285   
728   274   
721   281   
720   282   
709   293   
695   307   
685   317   
671   331   
682   320   
677   325   
671   331   
691   311   
689   313   
676   326   
666   336   
655   347   
654   348   
642   360   
642   360   
651   351   
661   341   
660   342   
663   339   
675   327   
674   328   
697   305   
696   306   
685   317   
684   318   
655   347   
656   346   
634   368   
650   352   
641   361   
647   355   
642   360   
631   371   
632   370   
630   372   
645   357   
638   364   
629   373   
630   372   
644   358   
653   349   
654   348   
645   357   
651   351   
647   355   
647   355   
655   347   
632   370   
618   384   
626   376   
605   397   
599   403   
607   395   
604   398   
617   385   
615   387   
618   384   
629   373   
625   377   
627   375   
615   387   
632   370   
633   369   
614   388   
612   390   
612   390   
619   383   
620   382   
641   361   
631   371   
635   367   
633   369   
631   371   
619   383   
613   389   
614   388   
609   393   
616   386   
602   400   
603   399   
589   413   
577   425   
575   427   
586   416   
596   406   
609   393   
606   396   
622   380   
618   384   
600   402   
588   414   
595   407   
584   418   
561   441   
568   434   
566   436   
545   457   
539   463   
536   466   
531   471   
518   484   
547   455   
537   465   
539   463   
537   465   
540   462   
531   471   
539   463   
546   456   
532   470   
520   482   
505   497   
509   493   
519   483   
519   483   
536   466   
543   459   
555   447   
560   442   
573   429   
594   408   
618   384   
625   377   
626   376   
626   376   
619   383   
625   377   
642   360   
630   372   
642   360   
626   376   
646   356   
666   336   
680   322   
690   312   
720   282   
722   280   
733   269   
738   264   
740   262   
729   273   
726   276   
741   261   
740   262   
754   248   
754   248   
756   246   
746   256   
759   243   
746   256   
758   244   
742   260   
736   266   
753   249   
751   251   
768   234   
776   226   
785   217   
781   221   
795   207   
788   214   
775   227   
764   238   
763   239   
759   243   
757   245   
768   234   
785   217   
782   220   
784   218   
787   215   
788   214   
792   210   
777   225   
764   238   
762   240   
771   231   
777   225   
773   229   
776   226   
782   220   
785   217   
791   211   
795   207   
801   201   
818   184   
828   174   
833   169   
834   168   
833   169   
829   173   
836   166   
833   169   
818   184   
811   191   
802   200   
801   201   
798   204   
792   210   
789   213   
787   215   
784   218   
776   226   
769   233   
771   231   
764   238   
758   244   
768   234   
768   234   
768   234   
779   223   
782   220   
791   211   
787   215   
798   204   
795   207   
785   217   
780   222   
779   223   
767   235   
768   234   
767   235   
760   242   
762   240   
755   247   
754   248   
762   240   
759   243   
745   257   
761   241   
766   236   
782   220   
784   218   
788   214   
784   218   
781   221   
783   219   
774   228   
788   214   
797   205   
804   198   
815   187   
813   189   
818   184   
820   182   
819   183   
811   191   
808   194   
808   194   
814   188   
815   187   
815   187   
823   179   
818   184   
833   169   
827   175   
830   172   
834   168   
836   166   
841   161   
843   159   
847   155   
830   172   
834   168   
831   171   
833   169   
838   164   
835   167   
828   174   
830   172   
844   158   
846   156   
864   138   
862   140   
867   135   
864   138   
857   145   
854   148   
858   144   
853   149   
856   146   
866   136   
866   136   
861   141   
864   138   
868   134   
873   129   
875   127   
881   121   
881   121   
890   112   
902   100   
896   106   
903   99   
912   90   
913   89   
908   94   
901   101   
894   108   
895   107   
908   94   
911   91   
920   82   
925   77   
920   82   
933   69   
922   80   
927   75   
938   64   
940   62   
946   56   
945   57   
949   53   
950   52   
948   54   
945   57   
947   55   
947   55   
957   45   
958   44   
959   43   
955   47   
958   44   
962   40   
964   38   
968   34   
960   42   
969   33   
970   32   
971   31   
972   30   
967   35   
970   32   
969   33   
978   24   
971   31   
973   29   
974   28   
969   33   
965   37   
959   43   
951   51   
955   47   
959   43   
971   31   
971   31   
978   24   
974   28   
972   30   
976   26   
974   28   
972   30   
971   31   
971   31   
966   36   
964   38   
965   37   
966   36   
967   35   
972   30   
974   28   
979   23   
981   21   
980   22   
977   25   
971   31   
964   38   
960   42   
957   45   
956   46   
963   39   
968   34   
971   31   
978   24   
982   20   
982   20   
983   19   
980   22   
982   20   
1   1   
1   1   
1   1   
1   1   
1   1   
1   1   
1   1   
1   1   
1   1   
1   1   
1   1   
1   1   
1   1   
1   1   
1   1   
1   1   
1   1   
1   1   
1   1   
1   1   
1   1   
1   1   
1   1   
1   1   
1   1   
1   1   
1   1   
1   1   
1   1   
1   1   
1   1   
1   1   
1   1   
1   1   
1   1   
1   1   
1   1   
1   1   
1   1   
1   1   
1   1   
1   1   
1   1   
1   1   
1   1   
1   1   
1   1   
1   1   
1   1   
1   1   
1   1   
1   1   
1   1   
1   1   
1   1   
1   1   
1   1   
1   1   
1   1   
1   1   
1   1   
1   1   
1   1   
1   1   
1   1   
1   1   
1   1   
1   1   
1   1   
1   1   
1   1   
1   1   
1   1   
1   1   
1   1   
1   1   
1   1   
1   1   
1   1   
1   1   
1   1   
1   1   
1   1   
1   1   
1   1   
1   1   
1   1   
1   1   
1   1   
1   1   
1   1   
1   1   
1   1   
1   1   
1   1   
1   1   
1   1   
1   1   
1   1   
1   1   
1   1   
1   1   
