101   101   101   101   101   101   101   101   101   101   
90   115   108   105   111   110   98   100   92   81   
87   114   110   110   124   101   95   107   90   72   
87   111   108   107   127   92   94   109   96   79   
82   103   114   93   132   107   85   112   101   81   
75   106   114   91   120   122   87   113   103   79   
79   106   119   89   118   134   84   111   98   72   
82   116   121   85   117   128   82   108   99   72   
92   118   118   83   126   124   73   109   94   73   
85   125   118   72   124   127   75   116   98   70   
86   122   110   88   132   123   70   127   89   63   
86   123   128   100   128   121   66   112   86   60   
80   117   131   113   129   124   70   104   83   59   
69   117   142   122   127   121   61   100   92   59   
61   103   155   113   138   115   60   97   100   68   
51   118   148   116   129   124   54   115   94   61   
49   123   147   119   123   124   55   119   79   72   
59   135   135   117   118   116   62   108   85   75   
53   132   126   116   123   121   65   121   81   72   
59   121   133   109   130   125   60   126   77   70   
74   133   129   99   129   128   51   128   75   64   
75   133   130   106   131   125   45   115   79   71   
77   123   130   115   126   128   43   119   80   69   
79   112   133   121   122   133   43   128   74   65   
82   109   124   115   120   144   47   135   73   61   
83   110   124   114   123   152   53   130   72   49   
84   111   121   112   132   152   54   124   70   50   
81   126   117   124   127   140   47   132   67   49   
82   131   103   129   126   138   48   135   71   47   
82   135   98   137   137   133   50   120   74   44   
85   144   100   135   146   114   56   120   66   44   
81   140   96   131   150   123   55   116   67   51   
75   139   86   136   153   127   49   117   76   52   
68   133   89   139   140   129   58   112   81   61   
70   116   84   151   147   119   57   109   87   70   
70   121   85   154   147   113   60   105   85   70   
68   119   90   136   158   109   67   100   89   74   
61   119   98   150   149   106   65   91   101   70   
67   122   86   146   153   101   67   78   112   78   
71   119   75   144   163   116   64   77   106   75   
69   120   71   145   177   128   55   84   93   68   
71   107   69   156   190   130   52   79   87   69   
75   105   67   165   190   121   59   69   88   71   
64   108   66   172   187   118   62   77   94   62   
67   107   66   179   184   119   66   65   93   64   
72   108   66   181   189   112   68   68   91   55   
72   112   59   174   173   115   71   75   103   56   
68   112   54   191   174   122   65   77   96   51   
68   115   61   195   178   112   63   70   93   55   
63   113   59   207   175   97   69   73   101   53   
65   110   56   189   176   106   71   78   109   50   
60   111   56   197   170   113   73   81   103   46   
63   125   62   187   157   112   75   80   98   51   
65   120   51   184   179   105   60   87   102   57   
76   111   49   194   186   94   62   81   96   61   
82   110   55   186   171   93   67   76   109   61   
69   115   58   178   173   86   80   75   120   56   
75   108   50   180   176   88   84   73   118   58   
78   109   52   178   184   89   89   61   115   55   
74   105   52   201   178   91   87   63   107   52   
68   106   57   188   179   93   89   60   111   59   
62   101   63   198   182   85   94   51   119   55   
57   99   67   193   190   87   77   47   134   59   
45   102   81   189   184   92   77   39   139   62   
46   106   76   176   193   83   76   38   138   78   
52   117   73   175   179   76   79   40   136   83   
58   118   77   163   186   74   83   36   129   86   
60   124   66   159   190   79   80   38   137   77   
68   124   62   166   195   77   80   39   122   77   
59   125   62   164   204   79   78   35   125   79   
58   127   61   169   198   81   75   38   117   86   
56   128   59   159   202   84   79   33   132   78   
60   134   49   153   215   76   79   27   133   84   
60   130   48   154   206   82   76   27   136   91   
60   130   36   158   213   82   74   33   142   82   
61   137   39   150   213   83   78   31   136   82   
62   136   38   138   227   78   85   37   136   73   
51   139   42   122   239   75   85   40   144   73   
56   118   40   127   237   92   84   39   143   74   
67   113   39   117   242   96   77   41   138   80   
64   114   35   136   237   85   74   41   144   80   
72   113   33   142   229   86   72   45   138   80   
85   118   31   139   229   90   74   42   121   81   
92   116   29   130   232   86   83   44   119   79   
95   115   38   125   232   93   90   42   119   61   
99   104   33   126   240   98   86   45   122   57   
99   96   31   141   232   96   84   51   120   60   
108   92   27   135   231   99   87   49   121   61   
108   91   29   143   239   94   75   46   126   59   
118   84   31   150   246   91   68   53   110   59   
116   78   29   151   249   90   74   57   113   53   
125   78   24   146   251   80   78   59   118   51   
127   79   26   150   240   74   77   58   127   52   
116   85   28   148   237   89   69   62   124   52   
133   72   27   140   241   86   70   62   129   50   
141   79   26   142   238   87   69   59   116   53   
131   68   25   154   228   96   70   68   118   52   
132   64   27   155   236   98   67   53   127   51   
140   74   27   154   233   83   73   45   129   52   
142   78   18   166   221   84   72   38   134   57   
145   80   16   164   230   83   72   42   121   57   
150   80   14   183   219   80   73   34   119   58   
148   67   16   187   229   80   75   36   111   61   
148   61   14   191   227   81   75   35   117   61   
155   63   14   189   222   84   66   28   127   62   
166   64   15   192   215   86   60   21   128   63   
159   60   17   198   221   90   62   20   120   63   
165   53   24   194   205   98   62   25   125   59   
174   56   21   197   200   88   65   26   132   51   
175   61   23   202   195   85   68   24   128   49   
172   61   24   211   204   82   69   23   113   51   
168   65   28   218   198   77   64   24   112   56   
181   63   24   223   188   78   66   29   106   52   
176   66   26   231   201   66   63   30   91   60   
184   66   24   240   202   70   61   27   89   47   
177   70   22   245   198   69   69   28   88   44   
175   59   20   245   203   66   84   29   78   51   
178   56   19   249   212   67   86   20   78   45   
188   57   16   241   202   70   93   17   82   44   
184   56   13   253   192   70   101   16   82   43   
191   56   13   252   193   64   97   16   82   46   
193   53   15   244   194   52   105   19   92   43   
187   54   17   239   195   55   110   19   91   43   
193   52   13   240   196   62   108   24   77   45   
181   53   11   249   191   68   113   22   78   44   
170   53   14   252   187   72   130   23   78   31   
153   50   17   250   203   68   140   28   76   25   
164   54   16   242   181   65   160   25   80   23   
173   50   17   250   186   65   160   16   73   20   
178   48   18   252   195   58   162   17   65   17   
174   47   18   263   199   59   148   21   62   19   
175   47   15   246   205   62   162   20   56   22   
177   47   19   250   214   64   154   12   55   18   
165   53   17   242   225   59   163   8   56   22   
168   51   16   239   218   70   164   6   58   20   
168   39   14   234   226   69   181   6   55   18   
164   42   15   221   246   61   175   5   59   22   
156   39   13   234   240   67   165   5   64   27   
154   42   15   236   242   74   160   4   62   21   
164   49   16   221   228   68   167   3   70   24   
161   50   17   223   230   64   162   1   77   25   
168   53   20   224   248   55   144   1   73   24   
169   56   22   237   249   56   131   1   69   20   
165   61   24   239   253   58   135   1   54   20   
164   61   24   225   271   59   123   1   61   21   
159   66   22   233   257   61   123   1   65   23   
159   65   19   231   268   61   120   1   64   22   
143   71   22   227   249   71   128   1   72   26   
146   68   20   237   244   77   125   1   68   24   
151   67   23   240   232   68   135   1   71   22   
153   65   33   242   221   65   135   1   69   26   
159   67   33   243   205   74   129   1   69   30   
152   70   35   235   206   88   136   1   63   24   
144   74   35   244   214   77   135   1   63   23   
132   73   36   253   217   80   131   1   59   28   
135   69   39   250   213   85   133   1   57   28   
130   68   33   251   230   90   127   1   53   27   
131   63   30   239   243   95   122   1   61   25   
134   58   29   229   243   90   127   1   71   28   
137   57   27   220   248   88   126   1   76   30   
141   65   27   226   248   93   116   1   65   28   
138   61   31   213   254   103   121   1   60   28   
134   51   30   207   274   109   107   1   68   29   
150   46   31   210   259   109   111   1   66   27   
146   54   22   226   278   99   102   1   58   24   
141   55   24   222   274   101   107   1   58   27   
122   60   32   204   284   102   114   1   65   26   
145   59   30   193   276   110   112   1   57   27   
151   55   28   206   273   104   110   1   58   24   
157   52   28   219   257   102   118   1   55   21   
148   53   34   209   268   93   116   1   61   27   
152   54   25   212   266   92   119   1   63   26   
149   58   17   222   281   85   116   1   58   23   
148   58   16   215   294   93   115   1   57   13   
142   57   19   231   280   91   117   1   55   17   
145   58   18   213   292   98   120   1   46   19   
154   60   20   215   291   100   112   1   39   18   
153   61   22   201   305   101   105   1   44   17   
158   60   22   199   302   109   102   1   39   18   
154   63   20   203   307   109   90   1   42   21   
141   69   18   209   319   109   87   1   40   17   
145   73   15   195   322   113   83   1   44   19   
144   80   19   181   328   101   95   1   42   19   
131   86   16   181   331   100   94   1   48   22   
138   90   14   183   323   94   97   1   45   25   
133   96   14   178   322   90   106   1   44   26   
138   101   16   176   321   80   108   1   48   21   
142   92   13   174   324   85   109   1   49   21   
142   97   17   167   315   89   117   1   43   22   
148   90   18   171   319   79   109   1   49   26   
134   82   19   171   327   87   117   1   46   26   
128   85   25   153   336   92   126   1   42   22   
121   84   22   156   353   95   107   1   42   29   
120   95   19   166   333   96   113   1   42   25   
113   103   17   176   327   94   122   1   34   23   
103   96   18   196   319   101   119   1   35   22   
98   82   21   211   310   107   127   1   32   21   
97   84   24   230   302   96   122   1   33   21   
101   82   25   249   290   80   123   1   34   25   
104   81   16   237   301   85   131   1   33   21   
112   86   18   246   295   77   125   1   33   17   
112   82   17   249   292   85   123   1   31   18   
98   74   17   247   304   80   135   1   34   20   
116   66   16   254   299   76   123   1   38   21   
122   74   14   262   298   72   114   1   33   20   
122   70   14   268   304   79   104   1   31   17   
136   72   15   271   315   70   87   1   28   15   
139   71   14   276   313   66   86   1   26   18   
130   80   10   285   320   62   78   1   26   18   
131   76   9   290   318   65   74   1   26   20   
129   70   11   312   314   57   73   1   24   19   
133   71   12   319   316   50   75   1   18   15   
138   66   12   309   314   53   81   1   22   14   
143   55   13   291   328   57   84   1   22   16   
152   48   14   303   314   50   91   1   23   14   
156   46   12   304   315   56   85   1   21   14   
157   46   13   315   300   52   90   1   20   16   
148   51   11   321   298   54   90   1   18   18   
137   61   12   314   291   55   99   1   21   19   
127   67   13   292   308   58   102   1   21   21   
124   76   9   282   311   56   105   1   22   24   
121   67   9   276   316   51   123   1   22   24   
144   72   11   245   312   61   126   1   18   20   
151   76   14   223   321   62   128   1   17   17   
154   71   11   224   341   59   117   1   19   13   
158   67   11   215   340   63   120   1   20   15   
154   76   10   206   337   62   123   1   23   18   
169   77   6   203   331   63   122   1   17   21   
172   71   4   203   335   61   119   1   26   18   
160   69   3   204   346   63   119   1   29   16   
149   76   2   202   349   60   121   1   29   21   
162   79   2   197   332   51   130   1   34   22   
169   77   3   196   324   50   145   1   26   19   
178   75   2   198   328   49   131   1   28   20   
177   76   1   221   310   50   129   1   25   20   
162   79   1   220   317   51   128   1   30   21   
160   77   1   223   323   52   116   1   32   25   
172   62   1   218   312   57   134   1   33   20   
167   69   1   208   317   59   136   1   34   18   
150   67   1   200   336   57   140   1   39   19   
149   77   1   209   324   57   130   1   43   19   
162   72   1   211   320   52   129   1   40   22   
156   64   1   221   321   51   125   1   46   24   
159   61   1   225   324   55   124   1   38   22   
161   60   1   214   319   55   133   1   44   22   
152   70   1   226   302   50   136   1   49   23   
137   72   1   231   308   44   147   1   41   28   
149   59   1   237   303   38   147   1   44   31   
143   55   1   234   306   40   145   1   50   35   
142   49   1   226   310   44   149   1   49   39   
132   57   1   236   313   42   145   1   40   43   
113   52   1   234   338   39   143   1   35   54   
112   51   1   235   331   42   140   1   43   54   
115   47   1   234   332   43   146   1   50   41   
107   42   1   252   333   44   133   1   49   48   
99   38   1   248   350   45   124   1   51   53   
100   33   1   244   352   46   125   1   55   53   
83   34   1   237   358   49   130   1   62   55   
90   34   1   241   345   61   122   1   64   51   
96   36   1   227   358   58   127   1   54   52   
89   37   1   234   373   49   117   1   50   59   
93   31   1   233   367   53   124   1   51   56   
92   30   1   243   356   51   129   1   53   54   
91   32   1   236   357   53   131   1   46   62   
93   30   1   239   350   41   135   1   51   69   
91   34   1   262   312   50   138   1   56   65   
80   39   1   255   341   51   137   1   52   53   
89   34   1   220   344   50   153   1   61   57   
85   35   1   222   356   47   155   1   57   51   
78   34   1   208   370   53   153   1   58   54   
82   33   1   192   394   55   145   1   55   52   
80   30   1   193   392   54   158   1   49   52   
78   36   1   177   400   58   156   1   54   49   
89   34   1   176   400   58   149   1   57   45   
84   33   1   175   413   60   139   1   63   41   
84   30   1   161   409   66   149   1   60   49   
85   33   1   169   410   65   140   1   61   45   
82   33   1   177   403   70   139   1   60   44   
78   42   1   169   401   55   153   1   60   50   
85   42   1   160   389   61   163   1   56   52   
79   51   1   167   390   61   147   1   62   51   
77   44   1   162   393   59   156   1   63   54   
76   42   1   173   400   65   156   1   50   46   
76   39   1   162   405   73   157   1   51   45   
79   45   1   157   396   78   154   1   46   53   
89   36   1   155   385   79   155   1   52   57   
89   33   1   153   380   82   166   1   48   57   
85   30   1   156   380   81   164   1   49   63   
85   29   1   163   385   70   162   1   45   69   
92   31   1   160   365   78   163   1   43   76   
98   35   1   155   337   87   168   1   44   84   
102   32   1   151   342   93   170   1   36   82   
101   31   1   149   348   96   175   1   33   75   
101   27   1   146   348   96   187   1   26   77   
106   24   1   141   344   94   195   1   20   84   
112   23   1   128   345   90   196   1   23   91   
112   24   1   144   342   88   182   1   21   95   
118   25   1   151   331   81   195   1   19   88   
116   19   1   156   334   87   187   1   19   90   
111   23   1   146   338   103   181   1   19   87   
114   20   1   146   347   93   191   1   16   81   
120   13   1   133   366   96   194   1   15   71   
121   15   1   139   344   108   202   1   8   71   
125   14   1   135   332   111   211   1   6   74   
114   17   1   135   348   109   202   1   4   79   
111   21   1   125   339   121   214   1   3   74   
111   22   1   130   338   111   218   1   3   75   
117   22   1   137   330   111   207   1   4   80   
122   20   1   145   337   107   205   1   4   68   
120   19   1   141   349   90   214   1   3   72   
124   18   1   127   364   86   208   1   2   79   
126   18   1   129   365   85   200   1   3   82   
126   19   1   140   370   74   202   1   1   76   
113   21   1   146   371   73   205   1   1   78   
119   17   1   143   371   72   208   1   1   77   
130   17   1   132   392   69   196   1   1   71   
133   13   1   119   388   69   218   1   1   67   
132   17   1   113   367   77   237   1   1   64   
142   13   1   99   355   84   250   1   1   64   
136   9   1   99   357   87   262   1   1   57   
132   8   1   102   361   83   257   1   1   64   
128   9   1   114   360   75   248   1   1   73   
127   9   1   118   364   67   248   1   1   74   
109   9   1   128   369   62   250   1   1   80   
106   7   1   111   394   61   242   1   1   86   
115   8   1   111   396   59   238   1   1   80   
112   5   1   101   407   59   242   1   1   81   
107   6   1   106   412   67   235   1   1   74   
112   5   1   104   417   64   231   1   1   74   
113   3   1   101   428   62   231   1   1   69   
130   4   1   93   406   65   232   1   1   77   
110   3   1   87   404   64   257   1   1   82   
118   3   1   97   394   64   249   1   1   82   
121   5   1   98   387   59   250   1   1   87   
129   5   1   95   390   52   243   1   1   93   
121   5   1   93   402   48   246   1   1   92   
125   3   1   93   417   42   236   1   1   91   
128   4   1   90   421   41   231   1   1   92   
108   3   1   88   437   36   235   1   1   100   
108   2   1   84   429   37   243   1   1   104   
106   3   1   91   434   42   231   1   1   100   
107   1   1   89   440   42   225   1   1   103   
102   1   1   78   455   42   227   1   1   102   
106   1   1   88   457   41   223   1   1   91   
102   1   1   99   445   41   227   1   1   92   
114   1   1   92   441   44   235   1   1   80   
111   1   1   85   427   51   247   1   1   85   
122   1   1   84   419   43   247   1   1   91   
116   1   1   80   430   48   242   1   1   90   
116   1   1   76   440   45   234   1   1   95   
108   1   1   82   430   47   243   1   1   96   
99   1   1   80   433   45   256   1   1   93   
103   1   1   67   443   46   256   1   1   91   
102   1   1   72   437   43   255   1   1   97   
80   1   1   73   444   44   260   1   1   105   
82   1   1   77   442   43   259   1   1   103   
81   1   1   88   448   36   253   1   1   100   
80   1   1   89   468   30   252   1   1   87   
81   1   1   91   471   28   250   1   1   85   
84   1   1   89   465   29   256   1   1   83   
86   1   1   89   459   28   256   1   1   88   
92   1   1   86   453   35   258   1   1   82   
78   1   1   85   453   36   271   1   1   83   
69   1   1   88   475   34   255   1   1   85   
78   1   1   77   465   39   266   1   1   81   
75   1   1   73   475   35   269   1   1   79   
71   1   1   83   465   33   270   1   1   84   
67   1   1   94   464   31   267   1   1   83   
74   1   1   96   437   33   275   1   1   91   
79   1   1   92   448   31   269   1   1   87   
75   1   1   96   448   26   263   1   1   98   
75   1   1   104   434   23   261   1   1   109   
62   1   1   109   433   18   280   1   1   104   
63   1   1   102   442   20   271   1   1   108   
61   1   1   97   448   16   277   1   1   107   
65   1   1   103   449   17   265   1   1   107   
68   1   1   107   423   16   283   1   1   109   
71   1   1   107   430   13   285   1   1   100   
83   1   1   99   413   13   288   1   1   110   
85   1   1   93   418   14   284   1   1   112   
80   1   1   89   433   15   289   1   1   100   
75   1   1   100   443   17   273   1   1   98   
76   1   1   111   436   20   261   1   1   102   
77   1   1   120   409   23   278   1   1   99   
72   1   1   113   422   20   281   1   1   98   
78   1   1   110   425   21   273   1   1   99   
85   1   1   117   425   22   260   1   1   97   
82   1   1   116   429   22   261   1   1   96   
83   1   1   122   443   22   244   1   1   92   
80   1   1   119   450   17   251   1   1   89   
79   1   1   119   458   18   248   1   1   84   
80   1   1   113   493   13   232   1   1   75   
86   1   1   102   488   11   245   1   1   74   
83   1   1   102   500   10   233   1   1   78   
86   1   1   103   512   6   223   1   1   76   
101   1   1   102   506   5   220   1   1   72   
87   1   1   102   508   4   222   1   1   83   
97   1   1   91   499   6   224   1   1   89   
101   1   1   90   495   7   218   1   1   95   
94   1   1   84   502   5   217   1   1   104   
85   1   1   80   518   7   216   1   1   100   
87   1   1   84   508   9   218   1   1   100   
80   1   1   83   516   7   226   1   1   94   
80   1   1   76   504   6   244   1   1   96   
86   1   1   71   503   5   241   1   1   100   
92   1   1   73   509   3   234   1   1   95   
94   1   1   73   525   3   226   1   1   85   
107   1   1   67   520   4   224   1   1   84   
108   1   1   62   521   6   223   1   1   86   
104   1   1   62   528   5   223   1   1   84   
100   1   1   56   524   7   241   1   1   78   
107   1   1   54   555   10   219   1   1   61   
107   1   1   54   556   9   224   1   1   56   
107   1   1   58   563   13   211   1   1   54   
119   1   1   56   573   12   195   1   1   51   
117   1   1   58   557   13   211   1   1   50   
128   1   1   52   564   12   202   1   1   48   
133   1   1   52   560   11   207   1   1   43   
137   1   1   43   563   11   205   1   1   47   
140   1   1   46   545   11   211   1   1   53   
155   1   1   37   542   13   208   1   1   51   
152   1   1   38   561   13   204   1   1   38   
155   1   1   35   566   14   193   1   1   43   
158   1   1   39   553   14   195   1   1   47   
146   1   1   50   554   13   194   1   1   49   
150   1   1   49   542   13   198   1   1   54   
141   1   1   45   544   14   206   1   1   56   
130   1   1   44   541   10   222   1   1   59   
130   1   1   47   549   7   215   1   1   58   
122   1   1   49   542   8   226   1   1   59   
120   1   1   46   542   6   235   1   1   57   
122   1   1   42   536   3   242   1   1   61   
130   1   1   44   523   3   245   1   1   61   
119   1   1   46   507   3   268   1   1   63   
113   1   1   45   499   4   281   1   1   64   
115   1   1   48   488   4   283   1   1   68   
107   1   1   47   495   3   283   1   1   71   
100   1   1   51   509   3   270   1   1   73   
93   1   1   50   532   4   261   1   1   66   
101   1   1   43   543   4   254   1   1   61   
96   1   1   44   556   4   248   1   1   58   
81   1   1   47   553   3   249   1   1   73   
77   1   1   52   548   3   252   1   1   74   
89   1   1   49   540   3   255   1   1   70   
90   1   1   53   538   2   252   1   1   71   
94   1   1   49   545   2   257   1   1   59   
95   1   1   46   568   2   244   1   1   51   
95   1   1   50   569   2   240   1   1   50   
99   1   1   50   562   2   241   1   1   52   
104   1   1   50   548   1   252   1   1   51   
105   1   1   52   533   1   265   1   1   50   
104   1   1   52   533   1   264   1   1   52   
101   1   1   59   519   1   269   1   1   57   
91   1   1   58   509   1   296   1   1   51   
87   1   1   46   512   1   303   1   1   57   
82   1   1   52   516   1   301   1   1   54   
69   1   1   58   512   1   309   1   1   57   
59   1   1   52   521   1   311   1   1   62   
61   1   1   53   513   1   318   1   1   60   
62   1   1   47   530   1   312   1   1   54   
63   1   1   47   529   1   311   1   1   55   
78   1   1   42   519   1   316   1   1   50   
72   1   1   43   512   1   331   1   1   47   
69   1   1   36   501   1   344   1   1   55   
68   1   1   36   491   1   350   1   1   60   
66   1   1   31   484   1   367   1   1   57   
60   1   1   29   493   1   367   1   1   56   
64   1   1   31   485   1   366   1   1   59   
66   1   1   29   488   1   356   1   1   66   
64   1   1   28   488   1   350   1   1   75   
69   1   1   29   482   1   349   1   1   76   
71   1   1   27   468   1   357   1   1   82   
63   1   1   32   479   1   353   1   1   78   
69   1   1   35   476   1   350   1   1   75   
66   1   1   33   483   1   352   1   1   71   
72   1   1   28   481   1   352   1   1   72   
68   1   1   22   479   1   372   1   1   64   
65   1   1   25   469   1   378   1   1   68   
77   1   1   25   455   1   369   1   1   79   
83   1   1   25   461   1   347   1   1   89   
75   1   1   30   458   1   352   1   1   90   
76   1   1   35   446   1   361   1   1   87   
82   1   1   36   456   1   348   1   1   83   
94   1   1   35   445   1   334   1   1   97   
101   1   1   38   454   1   313   1   1   99   
100   1   1   39   464   1   310   1   1   92   
105   1   1   44   479   1   284   1   1   93   
114   1   1   45   466   1   281   1   1   99   
110   1   1   44   473   1   280   1   1   98   
123   1   1   45   462   1   271   1   1   104   
119   1   1   46   464   1   258   1   1   118   
117   1   1   39   465   1   261   1   1   123   
125   1   1   47   462   1   250   1   1   121   
121   1   1   43   465   1   249   1   1   127   
114   1   1   42   465   1   255   1   1   129   
122   1   1   39   462   1   264   1   1   118   
115   1   1   45   459   1   276   1   1   110   
114   1   1   44   466   1   269   1   1   112   
114   1   1   47   471   1   263   1   1   110   
114   1   1   49   485   1   255   1   1   102   
116   1   1   44   480   1   259   1   1   106   
133   1   1   39   469   1   255   1   1   109   
145   1   1   35   447   1   272   1   1   106   
137   1   1   30   461   1   280   1   1   97   
124   1   1   30   472   1   286   1   1   93   
129   1   1   33   489   1   264   1   1   90   
133   1   1   38   501   1   253   1   1   80   
134   1   1   40   503   1   240   1   1   88   
128   1   1   41   491   1   245   1   1   100   
140   1   1   42   494   1   230   1   1   99   
146   1   1   43   488   1   221   1   1   107   
140   1   1   47   490   1   223   1   1   105   
150   1   1   52   482   1   218   1   1   103   
144   1   1   59   471   1   231   1   1   100   
136   1   1   62   475   1   244   1   1   88   
136   1   1   56   471   1   240   1   1   102   
121   1   1   62   473   1   226   1   1   123   
130   1   1   58   466   1   228   1   1   123   
135   1   1   60   467   1   217   1   1   126   
132   1   1   67   457   1   223   1   1   126   
142   1   1   72   443   1   227   1   1   121   
133   1   1   72   439   1   237   1   1   124   
143   1   1   66   453   1   227   1   1   116   
146   1   1   67   459   1   229   1   1   104   
148   1   1   67   443   1   242   1   1   105   
144   1   1   60   456   1   240   1   1   105   
141   1   1   64   457   1   242   1   1   101   
136   1   1   71   450   1   256   1   1   92   
136   1   1   69   445   1   279   1   1   76   
137   1   1   70   461   1   267   1   1   70   
127   1   1   70   471   1   268   1   1   69   
127   1   1   61   476   1   276   1   1   65   
120   1   1   60   488   1   278   1   1   59   
109   1   1   67   490   1   285   1   1   54   
112   1   1   57   492   1   292   1   1   52   
102   1   1   50   505   1   303   1   1   45   
99   1   1   52   524   1   290   1   1   40   
90   1   1   55   543   1   275   1   1   42   
98   1   1   58   533   1   272   1   1   44   
100   1   1   50   534   1   277   1   1   44   
86   1   1   51   539   1   293   1   1   36   
83   1   1   53   554   1   283   1   1   32   
75   1   1   50   576   1   267   1   1   37   
67   1   1   47   598   1   258   1   1   35   
57   1   1   42   607   1   263   1   1   36   
64   1   1   40   603   1   258   1   1   40   
72   1   1   38   593   1   263   1   1   39   
70   1   1   36   587   1   280   1   1   32   
59   1   1   31   598   1   282   1   1   35   
51   1   1   31   599   1   289   1   1   35   
50   1   1   33   594   1   285   1   1   43   
49   1   1   36   602   1   277   1   1   41   
59   1   1   40   598   1   266   1   1   42   
56   1   1   33   608   1   265   1   1   43   
54   1   1   36   606   1   261   1   1   48   
63   1   1   35   592   1   267   1   1   48   
67   1   1   38   601   1   252   1   1   47   
65   1   1   41   604   1   256   1   1   39   
63   1   1   44   599   1   262   1   1   37   
63   1   1   40   610   1   251   1   1   41   
61   1   1   40   608   1   251   1   1   45   
49   1   1   37   607   1   266   1   1   46   
52   1   1   40   624   1   251   1   1   38   
53   1   1   42   619   1   255   1   1   36   
52   1   1   37   643   1   242   1   1   31   
53   1   1   40   645   1   234   1   1   33   
56   1   1   38   660   1   223   1   1   28   
54   1   1   45   643   1   231   1   1   32   
50   1   1   49   630   1   246   1   1   30   
53   1   1   46   629   1   244   1   1   33   
45   1   1   56   621   1   251   1   1   32   
43   1   1   59   610   1   265   1   1   28   
43   1   1   70   599   1   263   1   1   30   
39   1   1   70   592   1   279   1   1   25   
40   1   1   81   577   1   280   1   1   27   
33   1   1   84   592   1   268   1   1   28   
31   1   1   84   595   1   263   1   1   32   
27   1   1   92   572   1   278   1   1   36   
26   1   1   95   558   1   286   1   1   40   
25   1   1   92   550   1   296   1   1   42   
25   1   1   90   540   1   310   1   1   40   
27   1   1   90   536   1   306   1   1   46   
24   1   1   88   530   1   317   1   1   46   
24   1   1   100   537   1   298   1   1   46   
22   1   1   97   543   1   299   1   1   44   
24   1   1   93   536   1   310   1   1   42   
27   1   1   95   530   1   311   1   1   42   
34   1   1   105   523   1   299   1   1   44   
31   1   1   103   514   1   309   1   1   48   
24   1   1   116   517   1   298   1   1   50   
24   1   1   104   537   1   287   1   1   53   
24   1   1   100   547   1   285   1   1   49   
31   1   1   95   541   1   291   1   1   47   
33   1   1   86   547   1   288   1   1   51   
32   1   1   94   562   1   264   1   1   53   
40   1   1   104   542   1   262   1   1   57   
37   1   1   107   545   1   259   1   1   57   
31   1   1   122   535   1   266   1   1   51   
37   1   1   126   520   1   270   1   1   52   
37   1   1   128   531   1   259   1   1   50   
1   1   1   1   1   1   1   1   1   1   
1   1   1   1   1   1   1   1   1   1   
1   1   1   1   1   1   1   1   1   1   
1   1   1   1   1   1   1   1   1   1   
1   1   1   1   1   1   1   1   1   1   
1   1   1   1   1   1   1   1   1   1   
1   1   1   1   1   1   1   1   1   1   
1   1   1   1   1   1   1   1   1   1   
1   1   1   1   1   1   1   1   1   1   
1   1   1   1   1   1   1   1   1   1   
1   1   1   1   1   1   1   1   1   1   
