501   501   
510   492   
494   508   
483   519   
475   527   
470   532   
479   523   
458   544   
424   578   
438   564   
451   551   
462   540   
457   545   
445   557   
426   576   
430   572   
416   586   
410   592   
414   588   
432   570   
434   568   
422   580   
436   566   
437   565   
421   581   
434   568   
436   566   
433   569   
435   567   
429   573   
430   572   
438   564   
437   565   
440   562   
451   551   
464   538   
485   517   
493   509   
503   499   
493   509   
484   518   
478   524   
477   525   
464   538   
456   546   
442   560   
437   565   
423   579   
437   565   
434   568   
442   560   
463   539   
470   532   
449   553   
441   561   
441   561   
446   556   
452   550   
454   548   
449   553   
424   578   
431   571   
440   562   
426   576   
426   576   
442   560   
447   555   
475   527   
477   525   
475   527   
459   543   
449   553   
452   550   
439   563   
431   571   
438   564   
441   561   
454   548   
469   533   
495   507   
491   511   
484   518   
497   505   
499   503   
519   483   
529   473   
551   451   
542   460   
540   462   
530   472   
527   475   
537   465   
518   484   
520   482   
510   492   
531   471   
525   477   
524   478   
537   465   
544   458   
544   458   
549   453   
551   451   
523   479   
523   479   
507   495   
498   504   
500   502   
500   502   
506   496   
508   494   
501   501   
494   508   
517   485   
523   479   
527   475   
539   463   
545   457   
546   456   
530   472   
530   472   
545   457   
536   466   
525   477   
537   465   
529   473   
514   488   
506   496   
482   520   
497   505   
499   503   
501   501   
506   496   
487   515   
478   524   
472   530   
498   504   
494   508   
511   491   
510   492   
505   497   
495   507   
508   494   
515   487   
513   489   
497   505   
487   515   
497   505   
479   523   
480   522   
467   535   
480   522   
479   523   
475   527   
453   549   
428   574   
420   582   
419   583   
409   593   
395   607   
413   589   
407   595   
371   631   
389   613   
395   607   
396   606   
399   603   
403   599   
422   580   
438   564   
446   556   
435   567   
461   541   
488   514   
500   502   
493   509   
502   500   
482   520   
493   509   
501   501   
510   492   
529   473   
528   474   
519   483   
536   466   
539   463   
531   471   
550   452   
527   475   
531   471   
522   480   
510   492   
511   491   
513   489   
524   478   
519   483   
511   491   
484   518   
498   504   
494   508   
489   513   
496   506   
495   507   
499   503   
498   504   
477   525   
479   523   
433   569   
438   564   
434   568   
405   597   
392   610   
404   598   
395   607   
397   605   
411   591   
408   594   
426   576   
416   586   
423   579   
415   587   
409   593   
418   584   
434   568   
460   542   
464   538   
468   534   
481   521   
501   501   
506   496   
492   510   
488   514   
476   526   
478   524   
468   534   
456   546   
448   554   
452   550   
457   545   
433   569   
436   566   
436   566   
427   575   
449   553   
425   577   
441   561   
441   561   
440   562   
448   554   
436   566   
424   578   
422   580   
435   567   
426   576   
432   570   
443   559   
441   561   
442   560   
452   550   
439   563   
440   562   
453   549   
460   542   
463   539   
472   530   
484   518   
478   524   
480   522   
476   526   
468   534   
456   546   
452   550   
450   552   
450   552   
451   551   
466   536   
444   558   
446   556   
472   530   
463   539   
475   527   
480   522   
474   528   
469   533   
472   530   
476   526   
476   526   
486   516   
492   510   
504   498   
508   494   
498   504   
520   482   
521   481   
511   491   
523   479   
527   475   
527   475   
503   499   
508   494   
506   496   
493   509   
489   513   
497   505   
497   505   
496   506   
480   522   
477   525   
472   530   
485   517   
499   503   
500   502   
501   501   
517   485   
539   463   
537   465   
549   453   
539   463   
537   465   
568   434   
561   441   
549   453   
552   450   
555   447   
557   445   
548   454   
546   456   
538   464   
511   491   
541   461   
548   454   
549   453   
547   455   
550   452   
533   469   
540   462   
538   464   
554   448   
549   453   
539   463   
535   467   
511   491   
512   490   
505   497   
523   479   
510   492   
513   489   
524   478   
518   484   
516   486   
489   513   
500   502   
501   501   
509   493   
512   490   
496   506   
495   507   
490   512   
495   507   
507   495   
524   478   
546   456   
561   441   
558   444   
556   446   
565   437   
575   427   
555   447   
580   422   
570   432   
578   424   
574   428   
571   431   
578   424   
583   419   
575   427   
579   423   
597   405   
603   399   
604   398   
594   408   
583   419   
577   425   
581   421   
569   433   
577   425   
561   441   
543   459   
548   454   
554   448   
552   450   
554   448   
564   438   
569   433   
565   437   
554   448   
569   433   
555   447   
550   452   
564   438   
565   437   
561   441   
556   446   
553   449   
554   448   
554   448   
540   462   
559   443   
581   421   
578   424   
588   414   
586   416   
580   422   
589   413   
576   426   
566   436   
559   443   
575   427   
572   430   
569   433   
551   451   
565   437   
548   454   
538   464   
545   457   
544   458   
537   465   
557   445   
557   445   
568   434   
562   440   
589   413   
583   419   
580   422   
598   404   
606   396   
611   391   
605   397   
619   383   
622   380   
618   384   
610   392   
626   376   
625   377   
628   374   
630   372   
641   361   
649   353   
665   337   
679   323   
689   313   
678   324   
695   307   
703   299   
697   305   
689   313   
687   315   
678   324   
663   339   
666   336   
651   351   
664   338   
660   342   
657   345   
653   349   
649   353   
647   355   
643   359   
641   361   
642   360   
645   357   
648   354   
645   357   
647   355   
651   351   
642   360   
636   366   
634   368   
650   352   
644   358   
651   351   
662   340   
660   342   
656   346   
671   331   
679   323   
675   327   
664   338   
660   342   
652   350   
650   352   
650   352   
652   350   
634   368   
640   362   
627   375   
657   345   
657   345   
661   341   
1   1   
1   1   
1   1   
1   1   
1   1   
1   1   
1   1   
1   1   
1   1   
1   1   
1   1   
1   1   
1   1   
1   1   
1   1   
1   1   
1   1   
1   1   
1   1   
1   1   
1   1   
1   1   
1   1   
1   1   
1   1   
1   1   
1   1   
1   1   
1   1   
1   1   
1   1   
1   1   
1   1   
1   1   
1   1   
1   1   
1   1   
1   1   
1   1   
1   1   
1   1   
1   1   
1   1   
1   1   
1   1   
1   1   
1   1   
1   1   
1   1   
1   1   
1   1   
1   1   
1   1   
1   1   
1   1   
1   1   
1   1   
1   1   
1   1   
1   1   
1   1   
1   1   
1   1   
1   1   
1   1   
1   1   
1   1   
1   1   
1   1   
1   1   
1   1   
1   1   
1   1   
1   1   
1   1   
1   1   
1   1   
1   1   
1   1   
1   1   
1   1   
1   1   
1   1   
1   1   
1   1   
1   1   
1   1   
1   1   
1   1   
1   1   
1   1   
1   1   
1   1   
1   1   
1   1   
1   1   
1   1   
1   1   
1   1   
1   1   
1   1   
1   1   
