101   101   101   101   101   101   101   101   101   101   
114   102   105   105   103   92   94   106   100   89   
110   102   107   96   104   91   87   113   106   94   
118   93   93   105   111   86   89   106   113   96   
116   107   89   110   104   91   73   106   115   99   
109   108   94   120   106   106   70   89   121   87   
109   104   101   127   106   111   64   83   127   78   
105   105   102   131   107   110   58   79   136   77   
96   107   98   149   111   107   58   83   126   75   
101   99   102   147   117   113   55   83   107   86   
98   105   96   149   121   108   48   88   105   92   
89   114   100   139   122   100   51   92   110   93   
84   120   106   140   124   106   53   90   95   92   
75   124   98   131   127   101   62   99   103   90   
68   120   100   143   125   105   65   89   106   89   
64   127   91   156   117   110   63   88   113   81   
75   119   97   159   118   106   64   78   103   91   
74   117   95   138   131   107   66   90   100   92   
65   127   92   151   130   97   72   85   94   97   
71   134   105   149   127   92   75   78   92   87   
59   142   103   137   118   86   86   81   100   98   
58   145   104   131   139   88   83   79   100   83   
63   137   122   125   133   87   77   78   101   87   
67   144   123   107   125   84   77   88   104   91   
75   136   130   101   123   89   72   87   101   96   
83   140   138   101   128   90   64   81   93   92   
91   124   134   106   130   79   73   73   103   97   
99   121   137   102   120   67   66   78   115   105   
94   131   141   105   124   71   65   70   105   104   
88   144   130   105   142   73   64   61   104   99   
88   133   121   113   131   74   69   69   109   103   
87   135   131   121   137   61   71   65   112   90   
94   133   142   112   138   53   69   69   113   87   
93   132   126   126   132   57   70   69   119   86   
90   128   138   130   131   56   67   65   113   92   
94   127   129   141   138   56   68   67   116   74   
87   130   129   135   144   58   71   75   108   73   
82   129   126   144   136   61   79   73   104   76   
79   128   125   143   136   71   65   74   102   87   
75   119   121   149   133   70   64   84   112   83   
72   125   121   141   135   74   61   78   121   82   
62   125   121   159   125   73   59   76   126   84   
66   118   121   148   123   75   66   80   130   83   
70   111   133   137   118   76   70   76   127   92   
70   109   140   131   113   68   81   77   125   96   
76   106   147   133   110   58   75   89   121   95   
78   108   151   136   106   63   67   92   120   89   
71   121   150   128   117   53   62   97   121   90   
60   117   157   135   115   48   56   97   142   83   
61   110   147   137   109   49   61   101   151   84   
58   105   156   131   120   48   56   97   152   87   
65   108   152   135   125   46   59   88   148   84   
61   109   152   137   115   44   63   91   159   79   
62   115   149   134   112   44   57   87   166   84   
60   109   157   128   110   45   56   102   160   83   
60   110   165   124   103   46   57   90   169   86   
63   101   163   138   108   42   46   80   182   87   
59   105   150   138   101   46   49   73   199   90   
56   102   157   145   105   45   45   74   201   80   
59   107   167   138   101   45   39   79   199   76   
55   104   165   146   97   41   42   79   200   81   
55   105   165   147   103   44   36   74   210   71   
55   106   168   148   108   29   41   76   213   66   
62   95   169   157   107   27   37   75   217   64   
71   101   144   158   118   26   37   76   215   64   
70   94   152   163   123   21   35   72   214   66   
67   96   168   171   122   18   31   70   205   62   
61   90   171   178   132   19   29   72   191   67   
68   91   186   158   121   19   32   71   198   66   
70   91   183   165   119   18   34   74   187   69   
72   86   177   156   114   13   33   95   187   77   
53   84   169   176   117   15   37   81   206   72   
52   70   169   175   113   18   36   93   210   74   
43   61   169   179   122   25   40   84   215   72   
43   57   178   163   136   21   40   90   208   74   
46   55   179   164   128   18   45   90   213   72   
49   52   172   167   128   18   39   91   220   74   
51   47   194   167   117   20   39   84   225   66   
56   44   193   171   114   19   35   79   234   65   
60   40   184   177   113   24   35   90   216   71   
60   43   182   168   101   22   40   88   235   71   
53   40   177   169   101   19   37   92   241   81   
45   39   187   173   120   17   38   85   220   86   
46   38   188   174   123   11   35   86   229   80   
37   29   185   173   132   12   34   93   229   86   
37   33   192   177   128   12   29   95   222   85   
35   42   188   176   125   9   32   107   219   77   
37   42   181   184   123   9   29   101   232   72   
34   40   186   179   136   10   35   106   210   74   
28   39   186   177   144   8   36   116   200   76   
32   45   181   175   156   9   39   95   209   69   
28   40   192   184   139   8   38   94   213   74   
29   37   196   178   146   8   32   90   217   77   
29   48   176   173   156   8   36   93   213   78   
30   55   184   168   153   5   37   87   209   82   
25   46   190   176   148   2   37   90   203   93   
19   44   185   183   152   2   35   86   212   92   
22   38   182   188   162   2   38   82   202   94   
25   34   177   183   155   2   40   90   205   99   
25   32   179   174   157   3   35   98   209   98   
17   32   184   174   151   3   37   103   203   106   
16   29   188   168   156   4   37   111   191   110   
18   28   191   163   162   6   36   115   193   98   
15   29   201   161   161   5   30   113   194   101   
14   36   197   156   165   5   29   124   189   95   
14   40   179   169   165   4   31   117   200   91   
13   45   189   163   167   2   33   114   200   84   
12   42   194   154   158   2   36   119   207   86   
13   38   207   157   159   2   38   105   212   79   
9   40   215   167   170   3   34   102   198   72   
7   39   219   152   177   2   35   97   212   70   
8   39   209   151   194   2   36   90   216   65   
8   44   215   161   179   3   43   89   206   62   
10   41   234   160   174   3   40   89   196   63   
9   36   252   164   172   3   46   80   194   54   
6   32   251   175   182   2   39   78   200   45   
5   34   266   162   182   2   37   82   190   50   
4   34   262   161   186   3   41   84   182   53   
6   31   263   155   185   3   40   86   186   55   
7   33   272   160   195   4   39   74   169   57   
9   34   281   158   187   4   37   74   166   60   
8   29   269   162   201   3   38   72   174   54   
10   32   271   158   198   5   35   71   176   54   
12   34   255   161   180   5   35   80   193   55   
11   33   260   162   178   7   35   86   188   50   
8   27   267   150   191   6   40   84   183   54   
9   30   248   151   188   4   36   94   200   50   
10   28   245   157   192   3   31   93   205   46   
11   28   241   159   192   5   33   100   198   43   
10   32   238   159   194   6   30   97   202   42   
11   32   234   179   193   8   29   90   192   42   
12   27   243   156   207   10   21   86   200   48   
13   28   232   149   210   12   21   89   204   52   
16   24   223   145   220   11   18   90   202   61   
19   21   219   127   232   10   20   92   203   67   
17   24   221   137   229   11   18   90   202   61   
17   25   220   125   223   11   19   91   209   70   
17   23   227   125   228   14   17   90   206   63   
13   20   216   143   222   17   16   77   224   62   
14   22   212   139   232   17   15   76   215   68   
17   17   203   153   222   15   17   79   215   72   
19   15   215   155   217   18   18   73   217   63   
20   11   214   169   212   22   22   69   208   63   
17   14   213   174   204   21   18   62   224   63   
18   17   238   159   200   21   18   54   226   59   
16   18   234   147   206   27   18   51   237   56   
20   17   255   156   194   27   17   44   228   52   
18   12   253   165   197   27   13   51   226   48   
19   16   247   148   208   29   16   46   228   53   
23   16   264   150   195   33   16   48   212   53   
22   18   260   144   201   27   18   53   215   52   
15   17   261   139   202   27   17   50   235   47   
18   13   260   146   202   22   14   48   233   54   
22   13   245   153   215   15   17   54   221   55   
24   13   246   169   211   12   16   49   212   58   
24   20   224   160   224   13   17   63   215   50   
26   18   233   160   218   17   20   66   198   54   
27   17   236   156   204   20   23   64   205   58   
28   18   243   164   190   24   20   62   204   57   
37   15   251   155   198   24   21   58   193   58   
38   16   256   153   196   21   22   61   188   59   
29   16   268   149   206   24   22   57   193   46   
32   19   279   147   206   20   20   62   181   44   
23   16   279   144   210   20   16   60   197   45   
20   19   287   135   211   14   13   60   201   50   
16   18   291   143   203   11   16   61   203   48   
16   19   308   137   196   12   13   58   202   49   
15   19   305   119   199   14   13   69   202   55   
15   22   292   117   213   16   19   70   189   57   
15   22   287   128   204   16   18   63   201   56   
10   25   289   121   201   19   17   60   210   58   
8   25   301   123   200   16   17   55   206   59   
8   27   300   122   193   18   19   52   209   62   
7   24   310   118   200   19   19   47   202   64   
9   24   319   114   188   23   23   48   197   65   
11   22   311   110   196   27   21   46   195   71   
8   28   305   118   203   20   24   45   192   67   
6   30   297   119   206   22   23   46   187   74   
6   31   302   120   194   19   22   39   207   70   
7   29   292   123   209   18   19   36   204   73   
6   33   298   130   215   19   21   31   190   67   
9   32   311   123   213   18   25   40   171   68   
11   36   299   115   228   20   23   47   166   65   
12   29   299   121   227   20   28   38   168   68   
11   28   312   124   232   17   27   40   153   66   
9   30   308   124   239   14   29   36   158   63   
5   32   307   115   244   14   31   41   154   67   
3   34   315   118   238   20   35   48   127   72   
1   33   314   123   249   19   39   43   124   65   
1   32   312   121   258   20   32   50   118   66   
1   31   315   123   257   20   35   48   111   69   
1   29   307   114   265   21   36   52   119   66   
1   21   313   113   287   21   35   43   106   70   
1   21   306   115   295   19   29   44   105   75   
1   28   307   98   302   15   28   47   107   77   
1   28   323   91   299   14   24   43   104   83   
1   29   337   87   288   8   23   40   114   83   
1   31   361   84   294   6   20   33   116   64   
1   33   357   80   302   5   18   26   122   66   
1   36   351   69   308   4   14   24   133   70   
1   36   354   66   319   5   13   20   133   63   
1   39   348   74   314   6   17   16   130   65   
1   44   333   84   335   7   13   17   119   57   
1   40   323   93   332   10   15   19   116   61   
1   41   317   87   350   11   20   20   108   55   
1   45   320   94   352   11   12   25   101   49   
1   47   337   91   365   10   14   20   84   41   
1   49   320   87   366   10   12   18   93   54   
1   57   308   80   367   13   11   20   98   55   
1   60   295   73   388   13   13   21   92   54   
1   59   309   73   390   11   13   21   76   57   
1   56   309   74   391   10   9   21   80   59   
1   54   296   85   398   11   7   19   82   57   
1   63   293   89   406   13   6   16   73   50   
1   58   294   92   405   12   6   18   70   54   
1   62   271   94   437   12   6   14   66   47   
1   63   255   102   447   11   6   14   68   43   
1   66   242   99   462   13   4   17   65   41   
1   58   248   98   461   13   5   19   67   40   
1   55   244   97   475   11   5   19   65   38   
1   61   233   93   490   11   3   17   64   37   
1   57   230   99   490   11   4   18   69   31   
1   63   218   105   472   15   5   19   83   29   
1   66   209   101   481   17   5   21   81   28   
1   64   225   105   482   14   8   19   74   18   
1   72   233   95   478   10   8   24   71   18   
1   70   247   86   475   10   5   26   69   21   
1   74   247   88   466   6   6   24   76   22   
1   72   261   85   454   6   5   20   80   26   
1   76   278   79   443   6   3   21   75   28   
1   75   276   87   453   7   2   10   80   19   
1   75   270   87   465   8   1   8   70   25   
1   74   264   84   478   11   1   7   71   19   
1   75   254   86   479   12   1   7   75   20   
1   72   243   95   484   9   1   7   72   26   
1   73   252   97   461   8   1   12   75   30   
1   69   253   98   454   10   1   13   80   31   
1   65   264   108   435   8   1   11   86   31   
1   69   267   109   433   7   1   10   86   27   
1   68   268   99   453   5   1   9   86   20   
1   62   285   96   445   5   1   7   85   23   
1   71   279   91   446   5   1   7   82   27   
1   68   278   84   442   7   1   9   88   32   
1   57   292   90   441   8   1   10   85   25   
1   49   309   94   423   6   1   14   92   21   
1   51   316   83   426   5   1   12   96   19   
1   57   331   84   411   2   1   13   92   18   
1   61   331   82   400   3   1   11   101   19   
1   62   337   80   393   2   1   9   103   22   
1   65   341   80   390   2   1   9   103   18   
1   70   333   81   406   2   1   6   95   15   
1   64   332   88   406   2   1   4   100   12   
1   58   318   100   410   2   1   4   104   12   
1   56   319   97   418   2   1   6   100   10   
1   62   327   97   409   2   1   6   94   11   
1   60   334   105   391   1   1   6   97   14   
1   56   339   106   381   1   1   2   110   13   
1   58   345   96   380   1   1   3   112   13   
1   58   344   97   381   1   1   2   115   10   
1   60   319   99   398   1   1   2   117   12   
1   56   333   97   394   1   1   1   112   14   
1   53   345   101   384   1   1   1   107   16   
1   52   347   104   370   1   1   1   114   19   
1   54   355   112   351   1   1   1   112   22   
1   49   359   101   362   1   1   1   112   23   
1   44   356   104   376   1   1   1   104   22   
1   39   363   99   388   1   1   1   96   21   
1   38   379   93   390   1   1   1   88   18   
1   38   395   88   385   1   1   1   84   16   
1   33   397   87   381   1   1   1   93   15   
1   30   397   89   375   1   1   1   102   13   
1   23   386   97   387   1   1   1   101   12   
1   20   390   94   394   1   1   1   94   14   
1   20   396   97   384   1   1   1   96   13   
1   18   396   103   388   1   1   1   89   12   
1   22   396   101   387   1   1   1   88   12   
1   25   391   102   389   1   1   1   88   11   
1   34   385   98   390   1   1   1   86   13   
1   26   407   99   381   1   1   1   80   13   
1   28   397   101   386   1   1   1   79   15   
1   23   385   109   396   1   1   1   77   16   
1   24   377   108   405   1   1   1   83   9   
1   21   383   105   406   1   1   1   83   8   
1   16   377   104   417   1   1   1   85   7   
1   18   389   99   412   1   1   1   84   4   
1   16   377   97   430   1   1   1   81   5   
1   19   371   108   411   1   1   1   92   5   
1   26   377   104   393   1   1   1   99   7   
1   23   373   97   411   1   1   1   94   8   
1   23   371   100   408   1   1   1   99   5   
1   20   370   106   405   1   1   1   99   6   
1   22   370   103   413   1   1   1   91   7   
1   25   379   87   428   1   1   1   82   5   
1   24   392   85   427   1   1   1   72   6   
1   24   395   83   426   1   1   1   74   4   
1   25   401   81   423   1   1   1   72   4   
1   25   413   78   417   1   1   1   69   4   
1   26   426   84   394   1   1   1   71   5   
1   18   436   92   384   1   1   1   72   4   
1   17   436   91   388   1   1   1   72   2   
1   10   448   97   370   1   1   1   78   3   
1   8   465   98   365   1   1   1   68   2   
1   10   451   85   384   1   1   1   75   1   
1   9   442   88   385   1   1   1   81   1   
1   10   436   96   393   1   1   1   70   1   
1   11   456   91   385   1   1   1   62   1   
1   10   448   86   400   1   1   1   61   1   
1   8   453   78   403   1   1   1   63   1   
1   7   458   76   403   1   1   1   61   1   
1   7   475   78   388   1   1   1   57   1   
1   10   470   70   397   1   1   1   58   1   
1   9   477   71   393   1   1   1   55   1   
1   8   483   82   373   1   1   1   59   1   
1   6   465   90   376   1   1   1   68   1   
1   10   459   98   377   1   1   1   61   1   
1   8   454   101   377   1   1   1   65   1   
1   10   434   111   381   1   1   1   69   1   
1   11   432   102   386   1   1   1   74   1   
1   11   440   117   364   1   1   1   73   1   
1   7   435   123   375   1   1   1   65   1   
1   5   441   132   357   1   1   1   70   1   
1   6   442   136   366   1   1   1   55   1   
1   7   434   128   371   1   1   1   65   1   
1   10   429   134   371   1   1   1   61   1   
1   15   431   132   368   1   1   1   59   1   
1   17   437   135   357   1   1   1   59   1   
1   15   438   138   358   1   1   1   56   1   
1   18   422   132   370   1   1   1   63   1   
1   19   415   130   381   1   1   1   60   1   
1   20   414   125   384   1   1   1   62   1   
1   19   420   131   384   1   1   1   51   1   
1   19   429   116   394   1   1   1   47   1   
1   24   417   110   407   1   1   1   47   1   
1   28   406   114   408   1   1   1   49   1   
1   19   395   124   409   1   1   1   58   1   
1   22   394   121   409   1   1   1   59   1   
1   22   393   124   402   1   1   1   64   1   
1   22   386   123   411   1   1   1   63   1   
1   17   380   115   435   1   1   1   58   1   
1   20   372   117   434   1   1   1   62   1   
1   23   381   118   415   1   1   1   68   1   
1   25   391   115   408   1   1   1   66   1   
1   26   377   112   416   1   1   1   74   1   
1   28   388   127   385   1   1   1   77   1   
1   28   383   121   395   1   1   1   78   1   
1   21   391   125   390   1   1   1   78   1   
1   25   385   130   377   1   1   1   88   1   
1   22   393   123   380   1   1   1   87   1   
1   23   392   116   389   1   1   1   85   1   
1   29   405   118   376   1   1   1   77   1   
1   28   400   122   381   1   1   1   74   1   
1   26   412   118   379   1   1   1   70   1   
1   23   416   119   374   1   1   1   73   1   
1   26   405   118   379   1   1   1   77   1   
1   29   406   124   377   1   1   1   69   1   
1   26   406   112   388   1   1   1   73   1   
1   19   403   121   383   1   1   1   79   1   
1   19   401   135   377   1   1   1   73   1   
1   21   405   138   353   1   1   1   88   1   
1   20   405   133   356   1   1   1   91   1   
1   19   401   132   359   1   1   1   94   1   
1   16   394   137   374   1   1   1   84   1   
1   16   372   129   395   1   1   1   93   1   
1   16   362   136   398   1   1   1   93   1   
1   19   357   122   423   1   1   1   84   1   
1   22   355   112   433   1   1   1   83   1   
1   25   358   106   428   1   1   1   88   1   
1   23   371   104   427   1   1   1   80   1   
1   21   371   112   414   1   1   1   87   1   
1   20   358   119   422   1   1   1   86   1   
1   20   362   119   413   1   1   1   91   1   
1   20   360   112   421   1   1   1   92   1   
1   26   356   101   431   1   1   1   91   1   
1   32   356   106   412   1   1   1   99   1   
1   32   367   98   399   1   1   1   109   1   
1   26   358   90   416   1   1   1   115   1   
1   28   359   81   412   1   1   1   125   1   
1   34   346   88   410   1   1   1   127   1   
1   36   347   102   391   1   1   1   129   1   
1   35   348   92   399   1   1   1   131   1   
1   38   347   89   396   1   1   1   135   1   
1   33   351   90   406   1   1   1   125   1   
1   29   360   91   396   1   1   1   129   1   
1   23   357   95   395   1   1   1   135   1   
1   26   354   97   396   1   1   1   132   1   
1   31   354   95   387   1   1   1   138   1   
1   37   358   104   371   1   1   1   135   1   
1   43   340   122   356   1   1   1   144   1   
1   48   337   122   342   1   1   1   156   1   
1   42   347   123   337   1   1   1   156   1   
1   46   343   123   315   1   1   1   178   1   
1   42   360   123   320   1   1   1   160   1   
1   43   372   121   321   1   1   1   148   1   
1   33   387   122   313   1   1   1   150   1   
1   35   368   120   320   1   1   1   162   1   
1   33   363   132   309   1   1   1   168   1   
1   34   371   125   318   1   1   1   157   1   
1   27   384   129   312   1   1   1   153   1   
1   24   391   116   322   1   1   1   152   1   
1   23   396   118   322   1   1   1   146   1   
1   24   402   131   303   1   1   1   145   1   
1   23   407   123   299   1   1   1   153   1   
1   21   416   101   314   1   1   1   153   1   
1   23   404   101   327   1   1   1   150   1   
1   23   403   97   344   1   1   1   138   1   
1   17   401   111   345   1   1   1   131   1   
1   15   419   103   355   1   1   1   113   1   
1   15   422   112   345   1   1   1   111   1   
1   10   425   112   340   1   1   1   118   1   
1   8   437   108   336   1   1   1   116   1   
1   7   443   108   340   1   1   1   107   1   
1   12   442   109   335   1   1   1   107   1   
1   12   437   118   338   1   1   1   100   1   
1   15   449   108   343   1   1   1   90   1   
1   16   444   122   343   1   1   1   80   1   
1   14   445   115   350   1   1   1   81   1   
1   11   448   98   366   1   1   1   82   1   
1   8   464   102   355   1   1   1   76   1   
1   5   485   92   356   1   1   1   67   1   
1   2   475   94   372   1   1   1   62   1   
1   2   486   85   371   1   1   1   61   1   
1   3   485   84   371   1   1   1   62   1   
1   3   485   89   366   1   1   1   62   1   
1   5   493   95   357   1   1   1   55   1   
1   4   498   92   343   1   1   1   68   1   
1   6   515   86   332   1   1   1   66   1   
1   7   540   84   303   1   1   1   71   1   
1   7   542   83   294   1   1   1   79   1   
1   5   562   88   270   1   1   1   80   1   
1   4   574   81   278   1   1   1   68   1   
1   3   572   78   276   1   1   1   76   1   
1   4   566   77   271   1   1   1   87   1   
1   3   567   83   272   1   1   1   80   1   
1   3   581   79   250   1   1   1   92   1   
1   2   587   73   254   1   1   1   89   1   
1   1   575   71   264   1   1   1   94   1   
1   1   578   69   256   1   1   1   101   1   
1   1   565   71   274   1   1   1   94   1   
1   1   557   73   270   1   1   1   104   1   
1   1   576   71   261   1   1   1   96   1   
1   1   572   78   263   1   1   1   91   1   
1   1   587   77   256   1   1   1   84   1   
1   1   584   68   269   1   1   1   83   1   
1   1   567   57   298   1   1   1   82   1   
1   1   567   57   291   1   1   1   89   1   
1   1   589   62   259   1   1   1   94   1   
1   1   600   63   257   1   1   1   84   1   
1   1   600   64   253   1   1   1   87   1   
1   1   601   66   253   1   1   1   84   1   
1   1   596   58   270   1   1   1   80   1   
1   1   597   54   269   1   1   1   84   1   
1   1   602   61   248   1   1   1   93   1   
1   1   616   47   250   1   1   1   91   1   
1   1   608   47   255   1   1   1   94   1   
1   1   601   49   260   1   1   1   94   1   
1   1   594   52   261   1   1   1   97   1   
1   1   599   50   256   1   1   1   99   1   
1   1   604   45   250   1   1   1   105   1   
1   1   600   37   252   1   1   1   115   1   
1   1   605   40   239   1   1   1   120   1   
1   1   592   38   248   1   1   1   126   1   
1   1   592   41   255   1   1   1   116   1   
1   1   594   38   251   1   1   1   121   1   
1   1   608   35   253   1   1   1   108   1   
1   1   625   38   236   1   1   1   105   1   
1   1   637   38   230   1   1   1   99   1   
1   1   629   29   246   1   1   1   100   1   
1   1   629   29   230   1   1   1   116   1   
1   1   612   27   249   1   1   1   116   1   
1   1   617   20   260   1   1   1   107   1   
1   1   615   21   258   1   1   1   110   1   
1   1   624   20   250   1   1   1   110   1   
1   1   634   20   232   1   1   1   118   1   
1   1   642   22   226   1   1   1   114   1   
1   1   664   21   201   1   1   1   118   1   
1   1   664   27   201   1   1   1   112   1   
1   1   654   26   197   1   1   1   127   1   
1   1   645   30   200   1   1   1   129   1   
1   1   654   25   191   1   1   1   134   1   
1   1   646   28   194   1   1   1   136   1   
1   1   634   28   215   1   1   1   127   1   
1   1   634   31   212   1   1   1   127   1   
1   1   630   27   221   1   1   1   126   1   
1   1   616   28   230   1   1   1   130   1   
1   1   598   19   254   1   1   1   133   1   
1   1   591   21   253   1   1   1   139   1   
1   1   573   24   261   1   1   1   146   1   
1   1   568   29   255   1   1   1   152   1   
1   1   599   28   243   1   1   1   134   1   
1   1   602   28   255   1   1   1   119   1   
1   1   602   33   245   1   1   1   124   1   
1   1   613   18   250   1   1   1   123   1   
1   1   609   15   250   1   1   1   130   1   
1   1   624   14   248   1   1   1   118   1   
1   1   615   12   248   1   1   1   129   1   
1   1   604   7   259   1   1   1   134   1   
1   1   617   8   250   1   1   1   129   1   
1   1   634   11   234   1   1   1   125   1   
1   1   618   13   247   1   1   1   126   1   
1   1   619   14   244   1   1   1   127   1   
1   1   616   16   243   1   1   1   129   1   
1   1   602   20   240   1   1   1   142   1   
1   1   597   17   239   1   1   1   151   1   
1   1   604   16   226   1   1   1   158   1   
1   1   613   19   223   1   1   1   149   1   
1   1   614   22   221   1   1   1   147   1   
1   1   617   26   214   1   1   1   147   1   
1   1   601   24   225   1   1   1   154   1   
1   1   597   19   225   1   1   1   163   1   
1   1   586   19   244   1   1   1   155   1   
1   1   573   24   246   1   1   1   161   1   
1   1   574   19   241   1   1   1   170   1   
1   1   586   19   240   1   1   1   159   1   
1   1   592   22   231   1   1   1   159   1   
1   1   589   26   231   1   1   1   158   1   
1   1   581   25   245   1   1   1   153   1   
1   1   569   25   250   1   1   1   160   1   
1   1   554   21   262   1   1   1   167   1   
1   1   567   17   253   1   1   1   167   1   
1   1   568   17   252   1   1   1   167   1   
1   1   592   14   235   1   1   1   163   1   
1   1   588   14   232   1   1   1   170   1   
1   1   575   14   249   1   1   1   166   1   
1   1   582   11   236   1   1   1   175   1   
1   1   571   15   240   1   1   1   178   1   
1   1   570   9   248   1   1   1   177   1   
1   1   581   11   232   1   1   1   180   1   
1   1   580   14   214   1   1   1   196   1   
1   1   586   12   220   1   1   1   186   1   
1   1   583   8   215   1   1   1   198   1   
1   1   584   10   216   1   1   1   194   1   
1   1   578   10   214   1   1   1   202   1   
1   1   590   9   206   1   1   1   199   1   
1   1   590   7   215   1   1   1   192   1   
1   1   568   5   228   1   1   1   203   1   
1   1   563   4   238   1   1   1   199   1   
1   1   571   6   244   1   1   1   183   1   
1   1   578   3   237   1   1   1   186   1   
1   1   579   2   233   1   1   1   190   1   
1   1   608   1   202   1   1   1   193   1   
1   1   608   1   200   1   1   1   195   1   
1   1   589   1   205   1   1   1   209   1   
1   1   584   1   197   1   1   1   222   1   
1   1   566   1   200   1   1   1   237   1   
1   1   540   1   219   1   1   1   244   1   
1   1   549   1   210   1   1   1   244   1   
1   1   552   1   217   1   1   1   234   1   
1   1   559   1   213   1   1   1   231   1   
1   1   556   1   206   1   1   1   241   1   
1   1   564   1   185   1   1   1   254   1   
1   1   547   1   199   1   1   1   257   1   
1   1   529   1   205   1   1   1   269   1   
1   1   539   1   204   1   1   1   260   1   
1   1   529   1   208   1   1   1   266   1   
1   1   514   1   219   1   1   1   270   1   
1   1   523   1   222   1   1   1   258   1   
1   1   520   1   219   1   1   1   264   1   
1   1   502   1   217   1   1   1   284   1   
1   1   498   1   212   1   1   1   293   1   
1   1   485   1   220   1   1   1   298   1   
1   1   487   1   214   1   1   1   302   1   
1   1   483   1   222   1   1   1   298   1   
1   1   500   1   223   1   1   1   280   1   
1   1   512   1   220   1   1   1   271   1   
1   1   516   1   226   1   1   1   261   1   
1   1   516   1   228   1   1   1   259   1   
1   1   522   1   232   1   1   1   249   1   
1   1   553   1   220   1   1   1   230   1   
1   1   563   1   211   1   1   1   229   1   
1   1   580   1   210   1   1   1   213   1   
1   1   591   1   207   1   1   1   205   1   
1   1   575   1   222   1   1   1   206   1   
1   1   585   1   215   1   1   1   203   1   
1   1   597   1   203   1   1   1   203   1   
1   1   586   1   192   1   1   1   225   1   
1   1   597   1   176   1   1   1   230   1   
1   1   590   1   182   1   1   1   231   1   
1   1   604   1   175   1   1   1   224   1   
1   1   607   1   173   1   1   1   223   1   
1   1   605   1   161   1   1   1   237   1   
1   1   604   1   158   1   1   1   241   1   
1   1   608   1   160   1   1   1   235   1   
1   1   602   1   150   1   1   1   251   1   
1   1   587   1   161   1   1   1   255   1   
1   1   576   1   159   1   1   1   268   1   
1   1   557   1   152   1   1   1   294   1   
1   1   550   1   155   1   1   1   298   1   
1   1   542   1   155   1   1   1   306   1   
1   1   548   1   149   1   1   1   306   1   
1   1   550   1   160   1   1   1   293   1   
1   1   557   1   168   1   1   1   278   1   
1   1   560   1   168   1   1   1   275   1   
1   1   551   1   171   1   1   1   281   1   
1   1   550   1   179   1   1   1   274   1   
1   1   548   1   169   1   1   1   286   1   
1   1   548   1   167   1   1   1   288   1   
1   1   548   1   156   1   1   1   299   1   
1   1   548   1   145   1   1   1   310   1   
1   1   551   1   131   1   1   1   321   1   
1   1   547   1   135   1   1   1   321   1   
1   1   1   1   1   1   1   1   1   1   
1   1   1   1   1   1   1   1   1   1   
1   1   1   1   1   1   1   1   1   1   
1   1   1   1   1   1   1   1   1   1   
1   1   1   1   1   1   1   1   1   1   
1   1   1   1   1   1   1   1   1   1   
1   1   1   1   1   1   1   1   1   1   
1   1   1   1   1   1   1   1   1   1   
1   1   1   1   1   1   1   1   1   1   
1   1   1   1   1   1   1   1   1   1   
1   1   1   1   1   1   1   1   1   1   
