126   126   126   126   126   126   126   126   
132   134   131   139   119   124   121   108   
137   136   127   137   118   127   137   89   
136   147   128   134   119   125   144   75   
136   145   125   131   126   121   150   74   
131   148   118   127   143   121   149   71   
124   144   114   122   156   124   154   70   
117   150   112   114   159   126   163   67   
119   157   109   104   158   130   170   61   
119   149   107   116   158   128   170   61   
125   159   101   107   156   116   179   65   
121   148   96   108   156   136   181   62   
123   153   98   107   163   144   167   53   
116   165   98   102   163   152   162   50   
103   172   103   116   161   138   165   50   
103   176   98   112   161   148   161   49   
107   176   108   109   157   144   154   53   
107   180   111   115   157   150   138   50   
101   169   112   105   176   152   143   50   
109   152   103   107   180   153   158   46   
104   158   112   98   177   159   151   49   
104   161   101   87   181   161   159   54   
99   161   95   92   173   180   153   55   
101   161   103   87   156   186   154   60   
101   154   96   85   155   199   165   53   
122   151   89   84   152   196   161   53   
129   150   89   81   143   191   169   56   
123   154   86   78   136   196   175   60   
138   148   79   75   136   204   164   64   
133   156   79   68   139   198   168   67   
131   159   71   70   132   216   163   66   
127   168   72   66   127   221   156   71   
122   168   77   69   132   220   153   67   
120   158   75   64   132   222   161   76   
122   170   69   69   127   214   154   83   
114   162   71   65   137   213   162   84   
120   151   70   62   150   216   157   82   
118   140   69   63   169   219   153   77   
132   153   72   57   169   216   145   64   
134   158   67   58   173   213   141   64   
122   168   69   55   169   221   140   64   
125   175   74   59   167   211   139   58   
129   168   67   53   176   214   144   57   
136   177   66   58   181   200   134   56   
132   183   64   53   190   195   134   57   
117   173   62   53   192   214   139   58   
111   179   60   47   203   209   135   64   
112   176   64   50   202   205   136   63   
128   177   67   52   197   203   131   53   
135   173   61   48   186   218   133   54   
138   175   64   51   190   205   132   53   
155   164   60   55   198   185   129   62   
155   162   49   49   211   195   128   59   
153   161   46   51   201   209   131   56   
156   150   48   52   213   216   120   53   
174   164   45   51   199   204   124   47   
160   166   53   50   200   198   133   48   
158   172   53   44   209   201   133   38   
157   170   59   47   220   196   120   39   
169   166   56   46   216   204   115   36   
160   168   51   44   234   203   112   36   
149   162   54   49   234   212   111   37   
152   163   59   56   221   217   107   33   
146   161   67   54   212   219   115   34   
143   152   69   55   207   231   118   33   
141   149   70   58   202   242   116   30   
152   155   69   68   198   218   113   35   
147   146   60   78   201   221   121   34   
154   139   60   80   205   211   118   41   
163   123   68   78   193   226   120   37   
152   124   70   73   198   233   126   32   
152   130   73   70   203   228   123   29   
147   132   73   75   216   214   121   30   
147   131   62   76   235   219   116   22   
146   144   62   82   224   210   119   21   
149   146   56   79   210   222   126   20   
152   147   62   71   202   228   127   19   
148   144   62   57   208   235   136   18   
140   148   53   56   218   240   132   21   
134   125   51   61   228   258   129   22   
138   132   50   64   243   234   126   21   
139   130   50   59   237   243   132   18   
137   134   46   63   236   256   120   16   
131   125   40   68   246   258   124   16   
134   127   43   66   246   244   133   15   
134   127   43   68   246   247   128   15   
136   124   42   70   239   265   119   13   
139   127   42   66   233   274   117   10   
130   129   39   71   232   269   128   10   
132   125   33   72   237   269   130   10   
137   119   37   69   243   275   114   14   
131   118   37   71   232   284   117   18   
125   116   33   75   237   286   118   18   
115   118   36   75   239   285   120   20   
115   110   31   71   235   297   129   20   
110   111   34   66   241   300   128   18   
105   105   28   69   229   318   131   23   
104   109   28   70   217   314   135   31   
104   110   22   72   203   313   148   36   
99   115   13   73   211   319   151   27   
94   115   14   68   202   339   145   31   
95   117   18   66   198   343   139   32   
91   121   21   69   199   352   126   29   
84   117   21   82   215   329   125   35   
86   123   23   87   219   316   125   29   
93   118   30   86   240   301   115   25   
90   126   27   77   241   311   107   29   
96   112   31   73   256   306   108   26   
101   101   34   73   257   313   105   24   
117   104   34   74   244   305   109   21   
127   103   37   67   253   297   99   25   
125   101   40   69   256   280   104   33   
116   105   40   70   264   288   98   27   
115   117   32   59   257   294   105   29   
132   112   29   52   262   285   108   28   
139   112   31   58   268   270   101   29   
126   123   33   52   269   274   104   27   
118   113   37   49   276   277   111   27   
108   115   40   50   277   278   116   24   
106   103   38   40   274   306   113   28   
101   105   37   42   276   308   114   25   
100   90   41   44   271   320   118   24   
111   85   42   38   254   327   123   28   
103   79   42   35   258   336   126   29   
91   69   49   35   281   331   123   29   
84   60   48   42   301   320   122   31   
90   63   48   44   304   302   124   33   
88   67   43   45   312   289   126   38   
75   66   35   45   333   289   126   39   
73   65   38   46   332   289   132   33   
67   59   44   41   343   286   129   39   
64   60   49   28   356   281   134   36   
70   60   47   27   365   272   133   34   
79   60   47   26   366   266   133   31   
84   67   48   27   360   255   135   32   
80   67   52   24   355   260   140   30   
91   74   53   21   348   265   121   35   
90   64   56   23   346   267   124   38   
105   63   57   26   351   238   131   37   
106   65   57   28   345   237   136   34   
109   59   49   24   357   238   139   33   
95   61   51   27   351   248   144   31   
95   60   53   23   364   240   143   30   
85   61   56   25   391   227   143   20   
94   55   49   27   400   227   135   21   
87   58   53   19   408   234   130   19   
94   61   45   16   403   231   140   18   
96   68   44   12   405   218   150   15   
97   71   42   13   424   215   133   13   
97   76   38   14   437   198   133   15   
88   71   32   11   448   214   133   11   
80   69   36   13   433   229   138   10   
79   80   38   17   418   235   129   12   
84   74   43   17   414   234   131   11   
84   78   46   19   427   220   126   8   
88   74   50   22   425   215   123   11   
96   75   56   28   407   214   122   10   
95   73   60   27   421   208   111   13   
103   53   62   30   425   207   114   14   
108   51   63   34   413   208   118   13   
108   56   53   30   418   208   124   11   
105   58   55   34   418   204   123   11   
105   59   49   41   436   181   128   9   
112   65   53   42   411   184   130   11   
114   63   46   46   407   198   124   10   
111   68   48   51   393   212   117   8   
103   71   45   58   386   218   117   10   
104   77   40   53   398   208   119   9   
99   61   37   62   407   222   113   7   
102   59   35   68   395   231   112   6   
102   57   39   73   389   222   123   3   
96   55   43   81   387   219   124   3   
94   58   37   83   379   225   128   4   
92   53   40   95   344   240   138   6   
88   55   39   101   335   250   134   6   
87   60   41   103   333   254   125   5   
96   56   39   100   331   248   130   8   
106   65   34   92   333   240   130   8   
112   67   35   86   348   223   128   9   
100   64   37   83   367   225   124   8   
111   61   36   85   376   213   119   7   
116   53   34   82   377   218   120   8   
122   56   32   91   373   208   119   7   
113   59   41   101   365   205   118   6   
124   62   40   94   368   204   110   6   
118   68   39   97   356   205   118   7   
111   57   41   97   367   214   113   8   
112   64   40   94   378   203   110   7   
111   65   35   94   372   201   122   8   
106   68   36   100   370   199   120   9   
118   56   28   97   363   204   131   11   
111   58   36   98   363   206   130   6   
111   53   39   99   365   204   134   3   
106   53   39   95   368   209   135   3   
110   51   37   101   354   211   142   2   
112   58   43   95   336   208   154   2   
108   59   45   92   334   215   153   2   
103   57   41   87   330   219   169   2   
93   54   41   85   336   221   175   3   
87   58   48   80   333   220   179   3   
84   59   54   88   324   223   173   3   
88   59   48   80   338   224   168   3   
98   62   47   74   343   217   162   5   
100   56   47   69   348   217   166   5   
106   60   46   71   354   216   152   3   
103   56   45   65   377   202   157   3   
104   73   46   70   382   194   136   3   
94   70   57   73   394   189   129   2   
95   76   68   68   391   180   128   2   
103   80   65   72   380   174   131   3   
90   74   70   61   395   177   140   1   
85   74   70   60   404   178   136   1   
89   81   67   50   398   184   138   1   
88   85   68   61   392   179   134   1   
94   83   71   56   397   177   129   1   
98   83   75   56   396   160   139   1   
108   82   73   52   381   162   149   1   
111   85   62   55   389   152   153   1   
107   98   61   59   403   150   129   1   
103   98   60   67   394   142   143   1   
100   101   52   68   399   145   142   1   
91   104   58   80   391   148   135   1   
96   108   51   71   385   157   139   1   
95   99   59   67   401   150   136   1   
104   95   64   64   398   142   140   1   
122   82   51   66   404   139   143   1   
120   90   44   70   408   131   144   1   
117   92   38   69   427   137   127   1   
113   90   34   74   436   123   137   1   
119   87   36   69   444   115   137   1   
123   91   42   71   436   112   132   1   
131   92   38   70   433   112   131   1   
135   95   43   73   424   106   131   1   
150   88   40   63   442   96   128   1   
143   97   44   60   431   107   125   1   
159   94   35   68   430   102   119   1   
158   98   38   71   428   99   115   1   
165   96   44   77   409   96   120   1   
162   100   41   78   414   95   117   1   
167   107   37   78   402   101   115   1   
155   110   36   78   416   93   119   1   
158   102   42   76   417   91   121   1   
163   99   43   65   425   88   124   1   
156   98   45   63   429   89   127   1   
152   99   40   66   417   95   138   1   
157   101   39   80   389   101   140   1   
155   106   43   79   380   114   130   1   
164   111   37   82   376   107   130   1   
161   106   41   86   382   106   125   1   
158   106   44   80   370   109   140   1   
156   120   43   73   372   102   141   1   
160   124   49   66   364   104   140   1   
171   113   50   70   360   100   143   1   
170   99   50   76   380   92   140   1   
181   91   54   80   367   95   139   1   
183   91   59   76   368   93   137   1   
186   80   58   78   378   97   130   1   
190   78   65   85   380   101   108   1   
180   77   68   80   395   93   114   1   
193   80   56   79   396   90   113   1   
207   73   54   76   399   96   102   1   
234   70   41   68   407   95   92   1   
241   67   39   74   389   102   95   1   
217   61   46   73   409   108   93   1   
207   66   49   68   415   106   96   1   
204   63   44   69   413   113   101   1   
207   68   54   69   402   105   102   1   
200   67   52   64   424   103   97   1   
211   68   49   63   409   108   99   1   
189   63   58   68   407   113   109   1   
186   73   59   67   395   116   111   1   
185   71   54   52   408   110   127   1   
168   81   66   47   422   101   122   1   
164   93   65   50   423   97   115   1   
158   96   74   51   411   89   128   1   
152   95   71   47   419   95   128   1   
159   106   77   48   408   84   125   1   
142   104   84   46   403   91   137   1   
143   97   94   46   409   86   132   1   
134   92   95   43   424   91   128   1   
128   97   101   41   421   92   127   1   
143   112   99   48   406   82   117   1   
136   110   106   51   408   81   115   1   
126   107   100   56   426   82   110   1   
125   97   105   61   420   88   111   1   
120   97   103   68   437   86   96   1   
127   97   103   67   437   87   89   1   
137   95   104   73   434   75   89   1   
139   87   109   66   448   68   90   1   
144   83   111   71   444   63   91   1   
140   81   93   75   464   65   89   1   
138   67   105   78   465   65   89   1   
151   57   104   83   466   64   82   1   
155   54   106   68   472   62   90   1   
160   49   116   71   464   64   83   1   
148   58   118   68   472   63   80   1   
155   54   128   66   453   65   86   1   
164   50   124   69   449   65   86   1   
175   40   122   75   449   64   82   1   
164   39   126   74   450   60   94   1   
168   29   124   73   439   71   103   1   
174   32   116   63   446   72   104   1   
182   23   117   61   445   74   105   1   
194   22   108   61   424   85   113   1   
192   25   113   69   417   85   106   1   
200   25   99   70   410   90   113   1   
194   21   107   71   417   81   116   1   
196   20   110   76   410   83   112   1   
197   19   120   75   408   83   105   1   
193   21   118   72   412   87   104   1   
176   21   123   72   412   95   108   1   
192   18   121   74   401   88   113   1   
193   16   101   76   412   90   119   1   
189   16   95   70   421   102   114   1   
187   16   99   74   424   104   103   1   
210   12   100   67   425   87   106   1   
218   14   105   57   415   85   113   1   
210   8   106   57   440   73   113   1   
211   10   99   62   434   74   117   1   
196   12   94   62   444   77   122   1   
197   7   85   63   446   78   131   1   
205   7   80   63   433   84   135   1   
193   8   84   54   453   97   118   1   
192   6   84   52   452   99   122   1   
190   4   88   57   444   101   123   1   
175   3   91   55   470   99   114   1   
184   2   82   56   458   105   120   1   
181   1   90   56   441   113   125   1   
186   1   88   46   440   122   124   1   
194   1   94   49   449   124   96   1   
193   1   97   41   452   127   96   1   
185   1   94   33   469   123   102   1   
179   1   106   36   453   126   106   1   
184   1   103   38   445   126   110   1   
186   1   115   44   450   107   104   1   
197   1   108   45   440   114   102   1   
209   1   117   47   432   99   102   1   
204   1   129   43   435   95   100   1   
216   1   127   51   405   98   109   1   
204   1   118   60   414   98   112   1   
207   1   123   61   400   103   112   1   
206   1   117   64   413   99   107   1   
201   1   108   77   408   96   116   1   
193   1   110   68   411   109   115   1   
200   1   103   69   415   114   105   1   
209   1   95   69   413   112   108   1   
216   1   94   71   387   126   112   1   
225   1   78   67   404   121   111   1   
227   1   78   66   393   120   122   1   
231   1   87   75   377   121   115   1   
231   1   70   72   386   123   124   1   
230   1   64   74   396   126   116   1   
213   1   70   71   399   142   111   1   
210   1   67   76   396   143   114   1   
207   1   64   72   408   142   113   1   
194   1   66   75   418   137   116   1   
194   1   55   67   432   141   117   1   
189   1   62   70   428   141   116   1   
193   1   67   72   407   136   131   1   
188   1   64   70   428   127   129   1   
180   1   60   72   438   128   128   1   
167   1   57   75   449   126   132   1   
169   1   54   77   447   126   133   1   
173   1   49   77   457   121   129   1   
177   1   48   84   444   128   125   1   
169   1   51   86   445   135   120   1   
193   1   38   84   446   129   116   1   
200   1   36   85   446   135   104   1   
200   1   33   83   448   134   108   1   
212   1   33   82   440   130   109   1   
223   1   29   85   428   144   97   1   
218   1   31   93   432   153   79   1   
224   1   30   92   431   164   65   1   
214   1   25   95   450   150   72   1   
227   1   21   94   447   150   67   1   
227   1   13   91   457   150   68   1   
237   1   19   84   451   150   65   1   
237   1   23   89   439   150   68   1   
238   1   25   80   456   145   62   1   
232   1   25   83   464   145   57   1   
231   1   25   86   457   144   63   1   
228   1   26   88   455   149   60   1   
223   1   23   102   431   158   69   1   
203   1   26   102   448   147   80   1   
181   1   28   94   466   158   79   1   
182   1   22   96   472   152   82   1   
178   1   20   96   473   156   83   1   
178   1   19   95   461   164   89   1   
188   1   22   94   453   161   88   1   
185   1   22   96   451   163   89   1   
188   1   23   98   451   159   87   1   
202   1   24   94   449   148   89   1   
192   1   22   100   447   150   95   1   
200   1   22   94   444   150   96   1   
205   1   18   91   444   147   101   1   
215   1   12   85   432   158   104   1   
206   1   10   84   441   164   101   1   
204   1   9   90   454   158   91   1   
217   1   8   86   445   158   92   1   
194   1   5   92   460   166   89   1   
206   1   4   87   454   170   85   1   
210   1   4   74   461   170   87   1   
223   1   6   77   441   176   83   1   
229   1   8   86   433   168   82   1   
241   1   7   74   438   172   74   1   
238   1   9   75   434   178   72   1   
232   1   9   76   436   179   74   1   
223   1   8   79   421   184   91   1   
214   1   7   76   427   195   87   1   
203   1   9   78   439   188   89   1   
210   1   10   74   450   173   89   1   
199   1   12   75   462   174   84   1   
195   1   12   87   445   181   86   1   
183   1   11   76   470   182   84   1   
184   1   10   79   466   183   84   1   
194   1   13   82   461   181   75   1   
186   1   15   73   469   178   85   1   
204   1   15   71   450   179   87   1   
193   1   20   64   460   183   86   1   
198   1   24   58   455   190   81   1   
200   1   19   52   440   200   95   1   
198   1   15   50   438   198   107   1   
200   1   14   56   438   195   103   1   
191   1   17   59   446   191   102   1   
194   1   17   55   447   196   97   1   
177   1   22   49   470   194   94   1   
175   1   21   44   486   188   92   1   
184   1   20   46   471   186   99   1   
192   1   26   52   479   164   93   1   
182   1   32   52   482   170   88   1   
174   1   31   50   495   164   92   1   
178   1   34   57   489   160   88   1   
169   1   34   55   486   168   94   1   
169   1   40   50   490   161   96   1   
160   1   33   41   499   168   105   1   
153   1   33   40   508   171   101   1   
166   1   31   41   496   174   98   1   
159   1   34   41   502   180   90   1   
167   1   35   45   496   180   83   1   
166   1   30   35   510   177   88   1   
180   1   28   26   496   185   91   1   
186   1   28   24   490   193   85   1   
177   1   30   26   491   187   95   1   
172   1   29   25   499   189   92   1   
172   1   31   27   490   191   95   1   
177   1   24   26   500   182   97   1   
194   1   21   27   499   174   91   1   
199   1   27   23   503   160   94   1   
201   1   27   15   498   170   95   1   
202   1   31   12   482   181   98   1   
198   1   39   9   481   178   101   1   
209   1   43   11   477   177   89   1   
212   1   37   17   461   181   98   1   
215   1   36   16   444   191   104   1   
219   1   40   21   434   195   97   1   
231   1   46   23   418   186   102   1   
235   1   48   22   414   190   97   1   
233   1   50   15   430   182   96   1   
238   1   57   13   421   177   100   1   
245   1   63   15   400   194   89   1   
259   1   52   14   420   185   76   1   
228   1   51   10   456   189   72   1   
215   1   55   11   474   178   73   1   
203   1   54   14   493   164   78   1   
207   1   55   17   477   167   83   1   
205   1   57   12   467   181   84   1   
207   1   63   11   445   196   84   1   
215   1   66   11   452   185   77   1   
210   1   80   12   449   184   71   1   
218   1   85   11   444   188   60   1   
215   1   86   12   450   190   53   1   
208   1   89   14   456   185   54   1   
210   1   86   14   454   189   53   1   
205   1   88   13   463   182   55   1   
206   1   84   9   476   180   51   1   
208   1   89   8   470   183   48   1   
203   1   91   7   470   188   47   1   
196   1   97   6   468   193   46   1   
204   1   102   6   452   200   42   1   
202   1   93   7   473   191   40   1   
207   1   106   4   465   181   43   1   
205   1   108   3   470   174   46   1   
204   1   110   1   470   179   42   1   
206   1   117   1   468   168   46   1   
189   1   120   1   478   160   58   1   
209   1   119   1   457   160   60   1   
196   1   123   1   457   164   65   1   
191   1   120   1   461   174   59   1   
197   1   133   1   444   176   55   1   
183   1   126   1   463   174   59   1   
192   1   115   1   466   185   47   1   
186   1   119   1   458   186   56   1   
187   1   117   1   443   199   59   1   
189   1   114   1   435   199   68   1   
184   1   126   1   449   189   57   1   
181   1   126   1   459   187   52   1   
185   1   119   1   468   172   61   1   
187   1   107   1   477   177   57   1   
187   1   99   1   470   191   58   1   
1   1   1   1   1   1   1   1   
1   1   1   1   1   1   1   1   
1   1   1   1   1   1   1   1   
1   1   1   1   1   1   1   1   
1   1   1   1   1   1   1   1   
1   1   1   1   1   1   1   1   
1   1   1   1   1   1   1   1   
1   1   1   1   1   1   1   1   
1   1   1   1   1   1   1   1   
1   1   1   1   1   1   1   1   
1   1   1   1   1   1   1   1   
1   1   1   1   1   1   1   1   
1   1   1   1   1   1   1   1   
1   1   1   1   1   1   1   1   
1   1   1   1   1   1   1   1   
1   1   1   1   1   1   1   1   
1   1   1   1   1   1   1   1   
1   1   1   1   1   1   1   1   
1   1   1   1   1   1   1   1   
1   1   1   1   1   1   1   1   
1   1   1   1   1   1   1   1   
1   1   1   1   1   1   1   1   
1   1   1   1   1   1   1   1   
1   1   1   1   1   1   1   1   
1   1   1   1   1   1   1   1   
1   1   1   1   1   1   1   1   
1   1   1   1   1   1   1   1   
1   1   1   1   1   1   1   1   
1   1   1   1   1   1   1   1   
1   1   1   1   1   1   1   1   
1   1   1   1   1   1   1   1   
1   1   1   1   1   1   1   1   
1   1   1   1   1   1   1   1   
1   1   1   1   1   1   1   1   
1   1   1   1   1   1   1   1   
1   1   1   1   1   1   1   1   
1   1   1   1   1   1   1   1   
1   1   1   1   1   1   1   1   
1   1   1   1   1   1   1   1   
1   1   1   1   1   1   1   1   
1   1   1   1   1   1   1   1   
1   1   1   1   1   1   1   1   
1   1   1   1   1   1   1   1   
1   1   1   1   1   1   1   1   
1   1   1   1   1   1   1   1   
1   1   1   1   1   1   1   1   
1   1   1   1   1   1   1   1   
1   1   1   1   1   1   1   1   
1   1   1   1   1   1   1   1   
1   1   1   1   1   1   1   1   
1   1   1   1   1   1   1   1   
1   1   1   1   1   1   1   1   
1   1   1   1   1   1   1   1   
1   1   1   1   1   1   1   1   
1   1   1   1   1   1   1   1   
1   1   1   1   1   1   1   1   
1   1   1   1   1   1   1   1   
1   1   1   1   1   1   1   1   
1   1   1   1   1   1   1   1   
1   1   1   1   1   1   1   1   
1   1   1   1   1   1   1   1   
1   1   1   1   1   1   1   1   
1   1   1   1   1   1   1   1   
1   1   1   1   1   1   1   1   
1   1   1   1   1   1   1   1   
1   1   1   1   1   1   1   1   
1   1   1   1   1   1   1   1   
1   1   1   1   1   1   1   1   
1   1   1   1   1   1   1   1   
1   1   1   1   1   1   1   1   
1   1   1   1   1   1   1   1   
1   1   1   1   1   1   1   1   
1   1   1   1   1   1   1   1   
1   1   1   1   1   1   1   1   
1   1   1   1   1   1   1   1   
1   1   1   1   1   1   1   1   
1   1   1   1   1   1   1   1   
1   1   1   1   1   1   1   1   
1   1   1   1   1   1   1   1   
1   1   1   1   1   1   1   1   
1   1   1   1   1   1   1   1   
1   1   1   1   1   1   1   1   
1   1   1   1   1   1   1   1   
1   1   1   1   1   1   1   1   
1   1   1   1   1   1   1   1   
1   1   1   1   1   1   1   1   
1   1   1   1   1   1   1   1   
1   1   1   1   1   1   1   1   
1   1   1   1   1   1   1   1   
1   1   1   1   1   1   1   1   
1   1   1   1   1   1   1   1   
1   1   1   1   1   1   1   1   
1   1   1   1   1   1   1   1   
1   1   1   1   1   1   1   1   
1   1   1   1   1   1   1   1   
1   1   1   1   1   1   1   1   
1   1   1   1   1   1   1   1   
1   1   1   1   1   1   1   1   
1   1   1   1   1   1   1   1   
1   1   1   1   1   1   1   1   
1   1   1   1   1   1   1   1   
1   1   1   1   1   1   1   1   
