101   101   101   101   101   101   101   101   101   101   
102   110   107   104   119   105   87   98   92   86   
93   113   120   103   124   104   89   102   94   68   
93   96   117   96   130   116   90   115   96   61   
94   95   103   92   142   126   91   102   102   63   
82   98   95   94   144   131   90   111   98   67   
82   96   103   90   145   123   91   103   100   77   
90   95   103   85   131   111   102   113   91   89   
93   92   126   85   135   105   97   110   85   82   
96   94   122   78   138   101   109   109   81   82   
98   96   130   80   128   102   104   107   88   77   
91   95   119   79   130   108   103   127   84   74   
89   88   114   85   129   101   99   134   93   78   
102   92   113   91   134   96   91   127   94   70   
104   90   104   90   154   90   89   127   88   74   
105   85   102   81   146   106   91   132   94   68   
108   87   97   84   153   110   89   133   85   64   
111   88   83   99   150   103   97   129   87   63   
112   80   81   98   166   101   97   130   80   65   
113   84   83   101   173   96   90   125   86   59   
96   86   79   94   185   111   91   129   82   57   
104   88   78   93   189   103   82   132   86   55   
107   78   79   93   213   94   83   134   80   49   
110   85   79   102   204   100   76   134   77   43   
110   82   80   112   202   101   76   122   84   41   
100   80   90   115   191   113   76   129   81   35   
109   93   86   107   187   92   72   135   91   38   
106   104   88   110   170   97   73   136   90   36   
108   101   87   112   171   95   66   150   90   30   
112   100   80   104   170   98   66   154   93   33   
107   85   86   99   174   98   64   169   96   32   
105   80   74   95   182   102   69   180   88   35   
103   81   77   96   190   97   60   187   83   36   
111   82   85   98   184   97   58   186   73   36   
102   85   94   99   188   107   52   172   75   36   
99   86   83   108   193   104   50   183   71   33   
93   88   79   113   204   109   46   175   73   30   
102   81   75   113   213   107   45   177   69   28   
97   88   63   116   220   107   48   177   71   23   
102   83   63   124   208   112   41   179   78   20   
93   67   60   134   198   125   33   190   88   22   
85   61   54   149   194   127   33   189   91   27   
88   60   51   146   201   126   33   182   94   29   
85   55   55   151   194   131   36   170   98   35   
86   55   59   146   199   128   31   169   99   38   
90   53   65   147   199   127   24   164   101   40   
86   47   59   136   194   138   26   179   102   43   
87   54   58   140   201   129   28   175   97   41   
76   42   56   148   197   126   19   202   102   42   
64   47   54   150   214   122   18   206   94   41   
66   36   51   157   221   120   19   200   96   44   
77   35   46   156   231   123   19   190   94   39   
76   31   50   158   237   123   19   178   98   40   
75   39   54   140   228   113   19   194   106   42   
79   40   60   140   223   101   14   198   110   45   
79   32   66   143   223   96   18   202   111   40   
79   30   66   141   216   100   21   205   103   49   
92   29   70   139   225   104   16   194   87   54   
87   36   62   141   214   106   18   193   94   59   
78   35   59   129   227   117   21   181   100   63   
75   35   60   137   228   109   19   181   102   64   
78   41   64   125   235   107   19   179   101   61   
86   44   66   131   220   106   21   173   94   69   
85   40   61   133   217   114   23   180   91   66   
90   44   60   128   218   113   28   190   76   63   
93   45   58   118   222   114   22   197   76   65   
95   48   61   113   212   112   21   213   70   65   
83   48   63   105   214   118   29   214   69   67   
85   45   59   106   210   126   31   204   79   65   
84   42   60   124   213   100   32   218   74   63   
83   45   59   110   203   106   34   227   77   66   
76   49   55   114   199   117   34   227   73   66   
68   49   56   116   205   108   36   229   82   61   
61   52   58   115   214   101   35   225   81   68   
66   47   58   104   210   103   31   239   84   68   
67   46   52   98   217   101   29   237   90   73   
64   47   52   98   233   88   28   237   93   70   
67   47   51   88   238   84   31   234   98   72   
63   48   58   85   248   81   30   226   101   70   
60   51   51   83   273   68   33   226   95   70   
60   53   53   83   272   64   37   232   87   69   
61   46   51   87   280   73   36   229   78   69   
56   47   42   85   278   80   40   234   78   70   
53   50   38   92   284   81   38   218   86   70   
52   52   30   97   296   84   34   216   81   68   
45   47   25   103   296   94   37   212   88   63   
46   42   26   109   289   91   36   209   90   72   
49   36   28   115   284   95   37   210   84   72   
64   38   33   114   284   88   37   220   80   52   
56   45   37   111   293   85   31   212   88   52   
50   40   37   102   309   80   31   226   87   48   
52   36   34   91   313   84   34   227   84   55   
48   38   31   84   315   86   30   241   82   55   
47   37   35   86   311   92   30   230   87   55   
52   32   35   90   289   86   28   244   96   58   
60   30   33   84   298   80   21   251   93   60   
64   28   34   88   308   73   21   254   80   60   
60   33   34   82   306   67   20   267   89   52   
63   29   33   71   320   68   19   270   80   57   
70   30   24   80   321   72   16   271   69   57   
73   24   23   77   329   79   14   273   68   50   
72   23   26   73   327   74   15   288   61   51   
67   22   23   65   347   77   17   292   52   48   
65   20   28   73   359   71   15   282   49   48   
62   15   30   75   355   69   17   291   51   45   
64   14   29   78   349   77   13   281   59   46   
69   13   24   77   372   71   12   276   58   38   
70   13   27   80   368   80   12   269   52   39   
70   12   29   78   378   75   11   258   56   43   
67   12   29   81   374   75   14   260   51   47   
70   10   32   89   367   66   17   260   46   53   
73   4   34   97   356   64   20   264   42   56   
79   3   36   94   358   61   14   271   37   57   
82   2   35   90   376   49   13   279   30   54   
87   3   33   96   359   46   14   292   28   52   
81   3   42   106   365   46   10   275   23   59   
80   5   42   110   355   44   8   282   23   61   
76   4   46   112   365   35   7   278   24   63   
80   4   39   119   365   39   7   273   20   64   
94   5   39   117   364   36   5   262   22   66   
91   4   41   117   356   38   6   260   20   77   
93   5   51   105   360   32   8   264   19   73   
89   7   52   115   355   34   9   256   16   77   
89   7   48   122   354   35   5   252   19   79   
80   8   46   131   359   26   5   259   17   79   
83   8   45   129   357   22   7   254   24   81   
84   11   45   133   364   22   8   237   24   82   
87   9   42   130   356   21   7   256   20   82   
91   7   43   123   361   19   6   258   16   86   
82   8   36   121   358   15   8   284   15   83   
79   8   33   120   377   16   5   275   18   79   
80   3   33   115   388   14   5   278   21   73   
81   4   34   125   390   17   7   264   22   66   
84   5   39   112   393   14   7   273   22   61   
72   4   43   99   399   15   9   284   19   66   
76   3   41   97   403   14   10   283   21   62   
79   4   41   95   388   12   12   290   28   61   
81   6   39   87   394   15   15   288   30   55   
79   9   38   80   392   17   15   293   32   55   
77   12   38   76   399   17   12   304   24   51   
83   14   36   73   399   12   10   305   27   51   
70   15   32   75   417   14   10   305   23   49   
75   12   33   72   425   12   6   302   23   50   
68   13   37   72   422   12   6   306   19   55   
74   10   31   63   457   15   6   286   12   56   
78   9   26   58   456   14   8   305   5   51   
83   8   31   52   479   10   7   289   4   47   
75   10   34   49   490   12   8   281   4   47   
83   11   40   56   480   14   10   269   2   45   
78   14   36   60   461   11   9   285   3   53   
84   18   35   63   437   8   8   300   3   54   
80   16   32   66   436   7   9   306   4   54   
80   16   32   72   432   9   9   301   3   56   
93   18   35   69   423   10   10   293   3   56   
98   17   34   73   418   8   10   296   3   53   
103   22   35   73   409   8   8   295   4   53   
104   19   35   80   412   7   11   285   3   54   
100   21   33   83   411   5   8   287   3   59   
93   22   32   81   412   5   7   292   3   63   
87   22   32   85   415   6   7   292   5   59   
86   25   29   91   408   5   6   291   9   60   
80   23   28   101   410   5   7   276   12   68   
71   22   24   106   410   6   7   279   15   70   
67   26   22   99   431   6   7   271   14   67   
74   26   20   104   431   4   9   270   18   54   
68   28   24   98   438   4   6   273   17   54   
62   30   25   95   449   4   5   265   17   58   
62   34   22   90   470   3   3   250   14   62   
60   25   28   85   470   5   2   257   12   66   
64   30   29   79   479   6   3   244   14   62   
68   32   28   72   478   5   4   253   10   60   
75   36   34   81   452   6   3   257   10   56   
74   39   37   79   453   5   5   257   11   50   
70   36   35   72   465   3   5   264   12   48   
74   40   33   78   463   2   4   259   13   44   
62   37   36   83   455   1   6   274   15   41   
63   35   37   79   474   1   7   261   13   40   
72   36   39   91   461   1   7   254   17   32   
77   34   39   86   470   1   11   245   13   34   
86   38   41   74   450   1   13   260   10   37   
88   40   42   71   460   1   14   247   8   39   
87   34   43   67   470   1   14   249   9   36   
92   34   43   63   465   1   17   247   8   40   
89   36   39   64   463   1   16   245   9   48   
89   41   28   63   476   1   13   242   7   50   
91   36   33   61   473   1   8   249   8   50   
87   42   35   58   470   1   9   255   7   46   
78   41   39   61   477   1   5   258   5   45   
80   39   38   56   477   1   6   263   5   45   
78   53   42   57   462   1   5   255   6   51   
78   60   41   52   452   1   3   260   9   54   
81   64   43   44   456   1   3   254   11   53   
86   60   44   42   450   1   5   255   12   55   
85   49   36   39   464   1   5   260   11   60   
89   36   33   36   487   1   4   263   11   50   
87   33   31   35   491   1   4   272   7   49   
82   32   28   40   492   1   4   275   6   50   
83   38   29   35   493   1   1   272   5   53   
85   34   26   35   499   1   1   268   4   57   
78   29   30   35   521   1   1   258   5   52   
79   34   28   33   511   1   1   266   6   51   
70   41   32   35   505   1   1   271   7   47   
64   44   29   31   493   1   1   292   6   49   
56   46   24   34   511   1   1   274   5   58   
53   44   19   37   523   1   1   269   5   58   
44   46   20   34   504   1   1   298   7   55   
45   46   16   33   518   1   1   291   7   52   
38   46   12   28   523   1   1   299   7   55   
41   38   13   26   516   1   1   309   11   54   
43   38   13   20   509   1   1   320   10   55   
52   42   10   15   500   1   1   330   6   53   
55   43   6   15   490   1   1   346   6   47   
57   49   6   18   500   1   1   323   6   49   
62   48   5   17   497   1   1   326   5   48   
69   39   5   12   510   1   1   322   6   45   
82   39   4   15   499   1   1   332   7   30   
80   35   6   14   508   1   1   324   10   31   
87   39   5   16   514   1   1   312   6   29   
88   37   5   15   502   1   1   324   8   29   
86   40   4   14   504   1   1   334   7   19   
82   45   6   12   492   1   1   341   7   23   
89   45   7   14   495   1   1   330   5   23   
82   48   6   16   484   1   1   345   5   22   
78   46   4   13   499   1   1   338   4   26   
71   47   2   8   497   1   1   352   2   29   
75   52   1   11   484   1   1   355   2   28   
72   52   1   11   475   1   1   367   2   28   
66   56   1   13   484   1   1   359   2   27   
59   57   1   11   497   1   1   358   3   22   
59   68   1   9   483   1   1   360   3   25   
58   65   1   9   481   1   1   368   3   23   
66   70   1   7   490   1   1   354   2   18   
71   67   1   7   494   1   1   353   1   14   
78   61   1   4   504   1   1   347   1   12   
86   60   1   6   501   1   1   345   1   8   
93   56   1   4   499   1   1   347   1   7   
86   48   1   4   520   1   1   340   1   8   
94   36   1   7   518   1   1   343   1   8   
87   37   1   6   522   1   1   344   1   10   
84   40   1   8   531   1   1   333   1   10   
79   39   1   6   544   1   1   329   1   9   
68   34   1   8   553   1   1   330   1   13   
62   30   1   12   565   1   1   320   1   17   
58   35   1   14   559   1   1   320   1   20   
52   40   1   16   548   1   1   329   1   21   
54   39   1   17   543   1   1   337   1   16   
61   39   1   14   551   1   1   323   1   18   
60   31   1   13   550   1   1   330   1   22   
54   25   1   13   551   1   1   340   1   23   
52   18   1   13   566   1   1   338   1   19   
53   20   1   15   557   1   1   346   1   15   
49   16   1   13   561   1   1   347   1   20   
48   14   1   10   549   1   1   365   1   20   
35   16   1   9   564   1   1   365   1   17   
30   14   1   9   568   1   1   363   1   22   
34   17   1   11   557   1   1   366   1   21   
29   18   1   10   542   1   1   385   1   22   
28   18   1   9   550   1   1   378   1   23   
25   20   1   10   542   1   1   388   1   21   
24   23   1   11   544   1   1   382   1   22   
27   22   1   10   538   1   1   390   1   19   
26   20   1   13   533   1   1   392   1   22   
23   18   1   16   540   1   1   387   1   22   
29   19   1   21   534   1   1   385   1   18   
29   27   1   21   510   1   1   396   1   23   
31   25   1   25   520   1   1   386   1   19   
28   22   1   22   510   1   1   402   1   22   
24   27   1   18   509   1   1   407   1   21   
22   22   1   17   496   1   1   427   1   22   
17   26   1   17   505   1   1   420   1   21   
20   23   1   21   490   1   1   428   1   24   
22   28   1   23   475   1   1   434   1   24   
22   34   1   21   494   1   1   415   1   20   
20   32   1   15   512   1   1   412   1   15   
24   31   1   13   524   1   1   399   1   15   
27   30   1   13   541   1   1   380   1   15   
27   26   1   16   537   1   1   382   1   18   
26   30   1   16   533   1   1   384   1   17   
28   25   1   14   530   1   1   390   1   19   
27   28   1   15   517   1   1   400   1   19   
25   28   1   15   515   1   1   402   1   21   
27   25   1   17   518   1   1   400   1   19   
26   30   1   19   528   1   1   385   1   18   
26   27   1   19   534   1   1   385   1   15   
25   24   1   15   527   1   1   398   1   17   
26   27   1   12   529   1   1   398   1   14   
33   29   1   13   526   1   1   389   1   16   
32   29   1   14   525   1   1   387   1   19   
33   34   1   12   521   1   1   387   1   19   
32   40   1   15   497   1   1   395   1   27   
31   41   1   13   514   1   1   379   1   28   
34   43   1   11   509   1   1   380   1   29   
31   45   1   10   500   1   1   383   1   37   
24   53   1   12   483   1   1   398   1   36   
26   54   1   12   476   1   1   396   1   42   
25   55   1   15   481   1   1   392   1   38   
26   55   1   20   490   1   1   374   1   41   
24   50   1   18   500   1   1   373   1   41   
24   54   1   15   504   1   1   362   1   47   
24   51   1   14   519   1   1   364   1   34   
21   54   1   15   529   1   1   351   1   36   
19   59   1   12   543   1   1   340   1   33   
16   58   1   10   551   1   1   338   1   33   
21   62   1   9   557   1   1   320   1   37   
23   59   1   10   537   1   1   343   1   34   
23   48   1   10   532   1   1   360   1   33   
24   49   1   9   520   1   1   365   1   39   
21   53   1   9   528   1   1   364   1   31   
17   51   1   7   537   1   1   361   1   33   
21   49   1   5   547   1   1   350   1   34   
28   48   1   3   539   1   1   352   1   36   
26   44   1   3   537   1   1   357   1   39   
28   49   1   1   538   1   1   350   1   40   
25   49   1   1   538   1   1   349   1   44   
28   45   1   1   532   1   1   357   1   43   
37   42   1   1   539   1   1   343   1   44   
32   41   1   1   536   1   1   346   1   50   
25   43   1   1   523   1   1   357   1   57   
21   38   1   1   544   1   1   341   1   61   
21   37   1   1   556   1   1   332   1   59   
21   34   1   1   551   1   1   342   1   57   
16   30   1   1   566   1   1   336   1   57   
17   33   1   1   564   1   1   330   1   61   
14   28   1   1   562   1   1   344   1   57   
12   32   1   1   538   1   1   361   1   62   
17   28   1   1   531   1   1   370   1   59   
14   36   1   1   526   1   1   374   1   55   
15   36   1   1   525   1   1   376   1   53   
15   42   1   1   529   1   1   371   1   48   
16   44   1   1   512   1   1   392   1   41   
15   40   1   1   530   1   1   382   1   38   
15   45   1   1   523   1   1   383   1   39   
12   46   1   1   542   1   1   375   1   30   
9   44   1   1   540   1   1   384   1   28   
8   41   1   1   545   1   1   383   1   28   
10   38   1   1   544   1   1   390   1   23   
12   37   1   1   561   1   1   382   1   13   
8   41   1   1   554   1   1   391   1   11   
5   39   1   1   559   1   1   393   1   9   
4   41   1   1   557   1   1   390   1   13   
4   41   1   1   553   1   1   390   1   17   
3   42   1   1   586   1   1   358   1   16   
2   44   1   1   597   1   1   349   1   13   
3   45   1   1   597   1   1   344   1   16   
3   45   1   1   602   1   1   340   1   15   
3   47   1   1   593   1   1   349   1   13   
2   48   1   1   591   1   1   348   1   16   
3   41   1   1   589   1   1   350   1   22   
2   39   1   1   611   1   1   332   1   21   
1   39   1   1   605   1   1   339   1   21   
1   37   1   1   611   1   1   337   1   19   
1   36   1   1   618   1   1   331   1   19   
1   34   1   1   611   1   1   339   1   20   
1   33   1   1   585   1   1   364   1   22   
1   30   1   1   587   1   1   367   1   20   
1   30   1   1   586   1   1   369   1   19   
1   31   1   1   591   1   1   358   1   24   
1   34   1   1   595   1   1   351   1   24   
1   32   1   1   609   1   1   340   1   23   
1   33   1   1   620   1   1   323   1   28   
1   24   1   1   618   1   1   330   1   32   
1   26   1   1   630   1   1   319   1   29   
1   28   1   1   631   1   1   317   1   28   
1   25   1   1   624   1   1   327   1   28   
1   31   1   1   607   1   1   333   1   33   
1   25   1   1   622   1   1   325   1   32   
1   25   1   1   619   1   1   327   1   33   
1   27   1   1   639   1   1   308   1   30   
1   27   1   1   641   1   1   301   1   35   
1   22   1   1   643   1   1   304   1   35   
1   24   1   1   646   1   1   299   1   35   
1   25   1   1   650   1   1   296   1   33   
1   26   1   1   654   1   1   292   1   32   
1   31   1   1   652   1   1   289   1   32   
1   32   1   1   647   1   1   288   1   37   
1   25   1   1   662   1   1   279   1   38   
1   26   1   1   657   1   1   280   1   41   
1   21   1   1   649   1   1   286   1   48   
1   20   1   1   640   1   1   303   1   41   
1   20   1   1   630   1   1   319   1   35   
1   20   1   1   623   1   1   324   1   37   
1   15   1   1   621   1   1   330   1   38   
1   18   1   1   624   1   1   328   1   34   
1   20   1   1   606   1   1   340   1   38   
1   22   1   1   588   1   1   356   1   38   
1   24   1   1   610   1   1   331   1   39   
1   26   1   1   628   1   1   312   1   38   
1   24   1   1   631   1   1   313   1   36   
1   28   1   1   634   1   1   304   1   38   
1   23   1   1   632   1   1   312   1   37   
1   20   1   1   631   1   1   319   1   34   
1   18   1   1   623   1   1   326   1   37   
1   19   1   1   616   1   1   330   1   39   
1   22   1   1   616   1   1   328   1   38   
1   24   1   1   611   1   1   330   1   39   
1   25   1   1   606   1   1   332   1   41   
1   30   1   1   597   1   1   333   1   44   
1   24   1   1   588   1   1   346   1   46   
1   28   1   1   569   1   1   362   1   45   
1   24   1   1   572   1   1   361   1   47   
1   19   1   1   553   1   1   382   1   50   
1   22   1   1   556   1   1   377   1   49   
1   25   1   1   563   1   1   365   1   51   
1   24   1   1   549   1   1   375   1   56   
1   21   1   1   525   1   1   400   1   58   
1   21   1   1   528   1   1   397   1   58   
1   21   1   1   530   1   1   391   1   62   
1   23   1   1   520   1   1   395   1   66   
1   18   1   1   529   1   1   392   1   65   
1   22   1   1   534   1   1   375   1   73   
1   21   1   1   533   1   1   375   1   75   
1   18   1   1   526   1   1   379   1   81   
1   23   1   1   512   1   1   392   1   77   
1   27   1   1   516   1   1   377   1   84   
1   27   1   1   513   1   1   375   1   89   
1   31   1   1   502   1   1   385   1   86   
1   34   1   1   512   1   1   379   1   79   
1   30   1   1   523   1   1   373   1   78   
1   27   1   1   534   1   1   369   1   74   
1   21   1   1   529   1   1   378   1   76   
1   23   1   1   530   1   1   393   1   58   
1   23   1   1   519   1   1   395   1   67   
1   22   1   1   516   1   1   403   1   63   
1   22   1   1   513   1   1   402   1   67   
1   22   1   1   527   1   1   392   1   63   
1   21   1   1   521   1   1   394   1   68   
1   23   1   1   515   1   1   391   1   75   
1   25   1   1   531   1   1   377   1   71   
1   19   1   1   540   1   1   371   1   74   
1   18   1   1   527   1   1   384   1   75   
1   23   1   1   525   1   1   393   1   63   
1   23   1   1   527   1   1   394   1   60   
1   26   1   1   505   1   1   403   1   70   
1   21   1   1   509   1   1   405   1   69   
1   26   1   1   493   1   1   416   1   69   
1   28   1   1   492   1   1   418   1   66   
1   24   1   1   491   1   1   422   1   67   
1   28   1   1   483   1   1   428   1   65   
1   26   1   1   473   1   1   442   1   63   
1   25   1   1   473   1   1   449   1   57   
1   25   1   1   481   1   1   444   1   54   
1   28   1   1   484   1   1   438   1   54   
1   28   1   1   496   1   1   421   1   59   
1   23   1   1   510   1   1   417   1   54   
1   17   1   1   507   1   1   426   1   54   
1   22   1   1   513   1   1   412   1   57   
1   22   1   1   504   1   1   421   1   57   
1   22   1   1   487   1   1   446   1   49   
1   29   1   1   496   1   1   431   1   48   
1   34   1   1   486   1   1   431   1   53   
1   35   1   1   478   1   1   438   1   53   
1   32   1   1   490   1   1   428   1   54   
1   34   1   1   492   1   1   430   1   48   
1   35   1   1   495   1   1   416   1   58   
1   34   1   1   495   1   1   409   1   66   
1   31   1   1   488   1   1   421   1   64   
1   22   1   1   497   1   1   417   1   68   
1   22   1   1   502   1   1   423   1   57   
1   25   1   1   502   1   1   416   1   61   
1   28   1   1   516   1   1   405   1   55   
1   31   1   1   531   1   1   380   1   62   
1   31   1   1   525   1   1   388   1   60   
1   31   1   1   536   1   1   383   1   54   
1   32   1   1   539   1   1   388   1   45   
1   28   1   1   526   1   1   409   1   41   
1   27   1   1   535   1   1   401   1   41   
1   28   1   1   527   1   1   413   1   36   
1   27   1   1   534   1   1   408   1   35   
1   20   1   1   522   1   1   423   1   39   
1   18   1   1   513   1   1   434   1   39   
1   20   1   1   516   1   1   430   1   38   
1   16   1   1   528   1   1   421   1   39   
1   15   1   1   524   1   1   429   1   36   
1   14   1   1   525   1   1   426   1   39   
1   15   1   1   527   1   1   411   1   51   
1   16   1   1   528   1   1   403   1   57   
1   19   1   1   534   1   1   392   1   59   
1   22   1   1   529   1   1   399   1   54   
1   18   1   1   541   1   1   395   1   50   
1   18   1   1   525   1   1   408   1   53   
1   15   1   1   542   1   1   393   1   54   
1   12   1   1   555   1   1   386   1   51   
1   14   1   1   560   1   1   375   1   55   
1   14   1   1   552   1   1   385   1   53   
1   16   1   1   549   1   1   383   1   56   
1   13   1   1   564   1   1   362   1   65   
1   15   1   1   540   1   1   378   1   71   
1   16   1   1   540   1   1   369   1   79   
1   16   1   1   545   1   1   365   1   78   
1   18   1   1   543   1   1   371   1   72   
1   20   1   1   543   1   1   361   1   80   
1   18   1   1   557   1   1   355   1   74   
1   13   1   1   556   1   1   361   1   74   
1   9   1   1   554   1   1   359   1   82   
1   8   1   1   563   1   1   342   1   91   
1   8   1   1   558   1   1   349   1   89   
1   5   1   1   565   1   1   346   1   88   
1   6   1   1   562   1   1   344   1   92   
1   9   1   1   557   1   1   348   1   90   
1   9   1   1   585   1   1   330   1   80   
1   10   1   1   592   1   1   322   1   80   
1   7   1   1   584   1   1   333   1   80   
1   10   1   1   583   1   1   330   1   81   
1   13   1   1   593   1   1   330   1   68   
1   15   1   1   570   1   1   348   1   71   
1   16   1   1   577   1   1   343   1   68   
1   14   1   1   580   1   1   355   1   55   
1   14   1   1   598   1   1   337   1   55   
1   13   1   1   599   1   1   325   1   67   
1   13   1   1   598   1   1   326   1   67   
1   14   1   1   609   1   1   307   1   74   
1   11   1   1   624   1   1   298   1   71   
1   9   1   1   622   1   1   292   1   81   
1   9   1   1   617   1   1   293   1   85   
1   10   1   1   622   1   1   283   1   89   
1   6   1   1   639   1   1   279   1   80   
1   7   1   1   637   1   1   277   1   83   
1   9   1   1   640   1   1   283   1   72   
1   11   1   1   636   1   1   287   1   70   
1   9   1   1   629   1   1   295   1   71   
1   10   1   1   622   1   1   309   1   63   
1   14   1   1   622   1   1   313   1   55   
1   15   1   1   597   1   1   330   1   62   
1   11   1   1   606   1   1   339   1   48   
1   13   1   1   620   1   1   324   1   47   
1   18   1   1   625   1   1   325   1   36   
1   16   1   1   613   1   1   339   1   36   
1   20   1   1   610   1   1   333   1   41   
1   19   1   1   605   1   1   331   1   49   
1   20   1   1   625   1   1   316   1   43   
1   21   1   1   604   1   1   337   1   42   
1   20   1   1   598   1   1   341   1   45   
1   20   1   1   591   1   1   345   1   48   
1   17   1   1   615   1   1   322   1   50   
1   19   1   1   608   1   1   320   1   57   
1   15   1   1   619   1   1   313   1   57   
1   13   1   1   611   1   1   320   1   60   
1   12   1   1   624   1   1   309   1   59   
1   12   1   1   613   1   1   317   1   62   
1   10   1   1   608   1   1   313   1   73   
1   8   1   1   616   1   1   303   1   77   
1   9   1   1   606   1   1   312   1   77   
1   8   1   1   610   1   1   311   1   75   
1   9   1   1   617   1   1   308   1   70   
1   10   1   1   614   1   1   302   1   78   
1   8   1   1   620   1   1   296   1   80   
1   10   1   1   625   1   1   288   1   81   
1   10   1   1   639   1   1   273   1   82   
1   11   1   1   626   1   1   278   1   89   
1   10   1   1   608   1   1   290   1   96   
1   9   1   1   580   1   1   313   1   102   
1   9   1   1   582   1   1   312   1   101   
1   10   1   1   569   1   1   324   1   101   
1   10   1   1   584   1   1   310   1   100   
1   12   1   1   587   1   1   298   1   107   
1   13   1   1   584   1   1   298   1   109   
1   15   1   1   564   1   1   314   1   111   
1   16   1   1   577   1   1   306   1   105   
1   18   1   1   574   1   1   299   1   113   
1   23   1   1   578   1   1   287   1   116   
1   19   1   1   579   1   1   293   1   113   
1   18   1   1   580   1   1   289   1   117   
1   17   1   1   567   1   1   287   1   133   
1   21   1   1   560   1   1   281   1   142   
1   19   1   1   573   1   1   265   1   147   
1   23   1   1   579   1   1   261   1   141   
1   26   1   1   569   1   1   256   1   153   
1   27   1   1   568   1   1   270   1   139   
1   28   1   1   550   1   1   285   1   141   
1   26   1   1   557   1   1   290   1   131   
1   21   1   1   574   1   1   282   1   127   
1   23   1   1   578   1   1   283   1   120   
1   23   1   1   573   1   1   284   1   124   
1   22   1   1   581   1   1   273   1   128   
1   16   1   1   584   1   1   292   1   112   
1   14   1   1   579   1   1   301   1   110   
1   13   1   1   598   1   1   278   1   115   
1   13   1   1   595   1   1   283   1   113   
1   11   1   1   610   1   1   272   1   111   
1   15   1   1   602   1   1   277   1   110   
1   18   1   1   612   1   1   263   1   111   
1   9   1   1   600   1   1   277   1   118   
1   6   1   1   614   1   1   267   1   117   
1   9   1   1   614   1   1   266   1   115   
1   8   1   1   619   1   1   264   1   113   
1   6   1   1   631   1   1   267   1   100   
1   7   1   1   627   1   1   269   1   101   
1   8   1   1   634   1   1   258   1   104   
1   6   1   1   641   1   1   251   1   106   
1   8   1   1   641   1   1   258   1   97   
1   8   1   1   651   1   1   251   1   94   
1   6   1   1   639   1   1   260   1   99   
1   7   1   1   617   1   1   268   1   112   
1   10   1   1   615   1   1   259   1   120   
1   11   1   1   603   1   1   271   1   119   
1   7   1   1   602   1   1   272   1   123   
1   7   1   1   610   1   1   275   1   112   
1   5   1   1   606   1   1   278   1   115   
1   5   1   1   614   1   1   273   1   112   
1   5   1   1   608   1   1   265   1   126   
1   1   1   1   1   1   1   1   1   1   
1   1   1   1   1   1   1   1   1   1   
1   1   1   1   1   1   1   1   1   1   
1   1   1   1   1   1   1   1   1   1   
1   1   1   1   1   1   1   1   1   1   
1   1   1   1   1   1   1   1   1   1   
1   1   1   1   1   1   1   1   1   1   
1   1   1   1   1   1   1   1   1   1   
1   1   1   1   1   1   1   1   1   1   
1   1   1   1   1   1   1   1   1   1   
1   1   1   1   1   1   1   1   1   1   
