126   126   126   126   126   126   126   126   
133   131   129   137   125   129   108   116   
136   126   130   135   128   137   104   112   
144   126   137   144   120   121   99   117   
159   124   132   148   116   115   94   120   
154   116   135   165   123   104   93   118   
155   111   144   169   110   112   91   116   
159   121   148   155   101   113   89   122   
168   134   137   151   99   100   91   128   
175   129   139   146   111   106   85   117   
186   130   137   130   116   114   83   112   
191   126   147   123   113   109   79   120   
188   122   150   121   115   102   77   133   
206   120   151   121   107   115   67   121   
198   125   141   118   118   121   61   126   
200   125   134   115   118   121   65   130   
217   120   133   130   114   105   63   126   
222   114   138   139   104   115   56   120   
222   129   148   128   105   108   59   109   
224   119   161   126   109   96   52   121   
217   121   154   133   107   101   56   119   
222   120   158   135   111   105   53   104   
227   112   149   138   110   105   51   116   
229   117   150   129   115   101   50   117   
207   119   158   132   110   103   58   121   
218   129   152   130   100   96   62   121   
216   121   149   131   100   103   74   114   
223   127   147   129   103   92   74   113   
216   144   141   130   105   83   74   115   
225   142   128   128   105   93   75   112   
226   147   131   118   108   95   76   107   
234   126   135   122   100   107   71   113   
230   118   144   120   104   110   69   113   
237   120   158   125   96   93   70   109   
234   127   155   130   97   86   73   106   
215   137   155   128   95   89   76   113   
210   135   150   134   98   79   88   114   
202   132   152   138   98   75   82   129   
189   126   157   150   101   79   85   121   
192   125   149   156   95   83   79   129   
209   123   150   147   95   85   76   123   
220   120   173   153   81   86   67   108   
217   117   173   158   79   87   67   110   
216   119   190   155   82   80   69   97   
224   118   197   153   81   81   65   89   
231   114   185   163   92   83   54   86   
207   117   191   176   94   83   58   82   
194   119   192   176   96   86   60   85   
184   123   203   177   93   80   58   90   
184   108   216   178   102   79   58   83   
169   110   221   178   99   90   55   86   
150   110   236   169   95   98   56   94   
151   104   239   163   101   92   63   95   
158   103   241   159   99   85   62   101   
161   95   233   171   101   98   56   93   
170   93   223   173   91   104   60   94   
168   93   213   170   98   99   70   97   
170   95   215   158   110   102   58   100   
179   98   204   160   106   107   47   107   
173   102   212   158   106   109   45   103   
163   107   218   152   109   107   47   105   
173   99   221   151   106   103   42   113   
166   101   225   146   97   116   37   120   
171   104   240   146   96   97   37   117   
158   103   242   162   105   88   33   117   
142   109   247   158   112   86   29   125   
152   110   238   149   118   84   22   135   
151   111   251   151   114   83   18   129   
145   111   251   156   107   76   20   142   
161   108   243   154   96   81   26   139   
152   113   239   149   101   83   26   145   
160   96   226   148   104   88   27   159   
159   100   220   152   111   79   27   160   
176   100   211   145   109   80   26   161   
170   111   201   151   109   73   28   165   
164   111   208   154   106   74   31   160   
169   117   216   147   100   71   33   155   
166   121   228   139   92   69   31   162   
167   122   233   138   95   71   35   147   
174   105   235   147   100   64   34   149   
171   104   228   155   105   71   30   144   
171   96   214   159   112   64   40   152   
165   97   223   155   105   63   38   162   
176   100   217   151   102   68   33   161   
198   105   209   133   91   72   29   171   
194   99   207   132   94   79   31   172   
200   99   212   137   93   81   31   155   
209   101   209   140   89   83   26   151   
195   103   220   145   88   86   25   146   
186   110   222   142   82   90   27   149   
187   107   233   133   81   92   29   146   
179   113   226   131   78   94   36   151   
177   120   228   130   75   93   37   148   
193   124   229   126   74   92   33   137   
179   125   257   120   65   84   36   142   
182   124   268   110   71   81   28   144   
180   138   263   109   57   85   31   145   
179   144   259   112   63   88   30   133   
169   151   250   114   75   94   25   130   
154   151   266   121   68   88   23   137   
141   152   269   119   70   85   26   146   
146   158   252   118   62   88   27   157   
141   149   257   126   63   85   30   157   
131   144   259   125   61   85   28   175   
130   141   261   115   58   88   27   188   
122   160   268   102   52   91   26   187   
145   167   268   87   53   86   27   175   
141   172   273   77   52   94   31   168   
136   169   275   84   45   102   32   165   
127   174   263   90   41   109   38   166   
131   179   250   93   46   109   40   160   
136   164   235   99   55   101   42   176   
133   161   235   100   51   96   50   182   
119   166   255   93   45   95   50   185   
116   167   259   93   49   96   49   179   
111   165   255   92   55   93   46   191   
92   177   256   92   64   86   48   193   
98   182   243   88   68   97   48   184   
105   172   251   92   63   98   50   177   
107   156   252   94   70   102   45   182   
98   159   256   87   70   99   51   188   
94   170   249   95   77   101   46   176   
94   166   244   97   90   95   58   164   
102   144   245   98   86   100   62   171   
109   159   238   92   86   93   65   166   
110   153   219   89   94   99   60   184   
108   145   218   91   96   104   59   187   
110   141   225   94   89   93   62   194   
111   136   218   97   91   98   62   195   
105   136   208   105   96   108   73   177   
106   139   206   104   85   106   72   190   
104   128   194   114   85   101   79   203   
110   126   194   107   80   103   71   217   
107   128   203   98   86   108   62   216   
103   132   218   93   88   99   60   215   
103   129   222   95   87   104   51   217   
103   124   228   91   82   105   47   228   
98   130   241   95   73   103   48   220   
86   135   239   93   68   101   53   233   
84   134   236   91   64   113   48   238   
85   135   234   96   60   126   47   225   
81   139   233   99   50   134   43   229   
73   134   228   109   45   138   45   236   
76   123   232   131   44   132   39   231   
79   119   231   138   49   128   40   224   
69   116   233   143   36   138   46   227   
67   114   233   147   35   139   51   222   
72   104   243   134   34   148   47   226   
71   110   251   120   39   151   42   224   
71   103   272   114   36   154   41   217   
75   100   276   116   36   154   43   208   
76   108   289   117   33   146   45   194   
72   119   281   122   38   128   50   198   
73   129   275   119   39   128   50   195   
81   127   278   124   40   119   45   194   
85   120   263   123   38   128   52   199   
71   119   267   121   42   128   59   201   
66   110   268   132   45   131   57   199   
61   115   267   144   55   132   51   183   
69   115   261   153   53   125   47   185   
56   104   285   163   53   125   54   168   
59   105   284   176   52   125   55   152   
56   108   291   165   41   127   58   162   
50   110   307   146   41   133   52   169   
47   108   287   138   50   136   57   185   
49   108   268   140   52   144   68   179   
40   100   262   133   58   150   65   200   
45   100   266   128   54   144   68   203   
43   109   262   126   52   153   70   193   
49   111   272   117   49   158   64   188   
54   112   257   124   52   156   60   193   
51   114   250   125   55   159   66   188   
50   111   245   126   63   149   70   194   
52   127   225   130   61   146   69   198   
51   125   230   128   60   140   70   204   
51   126   230   141   57   129   69   205   
53   132   236   144   57   121   58   207   
54   140   229   136   52   123   62   212   
49   132   231   143   53   120   57   223   
52   131   218   149   47   121   67   223   
40   125   222   144   42   124   74   237   
32   137   222   137   46   103   83   248   
32   137   230   130   52   89   75   263   
30   126   233   119   52   90   80   278   
39   131   233   115   50   88   84   268   
46   116   231   118   54   100   88   255   
56   106   232   115   48   99   96   256   
60   98   234   118   48   96   103   251   
52   102   217   117   47   106   110   257   
50   115   198   106   47   107   112   273   
52   103   201   107   49   110   116   270   
58   107   201   100   59   91   115   277   
62   99   199   87   63   102   113   283   
59   97   196   99   61   100   113   283   
62   102   187   98   62   107   105   285   
62   100   177   95   61   110   106   297   
61   99   171   97   65   114   108   293   
52   115   177   93   67   112   114   278   
47   105   173   98   71   108   120   286   
42   102   177   106   72   102   117   290   
43   102   159   104   74   103   117   306   
37   105   170   95   79   99   112   311   
37   109   172   86   89   86   108   321   
37   113   167   82   88   87   117   317   
38   114   153   77   91   86   121   328   
42   114   142   75   104   79   122   330   
41   119   131   66   103   85   125   338   
37   124   129   68   105   83   114   348   
31   132   138   65   110   75   108   349   
31   136   136   70   100   71   99   365   
29   147   131   63   108   67   95   368   
27   155   129   58   104   79   104   352   
27   151   148   66   100   72   107   337   
27   153   151   58   86   89   105   339   
28   161   155   57   82   88   109   328   
27   161   158   52   90   87   117   316   
29   166   157   61   89   88   118   300   
29   177   139   72   96   77   110   308   
30   182   134   76   89   81   102   314   
32   173   118   80   91   89   102   323   
32   180   114   69   94   96   105   318   
34   174   112   68   102   90   113   315   
36   172   107   64   119   92   106   312   
33   169   110   64   114   90   105   323   
29   154   119   64   109   99   100   334   
38   147   118   73   92   114   96   330   
32   148   136   68   84   110   88   342   
32   139   131   59   84   120   84   359   
37   149   121   60   87   119   88   347   
39   144   124   61   83   126   85   346   
30   140   113   71   84   124   92   354   
30   143   110   71   77   124   94   359   
28   143   103   75   81   140   96   342   
23   162   88   83   84   134   94   340   
23   152   91   83   87   134   97   341   
24   131   97   85   86   135   102   348   
19   128   99   91   94   144   102   331   
25   131   104   89   88   139   110   322   
22   128   114   92   87   138   103   324   
23   138   103   88   84   154   99   319   
28   138   106   88   79   157   97   315   
26   143   105   86   81   164   91   312   
25   134   98   89   76   166   94   326   
20   135   99   96   76   164   96   322   
21   140   83   103   71   161   92   337   
18   126   87   108   72   163   102   332   
12   122   77   104   81   174   107   331   
9   121   76   92   79   179   99   353   
11   123   84   87   78   178   93   354   
13   124   77   95   78   186   89   346   
11   118   79   96   74   189   97   344   
6   113   88   88   76   196   97   344   
6   112   87   86   72   183   100   362   
6   105   90   87   81   172   91   376   
5   93   92   87   83   184   96   368   
4   95   97   91   85   193   89   354   
4   83   107   95   89   197   83   350   
3   83   104   96   92   194   81   355   
4   73   101   101   94   196   80   359   
3   70   86   99   102   204   80   364   
3   69   82   101   94   186   78   395   
3   73   90   101   85   180   79   397   
3   68   106   102   86   184   78   381   
3   72   115   97   100   185   60   376   
4   72   112   91   110   195   50   374   
5   75   101   89   115   182   50   391   
6   72   101   90   128   159   52   400   
6   67   106   86   123   141   61   418   
9   63   101   81   120   144   59   431   
4   63   106   97   110   145   59   424   
3   61   118   91   112   152   58   413   
3   61   122   95   104   147   52   424   
4   62   126   94   97   155   48   422   
3   69   117   89   97   157   43   433   
4   68   114   95   85   164   43   435   
4   73   116   90   76   161   53   435   
5   69   117   84   81   171   52   429   
3   68   118   88   77   180   50   424   
3   75   108   86   66   179   45   446   
2   86   113   80   71   176   52   428   
1   90   114   85   63   192   45   418   
1   83   116   73   65   179   58   433   
1   79   123   70   59   186   54   436   
1   71   118   71   62   193   51   441   
1   83   115   69   68   197   56   419   
1   92   113   64   72   191   60   415   
1   99   119   70   77   172   51   419   
1   100   123   81   75   164   43   421   
1   107   129   80   67   159   42   423   
1   96   133   84   67   151   44   432   
1   103   132   75   71   159   36   431   
1   97   127   77   63   161   45   437   
1   94   139   73   67   161   46   427   
1   90   141   75   71   147   49   434   
1   87   143   78   77   144   42   436   
1   93   149   74   77   143   42   429   
1   94   154   66   76   128   52   437   
1   102   155   66   73   131   50   430   
1   102   172   68   76   112   52   425   
1   111   171   60   70   108   50   437   
1   123   170   67   62   102   46   437   
1   119   179   65   68   100   37   439   
1   110   181   73   72   103   38   430   
1   101   184   76   74   107   42   423   
1   92   177   79   87   99   43   430   
1   102   189   86   80   93   42   415   
1   95   181   82   75   88   45   441   
1   92   185   84   77   90   42   437   
1   87   173   89   69   86   51   452   
1   75   184   83   65   92   53   455   
1   74   182   84   75   94   53   445   
1   77   186   92   78   83   54   437   
1   84   169   106   76   91   53   428   
1   81   167   107   82   89   50   431   
1   88   166   106   80   93   49   425   
1   85   157   113   73   94   41   444   
1   89   158   110   71   97   46   436   
1   83   145   112   76   92   53   446   
1   88   141   112   71   98   52   445   
1   84   135   116   67   97   45   463   
1   79   125   116   68   98   42   479   
1   79   120   113   76   101   54   464   
1   77   120   112   85   103   52   458   
1   74   120   106   92   110   56   449   
1   76   113   109   86   101   61   461   
1   72   111   111   93   85   69   466   
1   69   111   107   98   85   69   468   
1   66   113   105   97   91   73   462   
1   60   120   102   105   80   79   461   
1   51   122   109   115   85   74   451   
1   39   126   110   117   87   75   453   
1   41   138   111   120   83   67   447   
1   33   141   120   118   83   62   450   
1   30   143   125   111   82   72   444   
1   32   146   111   122   75   70   451   
1   30   149   117   113   88   71   439   
1   35   153   120   100   96   69   434   
1   32   145   120   101   91   81   437   
1   38   135   117   104   97   66   450   
1   41   127   122   98   95   70   454   
1   44   125   125   99   104   65   445   
1   39   122   115   96   109   67   459   
1   43   127   117   86   96   66   472   
1   41   127   120   89   92   71   467   
1   42   119   124   77   89   74   482   
1   43   131   112   75   83   75   488   
1   49   135   110   67   77   83   486   
1   49   135   118   68   70   84   483   
1   36   145   113   72   70   82   489   
1   33   147   112   72   70   87   486   
1   26   127   124   73   71   87   499   
1   23   130   123   66   70   86   509   
1   24   139   124   65   62   90   503   
1   21   137   110   66   67   91   515   
1   20   129   105   66   70   87   530   
1   23   133   110   71   74   90   506   
1   23   134   107   66   77   96   504   
1   26   125   100   77   81   89   509   
1   24   127   107   80   82   86   501   
1   25   132   111   87   85   71   496   
1   24   133   116   90   78   75   491   
1   23   126   112   89   80   80   497   
1   25   130   111   84   87   74   496   
1   21   139   95   91   90   66   505   
1   17   136   94   85   94   63   518   
1   12   145   81   89   95   49   536   
1   10   147   79   89   97   46   539   
1   9   133   81   86   98   44   556   
1   8   128   85   90   93   43   560   
1   10   125   76   97   103   47   549   
1   9   114   82   113   95   53   541   
1   9   114   84   114   94   49   543   
1   9   110   82   116   93   40   557   
1   9   115   82   119   93   43   546   
1   10   99   86   120   90   47   555   
1   9   101   88   120   87   51   551   
1   10   101   75   123   84   48   566   
1   7   101   65   132   88   54   560   
1   8   103   61   127   90   55   563   
1   4   101   59   123   101   56   563   
1   4   99   66   120   92   56   570   
1   5   100   63   129   92   57   561   
1   3   111   67   125   95   61   545   
1   4   114   73   121   106   60   529   
1   4   109   78   121   98   67   530   
1   5   102   74   112   107   72   535   
1   6   89   80   117   112   71   532   
1   6   94   80   103   107   76   541   
1   8   85   71   114   106   80   543   
1   7   84   70   114   110   74   548   
1   9   84   75   112   116   71   540   
1   6   87   73   113   122   65   541   
1   7   86   74   107   132   64   537   
1   9   92   75   100   118   71   542   
1   11   90   86   107   128   69   516   
1   13   96   85   107   124   59   523   
1   10   84   84   113   117   55   544   
1   7   80   91   111   125   59   534   
1   7   83   100   106   118   58   535   
1   7   81   91   99   119   64   546   
1   7   74   82   95   133   62   554   
1   7   71   89   77   143   66   554   
1   5   77   91   78   133   61   562   
1   8   72   85   83   134   72   553   
1   11   70   75   99   133   77   542   
1   8   64   76   88   144   74   553   
1   4   72   77   84   148   82   540   
1   6   81   81   83   149   71   536   
1   4   67   81   65   167   70   553   
1   6   59   86   69   151   79   557   
1   7   67   83   62   162   80   546   
1   3   66   81   64   158   70   565   
1   3   59   82   66   163   64   570   
1   3   53   82   69   142   66   592   
1   4   56   82   74   145   68   578   
1   4   67   87   71   136   72   570   
1   5   63   101   65   135   78   560   
1   4   56   107   65   138   84   553   
1   2   57   111   63   137   85   552   
1   2   53   111   70   151   82   538   
1   1   48   104   77   144   69   564   
1   1   50   116   66   148   68   558   
1   1   49   130   63   147   64   553   
1   1   45   136   62   150   65   548   
1   1   52   137   76   149   66   526   
1   1   58   135   69   141   68   535   
1   1   57   125   64   143   72   545   
1   1   52   125   68   144   68   549   
1   1   45   129   65   147   67   553   
1   1   42   127   73   144   57   563   
1   1   46   130   72   154   59   545   
1   1   40   121   72   149   65   559   
1   1   38   122   74   160   63   549   
1   1   42   116   72   161   66   549   
1   1   41   120   66   168   65   546   
1   1   44   115   71   174   60   542   
1   1   45   118   75   170   52   546   
1   1   38   120   79   171   54   544   
1   1   42   130   76   151   53   554   
1   1   44   136   69   152   57   548   
1   1   35   144   73   152   60   542   
1   1   29   135   79   147   58   558   
1   1   24   143   69   152   58   560   
1   1   25   135   66   153   62   565   
1   1   29   141   67   155   70   544   
1   1   27   133   60   150   71   565   
1   1   26   141   57   142   75   565   
1   1   29   150   57   144   68   558   
1   1   28   146   61   156   64   551   
1   1   20   149   57   151   66   563   
1   1   18   141   57   147   74   569   
1   1   17   157   54   154   71   553   
1   1   14   165   48   166   70   543   
1   1   19   152   48   153   76   558   
1   1   19   164   45   147   73   558   
1   1   14   156   46   133   77   580   
1   1   10   161   39   139   81   576   
1   1   10   155   34   148   91   568   
1   1   9   154   36   154   90   563   
1   1   7   149   41   149   90   570   
1   1   6   141   42   150   97   570   
1   1   6   138   43   134   109   576   
1   1   5   137   46   135   117   566   
1   1   3   136   46   142   120   559   
1   1   3   146   38   137   118   564   
1   1   3   130   43   133   126   571   
1   1   4   132   41   145   125   559   
1   1   6   132   55   139   123   551   
1   1   7   134   68   148   118   531   
1   1   9   134   61   146   128   528   
1   1   11   133   62   152   121   527   
1   1   9   134   61   159   110   533   
1   1   6   122   65   162   114   537   
1   1   5   115   65   162   120   539   
1   1   5   117   77   149   110   548   
1   1   6   118   81   145   111   545   
1   1   6   126   83   147   106   538   
1   1   5   118   85   149   108   541   
1   1   6   106   74   149   135   536   
1   1   6   103   74   164   139   520   
1   1   4   115   76   161   147   503   
1   1   6   119   81   166   139   495   
1   1   8   122   84   163   130   499   
1   1   7   123   86   168   122   500   
1   1   11   117   93   168   116   501   
1   1   11   120   81   171   121   502   
1   1   16   128   77   182   107   496   
1   1   18   126   72   161   99   530   
1   1   16   124   66   170   90   540   
1   1   19   133   60   176   91   527   
1   1   18   140   61   184   79   524   
1   1   17   131   60   183   78   537   
1   1   16   136   53   186   81   534   
1   1   15   128   50   201   75   537   
1   1   15   122   46   209   80   534   
1   1   17   121   46   217   77   528   
1   1   17   131   46   216   68   528   
1   1   19   123   39   221   74   530   
1   1   24   131   35   218   75   523   
1   1   1   1   1   1   1   1   
1   1   1   1   1   1   1   1   
1   1   1   1   1   1   1   1   
1   1   1   1   1   1   1   1   
1   1   1   1   1   1   1   1   
1   1   1   1   1   1   1   1   
1   1   1   1   1   1   1   1   
1   1   1   1   1   1   1   1   
1   1   1   1   1   1   1   1   
1   1   1   1   1   1   1   1   
1   1   1   1   1   1   1   1   
1   1   1   1   1   1   1   1   
1   1   1   1   1   1   1   1   
1   1   1   1   1   1   1   1   
1   1   1   1   1   1   1   1   
1   1   1   1   1   1   1   1   
1   1   1   1   1   1   1   1   
1   1   1   1   1   1   1   1   
1   1   1   1   1   1   1   1   
1   1   1   1   1   1   1   1   
1   1   1   1   1   1   1   1   
1   1   1   1   1   1   1   1   
1   1   1   1   1   1   1   1   
1   1   1   1   1   1   1   1   
1   1   1   1   1   1   1   1   
1   1   1   1   1   1   1   1   
1   1   1   1   1   1   1   1   
1   1   1   1   1   1   1   1   
1   1   1   1   1   1   1   1   
1   1   1   1   1   1   1   1   
1   1   1   1   1   1   1   1   
1   1   1   1   1   1   1   1   
1   1   1   1   1   1   1   1   
1   1   1   1   1   1   1   1   
1   1   1   1   1   1   1   1   
1   1   1   1   1   1   1   1   
1   1   1   1   1   1   1   1   
1   1   1   1   1   1   1   1   
1   1   1   1   1   1   1   1   
1   1   1   1   1   1   1   1   
1   1   1   1   1   1   1   1   
1   1   1   1   1   1   1   1   
1   1   1   1   1   1   1   1   
1   1   1   1   1   1   1   1   
1   1   1   1   1   1   1   1   
1   1   1   1   1   1   1   1   
1   1   1   1   1   1   1   1   
1   1   1   1   1   1   1   1   
1   1   1   1   1   1   1   1   
1   1   1   1   1   1   1   1   
1   1   1   1   1   1   1   1   
1   1   1   1   1   1   1   1   
1   1   1   1   1   1   1   1   
1   1   1   1   1   1   1   1   
1   1   1   1   1   1   1   1   
1   1   1   1   1   1   1   1   
1   1   1   1   1   1   1   1   
1   1   1   1   1   1   1   1   
1   1   1   1   1   1   1   1   
1   1   1   1   1   1   1   1   
1   1   1   1   1   1   1   1   
1   1   1   1   1   1   1   1   
1   1   1   1   1   1   1   1   
1   1   1   1   1   1   1   1   
1   1   1   1   1   1   1   1   
1   1   1   1   1   1   1   1   
1   1   1   1   1   1   1   1   
1   1   1   1   1   1   1   1   
1   1   1   1   1   1   1   1   
1   1   1   1   1   1   1   1   
1   1   1   1   1   1   1   1   
1   1   1   1   1   1   1   1   
1   1   1   1   1   1   1   1   
1   1   1   1   1   1   1   1   
1   1   1   1   1   1   1   1   
1   1   1   1   1   1   1   1   
1   1   1   1   1   1   1   1   
1   1   1   1   1   1   1   1   
1   1   1   1   1   1   1   1   
1   1   1   1   1   1   1   1   
1   1   1   1   1   1   1   1   
1   1   1   1   1   1   1   1   
1   1   1   1   1   1   1   1   
1   1   1   1   1   1   1   1   
1   1   1   1   1   1   1   1   
1   1   1   1   1   1   1   1   
1   1   1   1   1   1   1   1   
1   1   1   1   1   1   1   1   
1   1   1   1   1   1   1   1   
1   1   1   1   1   1   1   1   
1   1   1   1   1   1   1   1   
1   1   1   1   1   1   1   1   
1   1   1   1   1   1   1   1   
1   1   1   1   1   1   1   1   
1   1   1   1   1   1   1   1   
1   1   1   1   1   1   1   1   
1   1   1   1   1   1   1   1   
1   1   1   1   1   1   1   1   
1   1   1   1   1   1   1   1   
1   1   1   1   1   1   1   1   
1   1   1   1   1   1   1   1   
1   1   1   1   1   1   1   1   
