201   201   201   201   201   
201   207   217   192   188   
214   200   213   173   205   
216   200   214   164   211   
218   205   204   153   225   
211   212   200   154   228   
200   213   198   161   233   
201   233   194   145   232   
190   229   196   143   247   
179   234   204   156   232   
169   244   213   153   226   
160   249   208   157   231   
154   255   202   159   235   
143   272   196   158   236   
157   262   194   163   229   
154   256   195   164   236   
147   265   217   161   215   
137   278   209   165   216   
138   286   209   164   208   
145   257   214   182   207   
147   255   212   180   211   
146   253   219   182   205   
142   260   220   168   215   
140   240   238   173   214   
142   246   238   175   204   
135   262   235   157   216   
145   269   230   156   205   
132   287   240   156   190   
137   287   225   169   187   
135   295   230   163   182   
128   306   241   147   183   
138   304   236   151   176   
150   300   238   144   173   
154   304   247   140   160   
153   308   244   132   168   
152   328   223   133   169   
158   325   216   133   173   
151   340   212   126   176   
140   335   226   126   178   
138   326   227   140   174   
147   319   229   134   176   
158   329   215   126   177   
162   339   215   117   172   
167   342   208   121   167   
175   330   221   115   164   
168   333   223   114   167   
176   333   220   117   159   
166   334   233   108   164   
178   320   241   103   163   
181   303   241   110   170   
174   305   248   114   164   
184   290   251   107   173   
182   290   266   101   166   
174   295   263   105   168   
195   289   256   107   158   
197   295   264   100   149   
201   273   279   109   143   
198   281   290   99   137   
192   272   302   109   130   
194   263   301   111   136   
194   264   299   111   137   
194   269   312   98   132   
193   278   295   102   137   
197   274   291   101   142   
193   256   297   106   153   
200   233   304   116   152   
183   248   288   126   160   
188   235   282   139   161   
206   234   284   127   154   
206   239   291   116   153   
205   224   301   120   155   
209   228   291   122   155   
220   232   293   128   132   
229   234   282   135   125   
236   245   277   127   120   
233   250   282   123   117   
231   269   277   124   104   
236   276   274   119   100   
240   281   255   118   111   
246   278   263   111   107   
251   264   272   111   107   
255   261   278   107   104   
266   268   273   96   102   
267   275   270   89   104   
252   280   267   100   106   
248   278   276   94   109   
247   257   282   104   115   
238   256   300   98   113   
247   250   298   94   116   
242   252   291   99   121   
251   231   301   91   131   
252   227   317   86   123   
262   212   296   99   136   
248   225   289   103   140   
232   221   295   114   143   
216   220   303   110   156   
201   227   303   110   164   
192   221   311   110   171   
196   213   308   115   173   
202   214   314   118   157   
202   218   325   113   147   
209   224   316   108   148   
198   234   314   115   144   
211   230   315   120   129   
202   230   323   113   137   
198   220   331   116   140   
199   210   342   108   146   
195   214   342   105   149   
191   211   341   108   154   
176   213   345   117   154   
172   229   340   117   147   
169   243   331   118   144   
167   232   334   126   146   
175   225   321   134   150   
158   234   324   144   145   
155   230   323   149   148   
151   244   327   147   136   
150   243   323   144   145   
149   250   313   158   135   
145   249   329   147   135   
143   253   340   148   121   
146   248   347   152   112   
149   222   389   131   114   
141   216   379   139   130   
142   210   385   144   124   
140   223   390   134   118   
132   226   389   131   127   
134   240   380   119   132   
129   238   385   127   126   
121   232   392   135   125   
117   234   378   142   134   
109   223   399   132   142   
108   235   393   123   146   
99   229   403   116   158   
103   204   429   112   157   
110   181   441   117   156   
111   188   425   126   155   
122   199   423   123   138   
120   207   402   136   140   
116   211   391   142   145   
115   190   420   152   128   
116   201   419   146   123   
100   205   416   157   127   
96   193   441   151   124   
107   190   414   146   148   
95   202   411   159   138   
100   201   408   160   136   
96   187   416   164   142   
97   193   422   162   131   
102   195   419   154   135   
102   208   417   140   138   
93   208   415   149   140   
86   219   410   155   135   
94   230   391   148   142   
112   208   396   151   138   
105   219   395   153   133   
100   227   391   154   133   
94   211   402   166   132   
83   214   421   153   134   
92   214   424   140   135   
87   208   438   131   141   
88   216   435   136   130   
90   218   434   140   123   
91   217   436   143   118   
99   211   443   129   123   
89   218   442   133   123   
80   241   417   137   130   
88   254   408   136   119   
86   264   410   124   121   
87   250   427   126   115   
80   248   423   140   114   
86   244   408   153   114   
85   242   419   153   106   
79   237   432   151   106   
81   238   434   143   109   
78   223   434   157   113   
73   226   450   144   112   
76   219   451   145   114   
79   213   442   154   117   
81   197   458   154   115   
69   210   467   144   115   
65   212   458   156   114   
69   198   472   161   105   
73   178   476   175   103   
74   177   494   166   94   
64   187   487   166   101   
65   188   481   164   107   
60   191   489   170   95   
59   190   504   168   84   
63   207   490   155   90   
65   201   474   169   96   
67   188   496   149   105   
70   179   502   148   106   
67   166   524   152   96   
66   158   518   166   97   
59   169   504   175   98   
71   160   507   163   104   
78   159   511   148   109   
74   153   520   154   104   
77   155   508   153   112   
75   155   507   159   109   
77   143   512   163   110   
78   146   523   156   102   
81   162   495   166   101   
72   165   498   156   114   
73   173   491   155   113   
64   180   493   152   116   
64   184   495   139   123   
62   199   486   139   119   
57   205   485   125   133   
63   196   485   130   131   
58   204   487   126   130   
56   199   492   124   134   
60   220   484   112   129   
62   232   484   106   121   
53   213   502   112   125   
66   212   465   124   138   
60   218   477   116   134   
61   230   484   107   123   
59   247   473   109   117   
60   240   478   110   117   
65   224   485   107   124   
59   227   465   113   141   
58   243   465   119   120   
59   238   466   117   125   
61   237   468   108   131   
62   222   472   111   138   
55   228   473   110   139   
57   234   473   103   138   
46   251   472   104   132   
54   251   456   115   129   
60   251   461   99   134   
59   254   453   109   130   
67   238   447   114   139   
70   237   443   115   140   
61   243   450   116   135   
59   255   442   122   127   
64   248   449   131   113   
61   254   471   121   98   
61   266   460   117   101   
67   269   451   107   111   
63   282   441   112   107   
56   276   460   120   93   
62   270   448   126   99   
63   280   439   126   97   
56   272   452   129   96   
53   278   451   127   96   
47   284   449   127   98   
49   302   446   115   93   
48   311   429   106   111   
48   312   409   118   118   
53   311   405   126   110   
47   313   411   124   110   
48   293   437   119   108   
55   287   438   121   104   
56   281   432   124   112   
61   272   438   117   117   
62   274   420   122   127   
60   276   426   113   130   
63   273   434   103   132   
61   270   429   113   132   
61   258   445   110   131   
62   267   447   101   128   
54   269   450   102   130   
52   261   465   94   133   
49   256   474   94   132   
45   267   463   91   139   
50   263   467   94   131   
54   261   466   96   128   
51   269   453   99   133   
46   296   433   107   123   
58   285   441   108   113   
57   280   455   103   110   
60   281   446   102   116   
56   278   447   105   119   
52   266   458   106   123   
43   269   455   114   124   
40   284   443   118   120   
47   280   448   119   111   
45   289   440   119   112   
40   290   444   116   115   
38   275   458   123   111   
38   280   455   119   113   
38   278   471   113   105   
44   259   480   116   106   
35   252   498   114   106   
38   262   486   103   116   
41   276   471   98   119   
48   268   479   94   116   
43   269   480   105   108   
40   256   490   105   114   
35   250   496   109   115   
26   261   502   104   112   
23   260   493   121   108   
20   264   495   125   101   
21   260   479   133   112   
19   271   472   127   116   
18   276   464   121   126   
22   289   452   113   129   
27   289   441   115   133   
26   283   426   133   137   
24   278   422   148   133   
22   288   422   152   121   
17   285   432   161   110   
17   277   432   171   108   
15   273   437   177   103   
18   264   424   190   109   
13   254   440   184   114   
15   262   442   165   121   
18   254   439   167   127   
13   255   452   159   126   
16   237   436   187   129   
14   244   415   200   132   
15   238   425   196   131   
16   236   430   199   124   
15   230   454   186   120   
13   217   480   177   118   
14   217   475   188   111   
20   215   471   186   113   
17   214   473   188   113   
11   226   488   178   102   
12   238   482   175   98   
14   246   474   180   91   
17   235   477   192   84   
17   239   460   192   97   
16   237   470   187   95   
13   236   488   180   88   
9   228   498   186   84   
10   216   517   176   86   
13   234   488   178   92   
14   224   491   180   96   
12   226   498   173   96   
14   227   476   191   97   
16   231   468   189   101   
18   214   477   190   106   
17   211   459   208   110   
22   200   474   201   108   
27   195   473   199   111   
27   193   501   183   101   
29   190   488   199   99   
34   191   469   200   111   
37   198   453   204   113   
29   205   444   218   109   
32   207   436   216   114   
30   194   451   229   101   
24   200   462   230   89   
28   210   449   236   82   
26   224   434   227   94   
29   209   428   246   93   
28   207   429   250   91   
24   202   420   263   96   
25   209   409   268   94   
25   220   386   272   102   
24   224   377   276   104   
29   221   373   265   117   
22   221   376   264   122   
20   211   399   257   118   
18   223   413   237   114   
20   220   411   241   113   
20   226   411   239   109   
21   223   397   252   112   
21   235   404   239   106   
21   227   403   244   110   
15   213   406   244   127   
14   214   419   238   120   
11   217   419   238   120   
10   228   394   259   114   
10   219   404   253   119   
10   227   392   263   113   
8   237   382   261   117   
9   243   375   260   118   
11   258   363   256   117   
11   266   374   251   103   
14   262   365   258   106   
13   284   356   250   102   
11   303   349   250   92   
10   301   355   248   91   
8   312   346   254   85   
11   319   339   260   76   
13   333   323   267   69   
10   326   331   271   67   
9   328   340   263   65   
11   334   344   248   68   
11   337   333   258   66   
12   345   333   247   68   
15   359   321   248   62   
17   353   320   251   64   
12   355   313   253   72   
10   377   307   236   75   
12   389   294   243   67   
9   397   303   218   78   
10   389   299   237   70   
10   381   292   245   77   
10   382   308   240   65   
12   404   282   239   68   
12   403   280   238   72   
11   401   287   225   81   
10   418   282   224   71   
10   431   275   228   61   
12   426   271   229   67   
15   407   269   238   76   
12   412   264   246   71   
11   388   291   248   67   
11   390   306   237   61   
10   403   288   242   62   
8   408   282   248   59   
9   423   276   227   70   
11   423   270   226   75   
11   426   270   227   71   
14   433   272   218   68   
16   433   264   229   63   
12   443   255   236   59   
13   462   243   227   60   
11   465   245   227   57   
14   456   245   235   55   
17   474   237   225   52   
20   471   242   218   54   
23   467   235   224   56   
29   469   215   231   61   
28   477   210   232   58   
26   477   218   229   55   
22   481   210   235   57   
25   479   216   232   53   
29   485   207   233   51   
34   479   218   228   46   
37   473   227   224   44   
40   475   222   228   40   
44   477   204   238   42   
44   479   200   241   41   
38   472   203   247   45   
42   470   212   233   48   
48   472   187   242   56   
43   462   183   254   63   
38   478   179   251   59   
39   482   177   250   57   
37   486   175   256   51   
35   483   179   256   52   
39   476   182   259   49   
33   479   178   269   46   
29   518   148   271   39   
36   516   148   272   33   
50   510   144   273   28   
53   508   131   285   28   
52   524   114   290   25   
63   522   103   295   22   
62   510   86   328   19   
64   502   93   326   20   
66   492   100   325   22   
69   514   84   316   22   
68   518   83   315   21   
66   518   88   317   16   
67   515   87   319   17   
72   519   91   305   18   
69   539   92   289   16   
56   539   93   301   16   
54   535   98   304   14   
50   550   100   296   9   
53   550   102   293   7   
51   539   118   292   5   
49   531   122   298   5   
49   536   118   296   6   
45   567   111   276   6   
41   564   112   279   9   
38   566   119   275   7   
41   567   111   280   6   
43   557   109   291   5   
43   526   107   325   4   
36   530   118   317   4   
35   535   122   310   3   
32   527   121   322   3   
37   541   113   311   3   
29   542   113   317   4   
22   527   109   344   3   
19   529   115   340   2   
21   541   109   331   3   
20   537   107   338   3   
21   534   102   345   3   
23   532   112   335   3   
32   507   114   350   2   
30   507   117   350   1   
29   503   100   372   1   
26   506   101   371   1   
25   499   107   373   1   
24   511   103   366   1   
24   513   97   370   1   
26   533   93   352   1   
28   548   94   334   1   
27   527   102   348   1   
25   535   99   345   1   
25   547   97   335   1   
25   553   86   340   1   
26   552   85   341   1   
34   546   80   344   1   
32   545   77   350   1   
32   546   79   347   1   
34   541   91   338   1   
31   559   87   327   1   
39   543   81   341   1   
40   546   89   329   1   
1   1   1   1   1   
1   1   1   1   1   
1   1   1   1   1   
1   1   1   1   1   
1   1   1   1   1   
1   1   1   1   1   
1   1   1   1   1   
1   1   1   1   1   
1   1   1   1   1   
1   1   1   1   1   
1   1   1   1   1   
1   1   1   1   1   
1   1   1   1   1   
1   1   1   1   1   
1   1   1   1   1   
1   1   1   1   1   
1   1   1   1   1   
1   1   1   1   1   
1   1   1   1   1   
1   1   1   1   1   
1   1   1   1   1   
1   1   1   1   1   
1   1   1   1   1   
1   1   1   1   1   
1   1   1   1   1   
1   1   1   1   1   
1   1   1   1   1   
1   1   1   1   1   
1   1   1   1   1   
1   1   1   1   1   
1   1   1   1   1   
1   1   1   1   1   
1   1   1   1   1   
1   1   1   1   1   
1   1   1   1   1   
1   1   1   1   1   
1   1   1   1   1   
1   1   1   1   1   
1   1   1   1   1   
1   1   1   1   1   
1   1   1   1   1   
1   1   1   1   1   
1   1   1   1   1   
1   1   1   1   1   
1   1   1   1   1   
1   1   1   1   1   
1   1   1   1   1   
1   1   1   1   1   
1   1   1   1   1   
1   1   1   1   1   
1   1   1   1   1   
1   1   1   1   1   
1   1   1   1   1   
1   1   1   1   1   
1   1   1   1   1   
1   1   1   1   1   
1   1   1   1   1   
1   1   1   1   1   
1   1   1   1   1   
1   1   1   1   1   
1   1   1   1   1   
1   1   1   1   1   
1   1   1   1   1   
1   1   1   1   1   
1   1   1   1   1   
1   1   1   1   1   
1   1   1   1   1   
1   1   1   1   1   
1   1   1   1   1   
1   1   1   1   1   
1   1   1   1   1   
1   1   1   1   1   
1   1   1   1   1   
1   1   1   1   1   
1   1   1   1   1   
1   1   1   1   1   
1   1   1   1   1   
1   1   1   1   1   
1   1   1   1   1   
1   1   1   1   1   
1   1   1   1   1   
1   1   1   1   1   
1   1   1   1   1   
1   1   1   1   1   
1   1   1   1   1   
1   1   1   1   1   
1   1   1   1   1   
1   1   1   1   1   
1   1   1   1   1   
1   1   1   1   1   
1   1   1   1   1   
1   1   1   1   1   
1   1   1   1   1   
1   1   1   1   1   
1   1   1   1   1   
1   1   1   1   1   
1   1   1   1   1   
1   1   1   1   1   
1   1   1   1   1   
1   1   1   1   1   
1   1   1   1   1   
1   1   1   1   1   
