201   201   201   201   201   
201   211   198   209   186   
207   217   194   200   187   
194   236   195   203   177   
208   231   199   204   163   
197   234   196   204   174   
210   236   196   192   171   
214   235   186   208   162   
216   243   185   203   158   
210   259   178   214   144   
196   242   189   241   137   
203   239   182   232   149   
187   232   207   225   154   
175   221   219   230   160   
181   215   225   230   154   
181   205   226   238   155   
187   201   223   245   149   
187   208   220   253   137   
200   203   223   251   128   
203   194   236   248   124   
205   201   239   239   121   
218   186   245   248   108   
222   187   250   243   103   
220   188   260   229   108   
204   181   284   228   108   
202   176   281   246   100   
194   178   292   240   101   
191   186   276   244   108   
202   182   265   243   113   
196   187   267   246   109   
200   202   267   232   104   
197   184   275   243   106   
202   189   260   253   101   
203   187   241   261   113   
204   190   239   264   108   
194   185   244   262   120   
203   178   236   266   122   
192   175   267   244   127   
193   166   279   241   126   
186   168   283   231   137   
187   170   270   233   145   
179   177   269   244   136   
166   188   264   257   130   
157   199   272   243   134   
152   208   267   248   130   
150   213   269   231   142   
158   212   254   243   138   
157   205   262   238   143   
160   210   256   245   134   
147   207   265   260   126   
134   196   271   276   128   
136   194   279   272   124   
137   196   285   264   123   
134   211   288   251   121   
143   204   268   270   120   
141   212   268   267   117   
152   210   258   272   113   
152   215   259   265   114   
153   223   271   253   105   
144   230   269   250   112   
138   231   277   254   105   
146   229   291   236   103   
146   229   290   238   102   
135   234   298   232   106   
130   232   296   228   119   
135   226   296   224   124   
131   224   291   230   129   
129   223   293   227   133   
132   227   304   211   131   
135   226   298   206   140   
131   222   292   208   152   
133   226   279   214   153   
138   221   284   224   138   
149   218   279   227   132   
155   233   265   234   118   
161   245   261   219   119   
164   253   262   200   126   
164   242   262   209   128   
174   239   256   218   118   
184   214   269   216   122   
206   193   277   206   123   
200   200   299   189   117   
200   197   309   190   109   
187   196   316   203   103   
187   209   313   188   108   
207   206   297   199   96   
213   207   275   202   108   
195   218   286   197   109   
190   232   272   201   110   
185   231   278   186   125   
188   242   267   179   129   
182   266   264   171   122   
179   270   255   172   129   
187   266   257   173   122   
189   278   246   170   122   
172   289   238   171   135   
184   285   233   153   150   
176   288   228   161   152   
178   287   221   162   157   
176   291   221   174   143   
192   279   217   156   161   
182   279   213   160   171   
168   283   225   156   173   
163   286   215   167   174   
168   269   224   175   169   
176   256   225   183   165   
175   254   217   194   165   
171   259   217   197   161   
164   264   214   210   153   
175   268   191   216   155   
175   251   190   229   160   
180   250   187   218   170   
172   257   190   214   172   
172   256   202   202   173   
169   249   206   200   181   
169   273   202   202   159   
165   256   216   209   159   
168   249   225   196   167   
154   249   241   201   160   
141   260   230   208   166   
142   250   235   215   163   
144   257   222   222   160   
153   262   233   210   147   
148   274   224   210   149   
148   273   224   211   149   
147   272   226   214   146   
150   262   240   208   145   
141   270   240   198   156   
157   254   238   199   157   
159   241   237   197   171   
167   228   237   200   173   
172   221   227   210   175   
174   213   216   224   178   
167   214   219   228   177   
160   218   222   231   174   
157   213   236   235   164   
168   208   230   225   174   
164   226   216   210   189   
162   228   214   220   181   
155   225   220   219   186   
158   210   225   219   193   
163   204   220   214   204   
162   199   231   207   206   
159   206   222   213   205   
150   220   220   214   201   
149   215   230   216   195   
158   210   224   219   194   
157   204   219   232   193   
154   213   220   216   202   
146   222   220   211   206   
144   225   226   206   204   
148   228   222   197   210   
141   230   223   193   218   
140   242   215   200   208   
134   257   218   205   191   
129   240   222   208   206   
132   255   223   200   195   
137   278   213   193   184   
135   278   208   200   184   
146   274   181   219   185   
132   286   190   209   188   
127   283   206   212   177   
117   284   212   218   174   
115   290   203   225   172   
112   303   191   233   166   
114   301   181   235   174   
112   315   181   216   181   
110   317   190   204   184   
111   318   196   192   188   
113   338   182   193   179   
98   347   165   204   191   
97   328   166   218   196   
103   308   167   234   193   
105   305   164   241   190   
102   324   166   234   179   
105   314   176   243   167   
96   323   178   245   163   
94   334   173   238   166   
89   345   175   248   148   
91   342   165   267   140   
94   351   169   260   131   
94   351   154   269   137   
90   353   157   271   134   
94   354   139   281   137   
91   368   132   277   137   
95   380   126   260   144   
96   381   124   253   151   
90   368   138   268   141   
92   374   136   270   133   
82   373   142   257   151   
83   364   139   262   157   
82   355   142   270   156   
86   356   148   263   152   
75   355   149   276   150   
72   371   154   263   145   
70   351   170   266   148   
72   352   164   278   139   
67   365   155   280   138   
62   372   147   282   142   
71   370   144   267   153   
72   374   146   267   146   
68   346   161   286   144   
71   347   169   274   144   
73   333   170   276   153   
60   340   172   281   152   
62   328   163   294   158   
57   335   154   289   170   
51   346   157   288   163   
49   354   155   293   154   
39   352   158   285   171   
37   350   164   286   168   
32   364   170   272   167   
32   357   154   283   179   
31   356   165   277   176   
34   365   161   273   172   
36   367   162   286   154   
33   369   163   281   159   
28   367   153   284   173   
25   345   165   282   188   
29   342   171   281   182   
30   327   170   286   192   
22   326   172   305   180   
22   327   168   325   163   
26   326   160   324   169   
26   334   162   303   180   
23   338   158   310   176   
24   329   171   318   163   
20   339   171   308   167   
20   352   148   318   167   
19   344   153   314   175   
21   358   144   313   169   
23   357   138   311   176   
24   346   142   321   172   
23   347   136   311   188   
22   370   138   292   183   
17   355   140   294   199   
15   352   145   288   205   
18   350   150   281   206   
13   361   150   292   189   
14   359   145   286   201   
9   361   148   290   197   
7   370   146   293   189   
6   356   150   299   194   
5   376   149   283   192   
6   369   141   294   195   
6   389   130   297   183   
6   390   125   305   179   
5   397   127   295   181   
7   385   127   303   183   
7   387   124   312   175   
8   399   121   313   164   
9   397   133   301   165   
9   394   129   311   162   
9   424   121   295   156   
8   426   116   299   156   
6   439   117   277   166   
3   461   112   265   164   
4   443   108   275   175   
5   451   104   261   184   
3   461   96   254   191   
2   446   92   269   196   
1   461   84   267   192   
1   483   74   263   184   
1   472   65   280   187   
1   464   69   283   188   
1   466   64   272   202   
1   470   62   274   198   
1   487   61   275   181   
1   480   65   268   191   
1   479   67   274   184   
1   501   58   261   184   
1   527   52   241   184   
1   517   53   245   189   
1   520   58   238   188   
1   523   59   235   187   
1   500   65   240   199   
1   482   67   252   203   
1   491   60   255   198   
1   478   65   264   197   
1   504   67   257   176   
1   495   64   249   196   
1   502   64   249   189   
1   501   65   242   196   
1   495   67   242   200   
1   515   68   230   191   
1   511   66   237   190   
1   498   63   236   207   
1   479   61   232   232   
1   463   67   246   228   
1   451   74   249   230   
1   461   81   240   222   
1   467   87   241   209   
1   469   83   242   210   
1   453   69   259   223   
1   439   68   265   232   
1   457   64   259   224   
1   457   71   258   218   
1   462   61   258   223   
1   467   59   264   214   
1   463   58   265   218   
1   464   55   263   222   
1   436   58   280   230   
1   425   54   282   243   
1   416   54   292   242   
1   394   65   297   248   
1   408   66   289   241   
1   415   73   284   232   
1   400   73   305   226   
1   389   86   292   237   
1   388   90   280   246   
1   397   92   268   247   
1   392   90   266   256   
1   380   83   273   268   
1   387   76   264   277   
1   388   73   270   273   
1   405   71   262   266   
1   413   72   256   263   
1   398   73   263   270   
1   404   78   244   278   
1   425   69   233   277   
1   423   72   212   297   
1   432   77   198   297   
1   443   68   201   292   
1   440   66   206   292   
1   428   70   204   302   
1   431   74   193   306   
1   423   69   201   311   
1   441   64   180   319   
1   447   61   184   312   
1   442   57   186   319   
1   447   53   183   321   
1   443   50   175   336   
1   445   47   172   340   
1   466   46   175   317   
1   469   46   175   314   
1   457   52   170   325   
1   456   50   171   327   
1   460   50   177   317   
1   461   53   170   320   
1   452   55   171   326   
1   457   58   177   312   
1   451   69   182   302   
1   460   63   181   300   
1   476   74   186   268   
1   464   73   194   273   
1   449   78   194   283   
1   447   79   190   288   
1   460   76   185   283   
1   442   87   196   279   
1   428   90   216   270   
1   425   88   228   263   
1   429   89   221   265   
1   432   96   215   261   
1   433   93   218   260   
1   420   93   227   264   
1   422   92   233   257   
1   400   94   249   261   
1   403   95   240   266   
1   402   100   241   261   
1   406   99   251   248   
1   432   99   245   228   
1   440   97   233   234   
1   425   107   227   245   
1   443   113   215   233   
1   438   107   243   216   
1   433   110   246   215   
1   436   115   235   218   
1   448   121   219   216   
1   471   112   222   199   
1   469   118   223   194   
1   455   125   222   202   
1   463   111   223   207   
1   471   109   216   208   
1   461   113   218   212   
1   464   112   219   209   
1   451   124   229   200   
1   444   121   237   202   
1   447   127   222   208   
1   442   119   226   217   
1   443   123   228   210   
1   457   117   222   208   
1   453   121   218   212   
1   433   125   237   209   
1   432   128   242   202   
1   436   136   244   188   
1   448   130   230   196   
1   429   118   245   212   
1   423   122   250   209   
1   419   111   261   213   
1   415   112   275   202   
1   408   108   296   192   
1   410   107   287   200   
1   424   107   270   203   
1   413   110   269   212   
1   406   116   268   214   
1   408   111   281   204   
1   404   105   291   204   
1   414   114   283   193   
1   408   115   285   196   
1   397   118   287   202   
1   398   111   282   213   
1   398   111   292   203   
1   404   92   304   204   
1   414   75   303   212   
1   408   86   287   223   
1   435   77   278   214   
1   464   73   266   201   
1   459   64   261   220   
1   446   71   271   216   
1   457   70   259   218   
1   452   71   270   211   
1   453   67   266   218   
1   460   75   256   213   
1   468   80   247   209   
1   470   86   236   212   
1   478   77   235   214   
1   491   69   234   210   
1   495   58   248   203   
1   484   60   256   204   
1   492   64   244   204   
1   511   49   242   202   
1   489   49   251   215   
1   488   46   253   217   
1   489   42   256   217   
1   491   44   247   222   
1   470   45   248   241   
1   468   47   251   238   
1   462   46   253   243   
1   457   41   264   242   
1   453   38   281   232   
1   470   39   289   206   
1   476   40   286   202   
1   482   33   295   194   
1   493   40   282   189   
1   490   49   274   191   
1   484   48   267   205   
1   493   53   259   199   
1   483   53   267   201   
1   495   50   264   195   
1   507   47   259   191   
1   514   44   262   184   
1   535   49   248   172   
1   532   42   254   176   
1   533   37   255   179   
1   520   41   259   184   
1   507   43   267   187   
1   528   40   261   175   
1   519   39   275   171   
1   499   47   283   175   
1   487   50   285   182   
1   488   50   286   180   
1   498   58   280   168   
1   498   61   279   166   
1   507   58   269   170   
1   492   64   276   172   
1   493   70   261   180   
1   486   73   287   158   
1   468   68   307   161   
1   480   73   294   157   
1   474   68   301   161   
1   474   59   314   157   
1   455   57   324   168   
1   476   53   301   174   
1   491   49   295   169   
1   504   48   287   165   
1   500   46   287   171   
1   504   44   292   164   
1   513   48   298   145   
1   514   50   305   135   
1   516   46   305   137   
1   519   46   301   138   
1   533   40   296   135   
1   527   43   295   139   
1   529   37   301   137   
1   526   45   293   140   
1   536   44   282   142   
1   561   37   270   136   
1   541   41   273   149   
1   559   42   261   142   
1   560   46   265   133   
1   572   44   259   129   
1   590   43   237   134   
1   599   37   243   125   
1   589   40   239   136   
1   596   42   233   133   
1   586   43   249   126   
1   571   38   263   132   
1   579   36   268   121   
1   573   37   272   122   
1   572   38   267   127   
1   573   34   276   121   
1   598   23   266   117   
1   608   22   262   112   
1   597   22   278   107   
1   604   17   279   104   
1   607   17   273   107   
1   629   17   260   98   
1   619   21   261   103   
1   630   23   251   100   
1   1   1   1   1   
1   1   1   1   1   
1   1   1   1   1   
1   1   1   1   1   
1   1   1   1   1   
1   1   1   1   1   
1   1   1   1   1   
1   1   1   1   1   
1   1   1   1   1   
1   1   1   1   1   
1   1   1   1   1   
1   1   1   1   1   
1   1   1   1   1   
1   1   1   1   1   
1   1   1   1   1   
1   1   1   1   1   
1   1   1   1   1   
1   1   1   1   1   
1   1   1   1   1   
1   1   1   1   1   
1   1   1   1   1   
1   1   1   1   1   
1   1   1   1   1   
1   1   1   1   1   
1   1   1   1   1   
1   1   1   1   1   
1   1   1   1   1   
1   1   1   1   1   
1   1   1   1   1   
1   1   1   1   1   
1   1   1   1   1   
1   1   1   1   1   
1   1   1   1   1   
1   1   1   1   1   
1   1   1   1   1   
1   1   1   1   1   
1   1   1   1   1   
1   1   1   1   1   
1   1   1   1   1   
1   1   1   1   1   
1   1   1   1   1   
1   1   1   1   1   
1   1   1   1   1   
1   1   1   1   1   
1   1   1   1   1   
1   1   1   1   1   
1   1   1   1   1   
1   1   1   1   1   
1   1   1   1   1   
1   1   1   1   1   
1   1   1   1   1   
1   1   1   1   1   
1   1   1   1   1   
1   1   1   1   1   
1   1   1   1   1   
1   1   1   1   1   
1   1   1   1   1   
1   1   1   1   1   
1   1   1   1   1   
1   1   1   1   1   
1   1   1   1   1   
1   1   1   1   1   
1   1   1   1   1   
1   1   1   1   1   
1   1   1   1   1   
1   1   1   1   1   
1   1   1   1   1   
1   1   1   1   1   
1   1   1   1   1   
1   1   1   1   1   
1   1   1   1   1   
1   1   1   1   1   
1   1   1   1   1   
1   1   1   1   1   
1   1   1   1   1   
1   1   1   1   1   
1   1   1   1   1   
1   1   1   1   1   
1   1   1   1   1   
1   1   1   1   1   
1   1   1   1   1   
1   1   1   1   1   
1   1   1   1   1   
1   1   1   1   1   
1   1   1   1   1   
1   1   1   1   1   
1   1   1   1   1   
1   1   1   1   1   
1   1   1   1   1   
1   1   1   1   1   
1   1   1   1   1   
1   1   1   1   1   
1   1   1   1   1   
1   1   1   1   1   
1   1   1   1   1   
1   1   1   1   1   
1   1   1   1   1   
1   1   1   1   1   
1   1   1   1   1   
1   1   1   1   1   
1   1   1   1   1   
1   1   1   1   1   
