334   334   335   
336   336   331   
351   326   326   
348   340   315   
362   347   294   
358   340   305   
369   327   307   
372   338   293   
376   332   295   
372   333   298   
379   321   303   
367   307   329   
360   297   346   
359   292   352   
345   300   358   
359   284   360   
344   305   354   
341   312   350   
342   308   353   
332   304   367   
340   298   365   
343   297   363   
332   322   349   
349   326   328   
371   315   317   
361   309   333   
365   302   336   
380   300   323   
387   309   307   
376   323   304   
369   336   298   
351   351   301   
365   351   287   
353   359   291   
355   361   287   
337   377   289   
342   383   278   
349   380   274   
373   385   245   
365   394   244   
373   391   239   
387   386   230   
378   392   233   
370   397   236   
370   403   230   
374   417   212   
395   404   204   
389   402   212   
396   384   223   
388   396   219   
402   392   209   
405   395   203   
417   379   207   
417   379   207   
411   390   202   
426   389   188   
422   410   171   
415   416   172   
429   396   178   
433   382   188   
450   367   186   
445   371   187   
444   363   196   
440   362   201   
433   347   223   
434   346   223   
443   344   216   
437   361   205   
442   361   200   
444   364   195   
438   363   202   
428   371   204   
436   361   206   
436   358   209   
446   354   203   
455   350   198   
451   362   190   
470   351   182   
464   349   190   
457   346   200   
469   341   193   
463   326   214   
490   309   204   
485   324   194   
481   327   195   
494   322   187   
499   313   191   
501   311   191   
495   317   191   
496   317   190   
483   335   185   
472   349   182   
471   363   169   
455   373   175   
465   366   172   
473   363   167   
480   359   164   
459   366   178   
452   362   189   
462   357   184   
486   335   182   
503   316   184   
495   318   190   
489   323   191   
489   328   186   
492   304   207   
490   285   228   
484   294   225   
495   288   220   
503   279   221   
496   274   233   
526   252   225   
541   246   216   
553   233   217   
559   233   211   
560   243   200   
568   245   190   
581   229   193   
573   243   187   
571   238   194   
557   250   196   
558   256   189   
567   254   182   
560   262   181   
567   260   176   
582   255   166   
574   261   168   
562   275   166   
556   284   163   
550   296   157   
544   293   166   
543   288   172   
544   298   161   
578   268   157   
601   251   151   
574   263   166   
566   267   170   
565   282   156   
578   269   156   
592   258   153   
610   242   151   
605   246   152   
588   270   145   
618   250   135   
619   254   130   
629   248   126   
629   248   126   
636   238   129   
657   231   115   
679   221   103   
660   232   111   
666   218   119   
671   216   116   
670   216   117   
684   203   116   
688   199   116   
685   193   125   
679   195   129   
687   185   131   
685   183   135   
686   182   135   
687   190   126   
683   192   128   
687   190   126   
688   190   125   
671   199   133   
673   192   138   
668   197   138   
682   189   132   
683   197   123   
670   206   127   
674   211   118   
664   224   115   
668   216   119   
679   216   108   
674   212   117   
668   211   124   
688   188   127   
688   200   115   
683   200   120   
693   200   110   
693   195   115   
710   179   114   
712   190   101   
713   192   98   
712   191   100   
701   204   98   
697   205   101   
696   204   103   
686   201   116   
702   196   105   
701   198   104   
711   191   101   
709   191   103   
721   181   101   
706   198   99   
717   204   82   
721   204   78   
722   196   85   
732   195   76   
732   198   73   
733   193   77   
737   191   75   
731   200   72   
719   211   73   
723   205   75   
726   202   75   
729   198   76   
729   195   79   
733   188   82   
739   182   82   
742   176   85   
739   178   86   
733   180   90   
750   168   85   
746   172   85   
743   183   77   
727   193   83   
746   175   82   
749   167   87   
742   167   94   
747   170   86   
746   175   82   
768   159   76   
779   151   73   
780   140   83   
776   143   84   
786   135   82   
774   143   86   
777   148   78   
781   146   76   
763   164   76   
770   153   80   
779   152   72   
773   157   73   
772   160   71   
772   160   71   
775   158   70   
786   147   70   
797   134   72   
796   139   68   
776   155   72   
782   162   59   
781   157   65   
794   155   54   
802   147   54   
807   143   53   
800   152   51   
798   159   46   
812   144   47   
796   155   52   
786   166   51   
783   164   56   
790   165   48   
794   159   50   
796   157   50   
787   162   54   
780   170   53   
771   173   59   
777   167   59   
775   166   62   
779   171   53   
788   163   52   
802   155   46   
793   160   50   
785   176   42   
773   182   48   
772   186   45   
773   183   47   
770   186   47   
766   186   51   
780   174   49   
773   175   55   
760   182   61   
771   172   60   
763   181   59   
776   172   55   
786   159   58   
794   150   59   
816   135   52   
815   142   46   
825   135   43   
832   129   42   
818   141   44   
813   146   44   
805   153   45   
811   149   43   
818   148   37   
806   154   43   
795   160   48   
785   165   53   
769   174   60   
763   186   54   
782   171   50   
774   169   60   
762   174   67   
764   172   67   
758   178   67   
757   183   63   
749   197   57   
737   202   64   
746   190   67   
756   180   67   
747   187   69   
754   184   65   
754   180   69   
739   184   80   
720   201   82   
726   196   81   
725   199   79   
717   204   82   
712   209   82   
715   198   90   
710   203   90   
703   205   95   
703   201   99   
708   193   102   
705   191   107   
706   194   103   
716   184   103   
711   200   92   
718   187   98   
720   183   100   
723   168   112   
704   184   115   
702   185   116   
687   187   129   
684   185   134   
695   171   137   
691   166   146   
687   169   147   
694   170   139   
703   161   139   
683   177   143   
676   184   143   
675   183   145   
683   185   135   
690   181   132   
674   188   141   
671   198   134   
673   193   137   
663   193   147   
658   179   166   
648   192   163   
640   193   170   
634   197   172   
641   191   171   
624   213   166   
630   202   171   
640   204   159   
634   208   161   
630   214   159   
637   208   158   
661   197   145   
648   205   150   
655   199   149   
657   205   141   
648   192   163   
654   192   157   
658   191   154   
671   185   147   
668   187   148   
662   202   139   
674   190   139   
679   187   137   
670   195   138   
659   202   142   
664   188   151   
655   197   151   
660   188   155   
666   187   150   
663   198   142   
676   187   140   
693   169   141   
681   172   150   
691   167   145   
674   183   146   
675   184   144   
696   176   131   
684   181   138   
681   172   150   
672   170   161   
660   175   168   
671   172   160   
691   154   158   
685   162   156   
720   141   142   
718   140   145   
719   138   146   
724   134   145   
723   143   137   
725   144   134   
738   131   134   
753   124   126   
759   121   123   
758   129   116   
755   127   121   
747   131   125   
750   129   124   
757   127   119   
760   120   123   
755   123   125   
772   115   116   
772   118   113   
780   110   113   
770   122   111   
775   117   111   
769   123   111   
774   128   101   
768   132   103   
782   119   102   
799   116   88   
792   117   94   
798   119   86   
789   123   91   
789   132   82   
794   126   83   
798   124   81   
796   127   80   
802   120   81   
813   120   70   
799   137   67   
796   136   71   
799   135   69   
790   136   77   
783   144   76   
767   159   77   
757   163   83   
768   152   83   
759   161   83   
764   160   79   
769   163   71   
752   183   68   
752   180   71   
753   185   65   
762   174   67   
735   191   77   
725   198   80   
736   189   78   
733   188   82   
729   190   84   
740   186   77   
743   185   75   
744   188   71   
746   180   77   
720   198   85   
688   226   89   
696   215   92   
697   218   88   
696   227   80   
693   232   78   
703   224   76   
702   223   78   
696   222   85   
702   222   79   
693   232   78   
695   233   75   
700   233   70   
695   240   68   
691   238   74   
689   236   78   
702   219   82   
719   207   77   
737   190   76   
730   199   74   
735   192   76   
730   200   73   
740   194   69   
743   198   62   
734   212   57   
736   216   51   
736   216   51   
740   206   57   
731   216   56   
728   215   60   
724   214   65   
721   217   65   
713   222   68   
709   231   63   
726   219   58   
729   216   58   
727   222   54   
734   213   56   
710   229   64   
718   221   64   
739   196   68   
746   187   70   
749   186   68   
763   171   69   
765   167   71   
778   157   68   
780   155   68   
770   162   71   
781   152   70   
774   146   83   
772   145   86   
781   137   85   
792   130   81   
779   133   91   
1   1   1   
1   1   1   
1   1   1   
1   1   1   
1   1   1   
1   1   1   
1   1   1   
1   1   1   
1   1   1   
1   1   1   
1   1   1   
1   1   1   
1   1   1   
1   1   1   
1   1   1   
1   1   1   
1   1   1   
1   1   1   
1   1   1   
1   1   1   
1   1   1   
1   1   1   
1   1   1   
1   1   1   
1   1   1   
1   1   1   
1   1   1   
1   1   1   
1   1   1   
1   1   1   
1   1   1   
1   1   1   
1   1   1   
1   1   1   
1   1   1   
1   1   1   
1   1   1   
1   1   1   
1   1   1   
1   1   1   
1   1   1   
1   1   1   
1   1   1   
1   1   1   
1   1   1   
1   1   1   
1   1   1   
1   1   1   
1   1   1   
1   1   1   
1   1   1   
1   1   1   
1   1   1   
1   1   1   
1   1   1   
1   1   1   
1   1   1   
1   1   1   
1   1   1   
1   1   1   
1   1   1   
1   1   1   
1   1   1   
1   1   1   
1   1   1   
1   1   1   
1   1   1   
1   1   1   
1   1   1   
1   1   1   
1   1   1   
1   1   1   
1   1   1   
1   1   1   
1   1   1   
1   1   1   
1   1   1   
1   1   1   
1   1   1   
1   1   1   
1   1   1   
1   1   1   
1   1   1   
1   1   1   
1   1   1   
1   1   1   
1   1   1   
1   1   1   
1   1   1   
1   1   1   
1   1   1   
1   1   1   
1   1   1   
1   1   1   
1   1   1   
1   1   1   
1   1   1   
1   1   1   
1   1   1   
1   1   1   
1   1   1   
1   1   1   
