501   501   
531   471   
537   465   
531   471   
536   466   
533   469   
514   488   
526   476   
523   479   
519   483   
519   483   
504   498   
521   481   
508   494   
539   463   
526   476   
537   465   
536   466   
533   469   
531   471   
526   476   
512   490   
499   503   
513   489   
503   499   
497   505   
505   497   
503   499   
508   494   
521   481   
550   452   
563   439   
563   439   
552   450   
536   466   
544   458   
539   463   
542   460   
538   464   
548   454   
535   467   
525   477   
524   478   
507   495   
508   494   
515   487   
531   471   
539   463   
547   455   
539   463   
532   470   
526   476   
526   476   
548   454   
537   465   
555   447   
569   433   
577   425   
573   429   
570   432   
563   439   
558   444   
540   462   
535   467   
533   469   
560   442   
541   461   
557   445   
546   456   
541   461   
529   473   
514   488   
530   472   
522   480   
500   502   
502   500   
497   505   
481   521   
484   518   
478   524   
473   529   
490   512   
480   522   
488   514   
507   495   
521   481   
527   475   
523   479   
527   475   
513   489   
500   502   
486   516   
490   512   
513   489   
517   485   
513   489   
515   487   
518   484   
512   490   
491   511   
501   501   
473   529   
466   536   
455   547   
446   556   
460   542   
480   522   
486   516   
484   518   
505   497   
503   499   
499   503   
479   523   
494   508   
491   511   
490   512   
460   542   
447   555   
434   568   
432   570   
432   570   
430   572   
434   568   
441   561   
433   569   
434   568   
434   568   
421   581   
417   585   
408   594   
410   592   
413   589   
432   570   
438   564   
442   560   
464   538   
463   539   
466   536   
466   536   
467   535   
463   539   
484   518   
486   516   
489   513   
488   514   
482   520   
479   523   
477   525   
459   543   
458   544   
448   554   
446   556   
430   572   
426   576   
417   585   
435   567   
428   574   
413   589   
424   578   
433   569   
434   568   
426   576   
426   576   
437   565   
444   558   
442   560   
431   571   
444   558   
443   559   
451   551   
447   555   
436   566   
451   551   
445   557   
450   552   
440   562   
425   577   
432   570   
428   574   
426   576   
451   551   
453   549   
426   576   
412   590   
415   587   
411   591   
425   577   
418   584   
412   590   
419   583   
419   583   
433   569   
417   585   
417   585   
395   607   
408   594   
406   596   
402   600   
404   598   
417   585   
403   599   
413   589   
425   577   
429   573   
445   557   
446   556   
449   553   
439   563   
436   566   
447   555   
424   578   
421   581   
434   568   
419   583   
410   592   
400   602   
414   588   
404   598   
401   601   
404   598   
401   601   
412   590   
432   570   
445   557   
441   561   
452   550   
445   557   
444   558   
446   556   
451   551   
445   557   
429   573   
429   573   
448   554   
462   540   
445   557   
449   553   
442   560   
456   546   
446   556   
443   559   
436   566   
440   562   
453   549   
455   547   
462   540   
456   546   
478   524   
470   532   
472   530   
488   514   
473   529   
484   518   
482   520   
504   498   
494   508   
486   516   
466   536   
457   545   
455   547   
458   544   
451   551   
441   561   
436   566   
426   576   
453   549   
451   551   
464   538   
476   526   
476   526   
467   535   
477   525   
489   513   
489   513   
489   513   
498   504   
486   516   
505   497   
489   513   
472   530   
480   522   
476   526   
472   530   
476   526   
481   521   
477   525   
477   525   
485   517   
483   519   
482   520   
481   521   
483   519   
496   506   
477   525   
491   511   
501   501   
490   512   
475   527   
489   513   
500   502   
507   495   
523   479   
538   464   
542   460   
538   464   
538   464   
543   459   
549   453   
566   436   
547   455   
531   471   
517   485   
501   501   
504   498   
507   495   
520   482   
520   482   
511   491   
511   491   
506   496   
526   476   
524   478   
510   492   
504   498   
521   481   
526   476   
518   484   
512   490   
491   511   
491   511   
494   508   
499   503   
496   506   
476   526   
486   516   
485   517   
492   510   
501   501   
491   511   
504   498   
504   498   
506   496   
517   485   
526   476   
544   458   
531   471   
540   462   
555   447   
569   433   
572   430   
566   436   
579   423   
581   421   
580   422   
572   430   
594   408   
603   399   
588   414   
595   407   
596   406   
610   392   
587   415   
586   416   
583   419   
588   414   
568   434   
557   445   
555   447   
568   434   
579   423   
572   430   
588   414   
583   419   
568   434   
563   439   
565   437   
567   435   
567   435   
558   444   
562   440   
576   426   
559   443   
541   461   
547   455   
554   448   
566   436   
547   455   
540   462   
517   485   
530   472   
508   494   
484   518   
490   512   
479   523   
476   526   
462   540   
462   540   
443   559   
429   573   
424   578   
418   584   
417   585   
420   582   
388   614   
391   611   
392   610   
379   623   
369   633   
361   641   
360   642   
358   644   
368   634   
354   648   
362   640   
369   633   
395   607   
406   596   
414   588   
424   578   
433   569   
437   565   
419   583   
425   577   
450   552   
429   573   
440   562   
441   561   
444   558   
456   546   
450   552   
448   554   
461   541   
444   558   
440   562   
430   572   
432   570   
437   565   
448   554   
449   553   
459   543   
464   538   
455   547   
446   556   
450   552   
460   542   
473   529   
469   533   
458   544   
466   536   
456   546   
431   571   
433   569   
427   575   
429   573   
451   551   
462   540   
462   540   
449   553   
468   534   
450   552   
457   545   
459   543   
457   545   
445   557   
437   565   
438   564   
435   567   
440   562   
442   560   
445   557   
439   563   
434   568   
425   577   
419   583   
447   555   
477   525   
477   525   
458   544   
479   523   
492   510   
489   513   
505   497   
520   482   
499   503   
518   484   
514   488   
509   493   
503   499   
491   511   
477   525   
499   503   
509   493   
535   467   
536   466   
539   463   
535   467   
538   464   
530   472   
549   453   
1   1   
1   1   
1   1   
1   1   
1   1   
1   1   
1   1   
1   1   
1   1   
1   1   
1   1   
1   1   
1   1   
1   1   
1   1   
1   1   
1   1   
1   1   
1   1   
1   1   
1   1   
1   1   
1   1   
1   1   
1   1   
1   1   
1   1   
1   1   
1   1   
1   1   
1   1   
1   1   
1   1   
1   1   
1   1   
1   1   
1   1   
1   1   
1   1   
1   1   
1   1   
1   1   
1   1   
1   1   
1   1   
1   1   
1   1   
1   1   
1   1   
1   1   
1   1   
1   1   
1   1   
1   1   
1   1   
1   1   
1   1   
1   1   
1   1   
1   1   
1   1   
1   1   
1   1   
1   1   
1   1   
1   1   
1   1   
1   1   
1   1   
1   1   
1   1   
1   1   
1   1   
1   1   
1   1   
1   1   
1   1   
1   1   
1   1   
1   1   
1   1   
1   1   
1   1   
1   1   
1   1   
1   1   
1   1   
1   1   
1   1   
1   1   
1   1   
1   1   
1   1   
1   1   
1   1   
1   1   
1   1   
1   1   
1   1   
1   1   
1   1   
1   1   
