101   101   101   101   101   101   101   101   101   101   
119   96   113   111   102   97   98   95   87   92   
121   96   112   108   110   101   101   93   80   88   
109   88   114   110   121   98   114   94   73   89   
114   88   140   115   126   95   106   79   62   85   
125   96   135   110   127   89   100   78   64   86   
115   92   133   108   134   92   109   78   64   85   
107   96   147   106   133   94   119   71   58   79   
109   89   149   112   145   88   120   64   57   77   
100   87   154   100   156   88   123   66   56   80   
104   91   144   101   151   87   119   68   59   86   
109   87   156   108   136   98   117   60   59   80   
119   92   151   99   130   106   105   63   66   79   
109   97   163   94   133   108   102   61   58   85   
99   107   161   102   130   111   95   62   59   84   
104   111   173   104   125   108   93   51   62   79   
109   113   179   105   125   106   87   54   61   71   
109   132   174   106   124   109   80   59   58   59   
107   131   166   103   118   109   77   65   63   71   
102   136   189   95   115   104   77   69   58   65   
110   136   175   99   126   98   73   68   55   70   
98   139   171   101   113   107   70   77   61   73   
97   140   171   98   105   111   80   75   57   76   
95   132   181   105   101   107   75   81   54   79   
98   133   192   103   103   103   72   75   54   77   
97   123   198   112   98   100   76   73   52   81   
102   110   221   101   85   97   79   76   62   77   
113   101   218   120   84   83   82   71   64   74   
107   98   217   119   95   77   83   69   67   78   
110   93   220   117   97   75   82   76   64   76   
111   99   212   121   87   68   81   76   74   81   
117   94   203   118   82   72   85   80   76   83   
102   98   193   120   77   85   87   89   77   82   
104   103   190   131   72   83   77   93   72   85   
103   103   192   130   76   89   78   84   72   83   
113   116   190   125   81   81   60   83   79   82   
105   120   195   126   67   90   59   82   79   87   
113   103   198   132   61   89   58   89   79   88   
122   97   217   109   59   86   60   91   78   91   
114   111   222   101   68   90   53   81   76   94   
113   106   224   112   63   87   44   81   78   102   
122   99   235   109   63   80   37   91   74   100   
120   87   239   108   63   82   39   96   86   90   
109   87   251   119   52   73   39   88   87   105   
117   86   254   124   51   70   33   84   84   107   
117   89   258   122   58   63   32   78   83   110   
121   105   247   125   52   60   32   78   84   106   
116   109   227   138   46   56   39   76   93   110   
121   116   218   142   50   64   36   74   84   105   
127   119   208   140   55   65   39   70   88   99   
123   116   205   147   53   58   35   73   98   102   
122   128   200   148   51   57   32   73   101   98   
121   125   197   160   53   55   34   59   108   98   
126   120   188   163   51   51   38   67   105   101   
110   129   183   174   49   51   39   69   108   98   
109   120   179   181   48   57   45   72   103   96   
103   117   185   198   48   55   45   68   100   91   
93   132   182   195   51   56   48   66   85   102   
99   116   171   208   56   64   49   68   73   106   
104   122   149   207   50   78   45   63   85   107   
99   125   142   202   42   85   53   64   93   105   
102   120   147   201   40   88   55   58   86   113   
100   106   153   190   39   93   59   58   88   124   
109   114   152   172   42   97   68   51   84   121   
109   115   154   167   43   90   59   49   94   130   
95   113   157   178   42   93   63   52   86   131   
82   115   151   188   42   99   60   61   87   125   
79   105   140   195   43   111   61   62   90   124   
87   104   135   192   35   106   63   72   95   121   
88   110   129   191   43   108   68   71   91   111   
85   113   142   187   47   117   60   70   81   108   
87   111   151   183   55   109   66   70   74   104   
94   109   147   182   61   96   67   66   76   112   
94   102   150   186   66   96   67   68   79   102   
95   105   136   183   77   98   81   65   80   90   
87   106   127   182   87   102   94   70   72   83   
87   105   127   181   88   96   95   69   75   87   
85   101   133   176   82   96   88   74   75   100   
84   102   139   174   75   94   93   77   70   102   
83   107   140   173   78   97   92   70   67   103   
83   106   144   168   74   104   86   71   70   104   
90   118   146   149   82   117   80   66   65   97   
87   124   141   160   76   113   84   62   56   107   
80   138   136   150   79   120   81   68   50   108   
75   130   132   150   83   115   87   66   50   122   
60   150   133   144   94   112   87   74   37   119   
62   142   130   145   101   112   86   70   40   122   
66   137   144   142   106   110   92   56   39   118   
62   130   135   129   99   118   105   67   38   127   
67   128   141   131   104   111   112   64   36   116   
66   117   146   131   112   113   111   61   35   118   
64   117   148   135   97   111   111   65   43   119   
59   113   149   138   95   97   122   69   49   119   
53   112   158   138   93   104   119   67   53   113   
58   108   157   143   95   105   113   61   57   113   
55   97   161   135   97   114   123   57   53   118   
53   93   166   132   98   112   128   56   56   116   
48   106   180   128   93   110   118   56   61   110   
53   112   174   127   87   119   114   52   65   107   
54   124   173   131   78   117   107   54   60   112   
51   134   181   124   79   108   111   59   52   111   
37   128   164   133   77   116   116   55   52   132   
35   125   153   150   73   123   125   53   46   127   
37   127   148   150   71   120   126   53   47   131   
38   136   151   141   57   114   138   54   47   134   
41   136   147   147   54   116   144   56   36   133   
37   138   154   141   57   112   143   61   40   127   
35   140   164   135   62   109   135   64   39   127   
30   145   170   127   70   100   143   61   32   132   
27   138   171   128   69   105   150   64   34   124   
20   143   176   131   65   113   154   62   30   116   
23   131   171   134   67   115   165   57   36   111   
25   146   159   125   75   111   168   61   39   101   
22   148   164   128   75   114   161   62   34   102   
19   142   147   131   86   118   169   66   40   92   
20   148   147   137   94   117   161   52   45   89   
20   138   160   142   91   115   162   47   46   89   
22   128   173   138   85   108   164   51   47   94   
26   131   169   132   86   110   166   52   50   88   
26   124   167   137   86   116   159   53   54   88   
28   121   168   139   93   109   158   56   51   87   
23   123   175   137   89   113   156   56   50   88   
24   126   158   129   90   114   170   54   60   85   
22   126   160   139   82   117   177   46   53   88   
27   119   163   139   74   122   180   48   49   89   
28   109   177   142   68   124   183   46   49   84   
35   102   187   146   54   124   178   46   59   79   
39   97   190   136   56   124   172   55   62   79   
37   89   195   132   59   122   178   59   57   82   
33   89   184   133   67   127   185   50   57   85   
32   91   194   128   67   124   181   53   59   81   
35   91   202   134   61   122   173   56   58   78   
39   94   203   123   66   121   184   56   56   68   
38   90   194   123   69   129   179   53   61   74   
43   88   197   136   58   126   182   47   58   75   
46   86   209   134   51   133   183   45   57   66   
45   94   206   140   46   139   172   48   53   67   
48   100   212   134   49   132   175   50   48   62   
40   106   219   126   45   132   169   52   58   63   
46   103   217   129   43   128   170   42   65   67   
53   102   218   130   44   136   157   40   55   75   
47   97   221   119   41   138   155   45   63   84   
52   95   206   119   38   139   155   43   67   96   
51   93   214   116   41   136   158   33   60   108   
55   92   208   117   49   131   156   38   55   109   
56   89   206   131   54   121   149   36   52   116   
57   90   190   134   58   113   157   37   54   120   
58   99   185   119   62   112   159   41   52   123   
50   96   184   125   66   124   163   41   46   115   
49   96   183   133   65   130   161   35   49   109   
50   96   179   133   57   128   156   37   55   119   
51   89   181   133   63   131   154   33   55   120   
54   85   192   130   60   121   144   29   57   138   
67   86   199   138   53   112   128   33   63   131   
69   90   200   137   58   106   132   29   59   130   
83   80   202   143   54   104   132   26   53   133   
91   92   196   131   47   102   133   29   51   138   
93   99   212   119   52   94   131   32   57   121   
100   104   217   122   46   84   134   29   51   123   
101   102   220   122   46   92   123   31   53   120   
91   95   208   142   44   92   134   33   50   121   
93   86   203   157   52   90   132   26   47   124   
110   80   194   147   52   105   133   29   44   116   
110   75   194   149   55   110   135   35   44   103   
108   84   197   150   49   109   139   36   46   92   
110   85   191   143   52   114   139   38   40   98   
106   93   195   128   61   111   155   36   37   88   
97   106   196   131   64   99   166   37   33   81   
101   108   199   127   64   109   168   31   27   76   
93   106   190   123   73   114   173   32   25   81   
98   104   183   131   60   119   176   35   17   87   
101   104   167   130   58   128   183   35   17   87   
96   104   166   126   61   144   180   35   17   81   
85   115   171   122   67   149   175   30   14   82   
93   116   157   130   68   146   178   33   12   77   
94   123   146   123   58   148   196   31   12   79   
96   127   137   131   58   149   196   25   12   79   
94   129   141   132   61   145   195   22   10   81   
109   124   132   121   57   144   202   28   6   87   
112   129   131   124   52   134   207   30   3   88   
106   136   123   128   51   122   225   32   3   84   
101   129   132   128   56   122   223   34   4   81   
100   122   119   119   69   125   223   43   3   87   
118   105   133   113   64   110   231   41   2   93   
111   98   129   126   63   113   238   40   1   91   
98   110   131   141   54   116   235   41   1   83   
98   110   135   151   47   117   237   36   1   78   
102   95   139   156   44   117   235   36   1   85   
108   102   143   157   40   116   224   33   1   86   
114   112   149   141   44   112   222   26   1   89   
117   108   147   134   34   122   237   27   1   83   
98   113   150   139   33   122   232   25   1   97   
88   114   142   147   31   126   227   31   1   103   
88   114   157   154   29   124   210   27   1   106   
80   114   164   156   30   115   217   27   1   106   
74   125   148   160   31   107   229   29   1   106   
61   128   162   155   36   110   220   32   1   105   
61   139   166   148   38   101   224   34   1   98   
71   132   178   138   29   109   228   33   1   91   
73   139   181   121   24   118   230   36   1   87   
81   126   177   128   23   121   233   37   1   83   
77   126   169   122   24   120   244   38   1   89   
67   132   171   134   26   107   244   41   1   87   
58   125   165   145   32   100   261   37   1   86   
56   120   164   135   33   103   269   38   1   91   
56   127   176   136   39   100   256   29   1   90   
60   130   175   137   36   93   262   29   1   87   
61   136   173   142   37   81   272   27   1   80   
54   137   175   143   40   80   265   29   1   86   
54   135   162   138   43   85   276   33   1   83   
58   132   156   145   41   80   284   36   1   77   
57   125   161   144   37   73   296   38   1   78   
54   127   166   150   32   72   291   45   1   72   
51   129   167   144   36   82   281   52   1   67   
46   142   176   131   40   86   268   48   1   72   
40   148   173   129   35   86   280   41   1   77   
42   155   175   137   34   87   261   39   1   79   
48   175   174   140   28   83   247   34   1   80   
51   163   166   144   31   80   246   34   1   94   
52   159   172   149   27   79   245   33   1   93   
49   163   173   137   31   80   259   32   1   85   
51   172   183   127   29   77   249   38   1   83   
51   167   187   117   28   79   257   37   1   86   
47   176   171   122   27   80   249   39   1   98   
51   175   155   117   30   84   259   40   1   98   
56   176   147   109   34   89   259   41   1   98   
49   177   134   99   38   92   271   50   1   99   
45   174   127   106   34   101   273   57   1   92   
42   163   132   108   38   93   282   58   1   93   
38   155   141   108   46   92   278   61   1   90   
41   139   151   94   51   105   287   60   1   81   
38   133   149   99   60   102   278   59   1   91   
40   124   151   92   66   89   298   53   1   96   
44   131   138   95   64   87   298   54   1   98   
43   122   139   96   69   84   302   64   1   90   
44   128   131   93   70   90   295   68   1   90   
35   124   127   103   71   95   297   69   1   88   
28   128   138   121   67   88   297   62   1   80   
30   139   125   123   65   86   310   57   1   74   
29   126   128   130   62   82   308   61   1   83   
32   129   112   138   62   86   306   59   1   85   
34   126   114   135   66   86   294   54   1   100   
31   129   106   142   74   78   296   53   1   100   
34   132   100   130   85   76   287   57   1   108   
29   122   99   125   79   80   304   52   1   119   
26   128   103   134   67   70   317   53   1   111   
23   128   102   149   63   66   308   58   1   112   
20   135   118   141   62   65   315   49   1   104   
21   130   121   146   66   63   317   50   1   95   
17   119   129   139   62   75   325   50   1   93   
20   113   125   131   67   77   322   54   1   100   
25   115   123   117   67   73   335   51   1   103   
27   121   112   115   67   74   337   56   1   100   
27   111   114   113   74   82   342   57   1   89   
26   109   122   109   68   82   347   54   1   92   
23   111   129   106   76   83   348   52   1   81   
21   117   131   110   74   79   340   53   1   84   
20   118   110   102   77   85   353   57   1   87   
14   114   111   106   78   79   355   60   1   92   
14   125   116   108   70   82   345   62   1   87   
15   127   119   109   69   79   343   56   1   92   
15   117   109   117   69   67   352   60   1   103   
15   118   111   116   65   73   339   64   1   108   
17   109   113   118   72   74   330   69   1   107   
21   114   103   109   62   72   336   71   1   121   
27   113   92   103   74   83   328   69   1   120   
25   96   91   104   70   90   349   67   1   117   
21   103   95   86   77   109   341   64   1   113   
24   98   97   80   81   111   352   61   1   105   
25   84   97   83   88   108   355   67   1   102   
17   90   95   76   82   121   354   66   1   108   
19   79   94   73   89   123   352   66   1   114   
23   82   99   69   86   115   357   68   1   110   
21   87   110   69   85   107   349   71   1   110   
24   90   118   66   91   91   348   66   1   115   
24   98   131   61   76   89   342   64   1   124   
25   104   124   58   85   86   342   61   1   124   
23   93   139   50   87   93   328   64   1   132   
25   93   134   51   87   92   329   63   1   135   
25   94   137   53   81   90   332   64   1   133   
26   88   138   59   89   86   336   54   1   133   
30   89   137   54   87   82   346   55   1   129   
33   91   132   55   80   78   351   60   1   129   
28   90   136   48   91   86   352   56   1   122   
29   89   141   49   91   85   360   51   1   114   
28   83   148   40   92   77   368   56   1   117   
30   92   129   42   100   74   374   46   1   122   
31   90   119   46   103   80   366   44   1   130   
31   77   119   51   103   84   360   49   1   135   
31   80   130   49   110   82   342   51   1   134   
40   80   115   49   115   88   342   46   1   134   
40   86   109   40   113   86   344   47   1   144   
40   81   105   42   121   83   352   51   1   134   
38   77   105   37   122   83   366   50   1   131   
40   72   117   38   122   82   367   52   1   119   
37   69   114   37   125   88   366   47   1   126   
38   73   108   37   113   82   376   48   1   134   
41   68   102   36   115   92   364   49   1   142   
42   60   107   29   107   93   372   50   1   149   
40   67   105   26   102   83   381   54   1   151   
39   68   106   22   110   90   380   44   1   150   
45   68   100   25   117   84   363   42   1   165   
44   70   101   28   124   75   373   36   1   158   
39   76   112   29   118   72   366   32   1   165   
37   70   125   33   128   65   361   37   1   153   
34   70   126   34   134   64   340   37   1   170   
27   68   129   31   131   62   362   41   1   158   
25   72   116   36   113   57   374   48   1   168   
21   63   119   38   112   62   379   49   1   166   
22   63   107   30   114   65   381   45   1   182   
17   63   106   29   112   69   379   46   1   188   
18   59   108   29   112   77   384   44   1   178   
16   62   103   23   114   79   392   42   1   178   
15   66   99   26   118   70   406   36   1   173   
15   63   98   27   134   71   398   38   1   165   
13   58   97   25   134   70   399   44   1   169   
15   51   112   24   145   77   377   43   1   165   
16   48   121   19   146   66   396   38   1   159   
15   51   114   16   142   61   403   38   1   169   
18   53   115   17   132   62   394   41   1   177   
17   54   107   16   136   61   399   46   1   173   
15   53   110   15   131   58   418   43   1   166   
14   60   114   16   118   58   427   40   1   162   
15   54   108   10   104   58   448   40   1   172   
18   52   108   9   97   65   434   43   1   183   
21   57   110   11   97   64   422   39   1   188   
18   52   106   11   93   60   431   41   1   197   
14   54   115   12   91   60   423   42   1   198   
15   61   120   11   90   59   422   42   1   189   
17   64   123   13   93   53   426   34   1   186   
15   60   136   16   91   50   432   28   1   181   
12   55   154   15   87   41   430   22   1   193   
14   52   156   12   90   37   428   20   1   200   
12   48   161   13   83   38   431   22   1   201   
14   46   159   14   77   40   436   23   1   200   
11   53   158   15   70   46   443   22   1   191   
9   48   171   14   65   45   438   22   1   197   
11   44   164   11   66   38   439   24   1   212   
12   46   156   11   76   39   441   23   1   205   
13   49   156   10   73   44   433   18   1   213   
13   44   149   12   81   43   455   16   1   196   
12   46   151   14   79   37   455   19   1   196   
16   41   163   16   81   33   448   19   1   192   
17   46   172   20   84   34   427   23   1   186   
16   46   179   19   83   34   428   25   1   179   
15   43   176   19   81   38   426   23   1   188   
18   42   160   19   79   33   444   25   1   189   
17   35   154   18   88   24   446   25   1   202   
17   33   155   21   81   28   442   28   1   204   
18   37   151   21   77   30   429   34   1   212   
22   35   161   18   79   30   431   37   1   196   
23   39   163   20   82   27   431   34   1   190   
26   32   173   16   83   26   410   41   1   202   
30   35   166   17   80   27   417   41   1   196   
30   31   169   17   75   30   423   44   1   190   
24   30   178   22   64   26   422   47   1   196   
23   29   175   23   70   31   424   39   1   195   
17   23   193   31   70   32   406   38   1   199   
13   24   197   33   69   33   391   37   1   212   
9   23   210   38   75   35   369   35   1   215   
9   23   207   43   89   32   357   44   1   205   
7   24   219   43   93   29   373   39   1   182   
6   25   212   46   93   27   381   34   1   185   
6   25   212   44   89   41   390   32   1   170   
6   27   215   45   90   43   380   28   1   175   
8   29   224   50   98   39   361   22   1   178   
11   25   214   49   109   37   364   28   1   172   
11   25   213   54   109   33   363   26   1   175   
13   26   207   49   100   32   372   24   1   186   
13   26   197   55   104   34   363   22   1   195   
13   28   197   57   104   34   365   26   1   185   
15   29   190   61   95   35   368   30   1   186   
17   32   189   62   89   34   364   32   1   190   
13   38   184   65   77   37   377   32   1   186   
13   40   173   62   85   47   381   28   1   180   
13   33   158   65   72   50   400   30   1   188   
17   31   140   71   70   51   418   34   1   177   
20   31   134   66   67   56   412   35   1   188   
18   32   137   77   65   56   394   30   1   200   
18   32   134   85   65   60   376   26   1   213   
20   32   125   90   60   55   394   27   1   206   
20   34   126   80   69   59   381   30   1   210   
23   38   130   85   69   47   354   29   1   234   
22   36   130   84   62   47   377   28   1   223   
23   37   143   81   56   47   379   27   1   216   
29   41   142   85   50   45   374   25   1   218   
31   47   123   80   53   53   367   27   1   228   
32   45   112   83   65   53   356   27   1   236   
32   52   114   90   74   43   355   30   1   219   
38   51   110   83   76   45   368   22   1   216   
34   57   101   84   69   46   374   22   1   222   
29   59   105   87   69   43   372   22   1   223   
32   56   99   83   63   45   376   25   1   230   
37   62   103   80   61   48   371   23   1   224   
33   60   108   82   66   54   363   24   1   219   
34   64   101   83   55   59   368   24   1   221   
32   61   97   79   59   53   390   28   1   210   
35   48   100   76   62   56   389   36   1   207   
42   60   98   73   65   51   391   31   1   198   
43   59   82   76   62   46   405   28   1   208   
37   64   76   85   65   40   404   28   1   210   
39   63   73   76   64   35   426   27   1   206   
36   73   72   75   63   35   422   23   1   210   
41   68   69   72   61   32   437   17   1   212   
40   74   67   67   59   42   445   17   1   198   
47   70   66   65   61   35   435   19   1   211   
45   67   76   70   57   39   429   21   1   205   
42   54   80   78   57   44   412   24   1   218   
44   60   87   79   68   39   412   25   1   195   
51   54   82   81   65   47   401   28   1   200   
51   67   75   90   62   44   388   32   1   200   
49   72   76   87   63   45   374   31   1   212   
61   75   74   80   64   43   374   30   1   208   
57   71   69   72   66   41   400   28   1   205   
64   73   73   73   67   46   396   29   1   188   
68   79   79   71   66   39   385   33   1   189   
67   79   75   65   63   39   396   31   1   194   
69   72   70   60   73   42   397   32   1   194   
70   70   74   65   76   40   387   36   1   191   
64   72   75   62   69   33   396   35   1   203   
66   78   72   63   74   28   393   30   1   205   
63   83   71   61   77   29   392   29   1   204   
68   83   75   54   72   28   398   40   1   191   
69   86   74   59   71   36   388   36   1   190   
69   78   69   50   74   39   403   39   1   188   
79   76   74   50   73   39   395   40   1   183   
87   71   69   50   60   44   407   39   1   182   
89   78   71   43   54   39   420   42   1   173   
86   86   80   38   50   38   434   42   1   155   
78   95   76   42   48   37   435   39   1   159   
81   97   74   43   48   34   444   36   1   152   
84   101   76   37   43   39   433   43   1   153   
94   104   64   36   35   38   434   42   1   162   
96   97   69   31   36   42   437   41   1   160   
91   102   66   28   30   42   454   34   1   162   
83   110   65   33   28   52   452   30   1   156   
86   122   65   32   27   50   439   32   1   156   
85   129   57   34   22   55   446   27   1   154   
85   140   61   33   17   59   436   26   1   152   
89   138   64   34   21   61   420   29   1   153   
84   143   72   30   13   67   418   26   1   156   
98   152   78   28   7   64   388   35   1   159   
102   145   78   29   8   60   380   34   1   173   
110   148   79   25   6   51   381   37   1   172   
115   146   84   31   6   52   373   29   1   173   
116   148   84   39   6   53   355   30   1   178   
113   155   75   35   8   55   348   30   1   190   
111   149   75   43   6   48   356   31   1   190   
110   155   74   40   5   51   352   34   1   188   
108   135   80   31   6   58   345   39   1   207   
111   138   82   33   6   55   330   32   1   222   
112   129   95   32   8   54   322   33   1   224   
116   124   86   38   7   59   322   39   1   218   
113   137   77   33   9   60   311   38   1   231   
110   136   73   34   11   63   303   44   1   235   
111   133   80   34   12   61   307   39   1   232   
112   136   81   36   10   58   303   39   1   234   
119   148   73   34   7   54   317   42   1   215   
123   153   79   37   8   54   314   37   1   204   
131   152   70   37   8   57   302   42   1   210   
129   156   74   36   6   55   309   44   1   200   
131   158   72   35   6   57   320   42   1   188   
130   157   79   40   6   58   315   40   1   184   
119   175   78   40   6   68   314   41   1   168   
119   169   72   40   6   75   314   42   1   172   
113   175   78   36   4   80   308   42   1   173   
103   173   68   33   5   85   322   41   1   179   
103   188   62   33   5   86   317   43   1   172   
120   196   58   27   3   80   306   41   1   178   
113   202   59   31   4   80   310   39   1   171   
111   203   64   31   4   75   307   32   1   182   
107   196   66   30   3   78   309   33   1   187   
114   185   58   31   4   80   314   37   1   186   
121   187   57   40   4   75   312   37   1   176   
121   197   56   35   5   79   314   30   1   172   
117   191   62   34   7   75   320   29   1   174   
107   178   65   37   8   73   322   29   1   190   
118   183   55   38   10   68   321   32   1   184   
122   200   50   41   11   60   294   34   1   197   
115   207   53   42   12   52   292   34   1   202   
109   214   54   39   10   53   300   35   1   195   
105   220   63   36   8   54   284   36   1   203   
114   238   64   35   5   52   275   37   1   189   
108   228   67   31   6   50   284   39   1   196   
103   241   63   24   4   54   290   38   1   192   
106   241   69   26   6   60   282   37   1   182   
97   257   70   28   4   59   266   36   1   192   
108   245   80   33   4   52   275   29   1   183   
124   225   83   36   5   49   269   33   1   185   
117   211   90   34   3   46   270   28   1   210   
109   222   100   34   4   30   290   25   1   195   
111   223   107   38   5   34   271   27   1   193   
115   228   100   36   7   35   281   19   1   188   
125   232   92   41   8   30   284   17   1   180   
128   218   93   41   10   29   287   18   1   185   
123   206   94   49   8   29   292   18   1   190   
124   204   96   51   6   30   272   20   1   206   
115   214   95   57   7   27   264   19   1   211   
101   211   81   60   9   26   266   19   1   236   
108   202   89   49   6   27   258   22   1   248   
109   205   94   52   4   29   264   24   1   228   
113   203   95   51   5   26   266   22   1   228   
117   182   94   55   4   21   291   15   1   230   
116   199   92   58   2   23   289   12   1   218   
97   192   111   54   3   16   290   16   1   230   
91   203   114   52   2   15   288   18   1   226   
90   212   130   43   1   11   281   20   1   221   
96   197   133   37   1   8   281   23   1   233   
98   185   119   37   1   8   284   27   1   250   
89   172   119   39   1   8   287   31   1   263   
86   170   114   43   1   8   298   33   1   256   
89   160   114   41   1   10   312   25   1   257   
79   156   126   41   1   11   316   20   1   259   
84   138   120   46   1   9   329   23   1   259   
76   140   131   46   1   8   321   31   1   255   
79   133   134   50   1   8   329   29   1   246   
81   128   129   49   1   9   333   25   1   254   
89   130   124   41   1   9   331   23   1   261   
97   138   114   42   1   11   325   25   1   256   
101   134   110   44   1   8   327   28   1   256   
101   132   109   50   1   7   334   32   1   243   
110   132   91   49   1   9   322   34   1   261   
109   139   93   47   1   12   317   33   1   258   
127   123   104   43   1   14   312   31   1   254   
127   124   101   43   1   15   320   27   1   251   
133   121   95   42   1   18   325   25   1   249   
138   116   90   49   1   22   309   26   1   258   
140   103   86   51   1   23   315   28   1   262   
147   99   75   51   1   26   320   26   1   264   
146   92   68   51   1   29   331   25   1   266   
143   92   66   42   1   18   342   20   1   285   
145   86   72   42   1   17   342   20   1   284   
138   86   87   37   1   16   347   20   1   277   
141   87   97   39   1   9   347   18   1   270   
135   89   92   43   1   10   352   14   1   273   
133   96   84   47   1   12   348   10   1   278   
137   94   84   51   1   15   343   10   1   274   
138   88   91   52   1   16   338   9   1   276   
129   95   86   52   1   15   338   9   1   284   
131   94   90   44   1   16   325   7   1   301   
134   92   91   37   1   15   321   9   1   309   
141   87   96   34   1   14   317   8   1   311   
150   85   104   33   1   11   310   9   1   306   
140   76   116   41   1   12   304   10   1   309   
142   75   112   47   1   7   296   6   1   323   
137   73   115   45   1   6   301   6   1   325   
141   74   117   41   1   4   307   5   1   319   
141   69   128   47   1   2   313   4   1   304   
144   62   130   53   1   2   316   3   1   298   
139   66   131   43   1   2   318   3   1   306   
142   67   136   46   1   2   311   3   1   301   
135   67   130   40   1   2   315   1   1   318   
131   76   127   44   1   1   302   1   1   326   
136   78   125   44   1   1   308   1   1   315   
125   78   127   40   1   1   304   1   1   332   
125   83   133   41   1   1   291   1   1   333   
121   92   130   52   1   1   289   1   1   322   
118   103   134   48   1   1   292   1   1   311   
129   105   137   46   1   1   295   1   1   294   
136   96   144   41   1   1   304   1   1   285   
144   102   140   38   1   1   304   1   1   278   
156   98   137   34   1   1   300   1   1   281   
157   96   137   30   1   1   305   1   1   281   
147   117   142   29   1   1   314   1   1   257   
143   115   145   29   1   1   310   1   1   264   
149   112   146   28   1   1   315   1   1   256   
153   113   140   33   1   1   325   1   1   242   
157   115   144   39   1   1   336   1   1   215   
158   118   138   34   1   1   335   1   1   223   
164   117   138   43   1   1   331   1   1   213   
155   121   150   50   1   1   331   1   1   199   
152   128   149   55   1   1   328   1   1   194   
162   115   148   66   1   1   328   1   1   187   
172   114   144   59   1   1   325   1   1   192   
181   101   147   50   1   1   324   1   1   203   
164   107   164   54   1   1   328   1   1   189   
163   114   164   53   1   1   314   1   1   198   
156   114   172   51   1   1   317   1   1   196   
159   119   183   55   1   1   314   1   1   176   
159   119   185   49   1   1   322   1   1   172   
163   110   185   52   1   1   330   1   1   166   
161   103   185   62   1   1   328   1   1   167   
157   101   181   62   1   1   337   1   1   168   
158   101   189   65   1   1   331   1   1   162   
160   103   171   59   1   1   331   1   1   182   
166   110   163   62   1   1   330   1   1   175   
165   112   169   74   1   1   308   1   1   178   
156   123   163   68   1   1   310   1   1   186   
161   131   167   67   1   1   302   1   1   178   
144   135   168   67   1   1   308   1   1   184   
144   137   161   65   1   1   316   1   1   183   
150   135   174   70   1   1   318   1   1   159   
153   134   180   72   1   1   308   1   1   159   
149   124   188   80   1   1   319   1   1   146   
152   125   188   80   1   1   316   1   1   145   
169   121   196   71   1   1   311   1   1   138   
162   123   190   68   1   1   320   1   1   143   
166   124   190   68   1   1   315   1   1   143   
156   120   187   64   1   1   327   1   1   152   
163   119   185   63   1   1   322   1   1   154   
1   1   1   1   1   1   1   1   1   1   
1   1   1   1   1   1   1   1   1   1   
1   1   1   1   1   1   1   1   1   1   
1   1   1   1   1   1   1   1   1   1   
1   1   1   1   1   1   1   1   1   1   
1   1   1   1   1   1   1   1   1   1   
1   1   1   1   1   1   1   1   1   1   
1   1   1   1   1   1   1   1   1   1   
1   1   1   1   1   1   1   1   1   1   
1   1   1   1   1   1   1   1   1   1   
1   1   1   1   1   1   1   1   1   1   
