201   201   201   201   201   
199   230   214   197   165   
202   242   201   199   161   
196   235   207   213   154   
192   241   219   189   164   
198   240   222   178   167   
198   245   212   182   168   
213   233   202   186   171   
207   239   202   188   169   
208   255   198   182   162   
201   256   200   187   161   
198   254   205   185   163   
201   261   207   181   155   
187   267   211   188   152   
184   271   214   185   151   
168   274   234   175   154   
154   283   237   179   152   
150   254   233   197   171   
161   233   232   202   177   
165   240   228   202   170   
159   253   219   212   162   
166   247   224   205   163   
148   246   233   216   162   
148   239   226   215   177   
147   234   232   212   180   
150   231   227   219   178   
151   210   225   225   194   
152   203   223   234   193   
149   203   231   228   194   
164   185   224   230   202   
156   180   230   238   201   
157   179   215   236   218   
145   178   228   222   232   
147   175   225   223   235   
151   160   234   211   249   
155   164   228   203   255   
162   157   229   206   251   
155   153   220   211   266   
156   157   216   213   263   
158   161   205   210   271   
164   168   206   194   273   
161   161   210   195   278   
165   161   195   204   280   
171   168   181   195   290   
168   168   182   212   275   
155   172   187   202   289   
147   176   189   212   281   
148   165   185   230   277   
149   162   186   247   261   
148   168   189   237   263   
146   170   186   244   259   
132   184   198   239   252   
130   174   201   245   255   
136   162   200   247   260   
125   179   201   237   263   
120   176   211   236   262   
124   172   215   241   253   
145   161   214   232   253   
153   157   204   244   247   
146   154   201   253   251   
142   159   194   250   260   
138   155   192   249   271   
133   165   184   255   268   
123   160   191   292   239   
128   158   186   292   241   
128   166   176   300   235   
124   169   170   314   228   
125   164   178   318   220   
118   158   191   313   225   
117   156   202   308   222   
106   155   200   313   231   
105   158   218   298   226   
103   139   235   290   238   
106   135   245   290   229   
105   144   261   280   215   
99   149   277   264   216   
96   147   278   254   230   
100   153   293   238   221   
98   151   299   240   217   
94   162   301   252   196   
94   154   296   253   208   
89   144   296   276   200   
91   138   303   275   198   
92   145   302   281   185   
93   141   302   283   186   
95   153   301   289   167   
96   138   299   301   171   
90   137   285   298   195   
92   145   293   290   185   
87   141   283   297   197   
92   134   271   301   207   
99   125   267   317   197   
94   134   262   317   198   
90   122   266   330   197   
87   122   264   335   197   
86   119   258   346   196   
100   111   259   326   209   
100   95   264   327   219   
96   100   276   321   212   
92   101   276   313   223   
95   101   273   311   225   
83   107   276   314   225   
79   103   265   333   225   
79   99   250   357   220   
84   100   250   350   221   
74   96   254   379   202   
78   97   245   387   198   
80   95   257   376   197   
81   94   254   370   206   
80   87   254   354   230   
77   91   254   352   231   
80   78   261   353   233   
82   85   253   340   245   
78   84   231   358   254   
78   84   235   356   252   
79   91   223   365   247   
76   94   219   372   244   
80   95   219   385   226   
80   99   224   387   215   
80   108   212   405   200   
79   101   235   389   201   
82   92   233   382   216   
79   89   228   396   213   
78   76   234   392   225   
77   83   218   396   231   
79   83   219   401   223   
78   87   229   391   220   
71   89   230   374   241   
67   92   224   385   237   
73   95   216   380   241   
70   100   214   394   227   
68   105   205   402   225   
65   114   202   415   209   
70   119   198   397   221   
65   133   202   383   222   
71   138   190   384   222   
71   133   178   402   221   
71   131   175   407   221   
73   130   170   416   216   
75   143   161   419   207   
81   155   151   392   226   
83   164   144   382   232   
74   159   152   384   236   
68   146   151   388   252   
70   139   160   384   252   
74   138   146   388   259   
74   139   141   394   257   
74   126   147   394   264   
79   117   149   397   263   
77   108   144   402   274   
72   104   144   401   284   
77   111   141   403   273   
80   113   126   403   283   
80   116   122   402   285   
77   110   127   412   279   
74   116   134   408   273   
80   125   135   404   261   
75   132   140   392   266   
81   136   139   393   256   
82   144   134   373   272   
92   145   137   367   264   
90   143   138   376   258   
102   142   141   381   239   
106   144   143   367   245   
99   167   142   351   246   
106   173   152   352   222   
100   181   159   352   213   
105   172   159   365   204   
120   164   169   363   189   
108   169   172   380   176   
105   158   174   388   180   
105   159   171   381   189   
107   159   164   384   191   
108   151   172   384   190   
109   164   168   405   159   
107   178   168   391   161   
100   186   167   382   170   
104   189   153   394   165   
108   190   158   385   164   
87   197   167   395   159   
87   200   162   426   130   
84   186   158   456   121   
83   190   162   458   112   
84   184   163   448   126   
82   196   166   442   119   
77   205   160   439   124   
89   202   161   417   136   
89   194   171   410   141   
79   192   186   403   145   
65   197   192   410   141   
63   198   207   410   127   
58   186   224   413   124   
63   174   229   403   136   
68   170   222   410   135   
62   164   233   411   135   
68   150   217   427   143   
69   157   215   434   130   
69   145   220   440   131   
61   140   211   464   129   
54   122   220   485   124   
54   120   215   487   129   
49   105   215   513   123   
45   98   219   530   113   
45   102   207   530   121   
45   107   215   524   114   
44   115   223   512   111   
47   113   238   497   110   
38   107   242   503   115   
34   89   249   517   116   
36   87   254   506   122   
36   87   256   504   122   
31   80   262   513   119   
33   72   270   510   120   
29   80   268   513   115   
22   81   276   525   101   
20   79   275   528   103   
28   84   261   530   102   
29   82   280   510   104   
30   88   295   498   94   
27   92   297   496   93   
29   91   304   496   85   
33   92   292   498   90   
40   99   302   473   91   
35   103   304   477   86   
35   94   314   472   90   
29   91   309   486   90   
29   92   320   484   80   
25   99   314   484   83   
23   114   318   481   69   
19   127   317   482   60   
27   129   318   467   64   
28   140   305   470   62   
30   133   295   486   61   
29   140   281   486   69   
31   139   286   477   72   
35   149   271   486   64   
38   148   268   485   66   
38   134   270   501   62   
29   132   265   513   66   
32   130   262   517   64   
35   128   258   521   63   
46   127   259   504   69   
41   135   242   518   69   
40   140   227   528   70   
41   140   225   528   71   
37   138   226   543   61   
28   134   224   553   66   
26   139   222   554   64   
26   146   220   564   49   
26   133   236   561   49   
30   122   227   584   42   
24   116   234   590   41   
21   106   235   605   38   
23   99   237   609   37   
25   102   228   611   39   
18   113   222   618   34   
24   111   221   616   33   
23   115   222   613   32   
27   115   218   610   35   
23   120   229   598   35   
23   123   241   587   31   
20   124   251   580   30   
20   122   247   588   28   
25   131   245   569   35   
25   128   245   571   36   
30   113   243   582   37   
31   109   270   548   47   
31   116   269   537   52   
33   122   247   555   48   
35   133   258   538   41   
35   133   260   532   45   
34   132   254   546   39   
33   138   251   540   43   
40   136   255   529   45   
42   131   251   531   50   
38   124   234   563   46   
40   131   237   556   41   
40   128   231   571   35   
38   119   243   573   32   
24   122   236   593   30   
26   116   242   587   34   
24   116   236   593   36   
28   118   232   589   38   
32   119   213   601   40   
29   114   232   591   39   
32   100   229   604   40   
33   95   221   622   34   
38   91   223   619   34   
34   114   214   607   36   
34   116   204   613   38   
35   126   209   599   36   
24   133   199   609   40   
23   134   198   611   39   
24   131   202   607   41   
23   135   204   605   38   
24   144   203   600   34   
22   141   199   608   35   
26   150   175   621   33   
30   154   165   623   33   
34   150   171   620   30   
36   153   172   611   33   
38   139   172   626   30   
36   134   171   635   29   
39   138   182   622   24   
33   144   185   618   25   
34   161   183   603   24   
35   161   192   594   23   
33   165   192   595   20   
31   165   190   603   16   
36   173   198   584   14   
31   176   197   589   12   
25   169   206   591   14   
23   155   213   599   15   
25   143   202   620   15   
23   141   197   629   15   
19   149   208   615   14   
18   155   215   603   14   
19   153   214   610   9   
22   161   219   596   7   
23   163   208   606   5   
23   177   202   598   5   
22   165   211   606   1   
22   168   189   625   1   
23   162   204   615   1   
24   158   199   623   1   
27   166   198   613   1   
29   156   196   623   1   
24   166   193   621   1   
23   179   196   606   1   
26   185   175   618   1   
28   188   170   618   1   
28   189   157   630   1   
33   177   159   635   1   
29   197   145   633   1   
24   201   134   645   1   
24   202   137   641   1   
24   200   149   631   1   
17   221   144   622   1   
15   209   141   639   1   
11   220   146   627   1   
11   221   155   617   1   
13   224   147   620   1   
14   211   151   628   1   
15   215   157   617   1   
16   205   152   631   1   
19   209   150   626   1   
18   206   155   625   1   
17   219   146   622   1   
15   218   144   627   1   
8   210   147   639   1   
9   218   146   631   1   
11   221   145   627   1   
15   228   151   610   1   
14   222   139   629   1   
17   210   144   633   1   
19   204   157   624   1   
13   217   142   632   1   
16   213   144   631   1   
17   205   147   635   1   
17   201   144   642   1   
15   200   138   651   1   
16   202   136   650   1   
19   204   123   658   1   
20   199   111   674   1   
20   210   118   656   1   
20   213   114   657   1   
22   223   102   657   1   
23   236   93   652   1   
27   246   84   647   1   
26   236   81   661   1   
24   233   75   672   1   
19   234   87   664   1   
24   243   91   646   1   
29   230   84   661   1   
29   219   86   670   1   
20   223   90   671   1   
19   230   91   664   1   
20   232   97   655   1   
23   240   107   634   1   
18   244   107   635   1   
15   239   110   640   1   
12   222   121   649   1   
9   231   125   639   1   
10   228   121   645   1   
12   217   119   656   1   
14   210   120   660   1   
19   217   112   656   1   
22   225   105   652   1   
17   231   104   652   1   
20   248   109   627   1   
21   241   110   632   1   
23   217   121   643   1   
28   217   111   648   1   
29   226   111   638   1   
26   230   108   640   1   
23   227   113   641   1   
24   222   117   641   1   
28   224   115   637   1   
35   220   113   636   1   
28   217   114   645   1   
28   220   108   648   1   
21   235   112   636   1   
26   228   124   626   1   
33   214   127   630   1   
34   217   121   632   1   
34   222   127   621   1   
32   229   124   619   1   
34   235   118   617   1   
33   245   113   613   1   
32   239   116   617   1   
35   235   109   625   1   
39   256   108   601   1   
40   266   118   580   1   
37   264   140   563   1   
39   265   144   556   1   
36   277   147   544   1   
37   269   143   555   1   
39   274   147   544   1   
43   280   136   545   1   
45   286   145   528   1   
45   283   147   529   1   
42   282   157   523   1   
43   284   144   533   1   
36   286   145   537   1   
33   291   149   531   1   
39   289   158   518   1   
43   277   159   525   1   
47   290   158   509   1   
49   299   163   493   1   
46   280   177   501   1   
49   277   176   502   1   
48   270   177   509   1   
43   279   170   512   1   
48   283   154   519   1   
47   292   137   528   1   
47   299   125   533   1   
48   292   125   539   1   
54   297   122   531   1   
64   296   127   517   1   
64   297   114   529   1   
61   314   126   503   1   
63   317   127   497   1   
60   312   122   510   1   
61   303   132   508   1   
59   319   134   492   1   
62   316   137   489   1   
60   315   123   506   1   
53   308   132   511   1   
52   315   134   503   1   
59   308   131   506   1   
58   323   118   505   1   
51   328   108   517   1   
52   343   102   507   1   
49   351   104   500   1   
42   375   97   490   1   
38   374   102   490   1   
35   360   102   507   1   
27   337   102   538   1   
28   351   102   523   1   
26   351   106   521   1   
26   355   101   522   1   
30   370   90   514   1   
34   359   90   521   1   
33   365   87   519   1   
32   357   91   524   1   
29   376   87   512   1   
31   361   92   520   1   
35   356   92   521   1   
32   359   87   526   1   
30   349   80   545   1   
33   356   78   537   1   
34   360   82   528   1   
33   368   89   514   1   
40   371   97   496   1   
40   355   94   515   1   
38   340   93   533   1   
37   346   96   525   1   
35   340   99   530   1   
41   323   106   534   1   
44   330   104   526   1   
43   338   104   519   1   
43   337   93   531   1   
39   348   103   514   1   
34   340   107   523   1   
34   362   99   509   1   
37   367   87   513   1   
43   361   91   509   1   
44   347   90   523   1   
52   341   91   520   1   
51   333   87   533   1   
50   343   77   534   1   
48   352   82   522   1   
60   337   92   515   1   
55   324   90   535   1   
55   319   93   537   1   
59   300   101   544   1   
62   268   113   561   1   
66   259   114   565   1   
71   270   108   555   1   
1   1   1   1   1   
1   1   1   1   1   
1   1   1   1   1   
1   1   1   1   1   
1   1   1   1   1   
1   1   1   1   1   
1   1   1   1   1   
1   1   1   1   1   
1   1   1   1   1   
1   1   1   1   1   
1   1   1   1   1   
1   1   1   1   1   
1   1   1   1   1   
1   1   1   1   1   
1   1   1   1   1   
1   1   1   1   1   
1   1   1   1   1   
1   1   1   1   1   
1   1   1   1   1   
1   1   1   1   1   
1   1   1   1   1   
1   1   1   1   1   
1   1   1   1   1   
1   1   1   1   1   
1   1   1   1   1   
1   1   1   1   1   
1   1   1   1   1   
1   1   1   1   1   
1   1   1   1   1   
1   1   1   1   1   
1   1   1   1   1   
1   1   1   1   1   
1   1   1   1   1   
1   1   1   1   1   
1   1   1   1   1   
1   1   1   1   1   
1   1   1   1   1   
1   1   1   1   1   
1   1   1   1   1   
1   1   1   1   1   
1   1   1   1   1   
1   1   1   1   1   
1   1   1   1   1   
1   1   1   1   1   
1   1   1   1   1   
1   1   1   1   1   
1   1   1   1   1   
1   1   1   1   1   
1   1   1   1   1   
1   1   1   1   1   
1   1   1   1   1   
1   1   1   1   1   
1   1   1   1   1   
1   1   1   1   1   
1   1   1   1   1   
1   1   1   1   1   
1   1   1   1   1   
1   1   1   1   1   
1   1   1   1   1   
1   1   1   1   1   
1   1   1   1   1   
1   1   1   1   1   
1   1   1   1   1   
1   1   1   1   1   
1   1   1   1   1   
1   1   1   1   1   
1   1   1   1   1   
1   1   1   1   1   
1   1   1   1   1   
1   1   1   1   1   
1   1   1   1   1   
1   1   1   1   1   
1   1   1   1   1   
1   1   1   1   1   
1   1   1   1   1   
1   1   1   1   1   
1   1   1   1   1   
1   1   1   1   1   
1   1   1   1   1   
1   1   1   1   1   
1   1   1   1   1   
1   1   1   1   1   
1   1   1   1   1   
1   1   1   1   1   
1   1   1   1   1   
1   1   1   1   1   
1   1   1   1   1   
1   1   1   1   1   
1   1   1   1   1   
1   1   1   1   1   
1   1   1   1   1   
1   1   1   1   1   
1   1   1   1   1   
1   1   1   1   1   
1   1   1   1   1   
1   1   1   1   1   
1   1   1   1   1   
1   1   1   1   1   
1   1   1   1   1   
1   1   1   1   1   
1   1   1   1   1   
1   1   1   1   1   
