51   51   51   51   51   51   51   51   51   51   51   51   51   51   51   51   51   51   51   51   
46   51   50   51   53   56   51   52   56   53   47   56   55   49   50   57   52   41   41   53   
39   57   48   53   54   49   57   48   63   55   46   61   51   44   52   58   50   39   45   51   
37   58   41   54   59   57   58   52   70   46   55   53   43   38   57   50   54   42   46   50   
32   56   45   59   61   58   62   51   70   39   48   66   36   35   56   51   63   41   47   44   
32   58   42   52   62   59   62   53   73   53   41   61   40   43   50   50   54   41   50   44   
27   56   50   46   56   56   56   48   81   54   40   67   47   45   46   52   54   45   48   46   
29   49   46   47   61   57   59   45   79   51   48   72   46   55   47   48   48   44   48   41   
29   52   45   41   61   60   60   49   81   49   42   69   47   52   48   51   42   43   54   45   
26   58   43   49   68   58   60   45   76   47   39   59   58   47   43   51   49   42   53   49   
28   54   49   46   64   57   62   43   69   44   47   59   64   39   36   59   47   50   56   47   
25   49   56   46   62   67   58   36   74   43   46   55   56   46   40   60   50   50   53   48   
26   53   51   47   57   66   61   32   81   38   43   58   46   54   37   58   53   59   53   47   
29   46   56   42   57   71   71   25   71   32   51   54   57   54   37   60   50   64   58   35   
30   43   54   41   60   83   76   21   74   31   46   54   53   46   38   59   49   63   63   36   
35   45   49   40   60   80   80   24   68   33   43   49   51   40   37   64   48   60   78   36   
33   51   51   44   57   71   81   24   69   39   46   50   41   37   43   62   55   50   78   38   
37   50   46   45   57   69   86   28   70   37   56   56   41   30   47   63   48   46   69   39   
40   55   49   37   56   69   93   31   64   37   60   58   31   29   46   61   53   51   59   41   
30   58   45   34   50   70   99   34   59   39   54   57   33   34   47   63   56   52   64   42   
31   62   38   28   54   77   103   31   62   45   57   52   27   35   41   60   63   47   69   38   
32   65   37   23   52   80   113   30   65   46   45   57   31   33   41   62   62   49   62   35   
27   62   38   23   58   84   119   31   63   51   47   50   32   26   41   60   58   55   63   32   
28   66   44   23   57   87   114   31   58   48   52   50   28   20   43   65   51   54   69   32   
31   60   40   21   59   91   116   32   60   50   47   52   25   22   44   66   55   49   69   31   
34   67   37   18   52   96   118   30   53   51   44   52   30   19   42   67   63   49   68   30   
37   75   29   19   47   96   118   23   57   51   47   54   27   18   53   80   54   40   60   35   
39   73   32   20   43   95   125   21   50   51   45   54   28   13   51   92   54   42   55   37   
40   70   26   20   37   92   127   23   52   49   50   50   30   15   57   91   53   42   60   36   
38   76   28   15   37   97   130   17   44   54   51   50   35   14   58   93   47   40   58   38   
49   68   29   13   34   90   128   15   45   53   53   43   34   14   55   103   50   46   61   37   
43   71   30   11   34   82   125   16   47   48   58   45   30   15   63   105   50   52   57   38   
38   71   26   16   36   79   128   18   46   51   56   47   32   14   75   106   49   50   45   37   
38   62   23   19   31   78   133   18   45   61   56   44   34   14   78   103   51   49   45   38   
38   61   18   19   27   75   124   21   40   60   55   43   35   12   81   114   55   54   51   37   
40   60   20   19   22   73   132   19   41   57   54   42   35   14   72   127   54   57   47   35   
35   54   22   22   27   73   142   18   39   52   46   43   32   15   68   132   63   56   41   40   
40   50   21   23   31   92   141   19   30   56   44   40   31   15   66   121   64   53   41   42   
45   43   24   23   29   82   152   14   26   51   41   43   31   16   65   128   64   52   43   48   
40   45   30   24   30   90   147   10   28   53   41   41   26   16   65   125   61   48   49   51   
41   38   28   25   31   94   148   10   34   52   39   45   30   17   56   136   61   35   48   52   
30   46   27   26   38   104   142   13   31   43   34   48   31   16   52   144   59   37   47   52   
26   50   31   29   28   109   143   11   36   43   32   50   29   18   55   141   58   34   44   53   
19   44   31   27   34   104   143   11   37   46   38   52   35   16   56   128   58   38   46   57   
17   45   22   31   28   102   146   14   31   49   40   53   39   21   45   139   64   39   43   52   
18   46   24   34   35   91   157   16   26   50   38   56   40   19   40   138   57   39   44   52   
20   47   29   29   35   97   157   18   28   51   35   56   41   23   48   139   48   35   41   43   
17   39   37   28   28   101   167   20   29   63   46   51   26   27   44   143   39   32   41   42   
16   41   30   23   25   104   175   17   25   64   44   54   25   28   51   147   37   31   42   41   
20   41   27   20   22   113   172   22   22   66   40   55   25   30   44   144   39   32   42   44   
23   50   23   19   22   100   173   17   23   71   41   56   30   30   50   138   34   33   42   45   
25   51   20   19   24   92   182   21   17   79   39   60   33   26   44   139   33   29   40   47   
29   48   18   20   26   101   195   19   13   72   38   64   24   20   50   133   32   23   44   51   
23   42   19   20   26   101   204   19   14   74   41   62   25   20   46   135   33   21   45   50   
21   42   27   16   28   102   203   19   16   74   34   63   24   21   46   133   30   19   52   50   
20   42   25   22   28   89   208   20   16   76   33   65   20   23   43   132   28   21   60   49   
12   40   26   22   31   77   200   15   19   85   42   56   17   23   47   149   29   24   52   54   
10   44   23   24   33   76   199   13   19   95   44   53   15   17   42   145   25   30   57   56   
8   45   27   27   34   66   200   14   19   94   40   61   18   11   35   144   25   30   59   63   
8   44   26   25   36   63   207   15   18   84   39   69   17   9   33   140   25   35   64   63   
10   43   26   32   28   64   222   18   15   94   39   71   19   9   32   132   29   32   55   50   
9   45   26   27   32   64   212   16   13   100   39   79   23   10   29   133   29   30   53   51   
8   35   25   24   35   71   209   11   12   107   40   77   21   7   28   139   34   29   59   49   
12   33   26   28   41   67   204   11   9   103   39   78   17   6   28   132   37   30   60   59   
9   30   25   31   43   64   206   12   8   106   48   81   13   2   24   131   39   29   63   56   
6   31   25   24   41   63   207   14   10   102   46   83   14   3   24   138   34   33   62   60   
9   30   20   25   42   56   217   11   13   94   52   84   11   2   22   138   37   29   69   59   
9   38   19   26   34   57   217   10   14   92   48   94   10   3   24   132   36   32   69   56   
7   39   20   22   35   54   228   11   16   88   44   105   9   4   29   128   29   29   68   55   
8   38   23   24   36   53   233   11   19   80   50   104   12   4   31   135   23   22   59   55   
6   36   23   21   35   56   229   9   21   91   62   92   9   4   31   132   23   24   56   60   
6   30   24   17   33   52   241   5   23   99   62   79   11   5   36   136   25   19   56   61   
8   29   20   16   26   55   256   6   27   90   55   78   9   3   36   153   22   18   52   61   
10   28   22   17   25   60   252   8   23   93   47   81   6   2   35   170   15   17   45   64   
11   24   19   15   24   60   250   6   22   84   51   84   7   2   37   178   13   22   44   67   
15   20   15   16   26   59   242   7   26   81   55   82   7   2   40   190   15   15   42   65   
17   16   14   16   25   56   250   6   30   84   44   91   5   3   39   187   14   12   43   68   
20   11   13   23   26   52   264   6   29   86   41   89   7   2   41   177   14   14   40   65   
22   7   10   24   33   56   242   8   30   86   41   87   4   3   42   173   20   18   36   78   
19   8   11   25   35   60   248   7   37   89   38   90   3   2   39   166   21   13   35   74   
22   4   15   19   31   59   254   6   30   96   38   100   3   1   39   152   22   18   37   74   
19   6   16   19   35   57   253   4   32   101   36   92   2   1   34   161   24   18   40   70   
13   6   17   20   44   59   255   3   37   93   34   90   3   1   35   162   22   22   37   67   
15   7   19   18   55   63   259   1   37   94   27   100   2   1   32   150   17   20   41   62   
13   6   18   18   63   68   248   1   39   84   30   102   3   1   28   147   19   17   45   70   
17   6   26   14   56   71   260   1   38   86   33   105   4   1   27   124   14   16   54   67   
15   6   27   14   51   87   260   1   40   82   32   95   5   1   27   127   16   20   51   63   
19   5   24   14   62   92   259   1   50   69   30   87   5   1   23   126   12   21   54   66   
13   5   25   13   65   101   273   1   43   71   26   87   4   1   21   122   10   17   55   67   
10   7   28   15   74   99   272   1   48   60   25   96   4   1   20   118   11   19   52   60   
9   5   27   13   72   89   268   1   55   66   22   103   4   1   20   121   7   20   53   64   
10   4   28   10   69   84   288   1   50   66   22   102   4   1   18   122   5   21   48   67   
11   4   31   4   72   83   287   1   52   65   25   107   3   1   22   118   5   26   46   57   
12   5   32   3   72   88   282   1   51   68   25   104   2   1   24   120   4   25   45   56   
15   5   36   2   77   93   271   1   52   68   24   92   2   1   24   130   4   22   47   54   
12   4   37   2   96   74   266   1   58   69   19   84   1   1   31   126   4   25   48   62   
12   3   47   2   89   73   272   1   55   69   18   77   1   1   23   130   4   22   53   68   
12   2   44   2   104   84   297   1   45   66   16   66   1   1   18   120   2   20   53   66   
12   2   44   2   106   75   292   1   38   66   21   76   1   1   21   116   1   21   63   61   
10   2   46   2   107   83   288   1   40   75   19   68   1   1   22   122   1   21   60   51   
9   3   42   2   109   92   287   1   36   80   21   68   1   1   22   125   1   24   54   42   
7   2   41   3   113   81   278   1   40   81   23   74   1   1   23   135   1   20   47   48   
7   2   41   3   103   77   280   1   40   77   30   64   1   1   23   151   1   17   52   49   
8   3   42   4   116   87   265   1   46   66   29   62   1   1   21   151   1   13   56   47   
9   3   48   2   105   87   249   1   49   60   31   67   1   1   25   155   1   11   63   52   
6   5   53   1   104   79   246   1   46   58   33   80   1   1   26   161   1   7   62   49   
4   6   47   1   108   70   266   1   41   51   35   78   1   1   23   174   1   6   58   48   
3   5   47   1   113   67   279   1   36   44   33   74   1   1   26   176   1   7   57   48   
4   5   39   1   101   79   286   1   35   49   34   72   1   1   21   173   1   8   55   54   
3   4   36   1   113   85   257   1   29   48   36   80   1   1   21   181   1   6   60   56   
2   5   38   1   110   92   254   1   32   37   39   80   1   1   20   189   1   4   57   56   
2   4   41   1   111   89   261   1   35   32   41   75   1   1   21   181   1   5   58   59   
2   6   39   1   109   82   265   1   37   35   37   70   1   1   24   185   1   5   65   54   
3   5   38   1   112   84   274   1   40   34   30   69   1   1   20   171   1   4   76   55   
4   6   40   1   122   79   287   1   40   32   34   68   1   1   15   164   1   4   68   52   
4   7   38   1   123   86   276   1   47   30   35   78   1   1   15   157   1   4   62   53   
4   8   37   1   117   86   264   1   46   40   35   79   1   1   15   161   1   4   60   59   
4   7   42   1   117   76   266   1   45   41   35   81   1   1   15   160   1   4   66   56   
6   7   44   1   112   78   266   1   39   41   37   94   1   1   14   152   1   4   59   62   
5   9   40   1   109   82   270   1   34   38   32   96   1   1   15   152   1   4   64   65   
7   9   48   1   99   83   274   1   32   32   41   102   1   1   16   150   1   6   55   61   
7   5   48   1   102   86   290   1   29   30   50   93   1   1   14   144   1   7   53   57   
6   5   43   1   100   92   293   1   38   35   52   89   1   1   13   138   1   9   49   53   
4   4   46   1   102   79   289   1   36   42   60   100   1   1   8   131   1   10   47   57   
5   5   42   1   98   73   300   1   36   40   52   115   1   1   9   140   1   10   37   53   
5   6   46   1   103   68   296   1   38   41   37   119   1   1   9   144   1   10   38   55   
6   4   50   1   98   72   290   1   46   44   36   121   1   1   5   136   1   8   38   61   
6   4   52   1   113   74   283   1   45   34   43   117   1   1   6   132   1   6   41   59   
5   2   45   1   107   75   294   1   47   38   45   124   1   1   8   130   1   5   33   57   
6   2   51   1   116   76   303   1   42   36   51   118   1   1   9   116   1   5   28   56   
6   2   57   1   110   70   309   1   47   40   49   123   1   1   8   112   1   5   21   56   
7   1   56   1   112   69   321   1   48   33   47   116   1   1   10   110   1   4   22   59   
8   1   55   1   109   73   307   1   37   36   48   129   1   1   9   119   1   4   26   54   
6   1   54   1   96   74   304   1   50   35   45   135   1   1   9   120   1   5   24   57   
6   1   57   1   101   77   300   1   52   34   42   124   1   1   7   120   1   7   22   65   
6   1   58   1   102   77   287   1   53   35   48   129   1   1   8   114   1   4   21   72   
6   1   57   1   105   76   287   1   52   30   47   132   1   1   6   121   1   5   11   79   
7   1   62   1   103   64   305   1   47   25   59   118   1   1   4   121   1   4   11   84   
8   1   62   1   95   61   315   1   48   18   57   134   1   1   5   114   1   1   9   87   
8   1   57   1   95   60   317   1   46   19   53   135   1   1   3   122   1   1   7   91   
9   1   58   1   93   65   294   1   45   21   51   146   1   1   4   115   1   1   8   104   
9   1   60   1   98   63   283   1   43   19   52   159   1   1   3   121   1   1   11   92   
12   1   63   1   98   60   279   1   45   21   47   162   1   1   3   112   1   1   14   97   
9   1   69   1   99   58   274   1   49   20   48   162   1   1   3   108   1   1   12   102   
9   1   63   1   95   56   282   1   46   23   51   176   1   1   2   112   1   1   7   91   
9   1   67   1   96   50   277   1   42   24   51   172   1   1   1   122   1   1   9   93   
10   1   70   1   106   43   267   1   43   26   62   166   1   1   1   114   1   1   7   98   
9   1   72   1   115   38   263   1   45   25   56   164   1   1   1   117   1   1   6   102   
9   1   73   1   116   43   270   1   42   24   57   157   1   1   1   120   1   1   6   95   
10   1   66   1   118   41   267   1   47   27   56   162   1   1   1   116   1   1   6   96   
8   1   58   1   121   43   268   1   52   33   59   156   1   1   1   102   1   1   6   106   
11   1   59   1   116   41   277   1   54   21   53   157   1   1   1   105   1   1   3   115   
11   1   62   1   115   40   269   1   54   18   52   175   1   1   1   101   1   1   3   112   
10   1   65   1   120   35   246   1   51   21   56   184   1   1   1   110   1   1   2   112   
5   1   61   1   117   32   247   1   42   17   54   195   1   1   1   115   1   1   2   125   
6   1   57   1   120   32   238   1   44   19   48   211   1   1   1   111   1   1   1   125   
8   1   62   1   116   35   243   1   43   23   37   211   1   1   1   108   1   1   1   125   
9   1   60   1   123   35   232   1   49   30   38   197   1   1   1   112   1   1   1   126   
10   1   57   1   130   37   238   1   46   32   39   199   1   1   1   114   1   1   1   109   
11   1   61   1   134   31   237   1   44   34   44   200   1   1   1   116   1   1   1   99   
8   1   55   1   133   31   258   1   42   33   44   194   1   1   1   110   1   1   1   103   
11   1   59   1   132   30   254   1   33   30   45   201   1   1   1   109   1   1   1   107   
10   1   68   1   135   34   267   1   33   27   37   188   1   1   1   98   1   1   1   114   
10   1   70   1   132   31   273   1   38   24   40   172   1   1   1   104   1   1   1   117   
7   1   65   1   124   34   288   1   32   28   46   168   1   1   1   101   1   1   1   118   
6   1   69   1   123   36   290   1   33   26   46   163   1   1   1   105   1   1   1   114   
8   1   63   1   121   35   275   1   33   30   52   159   1   1   1   109   1   1   1   126   
5   1   70   1   114   38   275   1   36   33   46   175   1   1   1   107   1   1   1   112   
6   1   75   1   109   34   257   1   41   35   45   182   1   1   1   108   1   1   1   119   
8   1   74   1   111   31   269   1   35   32   52   173   1   1   1   110   1   1   1   116   
11   1   68   1   107   27   280   1   29   37   51   172   1   1   1   117   1   1   1   112   
11   1   77   1   111   22   281   1   30   35   42   173   1   1   1   114   1   1   1   115   
9   1   81   1   117   24   277   1   33   29   50   161   1   1   1   105   1   1   1   125   
8   1   83   1   109   27   293   1   41   27   43   151   1   1   1   109   1   1   1   120   
5   1   85   1   117   27   296   1   38   24   41   143   1   1   1   113   1   1   1   122   
3   1   84   1   117   26   280   1   39   26   37   145   1   1   1   123   1   1   1   131   
2   1   94   1   123   26   287   1   41   27   34   134   1   1   1   122   1   1   1   121   
2   1   91   1   135   27   272   1   43   34   37   133   1   1   1   120   1   1   1   117   
2   1   84   1   143   26   280   1   45   38   31   133   1   1   1   118   1   1   1   111   
3   1   80   1   132   20   303   1   47   40   26   129   1   1   1   110   1   1   1   121   
3   1   85   1   122   20   297   1   56   39   26   142   1   1   1   96   1   1   1   125   
3   1   80   1   129   15   303   1   56   35   23   145   1   1   1   94   1   1   1   128   
2   1   80   1   122   17   310   1   59   39   25   138   1   1   1   97   1   1   1   122   
3   1   70   1   143   12   307   1   62   37   25   129   1   1   1   99   1   1   1   124   
5   1   65   1   134   13   310   1   58   37   27   125   1   1   1   117   1   1   1   120   
6   1   75   1   146   13   311   1   56   33   27   132   1   1   1   100   1   1   1   112   
2   1   72   1   132   10   307   1   62   38   27   148   1   1   1   94   1   1   1   119   
2   1   77   1   135   12   306   1   55   32   20   147   1   1   1   101   1   1   1   124   
2   1   74   1   135   11   320   1   57   30   20   148   1   1   1   92   1   1   1   122   
2   1   66   1   141   13   325   1   56   35   20   142   1   1   1   91   1   1   1   120   
3   1   66   1   143   14   332   1   52   34   18   138   1   1   1   96   1   1   1   115   
3   1   55   1   136   16   336   1   61   30   19   144   1   1   1   95   1   1   1   116   
3   1   55   1   131   17   342   1   73   26   19   140   1   1   1   94   1   1   1   111   
2   1   63   1   126   15   356   1   69   25   18   135   1   1   1   92   1   1   1   110   
2   1   62   1   120   11   368   1   67   29   20   140   1   1   1   86   1   1   1   106   
3   1   61   1   116   13   386   1   66   26   19   136   1   1   1   85   1   1   1   100   
3   1   53   1   129   11   385   1   64   22   16   137   1   1   1   95   1   1   1   96   
3   1   55   1   129   12   395   1   64   19   15   128   1   1   1   104   1   1   1   87   
4   1   53   1   122   10   396   1   66   23   13   132   1   1   1   113   1   1   1   79   
4   1   46   1   123   9   416   1   69   21   13   121   1   1   1   104   1   1   1   85   
4   1   47   1   121   5   402   1   76   25   14   125   1   1   1   105   1   1   1   87   
5   1   39   1   117   3   405   1   79   26   12   129   1   1   1   110   1   1   1   86   
3   1   37   1   102   4   433   1   73   21   13   128   1   1   1   108   1   1   1   89   
3   1   35   1   101   5   446   1   66   20   13   124   1   1   1   107   1   1   1   91   
2   1   36   1   101   4   434   1   72   21   14   125   1   1   1   108   1   1   1   94   
2   1   38   1   100   4   438   1   65   22   15   130   1   1   1   99   1   1   1   98   
1   1   39   1   94   6   434   1   70   20   19   134   1   1   1   90   1   1   1   104   
1   1   39   1   98   6   411   1   81   21   17   141   1   1   1   95   1   1   1   101   
1   1   45   1   88   7   402   1   80   20   14   153   1   1   1   91   1   1   1   110   
1   1   47   1   91   8   398   1   77   14   16   157   1   1   1   91   1   1   1   111   
1   1   40   1   95   7   401   1   74   17   12   164   1   1   1   87   1   1   1   113   
1   1   46   1   100   9   406   1   71   21   13   157   1   1   1   87   1   1   1   100   
1   1   47   1   91   10   415   1   72   17   13   156   1   1   1   90   1   1   1   99   
1   1   58   1   87   13   421   1   70   19   11   143   1   1   1   98   1   1   1   90   
1   1   50   1   100   16   410   1   66   21   12   130   1   1   1   112   1   1   1   93   
1   1   51   1   113   12   401   1   61   23   11   133   1   1   1   104   1   1   1   101   
1   1   46   1   111   11   396   1   67   18   14   136   1   1   1   102   1   1   1   109   
1   1   46   1   115   12   394   1   75   12   12   149   1   1   1   92   1   1   1   103   
1   1   41   1   129   14   404   1   76   14   8   143   1   1   1   84   1   1   1   97   
1   1   43   1   128   9   425   1   75   16   5   147   1   1   1   74   1   1   1   88   
1   1   40   1   139   10   428   1   71   19   6   136   1   1   1   73   1   1   1   88   
1   1   42   1   123   8   443   1   75   17   5   139   1   1   1   70   1   1   1   88   
1   1   40   1   125   10   443   1   74   17   3   145   1   1   1   67   1   1   1   86   
1   1   47   1   123   9   443   1   74   18   2   150   1   1   1   62   1   1   1   82   
1   1   46   1   111   10   438   1   82   21   3   162   1   1   1   54   1   1   1   83   
1   1   42   1   112   7   459   1   75   24   4   155   1   1   1   50   1   1   1   82   
1   1   42   1   115   10   451   1   81   28   6   155   1   1   1   48   1   1   1   74   
1   1   40   1   109   9   443   1   90   22   10   166   1   1   1   46   1   1   1   75   
1   1   43   1   100   9   450   1   99   21   8   166   1   1   1   43   1   1   1   71   
1   1   37   1   101   9   451   1   101   16   6   175   1   1   1   48   1   1   1   66   
1   1   37   1   103   8   453   1   100   17   6   176   1   1   1   47   1   1   1   63   
1   1   40   1   112   5   467   1   101   8   9   164   1   1   1   45   1   1   1   59   
1   1   40   1   117   5   451   1   111   7   13   156   1   1   1   51   1   1   1   59   
1   1   36   1   115   5   453   1   114   6   13   154   1   1   1   44   1   1   1   70   
1   1   32   1   112   6   455   1   124   7   12   152   1   1   1   43   1   1   1   67   
1   1   39   1   114   7   436   1   121   10   12   160   1   1   1   39   1   1   1   72   
1   1   39   1   108   7   438   1   126   10   12   165   1   1   1   39   1   1   1   66   
1   1   32   1   112   6   451   1   116   10   15   154   1   1   1   42   1   1   1   72   
1   1   27   1   114   6   455   1   126   11   15   153   1   1   1   39   1   1   1   64   
1   1   30   1   112   7   453   1   119   11   15   155   1   1   1   40   1   1   1   68   
1   1   29   1   108   7   444   1   115   15   15   160   1   1   1   45   1   1   1   72   
1   1   32   1   108   9   442   1   124   12   13   152   1   1   1   50   1   1   1   68   
1   1   30   1   111   10   431   1   134   15   14   151   1   1   1   50   1   1   1   64   
1   1   28   1   112   7   441   1   134   15   13   149   1   1   1   48   1   1   1   63   
1   1   25   1   110   11   428   1   140   13   12   158   1   1   1   46   1   1   1   67   
1   1   27   1   107   10   425   1   139   15   11   169   1   1   1   37   1   1   1   70   
1   1   27   1   93   9   413   1   140   17   13   178   1   1   1   42   1   1   1   78   
1   1   32   1   104   9   419   1   130   18   9   167   1   1   1   45   1   1   1   77   
1   1   35   1   105   9   414   1   125   22   7   159   1   1   1   53   1   1   1   81   
1   1   32   1   112   6   412   1   123   18   8   164   1   1   1   54   1   1   1   81   
1   1   31   1   122   8   416   1   120   21   8   151   1   1   1   55   1   1   1   78   
1   1   28   1   117   9   418   1   132   30   7   141   1   1   1   59   1   1   1   69   
1   1   35   1   102   7   440   1   122   34   10   141   1   1   1   53   1   1   1   66   
1   1   37   1   87   7   450   1   129   37   11   141   1   1   1   49   1   1   1   62   
1   1   33   1   89   7   469   1   142   39   12   121   1   1   1   39   1   1   1   59   
1   1   35   1   95   6   467   1   144   30   14   122   1   1   1   42   1   1   1   55   
1   1   31   1   91   4   458   1   148   34   10   138   1   1   1   39   1   1   1   57   
1   1   36   1   78   6   456   1   151   36   10   140   1   1   1   42   1   1   1   55   
1   1   41   1   77   4   453   1   155   28   13   139   1   1   1   43   1   1   1   57   
1   1   34   1   70   4   470   1   147   30   14   144   1   1   1   45   1   1   1   52   
1   1   23   1   77   5   464   1   169   25   14   133   1   1   1   43   1   1   1   57   
1   1   22   1   84   3   460   1   165   17   14   145   1   1   1   43   1   1   1   57   
1   1   23   1   80   2   467   1   146   19   17   151   1   1   1   49   1   1   1   56   
1   1   22   1   72   2   470   1   152   18   18   155   1   1   1   50   1   1   1   51   
1   1   22   1   72   3   467   1   147   21   17   153   1   1   1   54   1   1   1   54   
1   1   22   1   84   2   458   1   150   20   14   154   1   1   1   59   1   1   1   47   
1   1   18   1   75   2   460   1   159   21   15   156   1   1   1   54   1   1   1   50   
1   1   17   1   67   2   458   1   164   23   12   160   1   1   1   50   1   1   1   57   
1   1   20   1   68   3   438   1   164   25   8   171   1   1   1   59   1   1   1   54   
1   1   20   1   76   2   425   1   177   22   6   178   1   1   1   62   1   1   1   42   
1   1   20   1   88   2   418   1   179   17   4   183   1   1   1   54   1   1   1   45   
1   1   26   1   76   2   425   1   185   17   6   174   1   1   1   52   1   1   1   47   
1   1   29   1   70   2   429   1   188   20   7   162   1   1   1   52   1   1   1   51   
1   1   27   1   76   2   441   1   164   26   10   166   1   1   1   51   1   1   1   47   
1   1   32   1   71   2   445   1   160   24   10   169   1   1   1   47   1   1   1   50   
1   1   30   1   78   1   435   1   174   23   8   157   1   1   1   55   1   1   1   49   
1   1   28   1   87   1   423   1   172   22   8   158   1   1   1   53   1   1   1   58   
1   1   31   1   75   1   426   1   169   24   6   159   1   1   1   54   1   1   1   65   
1   1   25   1   70   1   425   1   172   25   7   158   1   1   1   59   1   1   1   68   
1   1   19   1   81   1   426   1   168   19   5   157   1   1   1   66   1   1   1   68   
1   1   22   1   71   1   431   1   155   18   6   160   1   1   1   72   1   1   1   74   
1   1   23   1   74   1   420   1   151   20   5   160   1   1   1   76   1   1   1   80   
1   1   25   1   76   1   416   1   144   18   4   172   1   1   1   80   1   1   1   74   
1   1   19   1   69   1   443   1   161   16   2   153   1   1   1   74   1   1   1   72   
1   1   18   1   74   1   447   1   151   16   2   158   1   1   1   70   1   1   1   73   
1   1   18   1   78   1   446   1   147   16   1   164   1   1   1   73   1   1   1   66   
1   1   17   1   73   1   446   1   156   17   1   147   1   1   1   83   1   1   1   69   
1   1   17   1   71   1   446   1   160   18   1   137   1   1   1   86   1   1   1   73   
1   1   17   1   76   1   445   1   152   15   1   138   1   1   1   78   1   1   1   87   
1   1   19   1   76   1   463   1   148   19   1   133   1   1   1   74   1   1   1   76   
1   1   21   1   76   1   490   1   139   23   1   123   1   1   1   66   1   1   1   70   
1   1   25   1   83   1   496   1   142   24   1   97   1   1   1   74   1   1   1   67   
1   1   25   1   85   1   496   1   141   26   1   98   1   1   1   77   1   1   1   60   
1   1   26   1   83   1   510   1   138   19   1   106   1   1   1   71   1   1   1   55   
1   1   25   1   82   1   521   1   136   19   1   102   1   1   1   80   1   1   1   43   
1   1   26   1   80   1   514   1   143   16   1   100   1   1   1   78   1   1   1   51   
1   1   23   1   83   1   522   1   149   12   1   88   1   1   1   78   1   1   1   53   
1   1   27   1   82   1   493   1   159   9   1   99   1   1   1   86   1   1   1   53   
1   1   28   1   79   1   498   1   157   9   1   99   1   1   1   87   1   1   1   51   
1   1   27   1   79   1   501   1   156   6   1   108   1   1   1   78   1   1   1   53   
1   1   28   1   78   1   517   1   135   4   1   108   1   1   1   87   1   1   1   51   
1   1   29   1   70   1   536   1   128   5   1   102   1   1   1   81   1   1   1   57   
1   1   29   1   73   1   531   1   134   3   1   108   1   1   1   80   1   1   1   50   
1   1   28   1   79   1   531   1   120   4   1   113   1   1   1   86   1   1   1   47   
1   1   24   1   81   1   539   1   118   3   1   110   1   1   1   87   1   1   1   46   
1   1   22   1   91   1   546   1   111   2   1   104   1   1   1   87   1   1   1   45   
1   1   23   1   92   1   562   1   98   2   1   98   1   1   1   86   1   1   1   47   
1   1   25   1   98   1   556   1   94   3   1   94   1   1   1   93   1   1   1   45   
1   1   22   1   104   1   553   1   95   3   1   94   1   1   1   92   1   1   1   45   
1   1   17   1   102   1   553   1   92   3   1   107   1   1   1   90   1   1   1   44   
1   1   16   1   108   1   540   1   95   4   1   111   1   1   1   91   1   1   1   43   
1   1   15   1   111   1   526   1   96   5   1   114   1   1   1   99   1   1   1   42   
1   1   14   1   108   1   527   1   102   8   1   107   1   1   1   98   1   1   1   44   
1   1   14   1   108   1   539   1   95   4   1   94   1   1   1   109   1   1   1   45   
1   1   15   1   103   1   532   1   108   4   1   95   1   1   1   106   1   1   1   45   
1   1   14   1   96   1   553   1   99   3   1   89   1   1   1   107   1   1   1   47   
1   1   15   1   102   1   532   1   91   4   1   104   1   1   1   111   1   1   1   49   
1   1   11   1   108   1   527   1   99   5   1   111   1   1   1   99   1   1   1   48   
1   1   11   1   109   1   529   1   95   4   1   109   1   1   1   101   1   1   1   50   
1   1   14   1   110   1   536   1   94   2   1   105   1   1   1   100   1   1   1   47   
1   1   18   1   114   1   536   1   95   3   1   101   1   1   1   93   1   1   1   48   
1   1   17   1   106   1   545   1   97   3   1   100   1   1   1   90   1   1   1   50   
1   1   19   1   106   1   537   1   96   2   1   105   1   1   1   92   1   1   1   51   
1   1   15   1   97   1   559   1   82   2   1   107   1   1   1   93   1   1   1   53   
1   1   9   1   92   1   571   1   84   2   1   105   1   1   1   93   1   1   1   52   
1   1   7   1   97   1   571   1   83   2   1   105   1   1   1   90   1   1   1   53   
1   1   5   1   89   1   580   1   91   3   1   93   1   1   1   97   1   1   1   50   
1   1   2   1   87   1   562   1   90   4   1   97   1   1   1   111   1   1   1   55   
1   1   3   1   101   1   562   1   95   5   1   88   1   1   1   104   1   1   1   50   
1   1   3   1   96   1   563   1   90   3   1   101   1   1   1   111   1   1   1   41   
1   1   4   1   97   1   559   1   86   3   1   106   1   1   1   113   1   1   1   40   
1   1   3   1   105   1   545   1   85   2   1   109   1   1   1   117   1   1   1   42   
1   1   2   1   103   1   524   1   94   2   1   111   1   1   1   131   1   1   1   41   
1   1   1   1   111   1   521   1   74   1   1   115   1   1   1   143   1   1   1   42   
1   1   1   1   110   1   508   1   81   1   1   123   1   1   1   142   1   1   1   42   
1   1   1   1   123   1   485   1   88   1   1   135   1   1   1   136   1   1   1   39   
1   1   1   1   130   1   477   1   84   1   1   141   1   1   1   132   1   1   1   42   
1   1   1   1   124   1   490   1   77   1   1   129   1   1   1   139   1   1   1   47   
1   1   1   1   127   1   484   1   86   1   1   127   1   1   1   139   1   1   1   43   
1   1   1   1   133   1   488   1   81   1   1   116   1   1   1   139   1   1   1   49   
1   1   1   1   132   1   481   1   81   1   1   117   1   1   1   139   1   1   1   56   
1   1   1   1   130   1   484   1   78   1   1   119   1   1   1   143   1   1   1   52   
1   1   1   1   144   1   484   1   80   1   1   108   1   1   1   141   1   1   1   49   
1   1   1   1   133   1   488   1   89   1   1   117   1   1   1   136   1   1   1   43   
1   1   1   1   132   1   494   1   82   1   1   115   1   1   1   135   1   1   1   48   
1   1   1   1   136   1   484   1   79   1   1   122   1   1   1   141   1   1   1   44   
1   1   1   1   134   1   470   1   72   1   1   141   1   1   1   149   1   1   1   40   
1   1   1   1   134   1   481   1   67   1   1   139   1   1   1   148   1   1   1   37   
1   1   1   1   125   1   487   1   67   1   1   143   1   1   1   146   1   1   1   38   
1   1   1   1   129   1   500   1   60   1   1   145   1   1   1   138   1   1   1   34   
1   1   1   1   126   1   517   1   54   1   1   143   1   1   1   135   1   1   1   31   
1   1   1   1   119   1   517   1   56   1   1   143   1   1   1   143   1   1   1   28   
1   1   1   1   119   1   522   1   51   1   1   142   1   1   1   142   1   1   1   30   
1   1   1   1   125   1   501   1   48   1   1   144   1   1   1   154   1   1   1   34   
1   1   1   1   128   1   507   1   41   1   1   143   1   1   1   156   1   1   1   31   
1   1   1   1   124   1   531   1   36   1   1   140   1   1   1   145   1   1   1   30   
1   1   1   1   120   1   529   1   42   1   1   136   1   1   1   147   1   1   1   32   
1   1   1   1   123   1   518   1   33   1   1   153   1   1   1   146   1   1   1   33   
1   1   1   1   127   1   507   1   31   1   1   157   1   1   1   147   1   1   1   37   
1   1   1   1   134   1   511   1   29   1   1   167   1   1   1   134   1   1   1   31   
1   1   1   1   127   1   520   1   30   1   1   158   1   1   1   141   1   1   1   30   
1   1   1   1   122   1   518   1   31   1   1   161   1   1   1   142   1   1   1   32   
1   1   1   1   132   1   515   1   35   1   1   165   1   1   1   132   1   1   1   27   
1   1   1   1   129   1   531   1   39   1   1   163   1   1   1   118   1   1   1   26   
1   1   1   1   126   1   531   1   35   1   1   167   1   1   1   118   1   1   1   29   
1   1   1   1   135   1   544   1   38   1   1   152   1   1   1   108   1   1   1   29   
1   1   1   1   138   1   545   1   44   1   1   146   1   1   1   103   1   1   1   30   
1   1   1   1   142   1   539   1   49   1   1   149   1   1   1   100   1   1   1   27   
1   1   1   1   144   1   553   1   47   1   1   152   1   1   1   86   1   1   1   24   
1   1   1   1   139   1   554   1   49   1   1   145   1   1   1   95   1   1   1   24   
1   1   1   1   141   1   548   1   57   1   1   147   1   1   1   85   1   1   1   28   
1   1   1   1   131   1   571   1   59   1   1   139   1   1   1   82   1   1   1   24   
1   1   1   1   129   1   574   1   57   1   1   135   1   1   1   87   1   1   1   24   
1   1   1   1   122   1   565   1   64   1   1   143   1   1   1   84   1   1   1   28   
1   1   1   1   127   1   570   1   65   1   1   138   1   1   1   81   1   1   1   25   
1   1   1   1   129   1   565   1   65   1   1   132   1   1   1   88   1   1   1   27   
1   1   1   1   126   1   571   1   74   1   1   117   1   1   1   90   1   1   1   28   
1   1   1   1   121   1   591   1   62   1   1   105   1   1   1   101   1   1   1   26   
1   1   1   1   123   1   594   1   66   1   1   99   1   1   1   97   1   1   1   27   
1   1   1   1   119   1   605   1   70   1   1   104   1   1   1   79   1   1   1   29   
1   1   1   1   122   1   607   1   65   1   1   97   1   1   1   80   1   1   1   35   
1   1   1   1   125   1   628   1   54   1   1   89   1   1   1   81   1   1   1   29   
1   1   1   1   129   1   625   1   61   1   1   85   1   1   1   79   1   1   1   27   
1   1   1   1   125   1   630   1   65   1   1   79   1   1   1   76   1   1   1   31   
1   1   1   1   118   1   629   1   61   1   1   81   1   1   1   84   1   1   1   33   
1   1   1   1   110   1   629   1   67   1   1   76   1   1   1   88   1   1   1   36   
1   1   1   1   111   1   618   1   83   1   1   77   1   1   1   84   1   1   1   33   
1   1   1   1   112   1   614   1   79   1   1   75   1   1   1   90   1   1   1   36   
1   1   1   1   116   1   625   1   78   1   1   76   1   1   1   78   1   1   1   33   
1   1   1   1   122   1   615   1   82   1   1   77   1   1   1   73   1   1   1   37   
1   1   1   1   122   1   608   1   86   1   1   74   1   1   1   78   1   1   1   38   
1   1   1   1   121   1   613   1   79   1   1   78   1   1   1   77   1   1   1   38   
1   1   1   1   113   1   621   1   82   1   1   65   1   1   1   81   1   1   1   44   
1   1   1   1   115   1   618   1   67   1   1   71   1   1   1   89   1   1   1   46   
1   1   1   1   124   1   615   1   69   1   1   70   1   1   1   88   1   1   1   40   
1   1   1   1   123   1   622   1   61   1   1   64   1   1   1   96   1   1   1   40   
1   1   1   1   126   1   633   1   58   1   1   51   1   1   1   94   1   1   1   44   
1   1   1   1   138   1   642   1   48   1   1   57   1   1   1   89   1   1   1   32   
1   1   1   1   142   1   629   1   43   1   1   61   1   1   1   101   1   1   1   30   
1   1   1   1   140   1   640   1   38   1   1   53   1   1   1   103   1   1   1   32   
1   1   1   1   152   1   618   1   40   1   1   48   1   1   1   114   1   1   1   34   
1   1   1   1   130   1   626   1   35   1   1   56   1   1   1   126   1   1   1   33   
1   1   1   1   138   1   623   1   31   1   1   59   1   1   1   130   1   1   1   25   
1   1   1   1   133   1   624   1   39   1   1   55   1   1   1   133   1   1   1   22   
1   1   1   1   129   1   617   1   37   1   1   50   1   1   1   147   1   1   1   26   
1   1   1   1   120   1   623   1   36   1   1   49   1   1   1   150   1   1   1   28   
1   1   1   1   125   1   605   1   39   1   1   49   1   1   1   155   1   1   1   33   
1   1   1   1   123   1   612   1   38   1   1   50   1   1   1   155   1   1   1   28   
1   1   1   1   119   1   602   1   41   1   1   55   1   1   1   163   1   1   1   26   
1   1   1   1   117   1   610   1   41   1   1   51   1   1   1   158   1   1   1   29   
1   1   1   1   110   1   609   1   47   1   1   56   1   1   1   158   1   1   1   26   
1   1   1   1   101   1   611   1   50   1   1   53   1   1   1   161   1   1   1   30   
1   1   1   1   108   1   600   1   49   1   1   54   1   1   1   162   1   1   1   33   
1   1   1   1   114   1   599   1   40   1   1   48   1   1   1   166   1   1   1   39   
1   1   1   1   115   1   599   1   39   1   1   53   1   1   1   156   1   1   1   44   
1   1   1   1   110   1   583   1   43   1   1   55   1   1   1   168   1   1   1   47   
1   1   1   1   105   1   591   1   47   1   1   55   1   1   1   169   1   1   1   39   
1   1   1   1   106   1   597   1   49   1   1   47   1   1   1   164   1   1   1   43   
1   1   1   1   95   1   596   1   47   1   1   52   1   1   1   170   1   1   1   46   
1   1   1   1   102   1   589   1   52   1   1   56   1   1   1   168   1   1   1   39   
1   1   1   1   116   1   587   1   50   1   1   53   1   1   1   160   1   1   1   40   
1   1   1   1   123   1   582   1   55   1   1   52   1   1   1   154   1   1   1   40   
1   1   1   1   111   1   606   1   53   1   1   50   1   1   1   148   1   1   1   38   
1   1   1   1   103   1   613   1   53   1   1   51   1   1   1   149   1   1   1   37   
1   1   1   1   97   1   611   1   55   1   1   52   1   1   1   153   1   1   1   38   
1   1   1   1   85   1   618   1   53   1   1   54   1   1   1   153   1   1   1   43   
1   1   1   1   87   1   607   1   57   1   1   56   1   1   1   153   1   1   1   46   
1   1   1   1   85   1   614   1   62   1   1   56   1   1   1   146   1   1   1   43   
1   1   1   1   88   1   617   1   65   1   1   58   1   1   1   140   1   1   1   38   
1   1   1   1   85   1   619   1   66   1   1   60   1   1   1   145   1   1   1   31   
1   1   1   1   87   1   622   1   66   1   1   62   1   1   1   142   1   1   1   27   
1   1   1   1   90   1   627   1   65   1   1   64   1   1   1   138   1   1   1   22   
1   1   1   1   97   1   628   1   57   1   1   63   1   1   1   150   1   1   1   11   
1   1   1   1   95   1   633   1   58   1   1   61   1   1   1   147   1   1   1   12   
1   1   1   1   80   1   656   1   61   1   1   59   1   1   1   140   1   1   1   10   
1   1   1   1   76   1   660   1   72   1   1   63   1   1   1   130   1   1   1   5   
1   1   1   1   68   1   656   1   76   1   1   63   1   1   1   139   1   1   1   4   
1   1   1   1   71   1   656   1   71   1   1   56   1   1   1   148   1   1   1   4   
1   1   1   1   70   1   671   1   61   1   1   57   1   1   1   145   1   1   1   2   
1   1   1   1   71   1   677   1   52   1   1   52   1   1   1   152   1   1   1   2   
1   1   1   1   77   1   683   1   49   1   1   48   1   1   1   146   1   1   1   3   
1   1   1   1   84   1   677   1   55   1   1   38   1   1   1   149   1   1   1   3   
1   1   1   1   86   1   672   1   50   1   1   36   1   1   1   159   1   1   1   3   
1   1   1   1   86   1   653   1   53   1   1   45   1   1   1   165   1   1   1   4   
1   1   1   1   81   1   652   1   51   1   1   47   1   1   1   170   1   1   1   5   
1   1   1   1   71   1   670   1   53   1   1   55   1   1   1   154   1   1   1   3   
1   1   1   1   72   1   660   1   61   1   1   55   1   1   1   156   1   1   1   2   
1   1   1   1   69   1   660   1   52   1   1   60   1   1   1   162   1   1   1   3   
1   1   1   1   70   1   665   1   49   1   1   56   1   1   1   163   1   1   1   3   
1   1   1   1   62   1   661   1   51   1   1   49   1   1   1   178   1   1   1   5   
1   1   1   1   58   1   661   1   51   1   1   45   1   1   1   186   1   1   1   5   
1   1   1   1   68   1   647   1   54   1   1   44   1   1   1   188   1   1   1   5   
1   1   1   1   67   1   648   1   57   1   1   41   1   1   1   189   1   1   1   4   
1   1   1   1   63   1   639   1   52   1   1   42   1   1   1   206   1   1   1   4   
1   1   1   1   63   1   661   1   48   1   1   45   1   1   1   185   1   1   1   4   
1   1   1   1   72   1   683   1   46   1   1   51   1   1   1   150   1   1   1   4   
1   1   1   1   67   1   700   1   48   1   1   47   1   1   1   141   1   1   1   3   
1   1   1   1   53   1   709   1   51   1   1   42   1   1   1   150   1   1   1   1   
1   1   1   1   50   1   747   1   43   1   1   32   1   1   1   133   1   1   1   1   
1   1   1   1   40   1   752   1   40   1   1   42   1   1   1   131   1   1   1   1   
1   1   1   1   44   1   743   1   41   1   1   39   1   1   1   138   1   1   1   1   
1   1   1   1   45   1   726   1   45   1   1   41   1   1   1   148   1   1   1   1   
1   1   1   1   42   1   731   1   49   1   1   40   1   1   1   143   1   1   1   1   
1   1   1   1   45   1   743   1   42   1   1   40   1   1   1   135   1   1   1   1   
1   1   1   1   52   1   724   1   56   1   1   40   1   1   1   133   1   1   1   1   
1   1   1   1   48   1   740   1   58   1   1   36   1   1   1   123   1   1   1   1   
1   1   1   1   48   1   737   1   58   1   1   36   1   1   1   126   1   1   1   1   
1   1   1   1   46   1   752   1   56   1   1   39   1   1   1   112   1   1   1   1   
1   1   1   1   45   1   755   1   58   1   1   41   1   1   1   106   1   1   1   1   
1   1   1   1   45   1   765   1   51   1   1   43   1   1   1   101   1   1   1   1   
1   1   1   1   50   1   752   1   49   1   1   41   1   1   1   113   1   1   1   1   
1   1   1   1   54   1   748   1   53   1   1   43   1   1   1   107   1   1   1   1   
1   1   1   1   55   1   742   1   47   1   1   49   1   1   1   112   1   1   1   1   
1   1   1   1   50   1   767   1   46   1   1   41   1   1   1   101   1   1   1   1   
1   1   1   1   51   1   780   1   45   1   1   36   1   1   1   93   1   1   1   1   
1   1   1   1   54   1   790   1   46   1   1   36   1   1   1   79   1   1   1   1   
1   1   1   1   65   1   770   1   49   1   1   37   1   1   1   84   1   1   1   1   
1   1   1   1   70   1   763   1   48   1   1   43   1   1   1   81   1   1   1   1   
1   1   1   1   75   1   760   1   45   1   1   46   1   1   1   79   1   1   1   1   
1   1   1   1   65   1   759   1   45   1   1   47   1   1   1   89   1   1   1   1   
1   1   1   1   62   1   754   1   52   1   1   39   1   1   1   98   1   1   1   1   
1   1   1   1   62   1   742   1   56   1   1   39   1   1   1   106   1   1   1   1   
1   1   1   1   57   1   753   1   49   1   1   35   1   1   1   111   1   1   1   1   
1   1   1   1   64   1   744   1   44   1   1   33   1   1   1   120   1   1   1   1   
1   1   1   1   75   1   744   1   44   1   1   35   1   1   1   107   1   1   1   1   
1   1   1   1   72   1   751   1   45   1   1   35   1   1   1   102   1   1   1   1   
1   1   1   1   78   1   744   1   46   1   1   37   1   1   1   100   1   1   1   1   
1   1   1   1   78   1   744   1   51   1   1   32   1   1   1   100   1   1   1   1   
1   1   1   1   83   1   735   1   57   1   1   32   1   1   1   98   1   1   1   1   
1   1   1   1   74   1   742   1   63   1   1   29   1   1   1   97   1   1   1   1   
1   1   1   1   70   1   753   1   58   1   1   24   1   1   1   100   1   1   1   1   
1   1   1   1   60   1   771   1   57   1   1   23   1   1   1   94   1   1   1   1   
1   1   1   1   63   1   770   1   54   1   1   24   1   1   1   94   1   1   1   1   
1   1   1   1   58   1   771   1   51   1   1   25   1   1   1   100   1   1   1   1   
1   1   1   1   53   1   779   1   47   1   1   28   1   1   1   98   1   1   1   1   
1   1   1   1   54   1   766   1   47   1   1   31   1   1   1   107   1   1   1   1   
1   1   1   1   54   1   772   1   49   1   1   35   1   1   1   95   1   1   1   1   
1   1   1   1   47   1   781   1   51   1   1   35   1   1   1   91   1   1   1   1   
1   1   1   1   47   1   776   1   46   1   1   41   1   1   1   95   1   1   1   1   
1   1   1   1   46   1   771   1   47   1   1   40   1   1   1   101   1   1   1   1   
1   1   1   1   46   1   765   1   52   1   1   34   1   1   1   108   1   1   1   1   
1   1   1   1   48   1   750   1   63   1   1   36   1   1   1   108   1   1   1   1   
1   1   1   1   47   1   751   1   62   1   1   38   1   1   1   107   1   1   1   1   
1   1   1   1   46   1   747   1   61   1   1   45   1   1   1   106   1   1   1   1   
1   1   1   1   38   1   749   1   56   1   1   48   1   1   1   114   1   1   1   1   
1   1   1   1   40   1   743   1   57   1   1   48   1   1   1   117   1   1   1   1   
1   1   1   1   45   1   722   1   65   1   1   54   1   1   1   119   1   1   1   1   
1   1   1   1   49   1   715   1   68   1   1   58   1   1   1   115   1   1   1   1   
1   1   1   1   52   1   733   1   63   1   1   50   1   1   1   107   1   1   1   1   
1   1   1   1   57   1   745   1   53   1   1   50   1   1   1   100   1   1   1   1   
1   1   1   1   54   1   749   1   48   1   1   49   1   1   1   105   1   1   1   1   
1   1   1   1   56   1   741   1   46   1   1   56   1   1   1   106   1   1   1   1   
1   1   1   1   62   1   719   1   51   1   1   57   1   1   1   116   1   1   1   1   
1   1   1   1   58   1   726   1   48   1   1   60   1   1   1   113   1   1   1   1   
1   1   1   1   62   1   721   1   44   1   1   54   1   1   1   124   1   1   1   1   
1   1   1   1   58   1   709   1   42   1   1   68   1   1   1   128   1   1   1   1   
1   1   1   1   60   1   682   1   45   1   1   78   1   1   1   140   1   1   1   1   
1   1   1   1   55   1   694   1   42   1   1   76   1   1   1   138   1   1   1   1   
1   1   1   1   58   1   695   1   45   1   1   78   1   1   1   129   1   1   1   1   
1   1   1   1   63   1   686   1   46   1   1   79   1   1   1   131   1   1   1   1   
1   1   1   1   66   1   694   1   48   1   1   80   1   1   1   117   1   1   1   1   
1   1   1   1   62   1   693   1   45   1   1   87   1   1   1   118   1   1   1   1   
1   1   1   1   64   1   695   1   56   1   1   84   1   1   1   106   1   1   1   1   
1   1   1   1   58   1   709   1   59   1   1   76   1   1   1   103   1   1   1   1   
1   1   1   1   57   1   709   1   59   1   1   77   1   1   1   103   1   1   1   1   
1   1   1   1   66   1   713   1   56   1   1   74   1   1   1   96   1   1   1   1   
1   1   1   1   74   1   701   1   58   1   1   76   1   1   1   96   1   1   1   1   
1   1   1   1   55   1   713   1   60   1   1   79   1   1   1   98   1   1   1   1   
1   1   1   1   58   1   703   1   56   1   1   81   1   1   1   107   1   1   1   1   
1   1   1   1   45   1   711   1   56   1   1   84   1   1   1   109   1   1   1   1   
1   1   1   1   46   1   718   1   58   1   1   71   1   1   1   112   1   1   1   1   
1   1   1   1   47   1   709   1   64   1   1   73   1   1   1   112   1   1   1   1   
1   1   1   1   50   1   707   1   67   1   1   67   1   1   1   114   1   1   1   1   
1   1   1   1   50   1   702   1   68   1   1   64   1   1   1   121   1   1   1   1   
1   1   1   1   54   1   708   1   66   1   1   64   1   1   1   113   1   1   1   1   
1   1   1   1   55   1   711   1   57   1   1   67   1   1   1   115   1   1   1   1   
1   1   1   1   64   1   697   1   62   1   1   61   1   1   1   121   1   1   1   1   
1   1   1   1   61   1   690   1   71   1   1   61   1   1   1   122   1   1   1   1   
1   1   1   1   71   1   677   1   67   1   1   65   1   1   1   125   1   1   1   1   
1   1   1   1   63   1   681   1   71   1   1   69   1   1   1   121   1   1   1   1   
1   1   1   1   69   1   681   1   66   1   1   69   1   1   1   120   1   1   1   1   
1   1   1   1   71   1   680   1   65   1   1   77   1   1   1   112   1   1   1   1   
1   1   1   1   75   1   677   1   67   1   1   85   1   1   1   101   1   1   1   1   
1   1   1   1   67   1   683   1   66   1   1   86   1   1   1   103   1   1   1   1   
1   1   1   1   66   1   698   1   64   1   1   77   1   1   1   100   1   1   1   1   
1   1   1   1   71   1   692   1   71   1   1   77   1   1   1   94   1   1   1   1   
1   1   1   1   70   1   690   1   74   1   1   81   1   1   1   90   1   1   1   1   
1   1   1   1   64   1   697   1   74   1   1   86   1   1   1   84   1   1   1   1   
1   1   1   1   64   1   695   1   69   1   1   95   1   1   1   82   1   1   1   1   
1   1   1   1   72   1   681   1   68   1   1   96   1   1   1   88   1   1   1   1   
1   1   1   1   73   1   686   1   68   1   1   99   1   1   1   79   1   1   1   1   
1   1   1   1   75   1   677   1   75   1   1   92   1   1   1   86   1   1   1   1   
1   1   1   1   78   1   683   1   77   1   1   87   1   1   1   80   1   1   1   1   
1   1   1   1   70   1   685   1   83   1   1   80   1   1   1   87   1   1   1   1   
1   1   1   1   65   1   683   1   88   1   1   83   1   1   1   86   1   1   1   1   
1   1   1   1   65   1   696   1   85   1   1   83   1   1   1   76   1   1   1   1   
1   1   1   1   66   1   697   1   84   1   1   73   1   1   1   85   1   1   1   1   
1   1   1   1   59   1   708   1   80   1   1   80   1   1   1   78   1   1   1   1   
1   1   1   1   62   1   695   1   92   1   1   71   1   1   1   85   1   1   1   1   
1   1   1   1   67   1   693   1   96   1   1   69   1   1   1   80   1   1   1   1   
1   1   1   1   65   1   683   1   110   1   1   76   1   1   1   71   1   1   1   1   
1   1   1   1   64   1   681   1   116   1   1   70   1   1   1   74   1   1   1   1   
1   1   1   1   66   1   674   1   112   1   1   73   1   1   1   80   1   1   1   1   
1   1   1   1   49   1   681   1   122   1   1   72   1   1   1   81   1   1   1   1   
1   1   1   1   45   1   682   1   136   1   1   64   1   1   1   78   1   1   1   1   
1   1   1   1   35   1   688   1   138   1   1   68   1   1   1   76   1   1   1   1   
1   1   1   1   34   1   683   1   143   1   1   71   1   1   1   74   1   1   1   1   
1   1   1   1   32   1   683   1   151   1   1   70   1   1   1   69   1   1   1   1   
1   1   1   1   35   1   672   1   158   1   1   73   1   1   1   67   1   1   1   1   
1   1   1   1   31   1   676   1   160   1   1   76   1   1   1   62   1   1   1   1   
1   1   1   1   30   1   669   1   166   1   1   70   1   1   1   70   1   1   1   1   
1   1   1   1   28   1   666   1   179   1   1   66   1   1   1   66   1   1   1   1   
1   1   1   1   30   1   680   1   171   1   1   61   1   1   1   63   1   1   1   1   
1   1   1   1   27   1   659   1   168   1   1   79   1   1   1   72   1   1   1   1   
1   1   1   1   30   1   651   1   160   1   1   89   1   1   1   75   1   1   1   1   
1   1   1   1   22   1   648   1   167   1   1   82   1   1   1   86   1   1   1   1   
1   1   1   1   22   1   641   1   163   1   1   90   1   1   1   89   1   1   1   1   
1   1   1   1   20   1   664   1   147   1   1   90   1   1   1   84   1   1   1   1   
1   1   1   1   20   1   650   1   153   1   1   96   1   1   1   86   1   1   1   1   
1   1   1   1   21   1   637   1   154   1   1   87   1   1   1   106   1   1   1   1   
1   1   1   1   21   1   644   1   148   1   1   85   1   1   1   107   1   1   1   1   
1   1   1   1   18   1   663   1   131   1   1   87   1   1   1   106   1   1   1   1   
1   1   1   1   19   1   674   1   112   1   1   85   1   1   1   115   1   1   1   1   
1   1   1   1   21   1   669   1   117   1   1   85   1   1   1   113   1   1   1   1   
1   1   1   1   15   1   666   1   123   1   1   82   1   1   1   119   1   1   1   1   
1   1   1   1   19   1   655   1   116   1   1   83   1   1   1   132   1   1   1   1   
1   1   1   1   16   1   668   1   109   1   1   86   1   1   1   126   1   1   1   1   
1   1   1   1   12   1   679   1   105   1   1   76   1   1   1   133   1   1   1   1   
1   1   1   1   9   1   681   1   105   1   1   78   1   1   1   132   1   1   1   1   
1   1   1   1   11   1   666   1   119   1   1   83   1   1   1   126   1   1   1   1   
1   1   1   1   11   1   660   1   115   1   1   85   1   1   1   134   1   1   1   1   
1   1   1   1   14   1   670   1   117   1   1   79   1   1   1   125   1   1   1   1   
1   1   1   1   13   1   671   1   116   1   1   82   1   1   1   123   1   1   1   1   
1   1   1   1   14   1   672   1   114   1   1   78   1   1   1   127   1   1   1   1   
1   1   1   1   12   1   679   1   114   1   1   85   1   1   1   115   1   1   1   1   
1   1   1   1   7   1   684   1   115   1   1   85   1   1   1   114   1   1   1   1   
1   1   1   1   7   1   677   1   120   1   1   91   1   1   1   110   1   1   1   1   
1   1   1   1   7   1   695   1   116   1   1   83   1   1   1   104   1   1   1   1   
1   1   1   1   6   1   694   1   120   1   1   83   1   1   1   102   1   1   1   1   
1   1   1   1   7   1   710   1   121   1   1   73   1   1   1   94   1   1   1   1   
1   1   1   1   1   1   1   1   1   1   1   1   1   1   1   1   1   1   1   1   
1   1   1   1   1   1   1   1   1   1   1   1   1   1   1   1   1   1   1   1   
1   1   1   1   1   1   1   1   1   1   1   1   1   1   1   1   1   1   1   1   
1   1   1   1   1   1   1   1   1   1   1   1   1   1   1   1   1   1   1   1   
1   1   1   1   1   1   1   1   1   1   1   1   1   1   1   1   1   1   1   1   
1   1   1   1   1   1   1   1   1   1   1   1   1   1   1   1   1   1   1   1   
1   1   1   1   1   1   1   1   1   1   1   1   1   1   1   1   1   1   1   1   
1   1   1   1   1   1   1   1   1   1   1   1   1   1   1   1   1   1   1   1   
1   1   1   1   1   1   1   1   1   1   1   1   1   1   1   1   1   1   1   1   
1   1   1   1   1   1   1   1   1   1   1   1   1   1   1   1   1   1   1   1   
1   1   1   1   1   1   1   1   1   1   1   1   1   1   1   1   1   1   1   1   
