51   51   51   51   51   51   51   51   51   51   51   51   51   51   51   51   51   51   51   51   
60   54   54   47   54   45   61   64   56   48   40   51   55   61   49   46   44   46   37   48   
59   53   59   56   52   43   66   61   52   55   47   45   52   66   47   44   43   39   37   44   
64   49   68   48   45   50   64   57   53   50   46   46   56   62   55   41   42   38   35   51   
49   52   62   51   49   49   68   52   60   53   44   44   65   57   54   37   41   41   35   57   
44   49   63   59   54   44   60   48   55   60   44   46   69   62   52   44   39   40   29   59   
38   49   66   62   60   39   59   43   57   62   39   42   73   69   50   42   35   48   20   67   
35   58   62   52   62   39   61   37   68   68   52   41   59   75   49   40   32   43   25   62   
32   56   65   49   65   44   62   36   67   86   51   38   60   68   50   36   36   43   21   55   
32   55   63   49   73   49   58   34   70   83   56   34   61   73   49   35   38   39   22   47   
41   59   65   53   75   51   68   36   49   86   51   31   67   71   47   35   40   38   19   38   
39   64   69   50   80   50   65   35   48   91   37   37   62   75   55   35   37   35   18   38   
41   62   76   50   80   48   51   41   44   87   35   38   66   81   56   35   32   36   18   43   
45   66   64   46   85   52   53   42   34   97   40   41   60   72   58   34   27   45   17   42   
46   62   68   52   85   62   51   43   34   89   38   41   66   71   62   26   29   37   18   40   
45   58   74   52   96   57   47   44   37   82   30   44   64   77   66   21   28   41   19   38   
46   50   88   53   99   50   48   43   39   85   32   44   66   77   66   21   27   38   17   31   
47   48   92   52   100   43   47   36   46   88   34   48   75   71   72   14   29   33   14   31   
50   42   96   53   108   40   48   35   49   86   34   48   69   69   80   10   26   25   12   40   
54   39   95   52   114   32   54   32   52   81   39   34   62   75   87   8   27   22   18   43   
56   43   84   48   124   31   56   29   54   89   42   31   61   78   90   4   25   18   21   36   
52   45   83   45   125   33   65   31   52   92   42   31   61   80   93   4   20   11   21   34   
49   48   74   38   139   40   64   30   51   85   38   32   72   86   83   4   20   13   22   32   
43   49   69   31   145   43   71   28   52   80   38   30   71   88   90   5   24   10   22   31   
47   52   60   28   139   46   75   31   58   80   36   30   72   87   88   4   23   14   23   27   
52   54   58   27   144   46   86   33   53   91   39   25   71   78   81   5   22   9   19   27   
50   53   59   28   135   50   87   40   46   83   46   24   64   80   88   6   26   10   18   27   
51   55   60   28   124   44   82   44   47   85   46   24   62   81   91   8   33   11   20   24   
55   59   54   31   122   40   72   44   48   83   52   24   67   86   88   11   34   10   18   22   
52   61   54   31   130   38   69   44   46   82   50   21   61   87   96   12   35   10   19   22   
49   57   57   29   140   37   74   46   43   82   51   21   60   85   95   14   26   12   16   26   
57   59   49   33   142   38   70   48   45   78   50   16   58   86   91   15   27   11   15   32   
62   63   38   35   142   40   73   52   46   77   60   16   51   92   81   14   28   8   16   26   
68   67   35   37   146   44   70   50   47   70   56   17   52   84   93   13   26   8   18   19   
71   63   39   39   136   41   63   59   54   70   54   21   46   81   99   17   25   5   18   19   
70   52   41   38   129   46   60   63   57   75   45   21   47   84   104   20   21   6   21   20   
73   57   41   38   133   44   56   66   51   73   51   24   51   82   98   20   17   4   18   23   
72   52   45   46   125   50   55   65   45   81   55   24   55   77   99   21   16   6   13   18   
69   55   52   48   118   54   62   61   52   80   49   28   59   71   89   22   17   7   9   18   
63   50   49   45   117   57   73   47   52   78   51   27   57   77   104   23   13   10   12   15   
66   50   48   43   118   52   72   36   56   64   54   30   52   85   115   25   15   11   14   14   
51   56   46   43   117   53   80   36   57   58   60   31   57   87   120   27   14   9   7   11   
46   58   49   32   107   51   81   33   61   59   62   26   61   91   120   25   22   10   10   16   
45   53   49   34   110   53   77   28   63   66   59   29   64   81   123   25   22   10   10   19   
41   48   57   34   105   55   80   30   65   65   57   35   56   77   129   25   22   9   11   19   
41   44   59   39   108   56   86   31   64   66   52   40   53   68   126   25   24   10   14   14   
38   36   64   42   112   50   76   30   69   65   55   41   50   79   121   34   20   11   11   16   
36   36   67   42   116   57   71   32   72   65   50   39   48   65   122   40   23   12   11   16   
40   38   59   42   100   64   80   34   62   69   52   36   55   70   129   39   18   11   11   11   
37   33   57   39   106   60   79   43   62   72   47   32   51   77   127   44   18   12   12   12   
44   34   55   47   98   67   79   46   59   63   47   25   50   85   123   45   18   10   13   12   
46   32   53   42   102   70   69   46   63   63   50   28   51   91   129   36   19   8   12   10   
51   33   51   51   100   67   74   40   61   62   57   31   51   81   125   34   18   13   12   8   
48   35   51   52   111   75   79   42   57   60   49   30   46   79   125   31   15   14   11   10   
47   36   51   48   118   75   76   50   58   57   41   26   55   82   127   31   15   11   10   6   
38   38   47   48   121   67   73   59   64   61   34   23   63   82   137   30   15   4   11   5   
39   39   54   49   123   67   75   52   64   66   35   16   59   86   133   28   17   5   10   3   
39   35   64   48   119   68   76   56   66   66   33   21   66   77   132   20   20   3   10   1   
43   32   58   50   109   67   81   57   75   70   30   17   59   78   142   21   15   4   11   1   
47   36   52   59   110   62   70   63   74   64   28   16   56   80   143   22   17   6   14   1   
51   38   55   50   112   64   78   58   67   58   24   17   61   84   143   22   17   6   14   1   
48   35   67   54   111   63   79   63   60   60   16   12   57   82   154   21   14   6   17   1   
45   32   67   48   117   58   81   66   58   56   17   16   59   83   156   19   15   5   21   1   
42   37   72   39   115   57   83   57   68   61   16   17   56   73   161   25   14   6   20   1   
43   30   85   35   109   53   76   61   68   57   15   18   59   75   158   25   19   8   25   1   
39   38   79   26   108   53   79   66   69   57   9   16   57   83   154   23   19   11   33   1   
39   40   81   29   111   51   86   68   61   50   7   16   52   90   162   20   16   11   29   1   
35   38   78   29   103   50   82   65   62   54   7   22   53   90   168   25   15   12   31   1   
36   41   75   29   106   46   84   67   63   49   7   16   61   84   166   28   14   14   33   1   
38   37   68   26   106   36   91   67   64   48   7   13   64   79   180   31   12   13   39   1   
34   36   70   17   103   30   86   65   65   53   7   11   72   77   180   35   15   12   51   1   
32   35   73   20   105   30   94   56   65   57   3   9   71   82   176   33   17   9   52   1   
39   38   68   19   113   35   97   54   70   47   3   11   52   78   180   39   14   12   50   1   
36   38   75   23   117   37   97   61   68   40   3   9   49   77   167   46   11   14   51   1   
36   38   80   23   125   40   99   55   64   38   2   10   44   81   165   53   9   15   42   1   
31   37   73   19   115   41   113   62   61   46   2   9   44   81   161   55   11   16   42   1   
32   45   68   13   107   41   126   77   61   42   1   10   39   77   161   53   13   11   42   1   
36   42   72   11   111   43   113   85   63   37   1   11   37   84   155   64   10   6   38   1   
39   38   69   9   109   52   111   75   73   39   1   13   40   83   155   66   8   6   33   1   
44   40   69   9   111   46   109   81   67   39   1   13   49   74   160   61   4   9   33   1   
47   41   76   8   113   48   90   83   68   42   1   13   51   75   167   55   4   6   31   1   
52   41   68   6   116   53   100   75   72   40   1   12   50   67   169   57   4   6   30   1   
58   43   55   8   124   49   90   85   61   39   1   12   56   72   168   56   5   6   31   1   
60   42   61   8   120   57   88   95   47   41   1   10   55   64   171   61   5   5   28   1   
71   40   60   10   110   51   84   108   46   43   1   12   44   67   179   55   2   6   30   1   
77   41   60   8   115   45   79   96   52   42   1   18   36   70   190   51   1   4   33   1   
74   46   64   8   118   43   74   94   49   46   1   15   39   70   187   54   1   2   34   1   
75   45   70   7   113   47   66   97   53   51   1   20   33   74   168   57   1   2   39   1   
82   38   80   8   111   50   63   104   62   46   1   17   35   73   155   58   1   2   33   1   
81   41   79   7   103   45   63   102   57   50   1   17   34   82   171   53   1   2   30   1   
83   45   75   6   106   42   71   92   60   46   1   16   31   83   179   50   1   3   29   1   
79   45   77   4   107   45   78   86   59   49   1   13   34   91   165   54   1   3   28   1   
77   58   70   6   109   37   76   97   53   48   1   13   36   86   165   54   1   2   30   1   
70   56   74   7   98   37   85   106   56   48   1   11   31   89   166   58   1   2   23   1   
67   63   68   6   97   36   86   105   51   49   1   12   30   91   170   58   1   2   26   1   
62   58   59   6   97   40   91   104   45   48   1   11   28   104   186   50   1   2   26   1   
64   54   66   6   95   35   95   103   45   42   1   9   27   107   192   50   1   1   26   1   
69   49   66   6   91   29   107   101   52   35   1   10   21   115   187   53   1   1   25   1   
61   44   68   5   98   33   104   94   55   26   1   10   17   126   189   61   1   1   25   1   
62   43   75   6   91   34   107   91   49   27   1   7   14   124   208   55   1   1   23   1   
63   42   82   5   103   33   106   88   49   17   1   9   15   112   204   66   1   1   22   1   
57   47   84   5   102   33   104   92   56   18   1   9   9   110   200   69   1   1   21   1   
57   50   83   5   110   32   103   84   61   20   1   8   10   112   186   75   1   1   20   1   
59   46   84   8   108   35   95   76   58   20   1   8   11   115   191   78   1   1   24   1   
63   40   92   10   111   38   98   71   50   22   1   9   10   113   190   77   1   1   22   1   
71   42   90   11   115   38   95   66   50   21   1   10   10   104   191   80   1   1   22   1   
81   48   85   13   106   34   94   65   52   23   1   7   8   98   198   78   1   1   26   1   
78   46   95   15   106   35   95   65   48   23   1   7   8   94   188   84   1   1   29   1   
74   53   97   13   107   39   85   58   41   29   1   8   6   101   185   93   1   1   27   1   
86   40   93   11   108   39   88   55   40   22   1   9   6   101   195   96   1   1   27   1   
97   37   96   12   109   36   85   54   44   18   1   10   4   89   194   106   1   1   25   1   
89   33   89   13   111   33   82   52   44   20   1   15   6   84   196   121   1   1   28   1   
83   34   92   13   106   29   98   50   39   20   1   12   3   91   192   126   1   1   28   1   
85   33   94   16   104   25   101   49   43   18   1   7   3   94   198   111   1   1   35   1   
83   40   99   15   99   23   93   50   46   22   1   9   2   92   193   114   1   1   36   1   
88   36   106   15   106   30   86   51   44   18   1   11   2   100   187   103   1   1   33   1   
86   31   104   14   102   34   85   49   49   19   1   11   2   104   191   102   1   1   33   1   
83   25   84   13   111   33   94   43   46   23   1   13   3   108   195   114   1   1   28   1   
85   27   75   11   101   36   91   48   48   21   1   16   1   114   191   123   1   1   28   1   
86   26   77   11   104   43   79   51   47   19   1   18   1   119   188   122   1   1   25   1   
81   26   80   12   107   38   86   59   41   23   1   18   1   119   175   124   1   1   26   1   
78   25   75   11   101   45   91   58   40   15   1   18   1   125   173   132   1   1   28   1   
78   28   88   7   91   43   89   58   42   15   1   18   1   119   168   145   1   1   26   1   
72   29   101   8   91   43   92   53   39   18   1   20   1   114   166   140   1   1   29   1   
68   28   95   6   97   32   95   61   49   19   1   19   1   119   160   133   1   1   34   1   
68   34   105   6   98   37   92   62   47   16   1   15   1   121   160   122   1   1   32   1   
70   30   101   7   104   34   97   58   47   20   1   14   1   117   164   121   1   1   31   1   
62   35   101   8   122   35   99   63   47   22   1   17   1   108   162   108   1   1   26   1   
63   36   107   8   123   37   101   44   45   17   1   19   1   91   184   115   1   1   25   1   
76   37   103   7   112   39   93   44   43   16   1   19   1   104   179   118   1   1   25   1   
69   41   102   8   118   44   91   45   45   18   1   15   1   110   178   104   1   1   27   1   
70   40   115   10   126   45   89   37   34   18   1   16   1   108   171   104   1   1   32   1   
69   38   112   10   135   31   96   33   29   19   1   16   1   107   188   101   1   1   31   1   
58   41   109   8   143   32   100   31   23   20   1   15   1   110   190   101   1   1   34   1   
59   43   97   8   135   36   93   30   25   21   1   14   1   118   209   91   1   1   36   1   
58   49   96   8   141   33   91   25   26   25   1   11   1   115   207   93   1   1   37   1   
53   42   96   10   145   31   94   18   20   28   1   11   1   132   219   77   1   1   39   1   
58   40   87   10   160   33   88   14   23   30   1   9   1   130   214   77   1   1   42   1   
61   36   89   8   179   33   71   15   25   27   1   7   1   136   218   72   1   1   38   1   
66   26   92   8   185   38   78   12   22   25   1   6   1   125   222   76   1   1   34   1   
63   25   95   7   180   35   75   12   23   19   1   7   1   119   232   88   1   1   35   1   
64   26   106   3   178   29   80   12   24   16   1   7   1   110   229   96   1   1   35   1   
65   25   104   3   179   33   78   10   30   17   1   4   1   117   220   96   1   1   34   1   
66   26   102   3   164   38   80   10   34   23   1   4   1   120   215   92   1   1   38   1   
64   23   96   2   159   43   81   10   37   22   1   3   1   115   222   94   1   1   44   1   
66   21   85   3   163   42   89   12   38   21   1   2   1   102   230   102   1   1   39   1   
73   15   85   4   158   39   89   11   39   15   1   1   1   90   249   114   1   1   33   1   
72   16   87   5   165   45   78   8   37   13   1   1   1   89   243   119   1   1   37   1   
75   20   79   5   170   42   82   6   27   16   1   1   1   96   242   123   1   1   31   1   
72   20   82   4   164   42   80   8   19   18   1   1   1   90   263   126   1   1   26   1   
70   21   80   4   163   42   90   10   18   21   1   1   1   90   262   120   1   1   23   1   
77   19   73   2   168   38   87   13   13   22   1   1   1   88   264   123   1   1   27   1   
85   14   64   2   167   32   81   14   13   22   1   1   1   95   287   110   1   1   28   1   
92   16   61   2   162   41   74   13   13   22   1   1   1   87   295   112   1   1   24   1   
91   17   70   3   161   49   75   11   13   19   1   1   1   84   291   106   1   1   24   1   
100   17   76   2   155   47   68   11   12   20   1   1   1   83   283   116   1   1   24   1   
108   13   81   1   140   51   68   14   14   22   1   1   1   79   286   107   1   1   30   1   
111   11   86   1   131   47   82   11   12   19   1   1   1   79   294   101   1   1   29   1   
103   8   79   1   146   44   86   11   7   25   1   1   1   84   298   92   1   1   30   1   
96   8   76   1   154   42   86   15   8   24   1   1   1   89   292   97   1   1   26   1   
92   7   77   1   157   36   88   16   7   30   1   1   1   107   262   111   1   1   23   1   
86   6   76   1   170   36   81   12   8   35   1   1   1   105   267   116   1   1   15   1   
95   7   89   1   162   27   88   13   7   35   1   1   1   106   255   115   1   1   14   1   
91   5   107   1   159   26   91   13   9   34   1   1   1   100   254   113   1   1   11   1   
82   7   110   1   166   26   102   14   9   35   1   1   1   94   248   112   1   1   8   1   
74   10   109   1   177   23   90   11   9   41   1   1   1   96   250   117   1   1   6   1   
81   7   104   1   188   30   84   6   6   36   1   1   1   101   239   123   1   1   8   1   
80   5   121   1   184   24   80   7   6   39   1   1   1   105   235   122   1   1   5   1   
90   5   116   1   190   19   77   10   5   39   1   1   1   108   229   119   1   1   6   1   
88   5   113   1   184   25   82   9   5   37   1   1   1   120   222   117   1   1   6   1   
92   3   116   1   180   29   83   9   4   42   1   1   1   115   216   116   1   1   8   1   
92   4   112   1   165   32   92   6   4   37   1   1   1   121   224   117   1   1   7   1   
100   4   106   1   162   30   111   1   5   33   1   1   1   119   218   119   1   1   5   1   
101   5   111   1   163   27   102   1   5   23   1   1   1   112   235   123   1   1   5   1   
97   5   111   1   168   32   94   1   4   20   1   1   1   114   235   126   1   1   6   1   
101   2   115   1   170   36   101   1   4   16   1   1   1   115   226   121   1   1   5   1   
110   3   113   1   162   36   111   1   5   19   1   1   1   112   219   118   1   1   4   1   
111   2   108   1   153   35   110   1   7   22   1   1   1   109   218   133   1   1   4   1   
122   2   114   1   148   35   100   1   7   21   1   1   1   101   228   129   1   1   5   1   
131   2   105   1   137   29   110   1   7   18   1   1   1   104   230   136   1   1   3   1   
136   1   117   1   126   31   120   1   7   20   1   1   1   97   231   121   1   1   5   1   
136   1   127   1   132   30   110   1   5   18   1   1   1   103   221   125   1   1   4   1   
132   1   131   1   129   30   117   1   6   20   1   1   1   96   214   131   1   1   5   1   
146   1   130   1   134   32   120   1   6   24   1   1   1   94   198   120   1   1   7   1   
148   1   122   1   136   28   114   1   8   25   1   1   1   95   204   123   1   1   8   1   
143   1   118   1   136   30   113   1   7   26   1   1   1   85   216   127   1   1   10   1   
142   1   115   1   130   25   114   1   10   27   1   1   1   82   213   141   1   1   12   1   
137   1   120   1   137   23   116   1   11   28   1   1   1   86   204   135   1   1   14   1   
140   1   127   1   140   18   127   1   13   26   1   1   1   91   189   127   1   1   13   1   
141   1   128   1   143   16   131   1   11   30   1   1   1   84   191   127   1   1   9   1   
136   1   129   1   135   12   141   1   9   24   1   1   1   83   205   127   1   1   10   1   
143   1   117   1   132   10   129   1   6   24   1   1   1   99   216   124   1   1   11   1   
143   1   111   1   136   13   137   1   6   27   1   1   1   97   210   120   1   1   11   1   
160   1   104   1   123   12   149   1   5   30   1   1   1   88   206   126   1   1   8   1   
164   1   101   1   131   10   141   1   5   29   1   1   1   92   200   129   1   1   9   1   
172   1   105   1   134   10   151   1   4   30   1   1   1   81   193   124   1   1   7   1   
163   1   104   1   144   11   157   1   5   28   1   1   1   71   194   127   1   1   7   1   
161   1   84   1   145   10   174   1   3   27   1   1   1   63   204   135   1   1   5   1   
169   1   80   1   136   10   187   1   3   25   1   1   1   60   203   132   1   1   6   1   
185   1   82   1   135   10   180   1   3   25   1   1   1   57   206   123   1   1   5   1   
193   1   91   1   139   11   170   1   2   25   1   1   1   52   197   125   1   1   6   1   
194   1   81   1   137   13   173   1   2   31   1   1   1   53   182   139   1   1   6   1   
191   1   68   1   129   14   193   1   2   29   1   1   1   51   177   148   1   1   9   1   
198   1   72   1   132   11   197   1   3   33   1   1   1   46   169   144   1   1   6   1   
193   1   74   1   131   12   196   1   3   28   1   1   1   48   177   142   1   1   7   1   
177   1   80   1   139   16   194   1   3   24   1   1   1   50   177   144   1   1   7   1   
195   1   80   1   147   10   188   1   2   19   1   1   1   45   171   149   1   1   5   1   
189   1   75   1   131   8   193   1   2   19   1   1   1   46   179   164   1   1   5   1   
184   1   75   1   146   8   183   1   3   20   1   1   1   42   183   162   1   1   5   1   
173   1   73   1   151   10   187   1   3   20   1   1   1   42   183   166   1   1   3   1   
174   1   65   1   152   8   193   1   3   16   1   1   1   50   181   167   1   1   2   1   
165   1   71   1   160   6   188   1   3   14   1   1   1   54   174   174   1   1   2   1   
164   1   74   1   152   5   202   1   4   14   1   1   1   59   177   158   1   1   2   1   
168   1   79   1   156   6   204   1   3   12   1   1   1   56   179   146   1   1   2   1   
168   1   90   1   157   5   203   1   3   14   1   1   1   53   176   140   1   1   2   1   
163   1   83   1   150   6   215   1   2   14   1   1   1   48   186   142   1   1   2   1   
160   1   83   1   148   5   211   1   2   11   1   1   1   43   190   157   1   1   1   1   
159   1   78   1   151   6   208   1   2   10   1   1   1   37   193   166   1   1   1   1   
141   1   85   1   173   8   212   1   2   10   1   1   1   37   169   173   1   1   1   1   
146   1   90   1   168   10   207   1   3   14   1   1   1   40   158   174   1   1   1   1   
155   1   90   1   168   11   196   1   2   11   1   1   1   40   156   181   1   1   1   1   
153   1   88   1   175   11   196   1   3   9   1   1   1   40   162   173   1   1   1   1   
145   1   99   1   166   9   201   1   3   10   1   1   1   49   162   166   1   1   1   1   
144   1   101   1   172   11   190   1   3   11   1   1   1   54   157   167   1   1   1   1   
133   1   103   1   174   5   194   1   3   12   1   1   1   58   146   182   1   1   1   1   
136   1   93   1   172   4   198   1   4   13   1   1   1   56   147   187   1   1   1   1   
148   1   94   1   162   2   204   1   3   15   1   1   1   53   154   175   1   1   1   1   
144   1   100   1   162   2   209   1   1   23   1   1   1   55   151   163   1   1   1   1   
153   1   97   1   159   3   213   1   1   24   1   1   1   51   143   166   1   1   1   1   
160   1   99   1   169   2   201   1   1   24   1   1   1   44   141   169   1   1   1   1   
161   1   100   1   174   2   197   1   1   20   1   1   1   42   140   173   1   1   1   1   
155   1   97   1   187   2   185   1   1   19   1   1   1   42   141   181   1   1   1   1   
157   1   81   1   180   2   201   1   1   17   1   1   1   45   142   184   1   1   1   1   
156   1   82   1   184   1   207   1   1   17   1   1   1   40   135   187   1   1   1   1   
161   1   88   1   182   1   191   1   1   21   1   1   1   38   141   186   1   1   1   1   
167   1   92   1   185   1   192   1   1   17   1   1   1   38   140   177   1   1   1   1   
173   1   86   1   201   1   182   1   1   19   1   1   1   46   129   172   1   1   1   1   
178   1   94   1   203   1   180   1   1   19   1   1   1   40   129   165   1   1   1   1   
183   1   104   1   198   1   180   1   1   15   1   1   1   41   125   162   1   1   1   1   
183   1   105   1   209   1   175   1   1   14   1   1   1   38   126   158   1   1   1   1   
200   1   101   1   207   1   182   1   1   10   1   1   1   38   117   153   1   1   1   1   
206   1   105   1   205   1   179   1   1   11   1   1   1   35   117   150   1   1   1   1   
207   1   106   1   205   1   180   1   1   12   1   1   1   35   115   148   1   1   1   1   
213   1   106   1   204   1   183   1   1   15   1   1   1   32   113   142   1   1   1   1   
206   1   100   1   201   1   182   1   1   18   1   1   1   36   130   135   1   1   1   1   
203   1   98   1   202   1   193   1   1   20   1   1   1   32   136   124   1   1   1   1   
214   1   96   1   198   1   191   1   1   25   1   1   1   34   127   123   1   1   1   1   
219   1   99   1   188   1   188   1   1   28   1   1   1   38   126   122   1   1   1   1   
215   1   106   1   192   1   186   1   1   23   1   1   1   42   117   127   1   1   1   1   
203   1   107   1   195   1   184   1   1   22   1   1   1   42   128   127   1   1   1   1   
209   1   113   1   189   1   186   1   1   19   1   1   1   47   132   113   1   1   1   1   
217   1   120   1   183   1   182   1   1   21   1   1   1   52   135   98   1   1   1   1   
224   1   119   1   188   1   174   1   1   20   1   1   1   57   138   88   1   1   1   1   
202   1   126   1   191   1   169   1   1   22   1   1   1   57   147   94   1   1   1   1   
196   1   142   1   198   1   166   1   1   26   1   1   1   54   129   97   1   1   1   1   
196   1   144   1   202   1   173   1   1   18   1   1   1   53   127   95   1   1   1   1   
188   1   142   1   205   1   179   1   1   19   1   1   1   52   120   103   1   1   1   1   
180   1   148   1   210   1   180   1   1   15   1   1   1   58   122   95   1   1   1   1   
184   1   140   1   203   1   183   1   1   15   1   1   1   62   121   100   1   1   1   1   
173   1   131   1   203   1   191   1   1   17   1   1   1   58   123   112   1   1   1   1   
171   1   135   1   209   1   199   1   1   12   1   1   1   50   117   115   1   1   1   1   
179   1   138   1   197   1   202   1   1   14   1   1   1   54   103   121   1   1   1   1   
182   1   129   1   206   1   195   1   1   14   1   1   1   60   101   121   1   1   1   1   
175   1   129   1   225   1   187   1   1   15   1   1   1   58   98   121   1   1   1   1   
180   1   132   1   218   1   189   1   1   16   1   1   1   54   97   122   1   1   1   1   
190   1   125   1   217   1   180   1   1   11   1   1   1   49   96   140   1   1   1   1   
189   1   120   1   214   1   186   1   1   12   1   1   1   46   103   138   1   1   1   1   
202   1   113   1   217   1   176   1   1   8   1   1   1   49   94   149   1   1   1   1   
194   1   110   1   226   1   159   1   1   9   1   1   1   49   105   156   1   1   1   1   
194   1   107   1   226   1   159   1   1   8   1   1   1   48   106   160   1   1   1   1   
197   1   102   1   242   1   166   1   1   8   1   1   1   48   94   151   1   1   1   1   
193   1   93   1   240   1   187   1   1   4   1   1   1   49   90   152   1   1   1   1   
195   1   101   1   242   1   178   1   1   6   1   1   1   44   92   150   1   1   1   1   
199   1   105   1   248   1   167   1   1   5   1   1   1   50   89   145   1   1   1   1   
197   1   95   1   253   1   172   1   1   3   1   1   1   51   94   143   1   1   1   1   
202   1   108   1   243   1   167   1   1   3   1   1   1   52   89   144   1   1   1   1   
202   1   110   1   238   1   174   1   1   2   1   1   1   56   87   139   1   1   1   1   
211   1   107   1   239   1   180   1   1   1   1   1   1   59   85   126   1   1   1   1   
218   1   111   1   234   1   170   1   1   1   1   1   1   57   85   132   1   1   1   1   
208   1   118   1   237   1   164   1   1   1   1   1   1   58   90   132   1   1   1   1   
201   1   114   1   236   1   163   1   1   1   1   1   1   56   94   143   1   1   1   1   
205   1   104   1   234   1   171   1   1   1   1   1   1   59   93   141   1   1   1   1   
202   1   111   1   227   1   176   1   1   1   1   1   1   61   84   146   1   1   1   1   
202   1   96   1   237   1   177   1   1   1   1   1   1   65   86   144   1   1   1   1   
203   1   91   1   241   1   174   1   1   1   1   1   1   65   82   151   1   1   1   1   
187   1   87   1   248   1   179   1   1   1   1   1   1   74   83   149   1   1   1   1   
189   1   79   1   245   1   181   1   1   1   1   1   1   76   77   160   1   1   1   1   
201   1   85   1   236   1   184   1   1   1   1   1   1   71   70   160   1   1   1   1   
205   1   87   1   228   1   184   1   1   1   1   1   1   72   62   169   1   1   1   1   
210   1   95   1   230   1   191   1   1   1   1   1   1   66   56   159   1   1   1   1   
212   1   110   1   238   1   170   1   1   1   1   1   1   65   57   155   1   1   1   1   
199   1   129   1   235   1   172   1   1   1   1   1   1   63   53   156   1   1   1   1   
200   1   122   1   236   1   174   1   1   1   1   1   1   63   58   154   1   1   1   1   
208   1   116   1   248   1   176   1   1   1   1   1   1   71   54   134   1   1   1   1   
215   1   106   1   236   1   184   1   1   1   1   1   1   69   50   147   1   1   1   1   
193   1   100   1   244   1   191   1   1   1   1   1   1   75   51   153   1   1   1   1   
181   1   95   1   246   1   194   1   1   1   1   1   1   84   51   156   1   1   1   1   
183   1   106   1   247   1   189   1   1   1   1   1   1   81   44   157   1   1   1   1   
181   1   101   1   257   1   184   1   1   1   1   1   1   83   38   163   1   1   1   1   
180   1   89   1   267   1   188   1   1   1   1   1   1   86   38   159   1   1   1   1   
177   1   89   1   253   1   196   1   1   1   1   1   1   88   41   163   1   1   1   1   
169   1   90   1   236   1   199   1   1   1   1   1   1   94   43   176   1   1   1   1   
168   1   101   1   235   1   197   1   1   1   1   1   1   95   38   173   1   1   1   1   
150   1   96   1   234   1   195   1   1   1   1   1   1   104   47   181   1   1   1   1   
149   1   99   1   227   1   184   1   1   1   1   1   1   114   49   185   1   1   1   1   
144   1   106   1   245   1   178   1   1   1   1   1   1   97   57   180   1   1   1   1   
137   1   100   1   256   1   177   1   1   1   1   1   1   100   52   185   1   1   1   1   
125   1   93   1   261   1   193   1   1   1   1   1   1   101   47   187   1   1   1   1   
127   1   96   1   245   1   194   1   1   1   1   1   1   105   42   198   1   1   1   1   
119   1   97   1   237   1   192   1   1   1   1   1   1   110   47   205   1   1   1   1   
106   1   102   1   244   1   196   1   1   1   1   1   1   102   51   206   1   1   1   1   
105   1   115   1   245   1   176   1   1   1   1   1   1   115   55   196   1   1   1   1   
102   1   117   1   261   1   170   1   1   1   1   1   1   112   50   195   1   1   1   1   
97   1   116   1   273   1   171   1   1   1   1   1   1   113   50   187   1   1   1   1   
97   1   121   1   271   1   168   1   1   1   1   1   1   124   48   178   1   1   1   1   
103   1   134   1   264   1   161   1   1   1   1   1   1   117   46   182   1   1   1   1   
93   1   136   1   264   1   159   1   1   1   1   1   1   124   45   186   1   1   1   1   
100   1   137   1   270   1   151   1   1   1   1   1   1   116   46   187   1   1   1   1   
85   1   133   1   277   1   162   1   1   1   1   1   1   107   47   196   1   1   1   1   
77   1   142   1   272   1   173   1   1   1   1   1   1   103   48   192   1   1   1   1   
77   1   133   1   264   1   191   1   1   1   1   1   1   95   42   205   1   1   1   1   
64   1   132   1   269   1   192   1   1   1   1   1   1   96   43   211   1   1   1   1   
76   1   142   1   260   1   183   1   1   1   1   1   1   94   46   206   1   1   1   1   
79   1   131   1   268   1   177   1   1   1   1   1   1   100   52   200   1   1   1   1   
84   1   121   1   274   1   177   1   1   1   1   1   1   107   46   198   1   1   1   1   
76   1   125   1   261   1   182   1   1   1   1   1   1   111   51   201   1   1   1   1   
79   1   121   1   248   1   180   1   1   1   1   1   1   118   53   208   1   1   1   1   
75   1   137   1   236   1   162   1   1   1   1   1   1   124   62   211   1   1   1   1   
77   1   133   1   233   1   170   1   1   1   1   1   1   119   63   212   1   1   1   1   
87   1   130   1   231   1   166   1   1   1   1   1   1   119   69   205   1   1   1   1   
86   1   134   1   233   1   170   1   1   1   1   1   1   117   71   196   1   1   1   1   
75   1   128   1   233   1   167   1   1   1   1   1   1   118   85   201   1   1   1   1   
73   1   130   1   228   1   172   1   1   1   1   1   1   110   85   209   1   1   1   1   
80   1   134   1   235   1   174   1   1   1   1   1   1   103   70   211   1   1   1   1   
70   1   135   1   231   1   173   1   1   1   1   1   1   105   64   229   1   1   1   1   
71   1   145   1   216   1   176   1   1   1   1   1   1   105   66   228   1   1   1   1   
64   1   153   1   219   1   184   1   1   1   1   1   1   104   66   217   1   1   1   1   
60   1   150   1   204   1   192   1   1   1   1   1   1   114   65   222   1   1   1   1   
63   1   145   1   209   1   190   1   1   1   1   1   1   114   64   222   1   1   1   1   
68   1   155   1   207   1   193   1   1   1   1   1   1   111   65   208   1   1   1   1   
74   1   151   1   199   1   196   1   1   1   1   1   1   107   68   212   1   1   1   1   
66   1   136   1   204   1   210   1   1   1   1   1   1   102   74   215   1   1   1   1   
67   1   135   1   193   1   223   1   1   1   1   1   1   103   72   214   1   1   1   1   
67   1   128   1   191   1   212   1   1   1   1   1   1   106   66   237   1   1   1   1   
59   1   128   1   184   1   206   1   1   1   1   1   1   105   77   248   1   1   1   1   
53   1   130   1   183   1   204   1   1   1   1   1   1   103   82   252   1   1   1   1   
54   1   135   1   163   1   198   1   1   1   1   1   1   122   93   242   1   1   1   1   
54   1   144   1   164   1   191   1   1   1   1   1   1   127   94   233   1   1   1   1   
52   1   134   1   178   1   195   1   1   1   1   1   1   121   100   227   1   1   1   1   
52   1   133   1   185   1   190   1   1   1   1   1   1   124   100   223   1   1   1   1   
50   1   149   1   171   1   187   1   1   1   1   1   1   125   99   226   1   1   1   1   
43   1   164   1   160   1   181   1   1   1   1   1   1   124   109   226   1   1   1   1   
53   1   173   1   157   1   183   1   1   1   1   1   1   120   104   217   1   1   1   1   
54   1   177   1   163   1   183   1   1   1   1   1   1   119   112   199   1   1   1   1   
54   1   172   1   166   1   191   1   1   1   1   1   1   116   116   192   1   1   1   1   
52   1   183   1   171   1   187   1   1   1   1   1   1   117   108   189   1   1   1   1   
52   1   188   1   180   1   176   1   1   1   1   1   1   115   108   188   1   1   1   1   
52   1   197   1   179   1   170   1   1   1   1   1   1   107   107   195   1   1   1   1   
51   1   199   1   178   1   163   1   1   1   1   1   1   112   112   192   1   1   1   1   
51   1   191   1   164   1   171   1   1   1   1   1   1   106   116   208   1   1   1   1   
36   1   186   1   169   1   169   1   1   1   1   1   1   111   126   210   1   1   1   1   
33   1   190   1   165   1   170   1   1   1   1   1   1   114   124   211   1   1   1   1   
33   1   186   1   168   1   173   1   1   1   1   1   1   117   108   222   1   1   1   1   
33   1   177   1   174   1   181   1   1   1   1   1   1   121   108   213   1   1   1   1   
30   1   190   1   182   1   181   1   1   1   1   1   1   121   111   192   1   1   1   1   
31   1   185   1   183   1   179   1   1   1   1   1   1   116   117   196   1   1   1   1   
33   1   168   1   202   1   179   1   1   1   1   1   1   120   128   177   1   1   1   1   
33   1   156   1   213   1   182   1   1   1   1   1   1   128   128   167   1   1   1   1   
36   1   170   1   207   1   173   1   1   1   1   1   1   123   122   176   1   1   1   1   
41   1   157   1   211   1   164   1   1   1   1   1   1   137   111   186   1   1   1   1   
38   1   154   1   215   1   161   1   1   1   1   1   1   150   107   182   1   1   1   1   
42   1   168   1   219   1   157   1   1   1   1   1   1   150   97   174   1   1   1   1   
38   1   165   1   213   1   151   1   1   1   1   1   1   152   109   179   1   1   1   1   
43   1   158   1   193   1   160   1   1   1   1   1   1   160   113   180   1   1   1   1   
43   1   155   1   190   1   169   1   1   1   1   1   1   162   115   173   1   1   1   1   
41   1   138   1   185   1   160   1   1   1   1   1   1   181   126   176   1   1   1   1   
43   1   143   1   192   1   160   1   1   1   1   1   1   178   118   173   1   1   1   1   
35   1   148   1   181   1   164   1   1   1   1   1   1   176   113   190   1   1   1   1   
43   1   146   1   189   1   148   1   1   1   1   1   1   178   112   191   1   1   1   1   
40   1   156   1   183   1   133   1   1   1   1   1   1   186   110   199   1   1   1   1   
40   1   147   1   185   1   148   1   1   1   1   1   1   189   100   198   1   1   1   1   
45   1   142   1   212   1   144   1   1   1   1   1   1   181   97   186   1   1   1   1   
47   1   132   1   226   1   148   1   1   1   1   1   1   170   99   185   1   1   1   1   
57   1   124   1   217   1   134   1   1   1   1   1   1   180   113   182   1   1   1   1   
69   1   113   1   223   1   140   1   1   1   1   1   1   169   121   172   1   1   1   1   
80   1   110   1   190   1   145   1   1   1   1   1   1   168   126   188   1   1   1   1   
80   1   104   1   188   1   144   1   1   1   1   1   1   159   142   190   1   1   1   1   
79   1   112   1   189   1   140   1   1   1   1   1   1   160   140   187   1   1   1   1   
72   1   116   1   198   1   135   1   1   1   1   1   1   140   148   198   1   1   1   1   
78   1   104   1   193   1   135   1   1   1   1   1   1   141   152   204   1   1   1   1   
75   1   104   1   197   1   125   1   1   1   1   1   1   135   150   221   1   1   1   1   
73   1   88   1   200   1   123   1   1   1   1   1   1   145   158   220   1   1   1   1   
71   1   82   1   184   1   126   1   1   1   1   1   1   145   153   246   1   1   1   1   
82   1   74   1   177   1   126   1   1   1   1   1   1   144   152   252   1   1   1   1   
89   1   72   1   171   1   127   1   1   1   1   1   1   146   149   253   1   1   1   1   
92   1   73   1   166   1   116   1   1   1   1   1   1   154   156   250   1   1   1   1   
95   1   81   1   161   1   116   1   1   1   1   1   1   152   150   252   1   1   1   1   
78   1   94   1   153   1   123   1   1   1   1   1   1   150   153   256   1   1   1   1   
80   1   95   1   155   1   127   1   1   1   1   1   1   143   142   265   1   1   1   1   
89   1   102   1   158   1   125   1   1   1   1   1   1   138   130   265   1   1   1   1   
96   1   94   1   150   1   136   1   1   1   1   1   1   141   127   263   1   1   1   1   
97   1   90   1   144   1   129   1   1   1   1   1   1   147   119   281   1   1   1   1   
97   1   94   1   148   1   119   1   1   1   1   1   1   140   115   294   1   1   1   1   
84   1   86   1   157   1   138   1   1   1   1   1   1   146   113   283   1   1   1   1   
77   1   89   1   159   1   133   1   1   1   1   1   1   162   104   283   1   1   1   1   
72   1   92   1   159   1   134   1   1   1   1   1   1   166   102   282   1   1   1   1   
78   1   85   1   158   1   136   1   1   1   1   1   1   172   97   281   1   1   1   1   
84   1   92   1   163   1   139   1   1   1   1   1   1   185   83   261   1   1   1   1   
75   1   89   1   156   1   141   1   1   1   1   1   1   182   78   286   1   1   1   1   
62   1   85   1   166   1   133   1   1   1   1   1   1   181   69   311   1   1   1   1   
54   1   79   1   172   1   130   1   1   1   1   1   1   188   80   304   1   1   1   1   
51   1   66   1   162   1   131   1   1   1   1   1   1   202   89   306   1   1   1   1   
61   1   63   1   164   1   143   1   1   1   1   1   1   206   77   293   1   1   1   1   
58   1   61   1   174   1   151   1   1   1   1   1   1   210   64   289   1   1   1   1   
61   1   66   1   173   1   145   1   1   1   1   1   1   202   65   295   1   1   1   1   
58   1   67   1   171   1   145   1   1   1   1   1   1   204   78   284   1   1   1   1   
56   1   76   1   162   1   149   1   1   1   1   1   1   198   83   283   1   1   1   1   
47   1   74   1   160   1   125   1   1   1   1   1   1   229   75   297   1   1   1   1   
55   1   73   1   163   1   128   1   1   1   1   1   1   224   71   293   1   1   1   1   
51   1   72   1   161   1   134   1   1   1   1   1   1   217   78   294   1   1   1   1   
52   1   72   1   156   1   144   1   1   1   1   1   1   213   72   298   1   1   1   1   
45   1   86   1   157   1   141   1   1   1   1   1   1   217   60   301   1   1   1   1   
34   1   92   1   162   1   137   1   1   1   1   1   1   211   55   316   1   1   1   1   
32   1   91   1   158   1   134   1   1   1   1   1   1   221   58   313   1   1   1   1   
31   1   95   1   157   1   140   1   1   1   1   1   1   219   50   315   1   1   1   1   
36   1   89   1   148   1   143   1   1   1   1   1   1   228   49   314   1   1   1   1   
27   1   84   1   147   1   148   1   1   1   1   1   1   232   47   322   1   1   1   1   
25   1   88   1   155   1   142   1   1   1   1   1   1   223   46   328   1   1   1   1   
22   1   70   1   152   1   148   1   1   1   1   1   1   237   40   338   1   1   1   1   
23   1   71   1   144   1   140   1   1   1   1   1   1   242   39   348   1   1   1   1   
29   1   76   1   137   1   134   1   1   1   1   1   1   231   32   368   1   1   1   1   
32   1   86   1   147   1   128   1   1   1   1   1   1   240   26   348   1   1   1   1   
29   1   82   1   155   1   138   1   1   1   1   1   1   236   33   334   1   1   1   1   
29   1   83   1   172   1   140   1   1   1   1   1   1   220   35   328   1   1   1   1   
32   1   65   1   169   1   132   1   1   1   1   1   1   228   38   343   1   1   1   1   
38   1   54   1   169   1   128   1   1   1   1   1   1   241   46   331   1   1   1   1   
37   1   54   1   174   1   127   1   1   1   1   1   1   237   47   331   1   1   1   1   
36   1   58   1   186   1   111   1   1   1   1   1   1   220   52   344   1   1   1   1   
37   1   57   1   191   1   115   1   1   1   1   1   1   214   50   343   1   1   1   1   
34   1   58   1   185   1   117   1   1   1   1   1   1   221   56   336   1   1   1   1   
38   1   53   1   171   1   118   1   1   1   1   1   1   232   56   339   1   1   1   1   
42   1   53   1   177   1   117   1   1   1   1   1   1   237   58   323   1   1   1   1   
42   1   52   1   165   1   123   1   1   1   1   1   1   251   55   319   1   1   1   1   
47   1   48   1   160   1   121   1   1   1   1   1   1   253   59   319   1   1   1   1   
47   1   44   1   155   1   137   1   1   1   1   1   1   248   54   322   1   1   1   1   
39   1   36   1   153   1   137   1   1   1   1   1   1   260   56   326   1   1   1   1   
39   1   22   1   175   1   135   1   1   1   1   1   1   254   54   328   1   1   1   1   
40   1   18   1   183   1   130   1   1   1   1   1   1   241   52   343   1   1   1   1   
39   1   20   1   189   1   131   1   1   1   1   1   1   239   50   339   1   1   1   1   
30   1   20   1   184   1   128   1   1   1   1   1   1   263   53   329   1   1   1   1   
29   1   19   1   186   1   125   1   1   1   1   1   1   265   49   334   1   1   1   1   
25   1   15   1   170   1   135   1   1   1   1   1   1   268   53   341   1   1   1   1   
24   1   15   1   178   1   129   1   1   1   1   1   1   263   53   345   1   1   1   1   
29   1   14   1   158   1   141   1   1   1   1   1   1   256   55   354   1   1   1   1   
33   1   14   1   172   1   131   1   1   1   1   1   1   242   59   356   1   1   1   1   
42   1   11   1   159   1   143   1   1   1   1   1   1   240   54   358   1   1   1   1   
37   1   11   1   156   1   145   1   1   1   1   1   1   239   55   364   1   1   1   1   
30   1   13   1   147   1   157   1   1   1   1   1   1   235   66   359   1   1   1   1   
28   1   12   1   144   1   158   1   1   1   1   1   1   228   68   369   1   1   1   1   
28   1   14   1   149   1   152   1   1   1   1   1   1   226   82   356   1   1   1   1   
27   1   14   1   150   1   160   1   1   1   1   1   1   220   86   350   1   1   1   1   
28   1   14   1   154   1   155   1   1   1   1   1   1   209   87   360   1   1   1   1   
30   1   13   1   151   1   144   1   1   1   1   1   1   205   82   382   1   1   1   1   
31   1   11   1   153   1   153   1   1   1   1   1   1   200   85   374   1   1   1   1   
26   1   9   1   150   1   159   1   1   1   1   1   1   213   99   351   1   1   1   1   
27   1   7   1   131   1   173   1   1   1   1   1   1   223   102   344   1   1   1   1   
22   1   7   1   125   1   172   1   1   1   1   1   1   214   99   368   1   1   1   1   
23   1   8   1   119   1   180   1   1   1   1   1   1   204   92   381   1   1   1   1   
26   1   9   1   119   1   192   1   1   1   1   1   1   185   91   385   1   1   1   1   
22   1   12   1   117   1   192   1   1   1   1   1   1   184   107   373   1   1   1   1   
27   1   16   1   110   1   184   1   1   1   1   1   1   178   107   385   1   1   1   1   
30   1   18   1   111   1   175   1   1   1   1   1   1   194   102   377   1   1   1   1   
23   1   16   1   113   1   170   1   1   1   1   1   1   198   108   379   1   1   1   1   
25   1   18   1   121   1   184   1   1   1   1   1   1   194   107   358   1   1   1   1   
22   1   16   1   108   1   203   1   1   1   1   1   1   199   101   358   1   1   1   1   
24   1   6   1   111   1   201   1   1   1   1   1   1   196   102   367   1   1   1   1   
27   1   3   1   114   1   200   1   1   1   1   1   1   207   99   357   1   1   1   1   
31   1   1   1   108   1   201   1   1   1   1   1   1   212   96   358   1   1   1   1   
41   1   1   1   112   1   194   1   1   1   1   1   1   219   96   344   1   1   1   1   
37   1   1   1   99   1   201   1   1   1   1   1   1   226   93   350   1   1   1   1   
36   1   1   1   95   1   204   1   1   1   1   1   1   244   95   332   1   1   1   1   
35   1   1   1   99   1   200   1   1   1   1   1   1   251   101   320   1   1   1   1   
36   1   1   1   110   1   213   1   1   1   1   1   1   249   90   308   1   1   1   1   
38   1   1   1   109   1   204   1   1   1   1   1   1   263   73   319   1   1   1   1   
43   1   1   1   109   1   192   1   1   1   1   1   1   261   66   335   1   1   1   1   
39   1   1   1   108   1   196   1   1   1   1   1   1   264   75   324   1   1   1   1   
35   1   1   1   105   1   214   1   1   1   1   1   1   245   85   322   1   1   1   1   
30   1   1   1   118   1   209   1   1   1   1   1   1   237   98   314   1   1   1   1   
31   1   1   1   126   1   198   1   1   1   1   1   1   220   98   333   1   1   1   1   
24   1   1   1   131   1   206   1   1   1   1   1   1   217   96   332   1   1   1   1   
28   1   1   1   138   1   184   1   1   1   1   1   1   201   93   362   1   1   1   1   
28   1   1   1   151   1   190   1   1   1   1   1   1   199   87   351   1   1   1   1   
23   1   1   1   147   1   198   1   1   1   1   1   1   208   81   349   1   1   1   1   
21   1   1   1   137   1   208   1   1   1   1   1   1   213   88   339   1   1   1   1   
22   1   1   1   142   1   192   1   1   1   1   1   1   208   78   364   1   1   1   1   
17   1   1   1   167   1   187   1   1   1   1   1   1   198   67   370   1   1   1   1   
18   1   1   1   165   1   187   1   1   1   1   1   1   190   73   373   1   1   1   1   
20   1   1   1   170   1   188   1   1   1   1   1   1   196   58   374   1   1   1   1   
23   1   1   1   161   1   198   1   1   1   1   1   1   198   62   364   1   1   1   1   
19   1   1   1   162   1   206   1   1   1   1   1   1   183   63   373   1   1   1   1   
19   1   1   1   169   1   199   1   1   1   1   1   1   175   70   374   1   1   1   1   
15   1   1   1   169   1   197   1   1   1   1   1   1   176   76   373   1   1   1   1   
16   1   1   1   162   1   176   1   1   1   1   1   1   182   78   392   1   1   1   1   
17   1   1   1   160   1   179   1   1   1   1   1   1   178   75   397   1   1   1   1   
19   1   1   1   164   1   174   1   1   1   1   1   1   180   76   393   1   1   1   1   
19   1   1   1   170   1   164   1   1   1   1   1   1   182   68   403   1   1   1   1   
16   1   1   1   164   1   173   1   1   1   1   1   1   189   71   393   1   1   1   1   
11   1   1   1   167   1   166   1   1   1   1   1   1   194   73   395   1   1   1   1   
7   1   1   1   165   1   175   1   1   1   1   1   1   193   67   399   1   1   1   1   
9   1   1   1   166   1   181   1   1   1   1   1   1   193   64   393   1   1   1   1   
7   1   1   1   165   1   189   1   1   1   1   1   1   189   59   397   1   1   1   1   
12   1   1   1   165   1   182   1   1   1   1   1   1   178   58   411   1   1   1   1   
13   1   1   1   175   1   196   1   1   1   1   1   1   169   54   399   1   1   1   1   
13   1   1   1   187   1   206   1   1   1   1   1   1   154   53   393   1   1   1   1   
16   1   1   1   184   1   202   1   1   1   1   1   1   163   55   386   1   1   1   1   
21   1   1   1   179   1   204   1   1   1   1   1   1   162   54   386   1   1   1   1   
24   1   1   1   184   1   210   1   1   1   1   1   1   165   39   384   1   1   1   1   
30   1   1   1   168   1   225   1   1   1   1   1   1   175   41   367   1   1   1   1   
29   1   1   1   156   1   237   1   1   1   1   1   1   182   33   369   1   1   1   1   
30   1   1   1   146   1   249   1   1   1   1   1   1   184   26   371   1   1   1   1   
33   1   1   1   147   1   245   1   1   1   1   1   1   179   20   382   1   1   1   1   
32   1   1   1   147   1   245   1   1   1   1   1   1   188   16   378   1   1   1   1   
32   1   1   1   155   1   260   1   1   1   1   1   1   167   13   379   1   1   1   1   
27   1   1   1   150   1   243   1   1   1   1   1   1   180   11   395   1   1   1   1   
27   1   1   1   147   1   246   1   1   1   1   1   1   178   10   398   1   1   1   1   
31   1   1   1   155   1   241   1   1   1   1   1   1   175   12   392   1   1   1   1   
29   1   1   1   145   1   241   1   1   1   1   1   1   179   14   398   1   1   1   1   
30   1   1   1   139   1   230   1   1   1   1   1   1   179   13   415   1   1   1   1   
27   1   1   1   149   1   221   1   1   1   1   1   1   177   13   419   1   1   1   1   
31   1   1   1   150   1   217   1   1   1   1   1   1   179   14   415   1   1   1   1   
27   1   1   1   161   1   221   1   1   1   1   1   1   176   21   400   1   1   1   1   
22   1   1   1   155   1   224   1   1   1   1   1   1   175   23   407   1   1   1   1   
23   1   1   1   152   1   230   1   1   1   1   1   1   173   28   400   1   1   1   1   
21   1   1   1   159   1   223   1   1   1   1   1   1   178   36   389   1   1   1   1   
19   1   1   1   166   1   223   1   1   1   1   1   1   173   38   387   1   1   1   1   
15   1   1   1   165   1   228   1   1   1   1   1   1   183   34   381   1   1   1   1   
15   1   1   1   168   1   237   1   1   1   1   1   1   186   38   362   1   1   1   1   
19   1   1   1   176   1   231   1   1   1   1   1   1   192   43   345   1   1   1   1   
18   1   1   1   175   1   238   1   1   1   1   1   1   200   38   337   1   1   1   1   
13   1   1   1   176   1   244   1   1   1   1   1   1   206   36   331   1   1   1   1   
14   1   1   1   195   1   235   1   1   1   1   1   1   201   33   328   1   1   1   1   
19   1   1   1   186   1   246   1   1   1   1   1   1   207   32   316   1   1   1   1   
19   1   1   1   173   1   248   1   1   1   1   1   1   210   31   325   1   1   1   1   
21   1   1   1   188   1   264   1   1   1   1   1   1   191   35   307   1   1   1   1   
16   1   1   1   188   1   254   1   1   1   1   1   1   196   33   319   1   1   1   1   
19   1   1   1   190   1   251   1   1   1   1   1   1   194   42   310   1   1   1   1   
20   1   1   1   196   1   249   1   1   1   1   1   1   191   36   314   1   1   1   1   
22   1   1   1   191   1   258   1   1   1   1   1   1   184   37   314   1   1   1   1   
19   1   1   1   188   1   258   1   1   1   1   1   1   183   38   320   1   1   1   1   
21   1   1   1   189   1   267   1   1   1   1   1   1   184   39   306   1   1   1   1   
19   1   1   1   207   1   237   1   1   1   1   1   1   184   44   315   1   1   1   1   
18   1   1   1   194   1   237   1   1   1   1   1   1   195   45   317   1   1   1   1   
18   1   1   1   201   1   236   1   1   1   1   1   1   191   48   312   1   1   1   1   
15   1   1   1   202   1   246   1   1   1   1   1   1   186   50   307   1   1   1   1   
15   1   1   1   196   1   262   1   1   1   1   1   1   178   54   301   1   1   1   1   
14   1   1   1   198   1   267   1   1   1   1   1   1   168   61   298   1   1   1   1   
16   1   1   1   211   1   258   1   1   1   1   1   1   167   68   286   1   1   1   1   
17   1   1   1   216   1   247   1   1   1   1   1   1   173   77   276   1   1   1   1   
17   1   1   1   222   1   244   1   1   1   1   1   1   165   80   278   1   1   1   1   
15   1   1   1   227   1   252   1   1   1   1   1   1   161   89   262   1   1   1   1   
16   1   1   1   222   1   273   1   1   1   1   1   1   146   91   258   1   1   1   1   
20   1   1   1   218   1   279   1   1   1   1   1   1   139   93   257   1   1   1   1   
22   1   1   1   222   1   277   1   1   1   1   1   1   131   98   256   1   1   1   1   
21   1   1   1   224   1   277   1   1   1   1   1   1   132   102   250   1   1   1   1   
22   1   1   1   226   1   265   1   1   1   1   1   1   128   118   247   1   1   1   1   
25   1   1   1   219   1   265   1   1   1   1   1   1   116   123   258   1   1   1   1   
25   1   1   1   235   1   237   1   1   1   1   1   1   121   132   256   1   1   1   1   
27   1   1   1   219   1   231   1   1   1   1   1   1   122   140   267   1   1   1   1   
27   1   1   1   224   1   226   1   1   1   1   1   1   121   134   274   1   1   1   1   
22   1   1   1   230   1   232   1   1   1   1   1   1   114   126   282   1   1   1   1   
26   1   1   1   218   1   224   1   1   1   1   1   1   117   131   290   1   1   1   1   
29   1   1   1   227   1   242   1   1   1   1   1   1   111   125   272   1   1   1   1   
35   1   1   1   240   1   226   1   1   1   1   1   1   106   119   280   1   1   1   1   
34   1   1   1   255   1   214   1   1   1   1   1   1   96   126   281   1   1   1   1   
31   1   1   1   259   1   226   1   1   1   1   1   1   102   116   272   1   1   1   1   
29   1   1   1   259   1   219   1   1   1   1   1   1   110   122   267   1   1   1   1   
25   1   1   1   268   1   217   1   1   1   1   1   1   110   115   271   1   1   1   1   
27   1   1   1   264   1   205   1   1   1   1   1   1   120   115   275   1   1   1   1   
27   1   1   1   269   1   204   1   1   1   1   1   1   114   98   294   1   1   1   1   
28   1   1   1   285   1   196   1   1   1   1   1   1   115   95   287   1   1   1   1   
25   1   1   1   280   1   206   1   1   1   1   1   1   110   102   283   1   1   1   1   
23   1   1   1   276   1   204   1   1   1   1   1   1   114   110   279   1   1   1   1   
24   1   1   1   268   1   218   1   1   1   1   1   1   114   108   274   1   1   1   1   
22   1   1   1   289   1   202   1   1   1   1   1   1   109   106   278   1   1   1   1   
19   1   1   1   289   1   197   1   1   1   1   1   1   120   112   269   1   1   1   1   
16   1   1   1   307   1   206   1   1   1   1   1   1   115   114   248   1   1   1   1   
15   1   1   1   297   1   216   1   1   1   1   1   1   104   115   259   1   1   1   1   
14   1   1   1   297   1   225   1   1   1   1   1   1   109   115   246   1   1   1   1   
12   1   1   1   296   1   226   1   1   1   1   1   1   105   117   250   1   1   1   1   
14   1   1   1   298   1   223   1   1   1   1   1   1   105   115   251   1   1   1   1   
10   1   1   1   319   1   233   1   1   1   1   1   1   94   117   233   1   1   1   1   
14   1   1   1   316   1   235   1   1   1   1   1   1   92   116   233   1   1   1   1   
19   1   1   1   319   1   225   1   1   1   1   1   1   90   116   237   1   1   1   1   
17   1   1   1   338   1   221   1   1   1   1   1   1   92   104   234   1   1   1   1   
17   1   1   1   333   1   216   1   1   1   1   1   1   99   111   230   1   1   1   1   
17   1   1   1   337   1   226   1   1   1   1   1   1   104   105   217   1   1   1   1   
18   1   1   1   338   1   231   1   1   1   1   1   1   97   100   222   1   1   1   1   
19   1   1   1   332   1   222   1   1   1   1   1   1   108   95   230   1   1   1   1   
19   1   1   1   332   1   216   1   1   1   1   1   1   110   80   249   1   1   1   1   
18   1   1   1   333   1   221   1   1   1   1   1   1   112   79   243   1   1   1   1   
1   1   1   1   1   1   1   1   1   1   1   1   1   1   1   1   1   1   1   1   
1   1   1   1   1   1   1   1   1   1   1   1   1   1   1   1   1   1   1   1   
1   1   1   1   1   1   1   1   1   1   1   1   1   1   1   1   1   1   1   1   
1   1   1   1   1   1   1   1   1   1   1   1   1   1   1   1   1   1   1   1   
1   1   1   1   1   1   1   1   1   1   1   1   1   1   1   1   1   1   1   1   
1   1   1   1   1   1   1   1   1   1   1   1   1   1   1   1   1   1   1   1   
1   1   1   1   1   1   1   1   1   1   1   1   1   1   1   1   1   1   1   1   
1   1   1   1   1   1   1   1   1   1   1   1   1   1   1   1   1   1   1   1   
1   1   1   1   1   1   1   1   1   1   1   1   1   1   1   1   1   1   1   1   
1   1   1   1   1   1   1   1   1   1   1   1   1   1   1   1   1   1   1   1   
1   1   1   1   1   1   1   1   1   1   1   1   1   1   1   1   1   1   1   1   
