201   201   201   201   201   
204   223   218   181   179   
199   216   238   176   176   
198   214   235   184   174   
207   214   239   177   168   
204   232   246   160   163   
206   226   247   169   157   
201   220   256   167   161   
198   198   272   173   164   
187   185   275   188   170   
195   177   283   184   166   
189   182   276   198   160   
208   173   273   196   155   
228   170   269   189   149   
233   169   277   176   150   
248   175   270   160   152   
236   169   270   157   173   
238   171   265   172   159   
245   169   273   167   151   
237   168   274   167   159   
235   151   276   172   171   
232   164   257   180   172   
237   150   262   177   179   
240   163   257   171   174   
228   168   269   152   188   
238   176   268   147   176   
251   169   267   143   175   
248   157   270   144   186   
231   169   277   145   183   
233   171   264   146   191   
230   173   262   147   193   
239   163   267   146   190   
232   147   272   150   204   
229   156   261   144   215   
246   164   243   148   204   
251   159   249   147   199   
238   172   256   141   198   
236   184   257   136   192   
229   180   265   139   192   
229   179   289   143   165   
218   175   308   146   158   
228   175   283   142   177   
236   172   274   141   182   
242   162   276   139   186   
243   158   279   130   195   
256   140   264   134   211   
241   153   272   130   209   
231   163   271   134   206   
229   161   285   132   198   
245   164   280   122   194   
242   155   291   127   190   
230   164   304   125   182   
231   160   298   127   189   
225   154   293   131   202   
191   169   291   137   217   
180   166   303   139   217   
181   166   282   134   242   
188   168   290   122   237   
189   164   298   118   236   
185   163   311   123   223   
184   162   312   122   225   
177   171   315   127   215   
174   171   306   127   227   
172   175   323   127   208   
182   165   317   124   217   
189   171   319   117   209   
191   175   300   129   210   
180   172   313   142   198   
174   169   320   136   206   
171   153   321   134   226   
169   161   314   119   242   
160   161   325   119   240   
163   159   326   126   231   
155   163   323   132   232   
157   165   325   126   232   
160   160   331   125   229   
161   172   340   118   214   
167   163   348   117   210   
162   163   354   118   208   
168   171   347   116   203   
171   180   350   109   195   
173   165   351   103   213   
169   152   361   92   231   
155   155   374   93   228   
142   151   381   90   241   
143   159   372   98   233   
146   165   365   100   229   
156   157   370   102   220   
175   162   346   96   226   
181   165   330   94   235   
192   167   331   98   217   
182   164   345   102   212   
186   167   340   109   203   
182   173   334   103   213   
185   161   342   92   225   
195   147   352   99   212   
190   156   348   93   218   
214   128   351   93   219   
205   128   351   99   222   
214   127   363   99   202   
206   114   371   118   196   
208   114   373   103   207   
193   119   373   128   192   
194   118   385   119   189   
201   121   386   115   182   
194   126   386   115   184   
198   126   378   104   199   
200   114   396   90   205   
204   109   389   98   205   
196   124   389   87   209   
194   121   390   88   212   
192   130   386   90   207   
193   136   383   85   208   
176   148   392   84   205   
193   136   392   87   197   
198   134   395   90   188   
179   140   394   95   197   
184   149   375   90   207   
197   126   395   89   198   
200   129   387   91   198   
187   132   391   105   190   
184   145   375   95   206   
196   140   384   80   205   
197   131   412   74   191   
211   134   399   65   196   
196   139   418   55   197   
204   145   418   53   185   
206   147   420   53   179   
209   153   436   49   158   
208   149   449   49   150   
205   151   479   39   131   
206   142   489   42   126   
201   132   498   40   134   
208   132   496   36   133   
209   118   505   40   133   
195   115   509   42   144   
212   123   494   44   132   
203   128   503   45   126   
198   118   533   45   111   
209   114   520   44   118   
216   116   502   47   124   
220   111   512   48   114   
229   114   485   56   121   
231   112   486   62   114   
240   113   469   64   119   
247   120   459   56   123   
250   117   452   58   128   
251   125   454   51   124   
239   126   458   50   132   
242   134   452   46   131   
240   133   451   37   144   
223   136   463   43   140   
218   131   465   45   146   
227   132   448   50   148   
226   126   462   52   139   
248   131   445   51   130   
267   128   428   51   131   
267   129   430   49   130   
269   128   429   50   129   
266   134   433   46   126   
272   127   420   47   139   
282   125   415   44   139   
281   127   411   48   138   
272   131   412   50   140   
252   140   423   48   142   
238   144   437   45   141   
235   150   429   39   152   
231   142   436   40   156   
235   142   434   45   149   
227   152   447   41   138   
237   151   434   42   141   
243   155   427   42   138   
244   157   427   44   133   
237   170   431   39   128   
234   180   428   43   120   
235   176   424   42   128   
239   174   407   51   134   
243   171   409   53   129   
255   177   387   54   132   
268   173   372   59   133   
262   174   370   58   141   
245   183   380   58   139   
235   179   399   56   136   
227   190   398   59   131   
233   188   397   48   139   
232   187   398   44   144   
228   175   414   42   146   
231   159   416   51   148   
236   160   413   44   152   
246   154   425   44   136   
243   156   422   45   139   
258   148   425   47   127   
246   150   424   54   131   
228   156   427   55   139   
229   174   405   55   142   
231   182   404   54   134   
250   193   380   47   135   
235   191   389   46   144   
251   202   372   43   137   
255   201   372   41   136   
255   198   355   43   154   
238   205   355   49   158   
238   199   355   47   166   
247   200   351   46   161   
244   192   356   53   160   
253   195   353   48   156   
260   181   364   45   155   
258   177   368   49   153   
253   163   383   51   155   
252   154   385   59   155   
256   152   396   49   152   
249   131   405   53   167   
253   130   397   46   179   
265   124   395   45   176   
270   138   375   39   183   
274   134   364   42   191   
273   133   374   33   192   
260   136   368   40   201   
264   131   353   46   211   
259   132   350   44   220   
266   127   360   33   219   
267   127   346   28   237   
261   125   354   28   237   
264   117   359   28   237   
261   122   367   21   234   
278   119   361   24   223   
270   112   363   24   236   
262   104   361   28   250   
250   115   357   32   251   
234   119   353   31   268   
222   126   366   30   261   
218   134   382   25   246   
218   129   393   27   238   
223   131   399   25   227   
240   140   384   25   216   
249   129   400   25   202   
247   131   394   27   206   
240   138   383   25   219   
240   130   408   23   204   
244   128   412   20   201   
231   110   420   24   220   
238   108   415   22   222   
235   104   424   21   221   
234   111   419   21   220   
252   107   406   21   219   
257   102   412   20   214   
240   99   416   22   228   
229   100   428   23   225   
232   104   404   26   239   
214   111   415   27   238   
196   112   434   25   238   
199   118   425   30   233   
195   124   432   23   231   
187   120   430   22   246   
177   122   432   21   253   
174   120   420   24   267   
171   120   448   31   235   
160   131   454   30   230   
165   128   443   32   237   
163   129   447   34   232   
157   129   447   38   234   
166   138   441   35   225   
162   130   452   35   226   
170   131   454   39   211   
175   140   458   39   193   
178   149   457   40   181   
184   144   452   39   186   
179   152   458   37   179   
174   151   458   42   180   
178   151   453   42   181   
169   162   463   33   178   
159   169   463   36   178   
161   164   462   29   189   
160   174   462   34   175   
172   177   452   34   170   
171   171   459   37   167   
190   163   442   41   169   
197   160   438   47   163   
193   169   436   41   166   
200   159   439   41   166   
214   173   420   38   160   
212   185   410   37   161   
207   181   428   32   157   
205   191   431   22   156   
193   211   422   22   157   
192   211   431   23   148   
182   212   445   20   146   
194   210   431   16   154   
208   210   418   9   160   
210   220   406   10   159   
213   208   410   12   162   
210   205   409   14   167   
182   197   437   12   177   
185   211   447   8   154   
193   205   447   11   149   
186   202   451   12   154   
183   215   430   14   163   
160   208   452   14   171   
165   215   442   17   166   
146   206   462   21   170   
145   204   471   21   164   
144   214   463   21   163   
143   219   454   20   169   
149   217   466   18   155   
160   229   435   24   157   
165   246   424   22   148   
169   237   437   18   144   
158   231   450   21   145   
148   245   441   21   150   
131   251   448   22   153   
128   254   451   24   148   
131   260   435   23   156   
129   257   435   27   157   
129   263   434   24   155   
142   251   421   27   164   
136   261   418   29   161   
156   245   401   33   170   
151   251   403   33   167   
149   258   385   38   175   
150   242   397   41   175   
134   238   397   47   189   
138   255   381   44   187   
143   257   375   36   194   
140   263   356   39   207   
132   249   385   35   204   
135   252   372   37   209   
128   262   385   36   194   
138   252   399   33   183   
142   264   402   31   166   
156   283   382   23   161   
153   287   377   26   162   
141   277   398   27   162   
140   273   406   31   155   
133   273   406   29   164   
149   267   407   24   158   
150   249   403   23   180   
151   244   412   26   172   
138   250   431   25   161   
152   223   435   29   166   
160   223   421   29   172   
163   221   415   29   177   
177   204   409   29   186   
170   202   433   25   175   
163   194   442   27   179   
166   179   450   25   185   
162   181   442   28   192   
146   178   456   24   201   
168   182   431   27   197   
174   172   445   23   191   
165   165   461   26   188   
167   169   467   22   180   
188   157   448   25   187   
180   140   455   27   203   
179   138   452   25   211   
171   143   463   24   204   
174   137   476   25   193   
177   146   469   24   189   
174   141   464   22   204   
187   147   435   23   213   
200   150   422   25   208   
189   139   435   20   222   
178   137   448   24   218   
190   137   440   21   217   
196   125   440   24   220   
197   114   454   26   214   
188   123   439   24   231   
199   123   428   25   230   
207   122   410   26   240   
228   116   411   19   231   
213   117   406   20   249   
214   99   418   19   255   
215   102   416   23   249   
205   102   428   20   250   
209   107   411   21   257   
214   107   423   23   238   
210   111   431   29   224   
208   106   438   40   213   
199   121   431   45   209   
210   123   413   42   217   
209   125   407   44   220   
206   126   401   42   230   
220   127   377   47   234   
205   133   388   41   238   
202   124   394   35   250   
193   122   407   37   246   
188   110   425   33   249   
191   114   421   38   241   
205   108   424   37   231   
213   116   412   41   223   
210   119   402   39   235   
208   129   389   40   239   
210   121   381   51   242   
214   113   389   53   236   
193   120   406   48   238   
190   115   396   42   262   
203   107   394   40   261   
194   112   393   43   263   
204   113   379   39   270   
214   112   377   43   259   
223   114   370   48   250   
214   121   376   53   241   
199   125   383   53   245   
196   115   387   55   252   
203   120   400   45   237   
217   113   398   42   235   
228   121   386   41   229   
229   116   405   41   214   
231   94   408   46   226   
229   95   417   50   214   
238   92   410   45   220   
229   95   398   47   236   
236   100   394   52   223   
240   103   387   58   217   
241   106   387   54   217   
237   107   379   56   226   
248   104   378   55   220   
263   92   385   54   211   
255   89   418   40   203   
252   92   424   41   196   
251   94   423   41   196   
244   99   412   38   212   
256   99   394   29   227   
256   83   409   30   227   
256   81   418   29   221   
255   75   432   33   210   
265   79   420   32   209   
267   78   425   32   203   
269   76   421   20   219   
261   76   433   18   217   
266   68   429   19   223   
267   68   425   23   222   
260   61   421   30   233   
257   65   428   29   226   
250   68   415   32   240   
255   76   402   29   243   
242   75   413   27   248   
244   78   415   25   243   
243   82   444   20   216   
244   78   440   20   223   
228   89   456   20   212   
227   103   438   22   215   
231   105   451   18   200   
235   95   431   19   225   
230   91   442   15   227   
229   92   447   11   226   
231   85   450   12   227   
214   83   459   13   236   
223   78   451   16   237   
228   80   451   16   230   
226   84   455   14   226   
224   75   454   13   239   
217   75   472   13   228   
227   75   459   16   228   
228   71   464   18   224   
213   79   470   21   222   
199   85   483   22   216   
203   89   471   25   217   
213   89   457   22   224   
193   106   461   28   217   
203   108   458   28   208   
213   108   456   23   205   
218   112   454   26   195   
231   114   448   26   186   
236   121   438   32   178   
235   114   410   37   209   
228   113   407   37   220   
238   105   415   38   209   
238   107   412   37   211   
254   104   402   32   213   
250   91   423   35   206   
256   80   422   38   209   
267   80   415   42   201   
275   77   409   41   203   
267   77   424   45   192   
272   90   394   42   207   
275   91   396   47   196   
290   92   381   43   199   
288   84   372   45   216   
273   100   369   40   223   
271   97   370   43   224   
289   100   359   35   222   
281   94   368   36   226   
289   101   379   29   207   
299   85   387   29   205   
291   86   391   33   204   
284   81   382   31   227   
299   79   364   33   230   
291   82   364   41   227   
302   78   375   34   216   
304   85   372   36   208   
310   88   371   32   204   
316   84   357   35   213   
325   86   356   34   204   
309   75   370   38   213   
310   76   381   38   200   
293   92   384   39   197   
281   93   369   46   216   
277   103   364   44   217   
278   97   382   43   205   
1   1   1   1   1   
1   1   1   1   1   
1   1   1   1   1   
1   1   1   1   1   
1   1   1   1   1   
1   1   1   1   1   
1   1   1   1   1   
1   1   1   1   1   
1   1   1   1   1   
1   1   1   1   1   
1   1   1   1   1   
1   1   1   1   1   
1   1   1   1   1   
1   1   1   1   1   
1   1   1   1   1   
1   1   1   1   1   
1   1   1   1   1   
1   1   1   1   1   
1   1   1   1   1   
1   1   1   1   1   
1   1   1   1   1   
1   1   1   1   1   
1   1   1   1   1   
1   1   1   1   1   
1   1   1   1   1   
1   1   1   1   1   
1   1   1   1   1   
1   1   1   1   1   
1   1   1   1   1   
1   1   1   1   1   
1   1   1   1   1   
1   1   1   1   1   
1   1   1   1   1   
1   1   1   1   1   
1   1   1   1   1   
1   1   1   1   1   
1   1   1   1   1   
1   1   1   1   1   
1   1   1   1   1   
1   1   1   1   1   
1   1   1   1   1   
1   1   1   1   1   
1   1   1   1   1   
1   1   1   1   1   
1   1   1   1   1   
1   1   1   1   1   
1   1   1   1   1   
1   1   1   1   1   
1   1   1   1   1   
1   1   1   1   1   
1   1   1   1   1   
1   1   1   1   1   
1   1   1   1   1   
1   1   1   1   1   
1   1   1   1   1   
1   1   1   1   1   
1   1   1   1   1   
1   1   1   1   1   
1   1   1   1   1   
1   1   1   1   1   
1   1   1   1   1   
1   1   1   1   1   
1   1   1   1   1   
1   1   1   1   1   
1   1   1   1   1   
1   1   1   1   1   
1   1   1   1   1   
1   1   1   1   1   
1   1   1   1   1   
1   1   1   1   1   
1   1   1   1   1   
1   1   1   1   1   
1   1   1   1   1   
1   1   1   1   1   
1   1   1   1   1   
1   1   1   1   1   
1   1   1   1   1   
1   1   1   1   1   
1   1   1   1   1   
1   1   1   1   1   
1   1   1   1   1   
1   1   1   1   1   
1   1   1   1   1   
1   1   1   1   1   
1   1   1   1   1   
1   1   1   1   1   
1   1   1   1   1   
1   1   1   1   1   
1   1   1   1   1   
1   1   1   1   1   
1   1   1   1   1   
1   1   1   1   1   
1   1   1   1   1   
1   1   1   1   1   
1   1   1   1   1   
1   1   1   1   1   
1   1   1   1   1   
1   1   1   1   1   
1   1   1   1   1   
1   1   1   1   1   
1   1   1   1   1   
1   1   1   1   1   
