501   501   
521   481   
510   492   
503   499   
518   484   
513   489   
520   482   
522   480   
524   478   
520   482   
524   478   
520   482   
514   488   
510   492   
513   489   
486   516   
472   530   
477   525   
478   524   
482   520   
477   525   
480   522   
485   517   
497   505   
507   495   
491   511   
482   520   
495   507   
500   502   
494   508   
490   512   
481   521   
478   524   
491   511   
479   523   
488   514   
481   521   
473   529   
467   535   
467   535   
465   537   
478   524   
489   513   
500   502   
489   513   
487   515   
480   522   
487   515   
483   519   
490   512   
503   499   
504   498   
523   479   
541   461   
532   470   
551   451   
552   450   
530   472   
528   474   
527   475   
529   473   
511   491   
516   486   
497   505   
484   518   
483   519   
480   522   
467   535   
434   568   
436   566   
443   559   
458   544   
449   553   
446   556   
447   555   
452   550   
453   549   
447   555   
446   556   
443   559   
448   554   
443   559   
449   553   
444   558   
457   545   
441   561   
432   570   
413   589   
415   587   
420   582   
408   594   
415   587   
414   588   
419   583   
427   575   
434   568   
442   560   
435   567   
423   579   
428   574   
453   549   
458   544   
456   546   
450   552   
453   549   
452   550   
445   557   
439   563   
462   540   
479   523   
483   519   
489   513   
495   507   
480   522   
481   521   
478   524   
468   534   
467   535   
472   530   
470   532   
484   518   
486   516   
491   511   
481   521   
476   526   
489   513   
490   512   
497   505   
489   513   
492   510   
494   508   
490   512   
477   525   
479   523   
482   520   
483   519   
469   533   
485   517   
493   509   
507   495   
501   501   
496   506   
506   496   
526   476   
527   475   
523   479   
489   513   
500   502   
495   507   
499   503   
501   501   
488   514   
511   491   
509   493   
514   488   
545   457   
540   462   
536   466   
558   444   
543   459   
546   456   
534   468   
521   481   
528   474   
531   471   
533   469   
536   466   
534   468   
534   468   
535   467   
559   443   
554   448   
545   457   
549   453   
549   453   
546   456   
530   472   
530   472   
515   487   
507   495   
503   499   
501   501   
502   500   
505   497   
518   484   
507   495   
531   471   
545   457   
538   464   
529   473   
515   487   
518   484   
531   471   
536   466   
534   468   
529   473   
520   482   
523   479   
530   472   
533   469   
521   481   
523   479   
510   492   
515   487   
509   493   
507   495   
507   495   
502   500   
487   515   
506   496   
527   475   
519   483   
519   483   
518   484   
527   475   
532   470   
527   475   
509   493   
514   488   
540   462   
561   441   
568   434   
565   437   
565   437   
575   427   
574   428   
564   438   
551   451   
575   427   
579   423   
587   415   
597   405   
574   428   
586   416   
586   416   
582   420   
573   429   
563   439   
567   435   
557   445   
553   449   
537   465   
533   469   
538   464   
541   461   
532   470   
529   473   
548   454   
555   447   
568   434   
580   422   
569   433   
563   439   
573   429   
569   433   
545   457   
560   442   
546   456   
546   456   
542   460   
531   471   
530   472   
550   452   
560   442   
548   454   
545   457   
548   454   
538   464   
541   461   
545   457   
540   462   
530   472   
539   463   
526   476   
552   450   
551   451   
561   441   
556   446   
546   456   
569   433   
602   400   
608   394   
604   398   
608   394   
625   377   
603   399   
611   391   
599   403   
592   410   
604   398   
624   378   
631   371   
642   360   
645   357   
654   348   
646   356   
641   361   
639   363   
659   343   
656   346   
643   359   
637   365   
634   368   
637   365   
631   371   
621   381   
612   390   
621   381   
594   408   
593   409   
592   410   
614   388   
610   392   
600   402   
604   398   
598   404   
607   395   
615   387   
606   396   
630   372   
629   373   
637   365   
637   365   
638   364   
648   354   
649   353   
657   345   
667   335   
650   352   
665   337   
671   331   
665   337   
669   333   
653   349   
650   352   
646   356   
641   361   
653   349   
634   368   
616   386   
609   393   
607   395   
600   402   
589   413   
592   410   
584   418   
596   406   
599   403   
597   405   
603   399   
598   404   
607   395   
604   398   
579   423   
557   445   
554   448   
555   447   
569   433   
555   447   
561   441   
560   442   
552   450   
549   453   
556   446   
543   459   
545   457   
547   455   
545   457   
536   466   
528   474   
501   501   
485   517   
489   513   
478   524   
473   529   
479   523   
483   519   
472   530   
464   538   
446   556   
453   549   
452   550   
455   547   
477   525   
456   546   
475   527   
481   521   
486   516   
491   511   
484   518   
476   526   
462   540   
457   545   
463   539   
456   546   
448   554   
469   533   
481   521   
481   521   
476   526   
470   532   
469   533   
473   529   
453   549   
466   536   
442   560   
443   559   
458   544   
471   531   
456   546   
440   562   
443   559   
440   562   
449   553   
462   540   
477   525   
481   521   
460   542   
474   528   
476   526   
473   529   
480   522   
473   529   
494   508   
488   514   
485   517   
492   510   
502   500   
517   485   
520   482   
506   496   
497   505   
498   504   
484   518   
477   525   
486   516   
480   522   
472   530   
465   537   
467   535   
455   547   
453   549   
452   550   
451   551   
458   544   
462   540   
463   539   
449   553   
439   563   
431   571   
437   565   
432   570   
435   567   
435   567   
454   548   
454   548   
445   557   
446   556   
452   550   
445   557   
461   541   
482   520   
486   516   
486   516   
478   524   
477   525   
486   516   
482   520   
488   514   
465   537   
463   539   
451   551   
463   539   
448   554   
435   567   
433   569   
415   587   
415   587   
419   583   
408   594   
417   585   
411   591   
402   600   
396   606   
392   610   
401   601   
412   590   
421   581   
435   567   
451   551   
452   550   
457   545   
460   542   
464   538   
466   536   
457   545   
443   559   
425   577   
420   582   
1   1   
1   1   
1   1   
1   1   
1   1   
1   1   
1   1   
1   1   
1   1   
1   1   
1   1   
1   1   
1   1   
1   1   
1   1   
1   1   
1   1   
1   1   
1   1   
1   1   
1   1   
1   1   
1   1   
1   1   
1   1   
1   1   
1   1   
1   1   
1   1   
1   1   
1   1   
1   1   
1   1   
1   1   
1   1   
1   1   
1   1   
1   1   
1   1   
1   1   
1   1   
1   1   
1   1   
1   1   
1   1   
1   1   
1   1   
1   1   
1   1   
1   1   
1   1   
1   1   
1   1   
1   1   
1   1   
1   1   
1   1   
1   1   
1   1   
1   1   
1   1   
1   1   
1   1   
1   1   
1   1   
1   1   
1   1   
1   1   
1   1   
1   1   
1   1   
1   1   
1   1   
1   1   
1   1   
1   1   
1   1   
1   1   
1   1   
1   1   
1   1   
1   1   
1   1   
1   1   
1   1   
1   1   
1   1   
1   1   
1   1   
1   1   
1   1   
1   1   
1   1   
1   1   
1   1   
1   1   
1   1   
1   1   
1   1   
1   1   
1   1   
1   1   
