126   126   126   126   126   126   126   126   
131   120   123   134   131   134   124   111   
137   119   127   130   135   135   119   106   
136   117   131   127   136   130   128   103   
131   120   125   136   135   126   136   99   
129   118   114   148   127   133   137   102   
136   120   110   147   130   136   134   95   
129   103   97   156   140   151   134   98   
131   104   107   158   155   147   122   84   
128   111   118   161   138   151   118   83   
126   112   107   167   158   142   117   79   
115   122   105   157   173   154   106   76   
120   111   103   150   178   150   122   74   
112   105   94   156   183   156   122   80   
115   102   84   149   189   169   123   77   
110   89   80   162   196   181   117   73   
105   94   69   188   202   161   119   70   
101   84   59   189   220   166   131   58   
100   90   61   195   213   172   124   53   
84   80   60   203   231   180   123   47   
79   79   60   209   220   170   144   47   
91   83   67   210   223   164   124   46   
87   95   57   217   225   159   126   42   
98   100   58   215   213   164   123   37   
90   105   53   209   227   158   128   38   
79   105   60   203   241   157   123   40   
74   101   62   220   250   152   116   33   
70   99   58   221   247   150   130   33   
71   82   59   235   240   147   135   39   
72   75   44   236   250   158   136   37   
78   76   47   234   252   148   141   32   
76   82   54   235   254   140   135   32   
73   83   57   228   276   142   109   40   
76   88   48   236   282   127   111   40   
72   99   49   239   285   119   105   40   
72   96   48   245   280   123   102   42   
65   102   48   233   290   127   101   42   
64   102   52   215   288   139   98   50   
68   97   51   216   275   138   104   59   
71   94   54   227   259   135   101   67   
67   88   51   227   257   139   104   75   
72   91   55   222   262   136   104   66   
68   94   56   213   279   143   98   57   
67   92   50   214   277   148   102   58   
63   90   53   220   277   150   87   68   
65   84   65   235   274   140   77   68   
59   78   58   245   285   139   78   66   
66   71   58   246   294   135   67   71   
73   76   63   240   287   136   59   74   
76   82   60   243   274   132   65   76   
71   79   64   250   273   128   62   81   
60   86   65   257   275   129   63   73   
55   97   65   260   263   131   58   79   
57   89   57   269   277   117   63   79   
57   97   62   260   282   114   65   71   
61   101   51   258   300   110   66   61   
61   105   47   261   296   110   65   63   
52   115   41   247   287   122   76   68   
51   111   42   235   295   130   79   65   
48   101   41   234   315   129   80   60   
53   109   37   238   296   133   82   60   
47   113   42   227   305   126   92   56   
42   108   47   235   300   122   98   56   
39   102   43   237   295   132   100   60   
44   105   44   217   302   137   92   67   
49   125   43   204   296   133   90   68   
40   131   38   215   307   126   85   66   
45   134   38   208   321   120   82   60   
40   142   42   210   320   118   81   55   
42   158   44   207   311   119   69   58   
36   175   38   195   311   115   73   65   
36   190   41   191   293   121   75   61   
34   199   36   186   301   118   76   58   
36   216   35   192   282   120   75   52   
31   206   41   189   287   116   79   59   
27   212   47   175   283   112   89   63   
28   219   46   177   278   108   96   56   
34   209   53   179   274   107   98   54   
34   216   55   181   267   109   94   52   
33   220   50   182   268   96   98   61   
32   216   57   181   261   92   101   68   
27   197   56   176   264   100   119   69   
31   199   62   178   267   101   109   61   
35   200   63   170   269   105   105   61   
29   204   61   170   262   121   103   58   
32   187   58   173   262   124   110   62   
30   180   52   174   263   134   101   74   
29   190   51   175   253   137   104   69   
31   184   60   175   251   122   115   70   
30   184   63   178   249   117   113   74   
30   191   62   176   243   115   119   72   
24   183   62   180   247   112   126   74   
28   184   60   179   253   109   124   71   
21   186   61   177   247   117   124   75   
21   188   62   168   263   115   117   74   
23   184   64   168   271   110   113   75   
17   186   60   164   281   111   108   81   
18   186   52   154   296   115   106   81   
20   190   51   157   288   114   100   88   
22   185   53   162   275   119   108   84   
25   189   60   170   252   130   106   76   
29   183   58   179   248   137   101   73   
27   179   55   181   256   145   105   60   
31   174   62   180   240   148   103   70   
29   179   68   173   226   158   102   73   
30   180   62   173   228   165   96   74   
32   170   63   159   237   162   111   74   
30   167   61   167   237   151   119   76   
34   166   71   170   227   147   116   77   
37   151   82   162   228   133   132   83   
35   150   81   163   237   146   122   74   
35   144   84   163   241   139   122   80   
33   121   79   166   237   155   127   90   
37   135   76   170   231   149   118   92   
43   126   70   181   226   158   111   93   
52   120   70   181   214   164   105   102   
47   127   71   178   200   164   109   112   
42   141   82   175   194   153   107   114   
46   152   74   181   190   146   99   120   
42   149   80   192   195   139   96   115   
43   150   73   199   187   135   105   116   
40   153   72   191   186   136   113   117   
37   157   63   203   178   135   109   126   
33   147   70   211   169   136   109   133   
25   144   66   212   185   122   123   131   
25   143   63   213   188   124   119   133   
23   153   63   203   178   128   125   135   
23   146   64   198   189   134   131   123   
28   149   55   205   185   127   142   117   
21   139   59   208   177   132   150   122   
24   146   53   219   169   136   141   120   
25   143   54   223   171   138   138   116   
23   144   51   257   174   120   133   106   
19   141   55   261   176   123   136   97   
21   163   61   262   157   120   120   104   
23   164   69   251   170   122   117   92   
25   164   68   251   166   125   112   97   
26   162   66   261   166   119   110   98   
33   160   68   246   172   118   117   94   
37   157   68   251   182   102   118   93   
34   162   71   263   159   100   121   98   
31   146   69   255   165   116   119   107   
29   129   68   257   179   118   122   106   
32   128   72   255   174   122   120   105   
31   133   78   245   181   124   119   97   
29   138   73   232   188   126   120   102   
38   150   59   238   173   124   121   105   
32   156   63   249   169   127   115   97   
28   156   63   251   163   137   109   101   
26   164   59   259   159   136   104   101   
28   152   57   250   168   140   102   111   
20   151   48   253   158   141   112   125   
22   160   46   256   145   132   115   132   
21   154   45   278   137   129   111   133   
23   160   43   279   150   121   103   129   
21   153   35   285   141   124   105   144   
18   140   32   306   137   111   110   154   
20   135   32   309   151   106   104   151   
21   163   31   304   137   93   103   156   
24   167   26   293   146   101   110   141   
27   172   27   292   142   100   103   145   
30   183   26   276   141   98   105   149   
36   184   25   274   144   99   99   147   
37   188   27   273   152   99   88   144   
33   184   28   281   160   105   70   147   
29   189   31   295   163   103   61   137   
32   189   28   287   168   95   64   145   
28   180   34   293   166   94   65   148   
25   190   32   298   159   86   71   147   
29   187   27   298   167   101   58   141   
32   189   33   297   158   108   51   140   
31   175   33   292   164   112   50   151   
29   189   39   284   162   108   53   144   
29   194   47   279   160   112   56   131   
33   189   41   282   153   113   62   135   
35   190   41   277   160   118   57   130   
41   195   43   279   148   127   47   128   
43   206   45   279   150   122   48   115   
39   211   39   271   154   119   56   119   
42   209   47   263   162   109   61   115   
48   216   43   263   154   103   64   117   
47   222   35   264   142   106   68   124   
46   221   40   275   130   119   63   114   
42   236   32   273   134   118   64   109   
50   229   32   265   133   113   63   123   
51   231   24   268   140   106   67   121   
46   236   31   277   131   113   62   112   
42   227   30   281   137   104   63   124   
37   245   24   272   138   106   49   137   
35   238   28   264   149   108   47   139   
37   235   31   267   152   101   43   142   
35   228   31   276   146   100   46   146   
30   232   35   275   141   90   45   160   
25   241   30   280   143   90   42   157   
28   247   27   274   144   90   40   158   
32   251   30   284   144   90   42   135   
27   251   38   287   138   93   39   135   
22   269   47   269   138   97   40   126   
24   262   52   273   132   100   40   125   
25   271   52   270   135   108   30   117   
30   263   60   278   129   107   31   110   
32   245   64   291   129   117   26   104   
32   242   70   291   127   125   28   93   
33   253   64   291   134   126   22   85   
25   256   60   304   128   127   21   87   
24   259   72   302   129   126   22   74   
23   255   80   299   144   119   20   68   
24   247   76   317   134   120   25   65   
20   261   71   303   138   123   20   72   
22   262   65   306   139   122   20   72   
24   265   58   311   130   115   21   84   
22   273   56   312   139   106   23   77   
24   285   58   296   142   102   26   75   
23   292   59   310   136   96   17   75   
24   302   51   302   142   96   14   77   
24   320   46   284   148   96   16   74   
23   323   46   287   145   100   16   68   
28   298   44   321   138   105   18   56   
30   292   43   319   148   95   22   59   
33   293   44   314   153   94   24   53   
34   290   46   317   148   93   24   56   
33   293   51   330   138   92   22   49   
28   288   47   336   143   94   22   50   
28   288   44   337   140   94   24   53   
29   291   43   336   142   98   27   42   
29   286   51   336   143   103   27   33   
27   279   53   334   141   103   36   35   
23   267   50   347   148   107   33   33   
26   253   49   365   159   97   29   30   
26   252   49   353   174   94   31   29   
29   251   53   352   165   99   33   26   
34   253   54   345   166   88   36   32   
34   267   52   331   158   85   44   37   
42   271   42   320   146   92   51   44   
39   253   39   318   155   103   54   47   
45   280   41   293   146   108   52   43   
46   271   39   292   155   102   53   50   
38   266   38   304   143   106   59   54   
41   270   43   298   137   111   54   54   
42   270   46   303   145   105   46   51   
39   265   41   303   146   113   48   53   
33   268   41   305   158   107   45   51   
33   278   37   285   156   113   47   59   
40   281   34   295   160   106   38   54   
31   308   40   286   149   106   36   52   
31   304   39   289   140   118   41   46   
35   301   42   296   131   118   39   46   
35   300   44   301   127   126   37   38   
33   308   53   283   121   132   41   37   
32   308   46   283   125   143   36   35   
31   305   51   279   127   142   32   41   
32   336   50   275   114   135   23   43   
29   326   54   278   109   150   18   44   
28   321   49   281   114   147   19   49   
31   312   49   271   110   158   24   53   
34   313   48   267   111   157   27   51   
44   312   57   258   105   156   21   55   
36   312   62   273   95   159   18   53   
40   311   66   269   91   163   18   50   
48   297   70   273   89   158   18   55   
56   298   80   260   91   158   15   50   
54   305   75   267   82   150   16   59   
54   318   70   275   67   158   14   52   
56   300   69   277   71   163   13   59   
60   281   62   290   76   166   14   59   
61   277   55   302   74   167   10   62   
56   292   52   294   67   170   15   62   
65   298   54   289   61   171   15   55   
59   294   59   288   65   174   17   52   
70   270   58   291   59   185   19   56   
73   265   56   299   55   189   20   51   
74   261   57   314   48   184   18   52   
59   268   63   316   44   186   16   56   
65   260   67   325   36   187   15   53   
64   250   65   330   37   195   14   53   
59   249   66   337   33   199   15   50   
54   252   59   348   34   195   17   49   
58   243   54   342   33   211   20   47   
67   230   47   348   39   217   22   38   
68   239   39   331   40   232   20   39   
79   234   41   322   34   243   22   33   
86   236   40   319   31   234   25   37   
75   239   50   304   22   246   29   43   
65   231   57   306   26   244   25   54   
59   238   66   308   21   246   22   48   
55   225   63   317   20   253   26   49   
59   235   60   302   17   268   22   45   
63   238   56   310   21   265   20   35   
63   242   57   309   25   266   12   34   
63   254   53   302   27   265   13   31   
71   241   59   295   27   269   14   32   
70   243   65   292   31   264   14   29   
71   243   58   301   26   264   16   29   
72   223   56   300   24   289   17   27   
79   225   61   296   21   286   13   27   
83   225   57   296   22   284   14   27   
83   219   62   298   21   282   14   29   
82   233   53   287   25   285   15   28   
75   239   54   273   26   293   18   30   
78   251   52   269   21   282   20   35   
72   254   56   282   16   279   20   29   
72   257   62   283   15   268   21   30   
65   253   62   285   17   279   20   27   
61   234   64   296   16   292   19   26   
66   227   57   292   16   309   17   24   
75   227   54   296   15   300   16   25   
70   240   49   299   16   296   18   20   
74   240   52   305   18   283   16   20   
66   246   50   308   17   277   20   24   
67   232   53   315   13   282   22   24   
69   227   61   322   17   272   14   26   
78   221   63   311   15   281   13   26   
74   227   68   311   16   279   13   20   
66   220   68   306   15   296   14   23   
63   238   71   296   13   289   17   21   
66   233   64   302   13   290   18   22   
67   219   57   339   14   275   14   23   
67   225   52   336   17   273   12   26   
68   225   50   348   21   262   7   27   
68   219   52   332   20   278   6   33   
62   207   48   332   21   297   4   37   
62   225   49   323   21   291   4   33   
68   225   49   330   17   277   3   39   
60   225   51   336   21   277   4   34   
60   213   55   329   18   298   4   31   
59   227   52   320   16   294   4   36   
55   234   48   321   17   294   5   34   
58   235   51   321   16   291   4   32   
54   241   49   315   15   289   6   39   
59   229   44   313   18   300   7   38   
60   220   43   309   20   310   8   38   
65   210   49   306   27   311   10   30   
52   217   50   305   25   319   9   31   
53   201   53   323   27   311   8   32   
54   191   46   337   28   310   10   32   
61   194   51   330   31   291   11   39   
55   194   59   325   36   294   14   31   
56   207   54   325   30   292   14   30   
57   205   55   313   28   309   10   31   
61   195   56   307   24   323   11   31   
65   189   58   309   24   324   11   28   
67   201   56   308   20   328   10   18   
63   218   49   301   16   332   7   22   
62   230   51   299   16   326   5   19   
54   225   53   294   20   332   6   24   
53   240   53   280   18   332   6   26   
54   239   43   296   18   327   3   28   
61   230   43   318   16   316   3   21   
61   231   42   328   14   309   3   20   
62   227   36   332   13   312   3   23   
52   238   42   329   12   309   3   23   
57   230   51   335   14   291   3   27   
56   237   48   320   15   294   3   35   
58   234   43   337   16   284   4   32   
54   233   39   341   19   285   6   31   
47   228   38   348   19   289   7   32   
49   226   36   352   17   296   6   26   
43   235   34   351   16   301   5   23   
45   247   27   350   23   293   4   19   
44   254   31   318   27   305   4   25   
37   248   29   326   31   306   2   29   
44   257   24   320   35   300   2   26   
42   247   20   322   37   312   2   26   
48   238   24   322   36   313   1   26   
45   237   24   331   37   305   1   28   
46   242   24   325   34   301   1   35   
50   251   25   333   32   286   1   30   
44   248   24   341   35   286   1   29   
41   243   25   347   34   288   1   29   
43   235   24   359   31   286   1   29   
48   232   23   368   23   281   1   32   
43   229   23   368   22   291   1   31   
37   244   23   375   25   268   1   35   
40   254   21   384   18   252   1   38   
40   256   14   389   13   252   1   43   
37   268   13   400   13   234   1   42   
40   277   10   397   10   227   1   46   
44   296   9   380   12   222   1   44   
47   301   5   378   8   230   1   38   
52   307   5   369   6   237   1   31   
45   304   5   381   7   229   1   36   
45   293   3   385   4   236   1   41   
47   281   3   377   4   254   1   41   
49   288   2   386   4   236   1   42   
44   282   2   387   4   241   1   47   
37   296   2   379   4   239   1   50   
37   295   3   374   4   237   1   57   
34   298   5   375   3   243   1   49   
39   286   3   378   3   261   1   37   
46   275   5   379   3   259   1   40   
46   273   3   378   4   268   1   35   
49   273   2   375   5   265   1   38   
48   263   3   378   5   276   1   34   
46   282   4   378   4   261   1   32   
44   292   6   391   4   243   1   27   
44   297   4   383   5   244   1   30   
42   317   4   376   4   244   1   20   
35   323   4   392   6   230   1   17   
32   322   5   403   7   218   1   20   
28   335   5   394   7   220   1   18   
25   329   7   397   8   221   1   20   
24   347   8   383   7   217   1   21   
22   351   8   376   7   225   1   18   
24   342   8   387   7   225   1   14   
18   343   9   385   9   229   1   14   
21   366   9   374   9   213   1   15   
28   369   9   366   14   202   1   19   
29   373   14   372   13   189   1   17   
27   367   16   374   13   195   1   15   
26   362   14   389   10   187   1   19   
27   361   17   374   9   197   1   22   
24   366   16   374   9   203   1   15   
25   365   12   361   11   214   1   19   
30   374   10   356   11   207   1   19   
27   389   6   348   12   211   1   14   
28   383   6   340   15   220   1   15   
21   392   6   341   13   222   1   12   
20   400   6   353   8   207   1   13   
16   411   7   354   6   199   1   14   
18   415   7   344   6   208   1   9   
18   407   8   340   5   221   1   8   
15   421   7   319   6   227   1   12   
13   418   6   311   7   239   1   13   
12   429   6   295   7   242   1   16   
14   438   6   270   7   252   1   20   
13   444   5   273   4   248   1   20   
14   435   5   286   2   240   1   25   
13   427   4   299   2   240   1   22   
15   433   4   305   2   227   1   21   
20   442   2   298   2   218   1   25   
18   432   2   298   2   234   1   21   
14   420   1   312   2   238   1   20   
13   418   1   333   3   219   1   20   
13   420   1   326   4   226   1   17   
11   419   1   321   3   236   1   16   
10   423   1   319   3   238   1   13   
12   430   1   312   2   238   1   12   
19   437   1   304   2   231   1   13   
20   453   1   298   3   221   1   11   
16   453   1   292   1   232   1   12   
16   459   1   284   1   235   1   11   
20   457   1   288   1   229   1   11   
22   453   1   301   1   219   1   10   
21   455   1   303   1   216   1   10   
21   461   1   310   1   197   1   16   
23   461   1   313   1   195   1   13   
19   456   1   321   1   195   1   14   
16   452   1   329   1   193   1   15   
18   452   1   319   1   199   1   17   
13   449   1   325   1   201   1   17   
14   439   1   326   1   209   1   17   
13   450   1   314   1   209   1   19   
17   429   1   321   1   216   1   22   
17   417   1   326   1   221   1   24   
15   408   1   341   1   222   1   19   
10   400   1   356   1   218   1   21   
9   414   1   350   1   217   1   15   
7   417   1   346   1   223   1   12   
6   404   1   344   1   242   1   9   
6   419   1   333   1   238   1   9   
3   409   1   344   1   241   1   8   
3   422   1   318   1   253   1   9   
3   447   1   296   1   247   1   12   
2   442   1   301   1   243   1   17   
2   465   1   294   1   227   1   17   
1   461   1   288   1   238   1   17   
1   447   1   291   1   248   1   18   
1   430   1   296   1   261   1   17   
1   433   1   290   1   270   1   11   
1   460   1   269   1   268   1   7   
1   462   1   280   1   258   1   4   
1   467   1   288   1   245   1   4   
1   442   1   300   1   257   1   5   
1   436   1   313   1   250   1   5   
1   447   1   314   1   238   1   5   
1   455   1   310   1   234   1   5   
1   463   1   310   1   227   1   4   
1   465   1   316   1   218   1   5   
1   467   1   315   1   218   1   4   
1   453   1   333   1   213   1   5   
1   453   1   333   1   212   1   6   
1   429   1   334   1   233   1   8   
1   423   1   334   1   239   1   8   
1   402   1   355   1   241   1   6   
1   406   1   353   1   239   1   6   
1   406   1   350   1   240   1   8   
1   410   1   356   1   229   1   9   
1   417   1   357   1   224   1   6   
1   421   1   357   1   219   1   7   
1   424   1   362   1   209   1   9   
1   439   1   352   1   203   1   10   
1   440   1   347   1   204   1   13   
1   439   1   340   1   214   1   11   
1   450   1   326   1   214   1   14   
1   446   1   337   1   207   1   14   
1   430   1   339   1   218   1   17   
1   419   1   328   1   239   1   18   
1   431   1   316   1   239   1   18   
1   423   1   326   1   239   1   16   
1   1   1   1   1   1   1   1   
1   1   1   1   1   1   1   1   
1   1   1   1   1   1   1   1   
1   1   1   1   1   1   1   1   
1   1   1   1   1   1   1   1   
1   1   1   1   1   1   1   1   
1   1   1   1   1   1   1   1   
1   1   1   1   1   1   1   1   
1   1   1   1   1   1   1   1   
1   1   1   1   1   1   1   1   
1   1   1   1   1   1   1   1   
1   1   1   1   1   1   1   1   
1   1   1   1   1   1   1   1   
1   1   1   1   1   1   1   1   
1   1   1   1   1   1   1   1   
1   1   1   1   1   1   1   1   
1   1   1   1   1   1   1   1   
1   1   1   1   1   1   1   1   
1   1   1   1   1   1   1   1   
1   1   1   1   1   1   1   1   
1   1   1   1   1   1   1   1   
1   1   1   1   1   1   1   1   
1   1   1   1   1   1   1   1   
1   1   1   1   1   1   1   1   
1   1   1   1   1   1   1   1   
1   1   1   1   1   1   1   1   
1   1   1   1   1   1   1   1   
1   1   1   1   1   1   1   1   
1   1   1   1   1   1   1   1   
1   1   1   1   1   1   1   1   
1   1   1   1   1   1   1   1   
1   1   1   1   1   1   1   1   
1   1   1   1   1   1   1   1   
1   1   1   1   1   1   1   1   
1   1   1   1   1   1   1   1   
1   1   1   1   1   1   1   1   
1   1   1   1   1   1   1   1   
1   1   1   1   1   1   1   1   
1   1   1   1   1   1   1   1   
1   1   1   1   1   1   1   1   
1   1   1   1   1   1   1   1   
1   1   1   1   1   1   1   1   
1   1   1   1   1   1   1   1   
1   1   1   1   1   1   1   1   
1   1   1   1   1   1   1   1   
1   1   1   1   1   1   1   1   
1   1   1   1   1   1   1   1   
1   1   1   1   1   1   1   1   
1   1   1   1   1   1   1   1   
1   1   1   1   1   1   1   1   
1   1   1   1   1   1   1   1   
1   1   1   1   1   1   1   1   
1   1   1   1   1   1   1   1   
1   1   1   1   1   1   1   1   
1   1   1   1   1   1   1   1   
1   1   1   1   1   1   1   1   
1   1   1   1   1   1   1   1   
1   1   1   1   1   1   1   1   
1   1   1   1   1   1   1   1   
1   1   1   1   1   1   1   1   
1   1   1   1   1   1   1   1   
1   1   1   1   1   1   1   1   
1   1   1   1   1   1   1   1   
1   1   1   1   1   1   1   1   
1   1   1   1   1   1   1   1   
1   1   1   1   1   1   1   1   
1   1   1   1   1   1   1   1   
1   1   1   1   1   1   1   1   
1   1   1   1   1   1   1   1   
1   1   1   1   1   1   1   1   
1   1   1   1   1   1   1   1   
1   1   1   1   1   1   1   1   
1   1   1   1   1   1   1   1   
1   1   1   1   1   1   1   1   
1   1   1   1   1   1   1   1   
1   1   1   1   1   1   1   1   
1   1   1   1   1   1   1   1   
1   1   1   1   1   1   1   1   
1   1   1   1   1   1   1   1   
1   1   1   1   1   1   1   1   
1   1   1   1   1   1   1   1   
1   1   1   1   1   1   1   1   
1   1   1   1   1   1   1   1   
1   1   1   1   1   1   1   1   
1   1   1   1   1   1   1   1   
1   1   1   1   1   1   1   1   
1   1   1   1   1   1   1   1   
1   1   1   1   1   1   1   1   
1   1   1   1   1   1   1   1   
1   1   1   1   1   1   1   1   
1   1   1   1   1   1   1   1   
1   1   1   1   1   1   1   1   
1   1   1   1   1   1   1   1   
1   1   1   1   1   1   1   1   
1   1   1   1   1   1   1   1   
1   1   1   1   1   1   1   1   
1   1   1   1   1   1   1   1   
1   1   1   1   1   1   1   1   
1   1   1   1   1   1   1   1   
1   1   1   1   1   1   1   1   
1   1   1   1   1   1   1   1   
1   1   1   1   1   1   1   1   
