101   101   101   101   101   101   101   101   101   101   
103   106   108   87   105   112   97   108   99   85   
89   126   108   81   113   102   101   98   101   91   
88   118   113   86   119   108   101   96   99   82   
101   117   124   85   120   115   92   88   84   84   
97   124   125   81   121   119   92   82   80   89   
105   125   116   89   119   123   87   84   76   86   
99   129   113   85   125   112   82   91   82   92   
99   125   120   83   113   118   78   104   79   91   
99   124   128   89   89   125   79   102   80   95   
96   134   128   92   81   115   85   99   78   102   
97   131   121   91   83   117   85   108   74   103   
101   136   116   85   85   112   86   115   73   101   
101   123   111   91   91   117   90   113   65   108   
111   124   120   88   90   110   93   106   59   109   
110   136   119   89   94   111   78   101   57   115   
113   137   123   90   100   107   81   103   51   105   
114   136   132   84   96   111   81   102   54   100   
110   126   125   82   112   118   85   99   52   101   
115   120   114   92   99   123   87   100   51   109   
101   127   116   90   105   122   85   100   49   115   
106   117   114   84   107   130   96   94   48   114   
105   112   114   89   96   137   97   99   44   117   
107   113   103   80   101   139   92   96   47   132   
118   117   104   76   107   137   86   86   46   133   
125   122   107   77   97   144   73   86   42   137   
123   125   109   81   96   147   63   92   45   129   
116   116   108   76   93   145   67   104   44   141   
111   100   112   73   99   146   72   102   43   152   
107   103   122   83   94   140   73   96   48   144   
104   103   119   85   88   151   74   93   53   140   
107   106   116   81   86   149   72   83   56   154   
118   116   119   80   91   146   64   79   50   147   
122   114   116   91   92   140   56   83   48   148   
114   122   125   87   85   141   61   74   54   147   
113   114   133   87   84   142   58   71   49   159   
107   102   139   88   89   161   57   62   51   154   
96   115   144   81   86   174   66   65   49   134   
96   107   153   76   91   188   67   69   46   117   
100   114   142   75   100   177   61   76   49   116   
104   110   149   80   93   169   63   77   52   113   
98   107   151   72   85   162   65   92   48   130   
90   100   145   71   97   174   64   95   46   128   
91   98   140   67   89   187   70   92   36   140   
103   91   139   70   90   174   76   98   36   133   
104   97   144   57   86   176   78   108   38   122   
99   96   135   58   92   185   76   104   36   129   
96   91   142   59   91   186   83   108   35   119   
108   81   151   56   99   175   81   104   40   115   
107   79   166   59   96   175   73   94   34   127   
112   85   165   53   99   172   70   94   34   126   
117   89   176   43   85   173   73   89   33   132   
130   90   167   42   87   170   78   81   35   130   
130   90   169   48   89   163   82   75   35   129   
122   79   167   54   88   169   78   75   45   133   
128   83   168   46   89   162   82   86   38   128   
127   88   172   49   78   154   89   88   40   125   
138   88   173   46   80   152   90   82   37   124   
142   86   159   51   77   170   85   82   34   124   
144   87   159   43   73   168   88   76   36   136   
138   85   175   45   69   150   90   75   35   148   
138   77   194   45   74   144   95   74   34   135   
134   80   185   41   80   144   107   70   35   134   
134   82   180   47   78   148   114   67   32   128   
149   81   169   41   78   140   118   71   35   128   
146   79   166   44   75   137   123   75   40   125   
142   77   174   36   66   147   129   65   43   131   
146   71   165   36   62   143   135   68   43   141   
150   73   166   41   65   145   121   58   42   149   
148   82   167   39   58   157   116   58   39   146   
146   87   175   34   65   156   112   54   39   142   
145   95   174   33   66   165   110   51   37   134   
143   100   164   32   66   170   103   47   43   142   
138   89   170   39   54   175   109   48   40   148   
133   89   162   40   57   188   102   49   44   146   
139   89   164   43   60   184   106   44   38   143   
160   79   170   40   61   170   99   41   50   140   
159   83   170   34   65   168   98   42   53   138   
174   75   157   31   57   177   104   37   49   149   
173   69   180   38   53   176   97   33   50   141   
171   64   187   33   48   176   95   34   51   151   
169   78   166   33   53   175   96   34   51   155   
165   76   173   37   52   168   100   38   43   158   
169   81   170   33   51   174   109   33   48   142   
167   95   164   25   52   180   116   34   47   130   
163   89   160   33   48   174   128   30   45   140   
168   93   149   27   47   174   138   33   36   145   
170   92   153   24   51   177   135   27   32   149   
178   95   153   18   48   171   134   31   26   156   
186   87   147   20   45   170   136   32   27   160   
185   79   150   22   46   187   122   29   29   161   
174   82   163   18   45   181   120   28   31   168   
182   78   162   20   47   184   113   22   33   169   
178   78   159   19   40   188   118   26   37   167   
187   74   165   19   37   186   104   26   41   171   
185   71   167   19   42   181   97   28   38   182   
166   75   172   18   39   189   90   23   46   192   
167   78   165   17   37   189   86   29   50   192   
176   77   172   20   35   188   85   32   44   181   
175   85   180   21   36   197   80   30   41   165   
188   86   185   20   35   177   85   28   42   164   
212   81   192   18   38   163   82   27   43   154   
211   77   196   18   43   164   75   28   44   154   
201   73   200   17   43   164   75   24   45   168   
194   81   189   14   36   174   75   25   44   178   
191   72   206   15   32   168   73   17   44   192   
203   65   201   14   34   172   65   16   47   193   
205   63   203   15   31   166   69   17   48   193   
191   61   205   20   25   170   65   19   53   201   
200   66   207   19   27   167   70   19   49   186   
201   57   195   19   25   177   80   18   48   190   
202   58   191   17   26   186   88   15   49   178   
220   50   180   15   22   184   98   14   48   179   
218   51   188   13   28   185   108   15   41   163   
210   55   171   14   28   199   111   14   44   164   
217   55   162   13   35   202   109   14   44   159   
224   56   153   11   29   198   107   14   33   185   
224   64   151   13   29   196   101   20   37   175   
212   71   162   14   28   203   100   20   31   169   
197   73   153   18   31   206   105   20   34   173   
192   77   160   18   27   205   109   19   33   170   
183   78   142   21   27   228   112   20   28   171   
173   83   138   20   27   232   115   18   30   174   
179   77   139   17   27   245   111   17   28   170   
195   83   146   20   29   227   108   18   33   151   
196   92   138   17   28   224   112   20   33   150   
196   91   144   17   29   227   111   17   36   142   
205   98   145   13   29   213   105   18   36   148   
209   99   159   14   29   185   107   14   34   160   
210   95   145   14   29   194   113   13   34   163   
216   101   137   15   27   189   107   15   39   164   
216   111   132   12   27   185   108   11   40   168   
212   116   137   10   29   189   97   12   35   173   
208   103   149   12   38   186   100   14   35   165   
195   110   156   16   41   187   100   12   34   159   
206   96   164   12   44   185   94   9   34   166   
190   97   175   12   47   177   103   5   31   173   
191   97   173   14   39   181   100   5   25   185   
192   90   175   13   45   179   103   5   26   182   
195   82   184   15   41   186   88   6   24   189   
203   79   196   13   39   183   91   7   21   178   
202   78   190   16   36   197   91   6   20   174   
194   68   197   17   39   192   103   5   21   174   
165   67   191   23   42   200   110   5   25   182   
175   68   196   24   42   200   101   3   26   175   
175   70   187   22   51   205   103   4   32   161   
165   71   185   20   56   214   113   4   27   155   
166   72   175   23   57   197   132   5   24   159   
166   78   181   21   63   202   122   5   18   154   
172   74   176   23   64   200   117   5   21   158   
167   80   165   23   54   215   120   6   23   157   
145   88   169   22   56   221   126   6   18   159   
145   83   172   26   57   220   121   9   26   151   
139   79   170   26   60   226   124   8   30   148   
136   81   164   26   69   214   120   11   31   158   
135   81   158   31   55   207   136   11   35   161   
147   75   148   30   57   214   128   12   35   164   
159   69   157   25   66   208   130   5   33   158   
147   72   153   27   69   220   124   3   33   162   
138   66   148   30   58   240   129   3   37   161   
131   69   140   22   59   243   141   4   36   165   
141   66   132   22   52   245   152   3   36   161   
133   68   136   27   51   248   144   4   34   165   
132   64   133   31   53   246   142   3   38   168   
136   65   133   33   56   256   138   3   35   155   
124   59   134   31   52   262   157   4   34   153   
128   64   131   29   47   266   146   6   28   165   
110   63   151   24   47   260   151   5   35   164   
119   63   151   28   47   249   144   7   44   158   
126   73   154   27   45   242   130   7   41   165   
128   66   155   28   40   243   130   7   39   174   
120   70   154   28   43   242   122   6   35   190   
129   76   137   27   40   233   121   6   42   199   
126   87   128   25   33   234   114   6   46   211   
116   94   128   17   30   242   113   6   47   217   
119   83   119   16   19   251   116   7   49   231   
113   89   130   14   17   243   107   7   49   241   
109   88   122   17   16   248   104   8   52   246   
108   84   120   18   15   249   100   10   54   252   
99   81   127   15   20   249   97   11   50   261   
102   77   123   14   18   266   93   9   58   250   
98   78   113   13   19   269   85   6   59   270   
101   76   104   12   20   255   89   7   68   278   
100   78   107   13   22   257   92   7   66   268   
99   82   107   9   22   249   91   4   68   279   
106   85   99   8   26   247   90   3   65   281   
101   94   90   6   27   260   88   4   61   279   
102   99   95   9   29   262   86   4   54   270   
108   105   91   8   28   256   82   4   61   267   
114   100   80   11   27   258   83   4   64   269   
103   112   83   12   29   257   85   4   61   264   
104   112   87   9   28   266   83   2   57   262   
102   104   94   8   32   266   87   3   54   260   
100   96   87   9   31   257   91   3   66   270   
100   94   89   6   25   260   92   3   71   270   
93   110   81   3   28   264   93   4   73   261   
89   111   80   2   30   250   104   6   73   265   
96   113   82   3   31   241   106   5   77   256   
100   113   80   3   34   255   94   6   78   247   
113   117   78   2   23   256   88   5   75   253   
110   112   74   2   26   257   96   6   67   260   
105   105   69   1   28   278   84   8   69   263   
104   102   68   1   32   274   81   9   75   264   
104   112   62   1   32   267   86   13   76   257   
99   113   62   1   32   267   91   8   74   263   
99   109   67   1   30   253   91   8   78   274   
95   112   68   1   31   251   98   11   77   266   
99   114   58   1   33   251   102   10   70   272   
87   117   51   1   42   260   102   12   66   272   
81   122   55   1   34   265   104   12   72   264   
73   123   52   1   41   269   112   15   71   253   
83   127   63   1   40   245   124   10   68   249   
81   129   58   1   39   263   124   10   55   250   
84   136   64   1   42   267   107   9   51   249   
84   152   73   1   49   250   105   6   51   239   
72   167   77   1   47   254   103   8   59   222   
73   177   74   1   47   258   91   11   67   211   
79   164   74   1   45   273   88   9   58   219   
75   166   64   1   55   266   89   9   65   220   
89   170   70   1   59   240   87   9   63   222   
90   184   72   1   52   231   78   5   80   217   
87   183   80   1   53   240   74   4   85   203   
87   181   76   1   55   238   77   4   98   193   
87   174   71   1   43   252   76   4   99   203   
96   171   78   1   47   237   71   4   104   201   
99   185   78   1   40   231   67   5   95   209   
93   205   75   1   40   231   54   3   108   200   
97   204   77   1   38   227   47   3   111   205   
93   200   83   1   41   226   46   2   108   210   
94   197   86   1   40   224   50   2   113   203   
84   214   89   1   40   227   45   3   108   199   
79   202   90   1   37   241   46   3   116   195   
76   207   96   1   36   232   42   3   117   200   
72   208   94   1   36   237   41   3   113   205   
56   228   94   1   46   226   35   5   123   196   
57   216   99   1   39   230   33   4   121   210   
45   226   93   1   43   239   33   4   114   212   
50   214   86   1   41   264   33   5   121   195   
47   224   88   1   43   274   26   6   111   190   
42   216   92   1   46   287   29   7   109   181   
48   231   93   1   53   295   25   5   97   162   
45   224   96   1   68   302   28   4   93   149   
43   211   86   1   71   325   36   4   84   149   
40   213   82   1   77   314   37   4   90   152   
38   218   86   1   82   309   37   4   90   145   
41   213   91   1   77   320   37   4   99   127   
42   215   86   1   71   327   41   4   108   115   
45   223   84   1   79   327   41   4   94   112   
43   204   85   1   94   340   44   4   90   105   
43   210   88   1   94   332   46   4   82   110   
53   217   96   1   84   329   42   4   80   104   
55   202   95   1   90   332   36   6   78   115   
56   211   96   1   91   320   38   6   78   113   
63   218   87   1   99   304   41   6   83   108   
59   210   98   1   99   292   49   6   79   117   
50   202   111   1   97   295   51   4   76   123   
46   202   111   1   95   297   44   2   86   126   
38   202   106   1   104   291   44   2   94   128   
36   209   111   1   108   286   45   3   85   126   
29   222   111   1   112   282   48   2   75   128   
29   222   113   1   100   292   48   3   75   127   
31   203   114   1   89   312   43   4   79   134   
30   200   115   1   89   309   39   5   82   140   
30   196   111   1   79   316   36   4   83   154   
31   214   103   1   79   297   37   3   86   159   
34   216   104   1   75   292   38   4   90   156   
29   226   105   1   82   291   35   4   85   152   
27   242   121   1   80   277   28   4   84   146   
29   234   119   1   87   264   28   2   93   153   
28   229   128   1   87   271   28   3   89   146   
32   233   124   1   94   276   26   3   88   133   
33   229   129   1   96   284   27   3   74   134   
31   224   123   1   98   287   34   3   72   137   
33   229   120   1   104   272   35   3   84   129   
41   237   113   1   98   265   37   2   82   134   
43   244   108   1   95   259   38   2   86   134   
41   244   113   1   93   261   37   2   78   140   
38   231   111   1   98   266   37   1   80   147   
38   233   104   1   101   260   35   1   81   156   
34   229   111   1   107   259   33   1   75   160   
28   230   115   1   108   272   29   1   69   157   
31   222   113   1   108   277   29   1   74   154   
36   202   120   1   124   281   28   1   77   140   
38   204   127   1   125   277   30   1   65   142   
33   217   128   1   117   292   23   1   61   137   
38   214   117   1   122   290   25   1   69   133   
35   203   131   1   125   287   24   1   71   132   
34   185   133   1   136   291   25   1   67   137   
30   183   126   1   141   283   30   1   77   138   
27   192   121   1   141   274   33   1   91   129   
32   193   127   1   140   272   35   1   88   121   
31   190   125   1   142   285   33   1   86   116   
30   194   129   1   157   261   36   1   84   117   
29   212   120   1   160   238   40   1   85   124   
30   212   113   1   168   241   42   1   84   118   
37   215   103   1   163   249   41   1   82   118   
31   224   112   1   162   241   44   1   82   112   
31   237   94   1   163   253   35   1   79   116   
35   253   88   1   155   258   36   1   76   107   
38   248   76   1   163   250   41   1   89   103   
32   258   84   1   160   245   56   1   82   91   
30   239   84   1   168   255   55   1   88   89   
31   252   77   1   166   239   65   1   88   90   
29   261   70   1   170   246   65   1   82   85   
28   272   72   1   169   255   54   1   80   78   
26   278   74   1   178   239   53   1   69   91   
26   268   80   1   183   240   56   1   65   90   
30   255   83   1   185   240   61   1   61   93   
25   241   89   1   200   241   61   1   61   90   
21   239   90   1   197   257   55   1   63   86   
18   249   94   1   208   244   50   1   61   84   
19   243   91   1   214   250   41   1   66   84   
17   248   95   1   208   227   42   1   80   91   
17   237   101   1   199   222   43   1   89   100   
14   234   100   1   202   220   45   1   96   97   
13   243   103   1   196   224   47   1   90   92   
10   240   108   1   192   238   49   1   84   87   
8   225   113   1   201   232   45   1   86   98   
8   227   109   1   211   234   36   1   85   98   
11   237   104   1   209   237   38   1   79   93   
12   231   117   1   209   236   36   1   78   89   
9   235   129   1   183   226   46   1   77   103   
9   227   126   1   189   227   48   1   78   104   
13   239   121   1   180   214   54   1   87   100   
16   228   121   1   186   199   65   1   94   99   
13   219   126   1   173   214   70   1   98   95   
16   222   127   1   165   210   72   1   103   93   
17   222   130   1   169   202   71   1   103   94   
22   224   133   1   169   199   72   1   100   89   
21   230   136   1   147   204   71   1   106   93   
22   244   127   1   142   214   71   1   91   97   
25   259   118   1   128   216   72   1   95   95   
25   238   116   1   130   221   80   1   93   105   
31   232   106   1   133   233   79   1   87   107   
31   233   106   1   123   227   79   1   98   111   
27   220   102   1   116   232   96   1   94   121   
23   233   100   1   115   234   94   1   95   114   
29   232   95   1   117   216   104   1   100   115   
28   248   99   1   124   199   106   1   95   109   
28   246   95   1   116   202   108   1   97   116   
30   231   93   1   115   196   118   1   99   126   
25   248   93   1   116   184   123   1   100   119   
25   251   93   1   109   192   128   1   95   115   
25   242   93   1   102   192   139   1   93   122   
22   243   89   1   103   180   145   1   86   140   
24   259   79   1   106   171   145   1   83   141   
25   246   80   1   114   179   154   1   84   126   
22   230   73   1   110   201   157   1   92   123   
27   230   72   1   105   199   156   1   92   127   
23   237   76   1   95   207   166   1   85   119   
20   239   70   1   93   212   174   1   86   114   
20   250   68   1   100   228   152   1   96   94   
20   241   62   1   103   236   165   1   82   99   
17   245   69   1   100   227   172   1   79   99   
15   230   70   1   104   234   182   1   86   87   
17   231   70   1   111   232   182   1   83   82   
15   224   75   1   109   229   184   1   89   83   
15   222   77   1   118   214   187   1   91   84   
14   227   75   1   121   227   176   1   82   86   
14   238   74   1   107   229   179   1   87   80   
18   245   71   1   99   228   183   1   80   84   
24   238   63   1   104   244   169   1   81   85   
26   255   64   1   106   228   169   1   74   86   
30   253   59   1   102   226   172   1   71   95   
34   247   57   1   106   223   166   1   71   104   
33   238   54   1   101   240   157   1   76   109   
31   240   59   1   104   226   155   1   78   115   
33   240   53   1   111   217   151   1   83   120   
27   235   65   1   119   213   156   1   84   109   
28   244   65   1   107   206   163   1   83   112   
30   243   66   1   103   221   161   1   74   110   
33   255   77   1   103   204   161   1   75   100   
28   252   75   1   99   215   164   1   73   102   
34   238   83   1   108   218   159   1   70   98   
27   258   74   1   106   219   156   1   70   98   
29   252   76   1   114   207   150   1   74   106   
37   239   71   1   112   213   149   1   78   109   
41   248   73   1   107   214   144   1   82   99   
39   246   68   1   111   215   145   1   79   105   
43   232   75   1   110   208   149   1   82   109   
42   233   76   1   106   201   155   1   92   103   
43   225   80   1   99   204   152   1   99   106   
41   247   85   1   84   204   161   1   95   91   
42   249   76   1   85   208   160   1   91   97   
36   241   84   1   79   208   163   1   102   95   
36   256   76   1   69   201   154   1   108   108   
38   248   77   1   74   203   159   1   103   106   
37   248   72   1   71   209   163   1   102   106   
34   262   66   1   71   215   159   1   92   109   
36   262   64   1   65   221   165   1   95   100   
35   278   63   1   55   226   153   1   97   101   
29   282   59   1   63   234   154   1   90   97   
25   275   54   1   73   231   152   1   99   99   
22   270   61   1   75   240   157   1   91   92   
22   281   64   1   70   241   151   1   86   93   
23   278   71   1   71   240   157   1   77   91   
26   278   69   1   70   237   161   1   76   91   
24   274   75   1   59   247   168   1   73   88   
31   276   69   1   52   238   178   1   75   89   
33   274   79   1   51   236   184   1   74   77   
31   274   80   1   48   226   194   1   72   83   
29   270   79   1   45   225   201   1   67   92   
33   270   81   1   37   225   212   1   57   93   
28   278   85   1   41   217   210   1   58   91   
35   261   88   1   46   218   207   1   58   95   
32   263   91   1   55   207   206   1   51   103   
39   271   96   1   50   199   200   1   46   107   
45   276   90   1   52   220   184   1   45   96   
46   270   97   1   55   204   183   1   48   105   
53   277   92   1   56   199   171   1   50   110   
50   280   87   1   58   184   187   1   51   111   
54   288   97   1   59   187   180   1   35   108   
54   280   98   1   63   210   168   1   28   107   
52   269   98   1   63   217   167   1   32   110   
59   272   105   1   54   216   164   1   33   105   
57   263   100   1   50   225   167   1   34   112   
65   247   98   1   51   231   173   1   33   110   
68   243   88   1   56   241   171   1   40   101   
71   229   89   1   58   236   181   1   47   97   
76   231   94   1   66   220   184   1   38   99   
65   233   77   1   75   205   204   1   43   106   
64   239   77   1   84   198   195   1   38   113   
64   224   69   1   79   196   201   1   43   132   
63   244   70   1   86   190   196   1   40   119   
69   255   67   1   92   185   198   1   33   109   
66   255   69   1   80   182   215   1   36   105   
82   246   65   1   86   207   199   1   35   88   
87   259   62   1   85   201   201   1   33   80   
93   276   64   1   91   193   187   1   33   71   
95   269   60   1   94   196   190   1   28   76   
87   272   64   1   93   209   180   1   25   78   
99   268   69   1   88   208   163   1   28   85   
109   265   66   1   80   207   163   1   30   88   
118   272   64   1   71   197   164   1   31   91   
118   266   69   1   77   204   166   1   30   78   
111   271   79   1   76   202   170   1   31   68   
116   280   84   1   80   190   151   1   33   74   
128   270   74   1   78   192   151   1   38   77   
127   286   74   1   66   194   139   1   37   85   
126   273   74   1   60   196   150   1   40   89   
133   280   69   1   70   185   160   1   32   79   
135   282   64   1   64   188   163   1   34   78   
135   294   63   1   63   183   161   1   31   78   
129   289   61   1   69   189   161   1   37   73   
124   298   65   1   68   198   156   1   27   72   
125   303   57   1   68   209   148   1   25   73   
113   318   56   1   70   203   160   1   27   61   
116   324   49   1   76   203   155   1   27   58   
122   324   53   1   78   203   145   1   27   56   
113   320   57   1   86   205   149   1   26   52   
123   315   50   1   88   222   141   1   20   49   
120   316   49   1   95   221   138   1   19   50   
119   331   52   1   100   200   133   1   28   45   
114   342   49   1   93   219   124   1   25   42   
139   330   50   1   89   221   109   1   25   45   
131   327   52   1   88   228   110   1   25   47   
133   326   49   1   78   226   123   1   27   46   
132   315   51   1   81   233   124   1   27   45   
139   332   64   1   70   224   115   1   28   36   
130   336   66   1   72   226   109   1   29   40   
134   338   71   1   68   227   103   1   23   44   
128   348   63   1   65   235   95   1   24   50   
128   336   70   1   77   233   91   1   26   47   
119   345   79   1   70   226   92   1   29   48   
124   345   87   1   60   228   91   1   30   43   
131   337   91   1   51   222   99   1   28   49   
146   332   87   1   55   227   84   1   28   49   
158   321   83   1   52   234   82   1   29   49   
164   339   79   1   52   225   79   1   25   45   
158   364   81   1   47   215   75   1   24   44   
157   363   88   1   43   198   82   1   26   51   
160   368   89   1   46   183   96   1   25   41   
164   352   93   1   51   183   107   1   24   34   
167   350   89   1   51   187   101   1   28   35   
162   349   85   1   49   198   100   1   25   40   
168   338   86   1   56   198   90   1   31   41   
179   336   86   1   60   182   82   1   32   51   
163   316   84   1   71   207   81   1   28   58   
173   311   93   1   71   203   77   1   28   52   
158   308   96   1   73   213   78   1   32   50   
150   307   93   1   72   215   85   1   38   48   
142   311   104   1   72   204   91   1   35   49   
152   317   114   1   67   185   85   1   39   49   
147   299   127   1   60   205   85   1   42   43   
146   287   138   1   65   204   90   1   39   39   
150   295   128   1   61   200   93   1   37   44   
142   298   124   1   62   211   92   1   39   40   
133   301   132   1   62   218   92   1   35   35   
130   299   147   1   52   214   94   1   40   32   
121   309   147   1   55   213   92   1   43   28   
104   312   142   1   51   234   87   1   50   28   
108   302   140   1   54   243   75   1   55   31   
103   314   138   1   52   242   77   1   52   30   
98   314   132   1   59   226   89   1   58   32   
91   317   113   1   57   229   102   1   66   33   
100   307   113   1   61   231   101   1   64   31   
99   307   131   1   53   226   107   1   60   25   
108   298   122   1   48   233   102   1   71   26   
102   293   119   1   49   233   105   1   80   27   
103   304   110   1   46   241   93   1   84   27   
111   293   106   1   52   249   84   1   92   21   
109   282   105   1   52   254   87   1   100   19   
108   290   100   1   43   257   94   1   100   16   
109   302   106   1   45   240   86   1   103   17   
117   303   95   1   45   245   80   1   106   17   
122   309   98   1   50   223   77   1   114   15   
130   303   100   1   53   224   73   1   112   13   
134   291   96   1   52   225   83   1   112   15   
138   284   112   1   49   204   85   1   123   13   
138   279   114   1   54   185   97   1   126   15   
136   274   118   1   52   182   93   1   142   11   
129   284   126   1   56   187   93   1   123   10   
137   277   119   1   64   183   90   1   134   4   
148   266   131   1   65   178   84   1   132   4   
155   260   142   1   61   182   82   1   123   3   
140   282   143   1   66   177   79   1   117   4   
149   300   137   1   70   168   63   1   118   3   
134   305   140   1   74   170   68   1   114   3   
133   310   134   1   78   169   79   1   103   2   
147   311   143   1   69   167   74   1   95   2   
140   308   142   1   68   179   75   1   93   3   
142   328   146   1   61   167   70   1   92   2   
148   328   146   1   58   168   65   1   92   3   
158   308   151   1   64   174   67   1   84   2   
150   320   158   1   68   165   60   1   86   1   
155   306   160   1   62   165   62   1   97   1   
157   302   157   1   65   158   68   1   100   1   
154   312   149   1   74   139   78   1   101   1   
152   323   145   1   80   137   74   1   96   1   
154   306   145   1   92   149   71   1   90   1   
162   291   152   1   91   138   83   1   90   1   
162   297   153   1   98   134   68   1   95   1   
164   291   159   1   102   128   64   1   99   1   
159   290   157   1   102   125   64   1   110   1   
155   293   178   1   87   121   57   1   116   1   
156   265   185   1   92   127   62   1   120   1   
164   254   195   1   90   131   62   1   111   1   
151   251   195   1   86   135   62   1   127   1   
154   247   200   1   80   143   60   1   123   1   
159   248   202   1   82   145   53   1   118   1   
171   251   202   1   83   136   57   1   107   1   
167   264   199   1   77   141   63   1   96   1   
160   257   195   1   78   151   62   1   104   1   
149   246   203   1   90   154   63   1   102   1   
157   239   188   1   91   165   61   1   106   1   
154   248   202   1   86   156   62   1   99   1   
145   242   205   1   87   158   56   1   114   1   
141   238   202   1   90   164   53   1   119   1   
147   237   199   1   89   171   47   1   117   1   
146   239   212   1   92   161   43   1   114   1   
152   260   208   1   86   157   41   1   103   1   
144   270   197   1   89   153   42   1   112   1   
140   270   187   1   87   168   45   1   110   1   
128   270   195   1   85   166   51   1   112   1   
124   272   215   1   89   167   47   1   93   1   
115   273   205   1   89   180   53   1   92   1   
121   273   199   1   90   181   58   1   85   1   
113   260   207   1   89   197   62   1   79   1   
110   275   200   1   89   195   64   1   74   1   
111   285   195   1   80   197   64   1   75   1   
113   312   193   1   71   186   63   1   69   1   
134   318   176   1   72   191   62   1   54   1   
131   322   169   1   69   203   61   1   52   1   
124   328   164   1   71   204   64   1   52   1   
129   340   157   1   65   200   65   1   51   1   
128   339   169   1   66   197   59   1   49   1   
136   342   165   1   69   187   52   1   56   1   
134   357   169   1   68   171   56   1   52   1   
131   350   185   1   65   168   56   1   52   1   
130   356   192   1   55   165   58   1   51   1   
135   374   184   1   48   169   56   1   41   1   
131   381   188   1   53   156   56   1   42   1   
132   394   165   1   48   165   55   1   48   1   
130   381   177   1   44   175   59   1   41   1   
127   370   184   1   46   184   55   1   41   1   
135   370   180   1   43   178   52   1   49   1   
130   363   185   1   45   185   49   1   50   1   
125   342   198   1   44   197   51   1   50   1   
118   331   210   1   40   182   61   1   65   1   
109   333   203   1   47   187   60   1   68   1   
105   345   191   1   51   196   59   1   60   1   
103   351   185   1   54   191   58   1   65   1   
101   351   179   1   59   195   60   1   62   1   
96   356   185   1   58   195   46   1   71   1   
95   356   187   1   59   195   43   1   72   1   
96   367   186   1   64   190   34   1   70   1   
99   353   179   1   70   199   38   1   69   1   
97   360   169   1   69   201   43   1   68   1   
96   350   185   1   65   198   41   1   72   1   
102   362   187   1   61   189   38   1   68   1   
99   361   187   1   62   211   32   1   55   1   
101   349   186   1   67   216   33   1   55   1   
99   367   186   1   71   199   35   1   50   1   
101   359   184   1   75   198   35   1   55   1   
89   366   180   1   78   199   36   1   59   1   
90   349   189   1   75   206   34   1   64   1   
89   343   198   1   84   199   39   1   55   1   
91   344   197   1   97   179   39   1   60   1   
99   345   175   1   106   187   44   1   51   1   
88   352   173   1   107   187   51   1   49   1   
1   1   1   1   1   1   1   1   1   1   
1   1   1   1   1   1   1   1   1   1   
1   1   1   1   1   1   1   1   1   1   
1   1   1   1   1   1   1   1   1   1   
1   1   1   1   1   1   1   1   1   1   
1   1   1   1   1   1   1   1   1   1   
1   1   1   1   1   1   1   1   1   1   
1   1   1   1   1   1   1   1   1   1   
1   1   1   1   1   1   1   1   1   1   
1   1   1   1   1   1   1   1   1   1   
1   1   1   1   1   1   1   1   1   1   
