501   501   
533   469   
541   461   
564   438   
544   458   
554   448   
552   450   
547   455   
550   452   
570   432   
589   413   
586   416   
587   415   
591   411   
589   413   
607   395   
586   416   
595   407   
593   409   
579   423   
591   411   
587   415   
588   414   
587   415   
589   413   
586   416   
601   401   
602   400   
615   387   
625   377   
605   397   
610   392   
607   395   
609   393   
605   397   
610   392   
618   384   
624   378   
644   358   
645   357   
636   366   
650   352   
632   370   
627   375   
644   358   
638   364   
633   369   
615   387   
611   391   
626   376   
630   372   
630   372   
619   383   
636   366   
612   390   
611   391   
635   367   
624   378   
616   386   
620   382   
628   374   
638   364   
637   365   
639   363   
632   370   
641   361   
646   356   
649   353   
632   370   
640   362   
643   359   
640   362   
617   385   
618   384   
621   381   
623   379   
612   390   
601   401   
608   394   
605   397   
605   397   
584   418   
594   408   
592   410   
591   411   
606   396   
590   412   
577   425   
568   434   
552   450   
527   475   
533   469   
520   482   
516   486   
506   496   
503   499   
486   516   
491   511   
492   510   
510   492   
513   489   
514   488   
521   481   
509   493   
511   491   
516   486   
508   494   
532   470   
535   467   
536   466   
540   462   
530   472   
544   458   
548   454   
547   455   
545   457   
545   457   
544   458   
545   457   
557   445   
541   461   
549   453   
557   445   
555   447   
553   449   
562   440   
554   448   
558   444   
540   462   
543   459   
533   469   
520   482   
533   469   
533   469   
542   460   
529   473   
554   448   
550   452   
562   440   
583   419   
590   412   
597   405   
593   409   
579   423   
582   420   
601   401   
600   402   
589   413   
587   415   
572   430   
578   424   
572   430   
561   441   
543   459   
554   448   
537   465   
559   443   
554   448   
552   450   
569   433   
553   449   
571   431   
582   420   
580   422   
589   413   
599   403   
581   421   
569   433   
578   424   
557   445   
566   436   
569   433   
581   421   
579   423   
570   432   
562   440   
558   444   
549   453   
551   451   
567   435   
587   415   
579   423   
600   402   
602   400   
591   411   
599   403   
606   396   
614   388   
614   388   
611   391   
623   379   
637   365   
623   379   
632   370   
644   358   
621   381   
621   381   
614   388   
607   395   
597   405   
599   403   
578   424   
585   417   
577   425   
586   416   
584   418   
600   402   
582   420   
580   422   
579   423   
586   416   
592   410   
592   410   
603   399   
594   408   
592   410   
574   428   
591   411   
586   416   
596   406   
597   405   
596   406   
585   417   
590   412   
588   414   
599   403   
597   405   
607   395   
591   411   
584   418   
580   422   
582   420   
564   438   
541   461   
533   469   
525   477   
522   480   
524   478   
514   488   
520   482   
522   480   
525   477   
508   494   
510   492   
530   472   
537   465   
525   477   
523   479   
503   499   
516   486   
504   498   
500   502   
522   480   
519   483   
521   481   
517   485   
510   492   
493   509   
488   514   
488   514   
477   525   
492   510   
473   529   
459   543   
458   544   
450   552   
459   543   
476   526   
474   528   
462   540   
466   536   
460   542   
449   553   
469   533   
484   518   
470   532   
469   533   
465   537   
441   561   
421   581   
421   581   
433   569   
446   556   
427   575   
435   567   
448   554   
443   559   
444   558   
469   533   
467   535   
475   527   
505   497   
505   497   
476   526   
480   522   
467   535   
479   523   
483   519   
472   530   
469   533   
474   528   
479   523   
482   520   
460   542   
475   527   
468   534   
489   513   
496   506   
490   512   
487   515   
480   522   
480   522   
461   541   
482   520   
485   517   
469   533   
483   519   
470   532   
472   530   
462   540   
465   537   
467   535   
474   528   
468   534   
464   538   
458   544   
461   541   
430   572   
421   581   
428   574   
420   582   
395   607   
400   602   
395   607   
394   608   
378   624   
363   639   
361   641   
370   632   
385   617   
399   603   
401   601   
395   607   
378   624   
368   634   
404   598   
417   585   
432   570   
438   564   
438   564   
457   545   
434   568   
399   603   
399   603   
401   601   
411   591   
419   583   
417   585   
415   587   
431   571   
431   571   
422   580   
422   580   
414   588   
419   583   
415   587   
434   568   
427   575   
434   568   
432   570   
427   575   
429   573   
405   597   
383   619   
396   606   
403   599   
411   591   
423   579   
421   581   
440   562   
436   566   
430   572   
426   576   
435   567   
432   570   
445   557   
445   557   
442   560   
452   550   
464   538   
478   524   
488   514   
486   516   
474   528   
487   515   
505   497   
500   502   
507   495   
511   491   
515   487   
543   459   
528   474   
518   484   
536   466   
558   444   
570   432   
574   428   
587   415   
613   389   
627   375   
628   374   
645   357   
658   344   
648   354   
649   353   
656   346   
642   360   
629   373   
638   364   
653   349   
664   338   
653   349   
641   361   
644   358   
641   361   
658   344   
652   350   
649   353   
667   335   
690   312   
705   297   
705   297   
717   285   
709   293   
700   302   
702   300   
701   301   
692   310   
698   304   
719   283   
713   289   
700   302   
712   290   
707   295   
717   285   
722   280   
706   296   
688   314   
684   318   
664   338   
678   324   
679   323   
681   321   
675   327   
686   316   
683   319   
700   302   
698   304   
704   298   
712   290   
699   303   
704   298   
719   283   
725   277   
739   263   
741   261   
730   272   
743   259   
740   262   
751   251   
757   245   
743   259   
731   271   
732   270   
721   281   
708   294   
714   288   
715   287   
718   284   
724   278   
718   284   
719   283   
733   269   
720   282   
706   296   
703   299   
705   297   
697   305   
698   304   
700   302   
696   306   
698   304   
700   302   
694   308   
694   308   
703   299   
701   301   
698   304   
702   300   
1   1   
1   1   
1   1   
1   1   
1   1   
1   1   
1   1   
1   1   
1   1   
1   1   
1   1   
1   1   
1   1   
1   1   
1   1   
1   1   
1   1   
1   1   
1   1   
1   1   
1   1   
1   1   
1   1   
1   1   
1   1   
1   1   
1   1   
1   1   
1   1   
1   1   
1   1   
1   1   
1   1   
1   1   
1   1   
1   1   
1   1   
1   1   
1   1   
1   1   
1   1   
1   1   
1   1   
1   1   
1   1   
1   1   
1   1   
1   1   
1   1   
1   1   
1   1   
1   1   
1   1   
1   1   
1   1   
1   1   
1   1   
1   1   
1   1   
1   1   
1   1   
1   1   
1   1   
1   1   
1   1   
1   1   
1   1   
1   1   
1   1   
1   1   
1   1   
1   1   
1   1   
1   1   
1   1   
1   1   
1   1   
1   1   
1   1   
1   1   
1   1   
1   1   
1   1   
1   1   
1   1   
1   1   
1   1   
1   1   
1   1   
1   1   
1   1   
1   1   
1   1   
1   1   
1   1   
1   1   
1   1   
1   1   
1   1   
1   1   
1   1   
1   1   
