101   101   101   101   101   101   101   101   101   101   
102   105   97   117   108   105   96   97   95   88   
96   103   111   116   103   106   88   102   101   84   
108   111   125   101   102   107   84   100   95   77   
109   113   115   94   115   112   79   103   97   73   
111   98   110   93   117   109   83   108   99   82   
108   96   101   98   126   122   79   107   101   72   
110   90   98   105   122   120   68   105   118   74   
114   96   93   101   120   102   68   108   126   82   
118   91   101   102   116   106   57   108   129   82   
110   83   104   109   126   107   61   102   130   78   
102   91   108   109   127   107   66   104   123   73   
101   89   111   113   121   112   70   108   112   73   
96   85   122   117   125   115   70   107   107   66   
94   92   113   116   127   113   66   116   108   65   
96   93   137   110   120   112   72   112   99   59   
107   93   138   104   126   107   76   119   84   56   
115   91   123   100   121   115   78   117   90   60   
125   88   117   97   119   121   86   110   78   69   
104   86   117   94   111   139   91   119   75   74   
108   73   125   99   105   136   101   108   76   79   
120   66   117   106   106   124   104   105   84   78   
122   60   124   91   106   124   112   113   88   70   
120   55   116   99   108   126   112   113   89   72   
122   54   103   95   106   135   112   127   89   67   
120   53   112   93   97   138   115   124   91   67   
131   52   99   90   92   142   123   119   89   73   
137   52   100   87   88   134   125   119   88   80   
136   49   99   91   89   134   125   113   87   87   
138   50   97   83   97   125   133   116   78   93   
144   47   94   68   106   136   137   119   70   89   
144   47   94   74   111   135   131   114   69   91   
130   44   94   79   111   134   133   121   79   85   
133   44   92   74   102   145   137   125   76   82   
137   46   91   78   88   146   153   115   72   84   
142   48   99   67   70   159   164   107   74   80   
135   51   98   66   61   165   163   110   76   85   
139   47   93   66   59   157   167   108   88   86   
137   40   92   64   64   162   162   109   96   84   
136   49   96   68   66   155   166   95   99   80   
133   55   98   72   65   152   160   86   104   85   
145   57   90   70   70   154   158   83   106   77   
149   53   93   70   76   155   150   84   104   76   
144   50   106   68   72   152   155   90   103   70   
144   49   106   62   74   160   149   101   93   72   
132   59   107   71   63   168   150   98   89   73   
143   59   96   74   62   170   148   90   94   74   
143   57   86   65   69   182   140   82   110   76   
146   54   99   73   63   182   134   74   96   89   
155   55   112   80   63   161   130   73   96   85   
158   58   112   81   62   160   124   70   101   84   
146   65   108   86   60   176   114   72   105   78   
137   65   112   89   66   175   99   77   106   84   
140   62   113   75   72   179   94   75   115   85   
130   66   115   78   67   192   90   73   114   85   
130   73   99   73   78   198   86   68   114   91   
118   74   102   63   87   195   95   61   120   95   
122   80   107   52   91   192   94   55   114   103   
121   83   117   49   97   195   83   61   104   100   
117   90   105   47   86   200   89   66   108   102   
117   102   106   41   75   210   87   61   123   88   
119   100   106   40   66   216   93   65   117   88   
100   103   111   43   67   214   99   68   116   89   
101   110   118   43   72   206   96   63   124   77   
105   113   110   38   59   193   107   68   132   85   
96   108   119   38   50   203   109   72   125   90   
90   99   118   40   43   210   114   66   129   101   
86   86   120   39   38   214   124   68   121   114   
89   76   127   35   42   217   125   65   121   113   
86   68   122   35   37   228   127   60   134   113   
84   64   113   41   37   226   123   59   134   129   
90   60   125   44   34   225   118   64   122   128   
85   58   126   44   40   233   117   58   119   130   
92   63   114   41   38   238   117   53   126   128   
100   64   95   37   34   230   122   56   133   139   
110   59   86   37   31   234   131   54   127   141   
105   58   82   39   33   240   135   59   122   137   
115   52   89   37   35   233   137   56   113   143   
106   52   99   42   36   243   131   58   102   141   
110   44   93   43   38   246   121   66   111   138   
100   41   99   37   36   253   128   63   111   142   
102   49   91   37   46   250   132   64   109   130   
114   43   95   39   48   238   128   62   107   136   
111   40   98   38   52   239   120   61   110   141   
95   36   105   38   54   248   127   63   113   131   
111   32   102   37   59   252   124   61   106   126   
101   31   101   39   63   272   121   53   103   126   
103   30   98   34   64   289   112   56   106   118   
100   31   88   35   60   295   113   60   107   121   
121   31   91   38   52   286   119   46   111   115   
119   27   100   39   55   289   104   44   119   114   
118   24   100   38   54   296   106   46   119   109   
117   19   93   37   56   311   98   45   119   115   
112   18   106   42   49   310   103   46   109   115   
126   20   108   40   49   312   112   42   99   102   
134   22   111   46   44   313   102   42   96   100   
136   17   111   45   40   330   99   36   103   93   
135   17   119   42   38   336   91   45   101   86   
139   19   117   43   30   331   88   48   110   85   
145   15   121   44   34   329   89   51   107   75   
146   13   122   49   33   315   91   55   114   72   
148   13   127   49   30   289   97   61   116   80   
140   10   122   52   31   292   101   56   124   82   
134   14   103   56   34   296   122   57   111   83   
126   15   101   55   38   291   123   64   115   82   
118   17   95   59   33   287   124   72   112   93   
123   19   94   47   37   291   133   64   114   88   
121   21   93   46   34   295   129   72   108   91   
114   24   85   42   35   305   132   61   117   95   
118   19   88   39   42   307   116   62   117   102   
119   17   91   37   43   313   121   62   110   97   
118   19   90   32   39   310   123   61   117   101   
123   16   94   27   45   308   125   62   106   104   
111   17   93   26   49   302   140   55   107   110   
106   20   96   24   44   296   146   50   111   117   
95   20   110   20   35   299   146   55   111   119   
102   11   108   20   38   311   137   40   122   121   
98   13   116   23   33   301   146   31   124   125   
99   13   127   21   34   299   161   31   108   117   
92   9   151   23   36   307   137   24   111   120   
92   9   142   22   33   304   144   23   109   132   
101   8   144   23   30   306   137   24   111   126   
100   4   151   21   31   308   136   22   112   125   
99   2   140   17   31   315   136   19   124   127   
95   2   149   13   30   323   120   16   127   135   
106   1   142   10   30   311   126   14   138   132   
102   1   150   12   34   285   127   18   154   127   
103   1   136   8   36   276   129   19   163   139   
109   1   122   10   41   275   128   18   164   142   
110   1   123   9   39   277   139   21   159   132   
113   1   131   9   38   269   137   15   168   129   
125   1   129   10   38   269   133   14   164   127   
119   1   144   12   34   268   122   13   174   123   
123   1   154   12   35   267   117   12   164   125   
138   1   144   12   34   270   109   10   161   131   
139   1   156   11   28   260   109   8   160   138   
133   1   154   14   29   273   107   7   152   140   
142   1   146   16   30   271   105   7   154   138   
139   1   142   17   27   277   106   7   157   137   
127   1   149   17   31   281   107   7   153   137   
125   1   156   18   37   273   105   9   155   131   
126   1   158   22   41   254   103   8   165   132   
125   1   163   20   42   264   99   12   158   126   
122   1   177   19   43   255   102   11   146   134   
116   1   181   18   44   256   98   13   149   134   
121   1   194   20   37   264   89   13   144   127   
122   1   193   17   39   258   89   15   154   122   
123   1   192   20   42   255   89   16   159   113   
127   1   210   19   30   240   86   12   153   132   
138   1   190   18   21   247   82   10   166   137   
146   1   162   16   22   259   90   8   166   140   
143   1   160   17   23   267   95   8   148   148   
132   1   173   22   21   282   91   9   144   135   
120   1   184   19   16   290   92   11   136   141   
114   1   185   15   14   299   83   12   137   150   
110   1   184   17   12   302   84   13   150   137   
101   1   185   16   13   336   81   12   143   122   
107   1   178   16   20   321   73   12   154   128   
110   1   186   17   15   325   61   13   155   127   
113   1   188   16   14   332   46   11   150   139   
112   1   197   14   16   331   45   9   159   126   
122   1   214   13   14   329   41   10   146   120   
136   1   213   9   16   321   39   9   150   116   
140   1   215   8   18   318   34   7   158   111   
143   1   214   4   18   321   37   4   158   110   
147   1   210   4   17   319   39   4   164   105   
129   1   209   6   22   326   44   4   166   103   
131   1   211   6   24   330   41   6   159   101   
128   1   210   5   20   327   37   7   167   108   
127   1   215   4   20   319   33   3   179   109   
132   1   209   6   23   320   32   4   168   115   
136   1   202   5   24   328   31   4   170   109   
125   1   221   4   21   318   32   4   175   109   
128   1   222   3   22   316   31   4   182   101   
135   1   216   5   18   313   28   3   192   99   
127   1   203   5   23   329   31   3   183   105   
124   1   191   4   20   329   32   3   196   110   
122   1   187   5   23   321   32   2   197   120   
117   1   191   4   26   318   38   2   193   120   
117   1   196   2   19   297   39   2   203   134   
131   1   178   2   21   293   35   1   213   135   
132   1   179   2   20   297   39   1   207   132   
134   1   178   2   22   299   45   1   203   125   
130   1   172   2   21   301   54   1   205   123   
129   1   183   1   15   300   59   1   200   121   
127   1   195   1   18   290   60   1   202   115   
122   1   178   1   21   290   59   1   221   116   
122   1   173   1   21   288   63   1   234   106   
122   1   183   1   22   265   69   1   239   107   
120   1   204   1   18   255   75   1   227   108   
132   1   220   1   19   226   74   1   221   115   
122   1   224   1   23   226   69   1   230   113   
110   1   221   1   24   236   77   1   225   114   
113   1   213   1   30   246   76   1   217   112   
113   1   207   1   29   245   84   1   222   107   
117   1   192   1   23   250   89   1   231   105   
112   1   203   1   23   248   93   1   220   108   
127   1   192   1   26   245   90   1   204   123   
135   1   194   1   21   246   91   1   208   112   
133   1   198   1   20   253   87   1   204   112   
136   1   180   1   16   265   88   1   200   122   
129   1   176   1   19   270   92   1   204   117   
125   1   180   1   20   267   86   1   206   123   
118   1   180   1   18   269   90   1   200   132   
115   1   177   1   15   261   97   1   205   137   
108   1   179   1   14   268   88   1   209   141   
104   1   173   1   13   265   91   1   207   154   
105   1   168   1   12   270   90   1   204   158   
94   1   174   1   13   274   90   1   204   158   
91   1   174   1   9   272   106   1   221   134   
98   1   189   1   8   255   109   1   214   134   
96   1   189   1   10   239   113   1   226   134   
100   1   187   1   10   239   113   1   226   132   
99   1   191   1   7   247   115   1   219   129   
101   1   193   1   8   235   122   1   204   144   
106   1   195   1   10   235   122   1   193   146   
111   1   184   1   12   223   134   1   213   130   
107   1   194   1   7   220   123   1   227   129   
104   1   195   1   9   212   123   1   229   135   
103   1   195   1   11   225   126   1   218   129   
100   1   198   1   11   213   126   1   220   139   
98   1   205   1   11   206   114   1   230   143   
93   1   205   1   14   210   117   1   227   141   
94   1   207   1   16   197   119   1   230   144   
92   1   220   1   21   187   121   1   238   128   
87   1   222   1   25   178   135   1   234   126   
82   1   222   1   30   172   144   1   233   124   
82   1   226   1   32   176   136   1   233   122   
97   1   210   1   38   168   131   1   229   134   
106   1   215   1   33   172   125   1   231   125   
100   1   212   1   29   177   137   1   221   131   
109   1   205   1   33   173   134   1   233   120   
121   1   216   1   32   160   138   1   234   106   
113   1   213   1   31   161   134   1   240   115   
121   1   209   1   27   155   136   1   250   109   
123   1   202   1   28   153   145   1   242   114   
128   1   213   1   25   150   140   1   246   105   
124   1   235   1   24   144   138   1   236   106   
124   1   250   1   26   141   135   1   222   109   
133   1   238   1   27   145   138   1   230   96   
144   1   243   1   27   139   131   1   228   95   
145   1   246   1   23   147   134   1   212   100   
152   1   243   1   22   143   136   1   198   113   
145   1   248   1   23   140   135   1   201   115   
149   1   236   1   18   128   153   1   206   117   
169   1   233   1   16   132   148   1   201   108   
164   1   226   1   19   132   152   1   195   119   
174   1   201   1   26   136   149   1   205   116   
171   1   210   1   23   136   149   1   201   117   
160   1   226   1   16   130   143   1   200   132   
170   1   222   1   13   120   138   1   196   148   
185   1   219   1   16   125   122   1   197   143   
180   1   219   1   15   123   124   1   191   155   
190   1   239   1   18   105   118   1   176   161   
183   1   256   1   22   90   123   1   170   163   
191   1   255   1   23   84   130   1   161   163   
196   1   249   1   27   85   130   1   163   157   
190   1   248   1   25   92   133   1   157   162   
196   1   251   1   19   90   128   1   162   161   
185   1   248   1   18   93   129   1   175   159   
183   1   243   1   19   90   129   1   186   157   
199   1   237   1   16   89   134   1   173   159   
200   1   237   1   12   88   142   1   179   149   
214   1   232   1   15   88   138   1   183   137   
208   1   221   1   16   89   143   1   189   141   
198   1   222   1   17   89   152   1   182   147   
206   1   209   1   18   85   152   1   183   154   
190   1   219   1   17   78   158   1   185   160   
193   1   212   1   16   80   168   1   176   162   
196   1   209   1   14   75   180   1   166   167   
199   1   199   1   17   83   182   1   152   175   
208   1   199   1   15   77   194   1   159   155   
210   1   203   1   12   84   198   1   142   158   
212   1   204   1   13   78   202   1   137   161   
209   1   193   1   11   77   219   1   120   178   
208   1   194   1   6   69   239   1   115   176   
225   1   195   1   6   76   228   1   117   160   
206   1   202   1   6   69   239   1   125   160   
205   1   205   1   5   65   232   1   141   154   
207   1   193   1   5   64   241   1   142   155   
197   1   188   1   4   64   258   1   139   157   
190   1   182   1   4   62   261   1   145   163   
197   1   190   1   3   55   262   1   144   156   
190   1   184   1   2   57   262   1   150   162   
188   1   174   1   3   53   271   1   154   164   
204   1   188   1   4   48   269   1   143   151   
210   1   184   1   3   43   277   1   143   147   
191   1   194   1   3   43   283   1   160   133   
180   1   206   1   1   42   296   1   147   135   
194   1   192   1   1   39   304   1   144   133   
202   1   200   1   1   30   302   1   147   125   
195   1   199   1   1   34   301   1   145   132   
191   1   199   1   1   42   299   1   155   120   
203   1   196   1   1   39   300   1   157   111   
203   1   199   1   1   40   298   1   163   103   
199   1   194   1   1   45   290   1   173   105   
185   1   207   1   1   43   286   1   185   100   
177   1   205   1   1   46   283   1   193   102   
168   1   217   1   1   53   279   1   181   108   
168   1   213   1   1   55   283   1   175   112   
176   1   222   1   1   53   265   1   174   116   
194   1   207   1   1   57   252   1   175   121   
188   1   218   1   1   57   250   1   166   127   
174   1   208   1   1   46   265   1   174   139   
161   1   206   1   1   48   260   1   184   147   
154   1   205   1   1   49   266   1   188   144   
147   1   193   1   1   51   288   1   199   128   
157   1   201   1   1   56   279   1   181   132   
158   1   201   1   1   57   270   1   186   134   
163   1   201   1   1   59   263   1   187   133   
172   1   186   1   1   60   262   1   181   145   
189   1   182   1   1   56   252   1   182   145   
176   1   172   1   1   59   272   1   186   141   
177   1   174   1   1   51   272   1   190   142   
166   1   156   1   1   57   287   1   184   156   
153   1   161   1   1   58   274   1   202   158   
149   1   162   1   1   60   274   1   209   152   
162   1   156   1   1   63   290   1   193   142   
168   1   157   1   1   66   282   1   193   140   
182   1   168   1   1   66   281   1   184   125   
181   1   172   1   1   61   280   1   184   128   
181   1   165   1   1   63   277   1   176   144   
186   1   166   1   1   70   269   1   172   143   
182   1   164   1   1   69   269   1   171   151   
168   1   168   1   1   73   263   1   178   156   
169   1   159   1   1   82   268   1   178   150   
164   1   166   1   1   73   288   1   170   145   
167   1   172   1   1   69   287   1   166   145   
168   1   170   1   1   67   292   1   170   139   
163   1   178   1   1   59   285   1   176   145   
169   1   171   1   1   53   289   1   180   144   
170   1   169   1   1   64   286   1   183   134   
164   1   162   1   1   65   284   1   202   129   
178   1   158   1   1   65   278   1   191   136   
167   1   167   1   1   54   272   1   208   138   
168   1   159   1   1   52   280   1   202   145   
163   1   154   1   1   60   280   1   208   141   
153   1   152   1   1   67   287   1   203   144   
141   1   155   1   1   63   306   1   196   145   
145   1   165   1   1   71   302   1   183   140   
143   1   157   1   1   68   309   1   192   137   
155   1   160   1   1   60   320   1   179   132   
150   1   162   1   1   60   341   1   172   121   
149   1   178   1   1   62   315   1   183   119   
149   1   178   1   1   60   312   1   190   117   
160   1   164   1   1   66   318   1   193   105   
167   1   149   1   1   72   303   1   196   119   
164   1   151   1   1   77   295   1   196   123   
143   1   158   1   1   81   291   1   212   121   
140   1   150   1   1   80   288   1   226   122   
141   1   158   1   1   78   286   1   208   135   
137   1   142   1   1   74   291   1   211   151   
141   1   133   1   1   69   300   1   211   152   
149   1   139   1   1   69   280   1   215   154   
158   1   137   1   1   65   272   1   206   168   
166   1   124   1   1   68   266   1   215   167   
179   1   130   1   1   67   248   1   210   172   
166   1   136   1   1   63   248   1   229   164   
176   1   122   1   1   68   245   1   232   163   
174   1   119   1   1   80   237   1   229   167   
166   1   120   1   1   87   238   1   224   171   
168   1   116   1   1   100   221   1   224   177   
175   1   116   1   1   103   212   1   224   176   
178   1   106   1   1   99   217   1   234   172   
175   1   105   1   1   104   209   1   238   175   
174   1   100   1   1   102   201   1   246   183   
180   1   103   1   1   99   202   1   241   181   
177   1   107   1   1   107   180   1   244   191   
183   1   96   1   1   116   164   1   248   199   
194   1   104   1   1   128   158   1   235   187   
207   1   100   1   1   124   167   1   228   180   
203   1   110   1   1   111   168   1   235   179   
213   1   99   1   1   120   173   1   229   172   
204   1   99   1   1   125   157   1   243   178   
212   1   92   1   1   135   151   1   246   170   
210   1   98   1   1   126   158   1   256   158   
212   1   105   1   1   117   165   1   246   161   
210   1   97   1   1   125   167   1   236   171   
205   1   92   1   1   119   172   1   242   176   
215   1   83   1   1   118   169   1   243   178   
200   1   81   1   1   130   163   1   241   191   
193   1   83   1   1   134   163   1   242   191   
194   1   83   1   1   141   153   1   236   199   
217   1   76   1   1   150   130   1   230   203   
216   1   84   1   1   152   133   1   227   194   
212   1   90   1   1   141   131   1   223   209   
204   1   80   1   1   141   130   1   231   220   
197   1   89   1   1   137   148   1   232   203   
186   1   83   1   1   137   141   1   254   205   
181   1   84   1   1   132   153   1   253   203   
192   1   82   1   1   139   170   1   236   187   
212   1   85   1   1   137   158   1   238   176   
205   1   91   1   1   138   165   1   233   174   
214   1   80   1   1   133   170   1   239   170   
208   1   81   1   1   130   184   1   225   178   
217   1   79   1   1   122   181   1   222   185   
192   1   86   1   1   132   176   1   232   188   
169   1   87   1   1   140   175   1   233   202   
173   1   91   1   1   136   192   1   213   201   
175   1   98   1   1   121   186   1   214   212   
180   1   98   1   1   128   181   1   217   202   
167   1   109   1   1   121   190   1   204   215   
174   1   107   1   1   119   184   1   198   224   
165   1   107   1   1   113   192   1   207   222   
181   1   92   1   1   105   192   1   206   230   
170   1   96   1   1   111   198   1   223   208   
171   1   107   1   1   104   190   1   230   204   
162   1   116   1   1   105   207   1   222   194   
152   1   111   1   1   113   199   1   234   197   
159   1   120   1   1   98   190   1   247   192   
147   1   125   1   1   100   210   1   247   177   
154   1   128   1   1   108   201   1   238   177   
150   1   133   1   1   108   198   1   239   178   
134   1   126   1   1   99   203   1   253   191   
139   1   124   1   1   107   194   1   247   195   
140   1   126   1   1   108   190   1   247   195   
149   1   130   1   1   99   206   1   242   180   
133   1   137   1   1   95   195   1   254   192   
139   1   139   1   1   109   186   1   249   184   
136   1   149   1   1   122   170   1   237   192   
139   1   154   1   1   111   181   1   241   180   
137   1   159   1   1   110   187   1   236   177   
134   1   179   1   1   107   184   1   232   170   
127   1   185   1   1   111   179   1   230   174   
136   1   162   1   1   108   191   1   228   181   
145   1   174   1   1   97   183   1   231   176   
131   1   175   1   1   107   171   1   240   182   
130   1   181   1   1   111   154   1   243   187   
137   1   167   1   1   115   153   1   246   188   
139   1   166   1   1   102   152   1   253   194   
142   1   161   1   1   94   147   1   265   197   
132   1   173   1   1   104   158   1   262   177   
148   1   174   1   1   101   148   1   265   170   
144   1   180   1   1   93   153   1   268   168   
154   1   181   1   1   80   156   1   256   179   
137   1   182   1   1   89   161   1   257   180   
132   1   188   1   1   98   152   1   273   163   
135   1   188   1   1   98   162   1   273   150   
138   1   203   1   1   103   156   1   265   141   
141   1   194   1   1   112   143   1   263   153   
155   1   188   1   1   117   153   1   245   148   
159   1   179   1   1   123   143   1   251   151   
158   1   173   1   1   117   146   1   254   158   
151   1   175   1   1   117   151   1   251   161   
153   1   172   1   1   120   141   1   249   171   
162   1   173   1   1   114   135   1   250   172   
175   1   173   1   1   94   139   1   251   174   
184   1   171   1   1   88   137   1   232   194   
192   1   185   1   1   91   137   1   214   187   
189   1   190   1   1   81   145   1   212   189   
194   1   190   1   1   82   143   1   217   180   
197   1   172   1   1   74   156   1   218   189   
198   1   166   1   1   76   150   1   215   201   
206   1   181   1   1   74   135   1   219   191   
197   1   189   1   1   74   143   1   209   194   
186   1   214   1   1   67   131   1   211   197   
183   1   229   1   1   61   116   1   227   190   
191   1   231   1   1   58   116   1   215   195   
187   1   219   1   1   51   124   1   229   196   
180   1   229   1   1   49   143   1   206   199   
171   1   221   1   1   49   168   1   203   194   
168   1   226   1   1   47   172   1   212   181   
165   1   233   1   1   51   163   1   212   182   
176   1   230   1   1   51   161   1   210   178   
178   1   238   1   1   45   178   1   200   167   
171   1   257   1   1   48   173   1   196   161   
174   1   265   1   1   43   182   1   194   148   
172   1   263   1   1   40   193   1   196   142   
190   1   257   1   1   34   191   1   196   138   
200   1   253   1   1   40   186   1   197   130   
208   1   256   1   1   40   179   1   192   131   
197   1   260   1   1   46   171   1   193   139   
202   1   269   1   1   50   169   1   179   137   
182   1   269   1   1   45   184   1   188   138   
174   1   268   1   1   43   202   1   183   136   
176   1   281   1   1   44   200   1   184   121   
175   1   290   1   1   51   170   1   184   136   
180   1   292   1   1   44   182   1   189   119   
170   1   289   1   1   52   172   1   200   123   
170   1   288   1   1   51   183   1   187   127   
176   1   268   1   1   59   189   1   194   120   
181   1   266   1   1   64   188   1   197   110   
177   1   257   1   1   58   196   1   205   113   
156   1   262   1   1   66   224   1   191   107   
149   1   265   1   1   64   221   1   194   113   
145   1   256   1   1   73   216   1   208   108   
153   1   247   1   1   73   225   1   201   107   
145   1   261   1   1   81   214   1   192   113   
148   1   245   1   1   77   226   1   190   120   
145   1   227   1   1   81   234   1   196   123   
138   1   213   1   1   87   251   1   199   118   
134   1   203   1   1   92   256   1   198   123   
137   1   202   1   1   91   257   1   196   123   
141   1   209   1   1   81   249   1   199   127   
152   1   205   1   1   76   251   1   189   133   
161   1   188   1   1   74   261   1   196   126   
164   1   174   1   1   76   266   1   212   114   
156   1   178   1   1   79   272   1   207   114   
157   1   178   1   1   88   266   1   196   121   
159   1   183   1   1   89   266   1   191   118   
163   1   180   1   1   81   264   1   201   117   
184   1   175   1   1   81   253   1   197   116   
189   1   177   1   1   75   262   1   205   98   
197   1   179   1   1   88   251   1   194   97   
204   1   192   1   1   89   235   1   190   96   
205   1   205   1   1   90   225   1   188   93   
203   1   197   1   1   86   228   1   188   104   
206   1   201   1   1   72   225   1   194   108   
219   1   189   1   1   73   226   1   187   112   
213   1   185   1   1   75   241   1   187   105   
205   1   183   1   1   82   254   1   176   106   
204   1   192   1   1   90   265   1   166   89   
206   1   202   1   1   88   277   1   152   81   
215   1   208   1   1   90   273   1   147   73   
215   1   200   1   1   84   276   1   148   83   
227   1   196   1   1   88   272   1   147   76   
218   1   220   1   1   84   270   1   143   71   
219   1   235   1   1   80   267   1   134   71   
212   1   251   1   1   85   250   1   132   76   
202   1   267   1   1   85   244   1   137   71   
193   1   261   1   1   81   230   1   167   74   
193   1   269   1   1   77   243   1   159   65   
176   1   270   1   1   78   258   1   156   68   
172   1   269   1   1   84   240   1   158   83   
176   1   274   1   1   76   239   1   161   80   
175   1   268   1   1   74   225   1   170   94   
182   1   271   1   1   74   222   1   159   98   
178   1   291   1   1   73   192   1   162   110   
169   1   291   1   1   80   175   1   179   112   
161   1   283   1   1   86   175   1   185   116   
165   1   290   1   1   87   172   1   186   106   
148   1   284   1   1   95   193   1   181   105   
141   1   289   1   1   91   217   1   179   89   
144   1   282   1   1   98   228   1   170   84   
145   1   283   1   1   105   228   1   156   89   
136   1   281   1   1   112   227   1   151   99   
125   1   274   1   1   106   250   1   157   94   
134   1   293   1   1   100   246   1   147   86   
141   1   282   1   1   104   250   1   149   80   
143   1   276   1   1   98   250   1   159   80   
143   1   256   1   1   93   268   1   161   85   
144   1   249   1   1   96   263   1   166   88   
138   1   248   1   1   104   253   1   176   87   
129   1   257   1   1   87   272   1   166   95   
126   1   241   1   1   82   288   1   168   101   
129   1   237   1   1   89   287   1   158   106   
127   1   237   1   1   94   281   1   164   103   
136   1   232   1   1   81   272   1   171   114   
133   1   239   1   1   90   261   1   168   115   
134   1   241   1   1   94   276   1   140   121   
130   1   228   1   1   96   289   1   144   119   
125   1   237   1   1   105   294   1   135   110   
121   1   237   1   1   111   293   1   146   98   
126   1   261   1   1   105   275   1   140   99   
122   1   279   1   1   99   268   1   139   99   
119   1   276   1   1   109   261   1   143   98   
123   1   270   1   1   105   267   1   153   88   
119   1   273   1   1   113   284   1   135   82   
129   1   269   1   1   111   289   1   127   81   
123   1   273   1   1   114   293   1   122   81   
119   1   286   1   1   106   300   1   114   81   
123   1   277   1   1   116   295   1   116   79   
122   1   283   1   1   113   287   1   120   81   
127   1   278   1   1   115   280   1   127   79   
130   1   271   1   1   120   276   1   130   79   
117   1   282   1   1   113   291   1   122   81   
114   1   278   1   1   115   301   1   121   77   
118   1   270   1   1   110   310   1   121   77   
118   1   271   1   1   105   309   1   133   70   
123   1   278   1   1   100   303   1   129   73   
127   1   281   1   1   103   287   1   125   83   
123   1   283   1   1   108   296   1   118   78   
117   1   285   1   1   95   313   1   113   83   
120   1   280   1   1   100   324   1   104   78   
131   1   285   1   1   92   321   1   110   67   
135   1   287   1   1   98   331   1   96   59   
125   1   295   1   1   96   331   1   95   64   
127   1   275   1   1   98   354   1   92   60   
130   1   268   1   1   93   353   1   99   63   
132   1   274   1   1   85   345   1   105   65   
112   1   290   1   1   85   357   1   102   60   
103   1   293   1   1   79   364   1   104   63   
98   1   301   1   1   80   359   1   111   57   
101   1   296   1   1   72   365   1   112   60   
108   1   280   1   1   68   379   1   111   60   
102   1   298   1   1   60   363   1   120   63   
97   1   295   1   1   61   362   1   125   66   
92   1   294   1   1   61   374   1   118   67   
89   1   303   1   1   66   379   1   104   65   
95   1   299   1   1   66   375   1   109   62   
86   1   308   1   1   64   374   1   112   62   
86   1   301   1   1   64   371   1   110   74   
92   1   294   1   1   62   377   1   108   73   
85   1   291   1   1   68   377   1   116   69   
99   1   274   1   1   69   390   1   112   62   
98   1   273   1   1   71   403   1   109   52   
95   1   270   1   1   76   412   1   107   46   
103   1   261   1   1   78   409   1   110   45   
95   1   265   1   1   77   425   1   99   45   
98   1   256   1   1   80   420   1   104   48   
1   1   1   1   1   1   1   1   1   1   
1   1   1   1   1   1   1   1   1   1   
1   1   1   1   1   1   1   1   1   1   
1   1   1   1   1   1   1   1   1   1   
1   1   1   1   1   1   1   1   1   1   
1   1   1   1   1   1   1   1   1   1   
1   1   1   1   1   1   1   1   1   1   
1   1   1   1   1   1   1   1   1   1   
1   1   1   1   1   1   1   1   1   1   
1   1   1   1   1   1   1   1   1   1   
1   1   1   1   1   1   1   1   1   1   
