51   51   51   51   51   51   51   51   51   51   51   51   51   51   51   51   51   51   51   51   
47   50   50   54   59   53   66   53   49   50   56   50   46   51   52   47   44   54   42   47   
49   48   48   54   69   48   68   56   47   49   59   55   40   44   51   45   49   48   47   46   
40   53   42   54   71   49   73   47   49   48   64   60   42   46   47   45   56   43   49   42   
36   53   48   63   73   48   75   47   45   50   70   56   45   50   34   45   49   41   55   37   
35   69   44   62   68   51   70   49   46   51   65   58   50   46   33   46   41   42   52   42   
33   61   35   65   66   47   67   52   45   55   68   52   56   49   36   44   47   51   51   40   
26   68   38   58   62   47   70   52   41   64   71   55   60   40   30   40   46   56   47   49   
20   72   39   50   62   55   77   59   44   64   65   55   55   38   38   39   52   56   35   45   
20   80   42   51   56   59   77   60   43   59   65   52   53   38   39   44   48   56   36   42   
26   86   39   45   47   53   76   62   39   63   70   59   56   41   33   38   57   56   28   46   
26   82   39   52   45   54   78   57   27   61   68   56   62   44   37   45   58   57   29   43   
23   77   45   58   41   52   83   52   31   63   71   53   69   37   30   44   54   65   36   36   
26   69   45   60   46   56   88   51   32   61   75   48   72   39   29   46   50   64   27   36   
24   64   45   59   42   55   84   43   36   63   79   44   85   38   31   51   50   59   27   41   
21   77   45   57   50   51   82   40   28   67   84   40   90   37   26   48   53   61   28   35   
27   83   46   58   51   46   83   35   23   68   79   36   90   48   25   45   56   64   27   30   
27   82   41   50   47   47   94   34   24   72   82   43   98   50   30   40   44   63   25   27   
35   68   45   57   47   48   88   37   26   67   88   43   96   50   37   32   39   64   27   26   
37   74   50   60   55   34   88   40   26   69   96   46   86   49   34   21   35   65   35   20   
42   77   43   56   58   31   84   35   33   69   106   53   79   52   31   21   40   64   32   14   
43   79   50   56   56   30   90   31   30   64   101   48   80   60   34   20   33   63   32   20   
48   85   47   61   47   29   98   32   28   65   93   55   76   58   32   17   32   61   38   18   
48   91   48   66   46   29   97   33   23   64   79   57   84   60   28   17   34   67   32   17   
54   90   48   66   53   25   103   29   21   61   75   55   86   56   28   14   30   71   37   18   
48   91   44   66   51   25   104   29   24   57   80   57   87   50   27   14   28   79   37   22   
52   96   49   69   49   19   98   32   17   64   76   53   86   55   20   15   25   84   40   21   
58   99   40   70   47   15   86   33   23   68   76   55   88   61   18   13   25   87   36   22   
63   97   45   66   47   11   71   38   29   64   64   50   100   55   16   14   23   93   46   28   
61   95   43   63   46   12   73   42   33   60   69   47   100   57   12   16   24   89   50   28   
59   88   39   58   47   10   84   39   32   57   69   54   98   64   14   16   24   88   53   27   
52   93   43   60   43   9   84   39   34   48   73   50   93   71   15   17   22   87   57   30   
47   93   37   61   42   10   84   32   26   52   80   50   97   73   17   19   21   97   54   28   
44   110   43   61   37   7   70   36   27   58   75   55   101   62   15   18   25   94   54   28   
37   109   48   63   39   6   67   36   23   61   72   53   100   68   16   16   23   100   53   30   
47   105   53   59   39   5   66   40   20   66   59   55   98   68   13   16   24   103   56   28   
41   97   53   60   38   5   70   31   18   66   63   56   100   70   12   17   23   107   65   28   
46   96   46   67   46   5   64   30   21   65   61   38   102   74   14   20   25   105   62   33   
44   86   53   67   41   5   67   34   22   62   62   45   104   75   12   17   22   107   62   33   
42   81   58   71   44   7   62   37   16   60   62   49   105   83   12   17   26   96   60   32   
45   77   56   70   35   7   62   44   18   64   64   44   106   73   13   15   27   107   62   31   
46   79   51   88   34   6   61   47   18   56   54   40   107   74   14   14   24   121   59   27   
39   82   51   100   28   4   61   48   15   53   58   47   112   71   15   12   22   114   61   27   
35   86   53   96   23   3   68   45   17   49   61   46   108   70   18   14   24   117   60   27   
26   80   52   95   22   3   65   52   12   47   62   43   104   79   17   12   27   129   66   27   
22   82   51   101   22   2   61   54   13   40   59   39   104   79   19   11   31   135   67   28   
20   75   50   102   27   2   57   52   18   42   60   36   96   68   23   11   33   147   69   32   
21   67   53   97   25   1   65   47   21   43   57   36   97   70   21   13   34   152   67   33   
17   64   56   102   23   1   64   49   21   48   54   34   94   67   25   14   35   151   67   34   
15   72   63   103   21   1   63   46   20   57   56   34   86   63   26   17   30   137   76   34   
17   74   61   91   18   1   64   50   18   52   61   31   83   59   27   20   26   154   78   35   
19   69   59   97   21   1   61   61   17   46   63   34   74   57   21   24   25   157   73   41   
19   70   58   90   26   1   57   66   17   41   69   38   74   64   21   17   27   148   76   41   
21   64   56   90   23   1   63   63   21   32   72   42   77   72   22   15   32   137   76   41   
18   67   52   87   19   1   65   55   23   27   75   52   75   75   27   18   30   137   76   41   
19   61   52   87   22   1   66   63   25   22   86   45   63   81   29   20   32   135   71   40   
24   58   50   75   24   1   65   57   27   30   86   46   72   74   20   18   27   156   75   35   
20   68   52   75   21   1   68   59   29   27   78   45   72   76   17   23   23   147   78   41   
22   73   57   72   20   1   71   49   28   28   82   43   70   79   19   23   22   140   78   43   
20   78   67   59   19   1   67   52   32   28   77   37   68   83   16   21   26   147   75   47   
15   86   64   55   19   1   67   50   34   25   78   40   70   81   20   19   23   140   83   50   
18   86   57   61   17   1   65   44   27   29   74   37   67   88   22   21   21   132   94   59   
10   91   61   60   15   1   72   41   25   27   80   32   72   83   24   21   22   117   97   69   
8   99   55   65   15   1   73   36   23   29   75   29   63   88   25   23   26   117   102   68   
5   94   56   74   18   1   66   46   21   29   81   30   65   88   26   20   24   97   97   82   
4   82   55   76   19   1   73   43   19   34   74   27   77   90   22   18   23   101   100   82   
3   80   53   80   17   1   80   40   21   36   67   23   74   90   19   17   26   98   106   89   
3   93   50   89   16   1   74   37   17   42   61   22   69   93   16   17   28   95   108   89   
4   80   43   95   14   1   73   32   19   40   65   25   75   99   11   20   29   90   113   92   
6   77   44   91   14   1   67   34   18   43   69   26   78   87   11   19   28   95   114   98   
6   70   46   91   14   1   70   33   15   45   64   28   73   87   15   16   34   100   112   100   
3   64   42   92   11   1   66   41   17   45   62   31   87   91   14   14   36   95   119   89   
3   62   46   98   7   1   65   45   22   45   56   36   87   87   11   12   34   102   114   87   
4   60   49   100   9   1   67   50   18   48   49   35   83   88   9   14   31   113   107   85   
2   66   50   94   12   1   72   47   20   52   39   34   87   93   8   18   31   112   97   85   
2   69   44   99   10   1   70   49   23   53   35   35   92   85   9   18   31   109   98   88   
2   69   43   104   10   1   69   53   23   55   36   33   75   82   8   19   30   103   101   104   
2   66   50   107   9   1   62   56   22   58   32   31   76   83   5   13   29   106   106   106   
1   65   52   104   8   1   75   57   19   62   33   29   79   77   6   11   32   100   87   122   
1   68   50   110   9   1   71   60   16   66   31   28   70   79   3   11   33   100   88   125   
1   67   48   105   8   1   75   64   20   69   31   29   75   78   4   13   27   105   82   118   
1   62   52   119   10   1   79   68   21   63   34   29   85   69   3   12   22   115   87   88   
1   58   52   116   9   1   76   73   22   62   33   18   94   75   3   17   22   106   92   90   
1   64   50   119   11   1   84   67   23   68   30   14   93   74   2   15   21   111   82   90   
1   69   53   130   15   1   86   61   22   65   27   12   93   78   2   15   19   104   86   81   
1   59   47   128   15   1   84   61   21   74   28   9   93   80   3   12   16   102   89   97   
1   55   45   133   14   1   87   65   24   75   29   8   87   80   2   12   13   105   83   101   
1   55   38   127   15   1   86   67   23   75   27   10   95   83   3   12   16   101   80   105   
1   54   39   114   19   1   88   74   24   75   34   10   103   79   4   11   15   109   70   96   
1   59   43   114   21   1   85   75   25   61   32   9   105   79   4   9   15   101   66   115   
1   49   41   113   21   1   77   87   31   63   28   7   105   79   2   10   13   112   68   112   
1   41   51   119   24   1   74   88   33   62   27   3   96   86   1   5   15   117   66   110   
1   42   50   116   24   1   68   96   35   64   29   3   86   80   1   5   17   119   68   115   
1   43   44   107   32   1   66   101   33   76   38   2   83   71   1   5   19   108   78   111   
1   37   42   108   34   1   63   104   29   74   37   2   80   71   1   4   23   119   79   111   
1   30   46   116   32   1   60   111   22   64   37   2   78   79   1   4   22   126   77   111   
1   34   49   115   31   1   62   109   21   59   35   3   75   77   1   5   25   121   89   107   
1   36   50   128   30   1   63   98   22   56   35   1   79   75   1   4   27   113   82   118   
1   36   57   117   21   1   67   89   24   51   32   1   66   91   1   2   28   120   89   126   
1   37   52   128   22   1   71   89   24   46   31   1   56   87   1   1   29   124   82   137   
1   41   46   121   24   1   70   106   25   46   31   1   48   94   1   1   30   119   78   136   
1   43   49   112   25   1   67   99   25   45   21   1   48   99   1   1   24   128   87   143   
1   35   58   99   27   1   72   95   27   40   23   1   60   98   1   1   26   117   88   150   
1   36   66   96   21   1   71   102   25   33   18   1   65   106   1   1   23   122   85   146   
1   36   70   97   20   1   81   104   23   31   21   1   67   102   1   1   24   123   78   138   
1   42   60   100   22   1   80   96   27   30   21   1   63   99   1   1   28   128   76   143   
1   39   63   101   19   1   85   89   24   30   27   1   69   97   1   1   28   132   70   142   
1   42   61   116   20   1   88   87   18   26   30   1   65   104   1   1   34   122   66   136   
1   40   62   123   20   1   85   79   19   25   33   1   64   104   1   1   32   132   60   137   
1   42   68   131   13   1   72   82   18   24   31   1   63   103   1   1   35   128   69   136   
1   37   67   144   14   1   67   84   20   20   34   1   76   92   1   1   30   119   75   136   
1   39   66   146   19   1   70   82   19   21   35   1   73   93   1   1   33   126   68   125   
1   41   69   155   17   1   60   79   18   20   35   1   70   97   1   1   31   129   64   130   
1   45   71   160   19   1   67   82   14   18   37   1   63   91   1   1   34   128   69   117   
1   51   71   161   20   1   72   88   17   16   44   1   59   78   1   1   36   126   62   114   
1   54   71   132   22   1   70   91   16   17   50   1   68   74   1   1   32   132   65   121   
1   53   65   128   23   1   76   98   19   18   42   1   65   75   1   1   31   130   69   123   
1   50   58   126   26   1   72   96   13   25   45   1   67   77   1   1   35   136   73   116   
1   49   63   116   23   1   72   95   9   18   49   1   70   81   1   1   35   136   85   114   
1   46   69   125   27   1   73   75   10   21   56   1   68   80   1   1   32   139   86   108   
1   49   70   125   29   1   73   66   8   24   59   1   70   80   1   1   36   135   82   109   
1   48   76   122   27   1   62   67   6   25   51   1   68   90   1   1   37   148   77   111   
1   52   76   120   28   1   56   63   4   28   51   1   70   89   1   1   43   147   84   104   
1   50   71   116   23   1   62   56   3   28   48   1   72   99   1   1   46   151   86   104   
1   59   73   113   20   1   59   62   3   29   52   1   78   88   1   1   53   147   74   105   
1   48   82   116   21   1   61   67   3   26   54   1   86   80   1   1   57   131   69   114   
1   47   86   108   22   1   64   57   3   26   52   1   89   78   1   1   62   126   81   114   
1   59   93   100   18   1   59   58   3   27   47   1   94   74   1   1   56   127   89   111   
1   53   92   113   14   1   62   60   4   28   57   1   94   72   1   1   52   125   85   104   
1   46   83   122   9   1   67   66   5   23   64   1   84   82   1   1   59   119   82   104   
1   35   84   123   10   1   75   67   6   23   68   1   85   79   1   1   60   116   83   101   
1   26   84   134   6   1   68   68   7   19   60   1   84   92   1   1   70   129   77   91   
1   24   76   120   7   1   79   69   6   18   59   1   88   94   1   1   69   131   82   93   
1   24   68   122   8   1   86   71   7   17   62   1   78   98   1   1   57   132   85   100   
1   21   68   126   7   1   75   76   11   18   51   1   76   93   1   1   56   158   85   94   
1   19   66   126   7   1   76   74   15   14   46   1   83   95   1   1   57   163   80   94   
1   19   69   131   6   1   74   76   16   17   51   1   79   98   1   1   54   155   83   87   
1   19   68   123   9   1   72   67   16   15   62   1   78   91   1   1   52   170   77   96   
1   24   68   114   11   1   61   65   19   16   60   1   83   98   1   1   61   170   72   93   
1   27   63   129   12   1   64   67   18   9   60   1   80   86   1   1   56   178   77   89   
1   31   71   116   14   1   66   68   20   9   69   1   88   89   1   1   52   170   71   81   
1   29   78   105   19   1   66   71   25   8   66   1   85   95   1   1   49   174   69   76   
1   28   82   102   12   1   68   74   21   9   62   1   79   98   1   1   53   182   71   74   
1   29   74   100   15   1   68   75   19   5   63   1   86   96   1   1   44   188   62   91   
1   32   70   96   16   1   66   65   25   6   62   1   87   80   1   1   47   202   62   99   
1   38   71   95   13   1   53   61   24   7   60   1   83   88   1   1   50   196   68   108   
1   45   77   91   15   1   48   57   22   8   63   1   86   92   1   1   49   182   64   116   
1   38   84   89   10   1   46   48   25   8   54   1   92   95   1   1   52   195   57   122   
1   37   91   77   12   1   47   48   23   9   59   1   94   97   1   1   53   194   55   119   
1   34   89   90   11   1   42   55   17   10   56   1   98   103   1   1   51   187   53   119   
1   38   94   95   12   1   43   53   13   11   60   1   103   88   1   1   52   188   54   111   
1   44   97   84   8   1   32   61   11   15   60   1   112   85   1   1   47   192   64   103   
1   40   100   82   9   1   29   59   15   17   56   1   105   89   1   1   52   181   74   107   
1   43   97   84   11   1   28   66   13   15   58   1   102   89   1   1   51   181   76   101   
1   35   94   82   12   1   26   62   7   15   68   1   113   93   1   1   45   176   84   103   
1   31   96   82   11   1   24   61   6   17   71   1   115   89   1   1   48   171   84   109   
1   32   100   75   10   1   31   62   7   14   69   1   109   86   1   1   43   187   84   106   
1   34   92   80   8   1   31   61   10   15   74   1   94   81   1   1   48   198   83   106   
1   33   96   82   9   1   26   60   10   13   71   1   100   81   1   1   53   204   74   103   
1   35   90   77   11   1   29   61   7   11   72   1   102   78   1   1   55   211   79   97   
1   29   89   78   14   1   33   52   7   11   62   1   111   89   1   1   52   208   82   98   
1   19   96   76   11   1   34   53   5   12   56   1   112   83   1   1   61   213   86   98   
1   16   99   72   10   1   32   52   7   13   56   1   117   76   1   1   60   221   78   106   
1   11   94   77   10   1   34   45   8   12   55   1   120   84   1   1   63   222   83   97   
1   7   99   78   12   1   33   46   9   6   50   1   121   86   1   1   55   235   89   89   
1   7   104   77   9   1   30   48   8   6   52   1   127   91   1   1   46   225   94   91   
1   8   103   72   7   1   32   49   8   6   56   1   136   92   1   1   53   214   89   90   
1   9   94   81   4   1   29   53   10   8   48   1   138   96   1   1   55   213   81   96   
1   12   92   79   2   1   24   58   10   6   56   1   127   92   1   1   61   214   85   97   
1   15   104   66   2   1   21   62   11   6   55   1   119   86   1   1   60   218   91   99   
1   14   108   63   2   1   17   59   11   6   52   1   124   87   1   1   59   226   79   108   
1   14   106   61   1   1   16   55   10   4   56   1   125   90   1   1   63   223   77   114   
1   18   106   60   1   1   19   52   10   3   54   1   132   93   1   1   62   214   87   104   
1   20   105   63   1   1   19   52   11   3   44   1   122   88   1   1   58   240   89   100   
1   19   109   69   1   1   23   52   13   3   40   1   110   86   1   1   58   237   94   101   
1   16   119   70   1   1   23   43   19   4   49   1   106   83   1   1   58   227   96   101   
1   18   116   70   1   1   15   49   16   5   45   1   111   73   1   1   51   235   104   106   
1   17   122   60   1   1   16   42   22   4   48   1   117   87   1   1   58   210   109   102   
1   17   121   60   1   1   13   46   20   3   56   1   128   82   1   1   65   199   113   91   
1   11   124   51   1   1   14   39   14   3   57   1   134   89   1   1   68   204   106   100   
1   12   121   51   1   1   14   41   11   2   61   1   129   86   1   1   87   200   105   94   
1   16   135   42   1   1   15   44   13   2   62   1   121   84   1   1   77   195   108   100   
1   18   132   42   1   1   16   46   10   1   62   1   121   85   1   1   78   186   118   99   
1   16   134   37   1   1   15   55   9   1   61   1   129   97   1   1   70   184   112   94   
1   13   144   41   1   1   13   52   9   1   64   1   147   97   1   1   59   184   100   90   
1   15   138   38   1   1   13   56   11   1   70   1   151   99   1   1   67   180   97   78   
1   15   128   36   1   1   14   55   12   1   74   1   150   104   1   1   66   174   108   77   
1   18   137   34   1   1   12   59   17   1   71   1   152   109   1   1   56   173   99   76   
1   20   138   36   1   1   8   65   16   1   65   1   146   119   1   1   55   171   100   74   
1   23   148   32   1   1   9   56   17   1   77   1   147   119   1   1   50   172   103   60   
1   27   147   29   1   1   9   59   17   1   83   1   148   119   1   1   48   179   90   58   
1   27   156   23   1   1   10   55   13   1   78   1   152   123   1   1   48   187   87   54   
1   27   155   25   1   1   7   47   15   1   87   1   150   124   1   1   48   187   79   62   
1   28   156   17   1   1   3   46   14   1   79   1   161   130   1   1   47   193   72   67   
1   21   158   15   1   1   2   45   15   1   72   1   159   135   1   1   47   202   71   71   
1   25   158   16   1   1   2   45   15   1   77   1   168   142   1   1   37   190   80   58   
1   30   172   16   1   1   2   42   16   1   76   1   164   153   1   1   35   169   83   55   
1   25   165   19   1   1   1   41   15   1   81   1   163   159   1   1   32   165   90   57   
1   23   173   20   1   1   1   36   20   1   79   1   162   152   1   1   33   164   94   56   
1   14   163   21   1   1   1   38   20   1   78   1   179   156   1   1   25   171   93   54   
1   18   149   23   1   1   1   38   17   1   83   1   188   162   1   1   31   171   88   44   
1   22   148   21   1   1   1   35   15   1   90   1   179   156   1   1   32   178   94   42   
1   21   153   21   1   1   1   36   12   1   92   1   173   159   1   1   27   190   92   36   
1   22   164   18   1   1   1   38   15   1   97   1   176   160   1   1   20   177   89   36   
1   22   166   17   1   1   1   37   19   1   101   1   184   137   1   1   20   183   83   43   
1   17   165   18   1   1   1   26   11   1   101   1   198   141   1   1   21   187   88   39   
1   17   159   21   1   1   1   30   13   1   102   1   192   137   1   1   18   195   92   36   
1   15   162   21   1   1   1   26   15   1   108   1   190   137   1   1   18   183   96   41   
1   11   143   25   1   1   1   25   16   1   114   1   202   127   1   1   21   205   89   34   
1   10   140   28   1   1   1   25   16   1   130   1   198   128   1   1   22   209   84   22   
1   10   146   25   1   1   1   30   14   1   127   1   188   133   1   1   23   208   83   25   
1   9   150   22   1   1   1   29   12   1   129   1   200   126   1   1   20   198   93   24   
1   11   170   18   1   1   1   22   15   1   123   1   190   134   1   1   19   194   87   29   
1   16   157   21   1   1   1   22   15   1   123   1   191   144   1   1   18   199   88   18   
1   14   167   25   1   1   1   27   19   1   113   1   209   146   1   1   15   183   76   18   
1   14   167   27   1   1   1   20   14   1   120   1   221   143   1   1   16   181   76   13   
1   14   167   33   1   1   1   21   12   1   119   1   218   138   1   1   16   179   82   13   
1   13   169   32   1   1   1   24   15   1   112   1   221   148   1   1   10   168   87   13   
1   11   169   33   1   1   1   24   14   1   116   1   213   148   1   1   7   173   91   13   
1   10   176   32   1   1   1   26   13   1   122   1   197   145   1   1   6   176   100   9   
1   10   180   35   1   1   1   23   15   1   110   1   196   156   1   1   6   182   90   9   
1   10   179   26   1   1   1   18   17   1   118   1   201   164   1   1   7   171   95   6   
1   10   173   25   1   1   1   17   19   1   114   1   215   162   1   1   8   168   95   6   
1   12   172   24   1   1   1   15   25   1   104   1   189   172   1   1   7   179   104   9   
1   16   167   24   1   1   1   12   22   1   110   1   177   176   1   1   6   172   121   9   
1   16   181   31   1   1   1   11   26   1   98   1   180   180   1   1   7   150   122   10   
1   16   180   29   1   1   1   10   28   1   111   1   183   191   1   1   5   139   111   9   
1   16   199   24   1   1   1   7   29   1   97   1   173   192   1   1   5   134   127   9   
1   15   213   20   1   1   1   7   32   1   99   1   163   186   1   1   4   132   132   9   
1   14   224   23   1   1   1   8   38   1   85   1   163   176   1   1   3   133   139   6   
1   15   227   26   1   1   1   9   40   1   75   1   166   171   1   1   3   129   146   5   
1   16   220   27   1   1   1   9   38   1   78   1   163   179   1   1   3   132   141   6   
1   19   224   29   1   1   1   7   38   1   75   1   158   178   1   1   2   137   140   5   
1   24   227   26   1   1   1   7   40   1   69   1   155   179   1   1   3   144   135   3   
1   27   237   21   1   1   1   7   38   1   69   1   166   183   1   1   1   132   130   1   
1   32   249   16   1   1   1   6   47   1   70   1   154   166   1   1   1   130   140   1   
1   30   251   15   1   1   1   5   40   1   77   1   147   165   1   1   1   137   143   1   
1   36   247   9   1   1   1   4   42   1   73   1   153   164   1   1   1   131   151   1   
1   35   249   9   1   1   1   5   40   1   66   1   154   168   1   1   1   125   159   1   
1   36   261   5   1   1   1   5   34   1   77   1   142   182   1   1   1   109   159   1   
1   47   266   7   1   1   1   3   32   1   73   1   142   180   1   1   1   118   142   1   
1   49   258   5   1   1   1   2   30   1   73   1   147   179   1   1   1   113   154   1   
1   49   252   6   1   1   1   3   27   1   65   1   148   181   1   1   1   120   159   1   
1   54   256   7   1   1   1   4   32   1   66   1   142   175   1   1   1   125   149   1   
1   54   244   9   1   1   1   3   30   1   72   1   150   176   1   1   1   127   145   1   
1   66   245   5   1   1   1   2   28   1   75   1   153   161   1   1   1   125   150   1   
1   72   243   5   1   1   1   2   24   1   75   1   154   149   1   1   1   125   161   1   
1   69   241   4   1   1   1   1   23   1   72   1   156   153   1   1   1   129   162   1   
1   67   235   4   1   1   1   1   23   1   81   1   144   154   1   1   1   129   172   1   
1   67   232   5   1   1   1   1   19   1   78   1   146   168   1   1   1   121   173   1   
1   78   228   7   1   1   1   1   21   1   81   1   147   162   1   1   1   119   166   1   
1   90   227   6   1   1   1   1   22   1   76   1   154   148   1   1   1   120   166   1   
1   87   234   5   1   1   1   1   25   1   79   1   154   141   1   1   1   116   168   1   
1   91   229   5   1   1   1   1   21   1   81   1   167   128   1   1   1   121   166   1   
1   83   214   4   1   1   1   1   23   1   77   1   174   129   1   1   1   127   178   1   
1   85   232   2   1   1   1   1   22   1   76   1   181   122   1   1   1   115   174   1   
1   89   227   3   1   1   1   1   24   1   80   1   192   121   1   1   1   112   161   1   
1   75   246   3   1   1   1   1   19   1   82   1   182   130   1   1   1   113   159   1   
1   72   259   4   1   1   1   1   18   1   82   1   172   134   1   1   1   115   153   1   
1   68   276   5   1   1   1   1   21   1   82   1   163   142   1   1   1   110   142   1   
1   58   262   5   1   1   1   1   29   1   91   1   160   140   1   1   1   122   142   1   
1   47   268   7   1   1   1   1   27   1   94   1   165   137   1   1   1   120   144   1   
1   49   264   8   1   1   1   1   29   1   88   1   157   135   1   1   1   128   151   1   
1   48   259   8   1   1   1   1   26   1   93   1   165   133   1   1   1   132   145   1   
1   49   237   7   1   1   1   1   25   1   98   1   173   140   1   1   1   133   147   1   
1   42   228   5   1   1   1   1   31   1   101   1   174   134   1   1   1   151   143   1   
1   36   232   5   1   1   1   1   27   1   94   1   190   134   1   1   1   151   140   1   
1   40   227   2   1   1   1   1   30   1   99   1   189   142   1   1   1   144   136   1   
1   37   229   1   1   1   1   1   29   1   103   1   183   150   1   1   1   146   131   1   
1   43   218   1   1   1   1   1   26   1   104   1   176   167   1   1   1   147   127   1   
1   37   216   1   1   1   1   1   28   1   92   1   180   184   1   1   1   137   134   1   
1   35   224   1   1   1   1   1   27   1   97   1   168   185   1   1   1   139   133   1   
1   32   231   1   1   1   1   1   35   1   92   1   173   183   1   1   1   149   113   1   
1   34   213   1   1   1   1   1   38   1   92   1   178   172   1   1   1   162   119   1   
1   34   229   1   1   1   1   1   38   1   76   1   177   162   1   1   1   172   120   1   
1   30   222   1   1   1   1   1   38   1   86   1   166   159   1   1   1   171   136   1   
1   37   214   1   1   1   1   1   41   1   88   1   165   147   1   1   1   177   139   1   
1   39   215   1   1   1   1   1   36   1   96   1   167   143   1   1   1   174   138   1   
1   40   213   1   1   1   1   1   42   1   106   1   180   123   1   1   1   165   139   1   
1   36   215   1   1   1   1   1   43   1   112   1   180   121   1   1   1   160   141   1   
1   37   214   1   1   1   1   1   45   1   115   1   192   112   1   1   1   160   133   1   
1   38   197   1   1   1   1   1   52   1   122   1   180   108   1   1   1   182   129   1   
1   33   201   1   1   1   1   1   61   1   124   1   177   105   1   1   1   175   132   1   
1   33   204   1   1   1   1   1   55   1   113   1   183   96   1   1   1   178   146   1   
1   33   213   1   1   1   1   1   60   1   106   1   185   85   1   1   1   172   154   1   
1   29   200   1   1   1   1   1   59   1   111   1   191   85   1   1   1   169   164   1   
1   24   203   1   1   1   1   1   60   1   115   1   188   76   1   1   1   187   155   1   
1   22   212   1   1   1   1   1   61   1   121   1   179   78   1   1   1   177   158   1   
1   24   204   1   1   1   1   1   63   1   118   1   181   85   1   1   1   169   164   1   
1   20   203   1   1   1   1   1   70   1   127   1   183   87   1   1   1   161   157   1   
1   21   204   1   1   1   1   1   57   1   140   1   181   85   1   1   1   160   160   1   
1   24   197   1   1   1   1   1   60   1   123   1   184   86   1   1   1   167   167   1   
1   22   200   1   1   1   1   1   57   1   133   1   178   81   1   1   1   162   175   1   
1   26   211   1   1   1   1   1   61   1   120   1   186   80   1   1   1   167   157   1   
1   24   208   1   1   1   1   1   58   1   128   1   186   86   1   1   1   157   161   1   
1   27   211   1   1   1   1   1   62   1   134   1   180   85   1   1   1   153   156   1   
1   28   211   1   1   1   1   1   60   1   145   1   170   92   1   1   1   149   153   1   
1   28   201   1   1   1   1   1   63   1   146   1   156   95   1   1   1   161   158   1   
1   30   190   1   1   1   1   1   65   1   132   1   165   104   1   1   1   166   156   1   
1   24   202   1   1   1   1   1   53   1   132   1   162   120   1   1   1   163   152   1   
1   19   211   1   1   1   1   1   55   1   126   1   158   137   1   1   1   141   161   1   
1   19   206   1   1   1   1   1   57   1   127   1   146   138   1   1   1   145   170   1   
1   19   204   1   1   1   1   1   53   1   118   1   143   143   1   1   1   153   175   1   
1   19   204   1   1   1   1   1   49   1   113   1   147   152   1   1   1   144   180   1   
1   25   211   1   1   1   1   1   47   1   114   1   147   146   1   1   1   137   181   1   
1   31   198   1   1   1   1   1   42   1   113   1   142   144   1   1   1   151   187   1   
1   30   198   1   1   1   1   1   48   1   129   1   145   129   1   1   1   129   200   1   
1   32   188   1   1   1   1   1   48   1   133   1   129   123   1   1   1   134   221   1   
1   36   183   1   1   1   1   1   51   1   139   1   126   121   1   1   1   134   218   1   
1   33   181   1   1   1   1   1   54   1   145   1   122   119   1   1   1   135   219   1   
1   35   168   1   1   1   1   1   51   1   152   1   121   121   1   1   1   137   223   1   
1   28   162   1   1   1   1   1   47   1   159   1   114   123   1   1   1   132   243   1   
1   34   155   1   1   1   1   1   50   1   162   1   113   121   1   1   1   136   237   1   
1   37   141   1   1   1   1   1   49   1   173   1   104   130   1   1   1   134   240   1   
1   41   138   1   1   1   1   1   52   1   153   1   132   134   1   1   1   130   228   1   
1   40   133   1   1   1   1   1   55   1   137   1   139   148   1   1   1   129   227   1   
1   32   138   1   1   1   1   1   58   1   141   1   145   133   1   1   1   142   219   1   
1   32   136   1   1   1   1   1   50   1   160   1   145   139   1   1   1   135   211   1   
1   35   140   1   1   1   1   1   49   1   151   1   143   153   1   1   1   117   220   1   
1   41   136   1   1   1   1   1   51   1   166   1   134   166   1   1   1   112   202   1   
1   43   138   1   1   1   1   1   49   1   170   1   135   156   1   1   1   109   208   1   
1   50   137   1   1   1   1   1   60   1   165   1   144   138   1   1   1   113   201   1   
1   52   133   1   1   1   1   1   67   1   162   1   150   139   1   1   1   109   196   1   
1   45   136   1   1   1   1   1   60   1   176   1   149   136   1   1   1   119   187   1   
1   48   133   1   1   1   1   1   59   1   189   1   142   140   1   1   1   120   177   1   
1   52   139   1   1   1   1   1   61   1   182   1   147   140   1   1   1   121   166   1   
1   53   140   1   1   1   1   1   56   1   189   1   148   142   1   1   1   121   159   1   
1   62   141   1   1   1   1   1   62   1   164   1   149   159   1   1   1   111   160   1   
1   66   148   1   1   1   1   1   54   1   159   1   150   156   1   1   1   110   165   1   
1   70   169   1   1   1   1   1   53   1   153   1   145   152   1   1   1   106   160   1   
1   76   166   1   1   1   1   1   54   1   159   1   152   135   1   1   1   104   162   1   
1   86   153   1   1   1   1   1   60   1   158   1   166   139   1   1   1   95   151   1   
1   96   158   1   1   1   1   1   58   1   156   1   154   151   1   1   1   90   145   1   
1   86   150   1   1   1   1   1   56   1   163   1   154   149   1   1   1   96   154   1   
1   84   145   1   1   1   1   1   54   1   168   1   176   143   1   1   1   86   152   1   
1   92   144   1   1   1   1   1   52   1   172   1   173   142   1   1   1   83   150   1   
1   89   140   1   1   1   1   1   48   1   176   1   183   137   1   1   1   90   145   1   
1   88   144   1   1   1   1   1   52   1   169   1   183   139   1   1   1   85   148   1   
1   85   135   1   1   1   1   1   49   1   161   1   184   148   1   1   1   86   160   1   
1   92   138   1   1   1   1   1   50   1   151   1   169   158   1   1   1   75   175   1   
1   93   135   1   1   1   1   1   48   1   151   1   164   166   1   1   1   70   181   1   
1   104   127   1   1   1   1   1   57   1   145   1   154   170   1   1   1   69   182   1   
1   116   133   1   1   1   1   1   54   1   137   1   149   162   1   1   1   71   186   1   
1   123   130   1   1   1   1   1   59   1   137   1   149   161   1   1   1   72   177   1   
1   128   127   1   1   1   1   1   51   1   131   1   158   173   1   1   1   77   163   1   
1   133   125   1   1   1   1   1   45   1   135   1   146   173   1   1   1   80   171   1   
1   142   128   1   1   1   1   1   44   1   127   1   152   172   1   1   1   78   165   1   
1   154   123   1   1   1   1   1   36   1   128   1   147   171   1   1   1   80   169   1   
1   158   111   1   1   1   1   1   31   1   139   1   154   159   1   1   1   84   172   1   
1   156   111   1   1   1   1   1   30   1   130   1   160   152   1   1   1   91   178   1   
1   146   112   1   1   1   1   1   26   1   122   1   167   162   1   1   1   92   181   1   
1   146   109   1   1   1   1   1   29   1   117   1   179   154   1   1   1   90   184   1   
1   146   97   1   1   1   1   1   32   1   109   1   187   165   1   1   1   90   182   1   
1   140   91   1   1   1   1   1   35   1   113   1   173   167   1   1   1   87   202   1   
1   151   96   1   1   1   1   1   34   1   118   1   160   166   1   1   1   79   204   1   
1   148   106   1   1   1   1   1   32   1   114   1   163   156   1   1   1   75   214   1   
1   162   103   1   1   1   1   1   27   1   109   1   173   154   1   1   1   83   197   1   
1   166   101   1   1   1   1   1   27   1   107   1   180   150   1   1   1   87   190   1   
1   155   105   1   1   1   1   1   28   1   113   1   174   158   1   1   1   86   189   1   
1   140   114   1   1   1   1   1   27   1   111   1   182   165   1   1   1   80   189   1   
1   152   121   1   1   1   1   1   23   1   110   1   166   168   1   1   1   73   195   1   
1   181   108   1   1   1   1   1   24   1   99   1   165   163   1   1   1   61   207   1   
1   197   109   1   1   1   1   1   23   1   92   1   158   154   1   1   1   60   215   1   
1   198   102   1   1   1   1   1   19   1   94   1   148   163   1   1   1   62   222   1   
1   203   103   1   1   1   1   1   20   1   91   1   148   155   1   1   1   70   218   1   
1   192   104   1   1   1   1   1   22   1   93   1   154   154   1   1   1   63   226   1   
1   187   108   1   1   1   1   1   21   1   87   1   165   151   1   1   1   59   230   1   
1   186   116   1   1   1   1   1   20   1   90   1   160   154   1   1   1   62   220   1   
1   196   103   1   1   1   1   1   16   1   92   1   153   156   1   1   1   63   229   1   
1   198   99   1   1   1   1   1   16   1   97   1   143   156   1   1   1   52   247   1   
1   187   100   1   1   1   1   1   22   1   107   1   134   158   1   1   1   56   244   1   
1   184   96   1   1   1   1   1   18   1   105   1   134   154   1   1   1   50   267   1   
1   168   104   1   1   1   1   1   17   1   99   1   159   159   1   1   1   46   256   1   
1   171   102   1   1   1   1   1   15   1   97   1   172   156   1   1   1   54   241   1   
1   184   98   1   1   1   1   1   14   1   96   1   161   148   1   1   1   57   250   1   
1   186   96   1   1   1   1   1   11   1   82   1   162   139   1   1   1   54   278   1   
1   170   87   1   1   1   1   1   10   1   86   1   154   152   1   1   1   50   299   1   
1   168   81   1   1   1   1   1   4   1   86   1   152   153   1   1   1   46   318   1   
1   170   90   1   1   1   1   1   6   1   75   1   140   154   1   1   1   48   325   1   
1   169   88   1   1   1   1   1   7   1   68   1   155   155   1   1   1   47   319   1   
1   164   94   1   1   1   1   1   7   1   62   1   156   152   1   1   1   46   327   1   
1   161   91   1   1   1   1   1   8   1   64   1   167   152   1   1   1   42   323   1   
1   159   83   1   1   1   1   1   4   1   58   1   171   149   1   1   1   41   343   1   
1   150   82   1   1   1   1   1   3   1   66   1   169   159   1   1   1   45   334   1   
1   147   93   1   1   1   1   1   3   1   63   1   174   158   1   1   1   42   328   1   
1   163   93   1   1   1   1   1   3   1   61   1   169   154   1   1   1   43   322   1   
1   165   85   1   1   1   1   1   3   1   65   1   169   162   1   1   1   45   314   1   
1   179   78   1   1   1   1   1   2   1   62   1   169   167   1   1   1   50   301   1   
1   191   83   1   1   1   1   1   1   1   64   1   161   167   1   1   1   54   287   1   
1   188   86   1   1   1   1   1   1   1   58   1   174   163   1   1   1   56   282   1   
1   183   79   1   1   1   1   1   1   1   52   1   171   165   1   1   1   61   296   1   
1   184   61   1   1   1   1   1   1   1   58   1   176   162   1   1   1   65   301   1   
1   198   55   1   1   1   1   1   1   1   58   1   177   150   1   1   1   56   313   1   
1   196   49   1   1   1   1   1   1   1   62   1   173   154   1   1   1   52   321   1   
1   200   49   1   1   1   1   1   1   1   59   1   167   152   1   1   1   59   321   1   
1   199   47   1   1   1   1   1   1   1   57   1   182   163   1   1   1   59   300   1   
1   199   45   1   1   1   1   1   1   1   55   1   176   186   1   1   1   51   295   1   
1   203   40   1   1   1   1   1   1   1   50   1   184   192   1   1   1   52   286   1   
1   190   43   1   1   1   1   1   1   1   51   1   174   191   1   1   1   53   305   1   
1   201   42   1   1   1   1   1   1   1   50   1   167   187   1   1   1   50   310   1   
1   198   44   1   1   1   1   1   1   1   54   1   174   176   1   1   1   47   314   1   
1   188   43   1   1   1   1   1   1   1   55   1   175   179   1   1   1   55   312   1   
1   184   38   1   1   1   1   1   1   1   58   1   187   175   1   1   1   52   313   1   
1   187   32   1   1   1   1   1   1   1   57   1   199   168   1   1   1   60   304   1   
1   188   28   1   1   1   1   1   1   1   58   1   195   164   1   1   1   63   311   1   
1   196   23   1   1   1   1   1   1   1   59   1   191   156   1   1   1   61   321   1   
1   197   24   1   1   1   1   1   1   1   60   1   204   161   1   1   1   55   306   1   
1   201   28   1   1   1   1   1   1   1   51   1   209   172   1   1   1   50   296   1   
1   213   23   1   1   1   1   1   1   1   55   1   197   170   1   1   1   56   293   1   
1   229   24   1   1   1   1   1   1   1   59   1   211   161   1   1   1   54   269   1   
1   235   27   1   1   1   1   1   1   1   68   1   205   161   1   1   1   53   258   1   
1   248   19   1   1   1   1   1   1   1   74   1   195   163   1   1   1   52   256   1   
1   248   17   1   1   1   1   1   1   1   73   1   195   148   1   1   1   64   262   1   
1   242   15   1   1   1   1   1   1   1   72   1   192   162   1   1   1   64   260   1   
1   241   20   1   1   1   1   1   1   1   77   1   179   163   1   1   1   74   253   1   
1   251   22   1   1   1   1   1   1   1   74   1   174   156   1   1   1   79   251   1   
1   237   29   1   1   1   1   1   1   1   69   1   178   153   1   1   1   84   257   1   
1   244   29   1   1   1   1   1   1   1   70   1   179   159   1   1   1   81   245   1   
1   241   30   1   1   1   1   1   1   1   77   1   168   155   1   1   1   88   248   1   
1   234   25   1   1   1   1   1   1   1   77   1   164   162   1   1   1   88   257   1   
1   226   32   1   1   1   1   1   1   1   80   1   169   156   1   1   1   85   259   1   
1   229   35   1   1   1   1   1   1   1   79   1   173   158   1   1   1   80   253   1   
1   237   28   1   1   1   1   1   1   1   86   1   173   150   1   1   1   84   249   1   
1   228   26   1   1   1   1   1   1   1   99   1   168   144   1   1   1   89   253   1   
1   222   20   1   1   1   1   1   1   1   100   1   161   158   1   1   1   91   255   1   
1   239   16   1   1   1   1   1   1   1   98   1   156   172   1   1   1   84   242   1   
1   232   18   1   1   1   1   1   1   1   93   1   156   169   1   1   1   88   251   1   
1   229   24   1   1   1   1   1   1   1   81   1   144   175   1   1   1   96   258   1   
1   238   23   1   1   1   1   1   1   1   81   1   138   183   1   1   1   92   252   1   
1   243   29   1   1   1   1   1   1   1   72   1   140   184   1   1   1   88   251   1   
1   241   31   1   1   1   1   1   1   1   65   1   139   183   1   1   1   84   264   1   
1   247   30   1   1   1   1   1   1   1   56   1   147   168   1   1   1   82   277   1   
1   228   33   1   1   1   1   1   1   1   54   1   144   165   1   1   1   93   290   1   
1   227   32   1   1   1   1   1   1   1   55   1   129   171   1   1   1   97   296   1   
1   231   31   1   1   1   1   1   1   1   62   1   133   168   1   1   1   104   278   1   
1   239   32   1   1   1   1   1   1   1   63   1   131   166   1   1   1   94   282   1   
1   227   32   1   1   1   1   1   1   1   65   1   139   172   1   1   1   96   276   1   
1   234   25   1   1   1   1   1   1   1   66   1   139   171   1   1   1   97   275   1   
1   242   24   1   1   1   1   1   1   1   69   1   140   168   1   1   1   89   275   1   
1   244   27   1   1   1   1   1   1   1   72   1   136   146   1   1   1   100   282   1   
1   240   27   1   1   1   1   1   1   1   71   1   134   142   1   1   1   104   289   1   
1   247   28   1   1   1   1   1   1   1   63   1   133   135   1   1   1   102   299   1   
1   261   29   1   1   1   1   1   1   1   60   1   120   140   1   1   1   105   292   1   
1   273   27   1   1   1   1   1   1   1   64   1   122   144   1   1   1   102   275   1   
1   274   20   1   1   1   1   1   1   1   66   1   135   146   1   1   1   103   263   1   
1   272   21   1   1   1   1   1   1   1   80   1   139   126   1   1   1   106   263   1   
1   279   23   1   1   1   1   1   1   1   84   1   120   129   1   1   1   110   262   1   
1   283   20   1   1   1   1   1   1   1   85   1   126   125   1   1   1   116   252   1   
1   278   26   1   1   1   1   1   1   1   83   1   126   129   1   1   1   107   258   1   
1   252   34   1   1   1   1   1   1   1   97   1   122   119   1   1   1   111   272   1   
1   240   30   1   1   1   1   1   1   1   103   1   124   124   1   1   1   92   294   1   
1   241   32   1   1   1   1   1   1   1   99   1   135   131   1   1   1   90   279   1   
1   250   33   1   1   1   1   1   1   1   96   1   141   121   1   1   1   90   276   1   
1   274   27   1   1   1   1   1   1   1   95   1   137   106   1   1   1   87   281   1   
1   268   34   1   1   1   1   1   1   1   91   1   128   104   1   1   1   84   298   1   
1   252   35   1   1   1   1   1   1   1   100   1   141   101   1   1   1   78   300   1   
1   254   33   1   1   1   1   1   1   1   93   1   143   103   1   1   1   71   310   1   
1   255   33   1   1   1   1   1   1   1   94   1   149   108   1   1   1   73   295   1   
1   256   37   1   1   1   1   1   1   1   97   1   148   99   1   1   1   72   298   1   
1   251   40   1   1   1   1   1   1   1   101   1   167   98   1   1   1   59   291   1   
1   266   34   1   1   1   1   1   1   1   97   1   184   102   1   1   1   58   266   1   
1   259   33   1   1   1   1   1   1   1   93   1   191   117   1   1   1   53   261   1   
1   258   31   1   1   1   1   1   1   1   91   1   208   115   1   1   1   56   248   1   
1   264   32   1   1   1   1   1   1   1   91   1   196   108   1   1   1   62   254   1   
1   255   27   1   1   1   1   1   1   1   98   1   204   117   1   1   1   57   249   1   
1   256   32   1   1   1   1   1   1   1   95   1   196   115   1   1   1   50   263   1   
1   254   33   1   1   1   1   1   1   1   104   1   189   109   1   1   1   50   268   1   
1   249   38   1   1   1   1   1   1   1   98   1   203   105   1   1   1   58   256   1   
1   239   37   1   1   1   1   1   1   1   106   1   212   105   1   1   1   55   253   1   
1   236   36   1   1   1   1   1   1   1   101   1   228   101   1   1   1   47   258   1   
1   221   39   1   1   1   1   1   1   1   104   1   222   107   1   1   1   55   259   1   
1   210   39   1   1   1   1   1   1   1   99   1   235   97   1   1   1   62   265   1   
1   205   40   1   1   1   1   1   1   1   90   1   233   108   1   1   1   62   269   1   
1   194   38   1   1   1   1   1   1   1   92   1   231   111   1   1   1   67   274   1   
1   192   37   1   1   1   1   1   1   1   92   1   235   99   1   1   1   78   274   1   
1   200   45   1   1   1   1   1   1   1   92   1   237   100   1   1   1   83   250   1   
1   200   49   1   1   1   1   1   1   1   90   1   246   100   1   1   1   78   244   1   
1   196   35   1   1   1   1   1   1   1   91   1   259   81   1   1   1   80   265   1   
1   194   35   1   1   1   1   1   1   1   96   1   257   78   1   1   1   76   271   1   
1   194   38   1   1   1   1   1   1   1   98   1   266   76   1   1   1   83   252   1   
1   190   37   1   1   1   1   1   1   1   94   1   268   70   1   1   1   88   260   1   
1   195   39   1   1   1   1   1   1   1   99   1   256   64   1   1   1   91   263   1   
1   193   37   1   1   1   1   1   1   1   95   1   252   62   1   1   1   92   276   1   
1   178   38   1   1   1   1   1   1   1   108   1   256   59   1   1   1   90   278   1   
1   178   39   1   1   1   1   1   1   1   116   1   229   60   1   1   1   101   284   1   
1   183   33   1   1   1   1   1   1   1   115   1   235   62   1   1   1   95   284   1   
1   177   34   1   1   1   1   1   1   1   116   1   240   61   1   1   1   93   286   1   
1   189   30   1   1   1   1   1   1   1   105   1   240   62   1   1   1   101   280   1   
1   192   27   1   1   1   1   1   1   1   106   1   237   56   1   1   1   106   283   1   
1   211   24   1   1   1   1   1   1   1   93   1   251   52   1   1   1   104   272   1   
1   205   29   1   1   1   1   1   1   1   92   1   232   54   1   1   1   108   287   1   
1   194   32   1   1   1   1   1   1   1   90   1   227   58   1   1   1   109   297   1   
1   204   31   1   1   1   1   1   1   1   75   1   234   56   1   1   1   108   299   1   
1   209   32   1   1   1   1   1   1   1   78   1   227   45   1   1   1   114   302   1   
1   216   29   1   1   1   1   1   1   1   68   1   238   51   1   1   1   112   293   1   
1   204   30   1   1   1   1   1   1   1   71   1   223   53   1   1   1   122   304   1   
1   204   34   1   1   1   1   1   1   1   64   1   238   52   1   1   1   116   299   1   
1   212   36   1   1   1   1   1   1   1   65   1   239   52   1   1   1   116   287   1   
1   223   35   1   1   1   1   1   1   1   56   1   236   50   1   1   1   120   287   1   
1   225   31   1   1   1   1   1   1   1   56   1   240   50   1   1   1   128   277   1   
1   246   28   1   1   1   1   1   1   1   60   1   225   38   1   1   1   130   280   1   
1   247   28   1   1   1   1   1   1   1   71   1   222   32   1   1   1   131   276   1   
1   242   26   1   1   1   1   1   1   1   73   1   220   37   1   1   1   135   274   1   
1   250   31   1   1   1   1   1   1   1   69   1   209   42   1   1   1   138   268   1   
1   236   28   1   1   1   1   1   1   1   68   1   220   42   1   1   1   147   266   1   
1   240   34   1   1   1   1   1   1   1   69   1   211   40   1   1   1   147   266   1   
1   250   36   1   1   1   1   1   1   1   67   1   209   36   1   1   1   147   262   1   
1   247   40   1   1   1   1   1   1   1   76   1   193   37   1   1   1   153   261   1   
1   242   47   1   1   1   1   1   1   1   73   1   191   34   1   1   1   155   265   1   
1   252   50   1   1   1   1   1   1   1   64   1   183   33   1   1   1   155   270   1   
1   262   59   1   1   1   1   1   1   1   71   1   175   34   1   1   1   147   259   1   
1   267   51   1   1   1   1   1   1   1   75   1   189   37   1   1   1   134   254   1   
1   272   50   1   1   1   1   1   1   1   77   1   182   35   1   1   1   142   249   1   
1   283   49   1   1   1   1   1   1   1   71   1   179   32   1   1   1   137   256   1   
1   274   54   1   1   1   1   1   1   1   55   1   182   33   1   1   1   137   272   1   
1   275   67   1   1   1   1   1   1   1   49   1   173   30   1   1   1   144   269   1   
1   269   78   1   1   1   1   1   1   1   46   1   182   31   1   1   1   141   260   1   
1   273   86   1   1   1   1   1   1   1   35   1   177   33   1   1   1   147   256   1   
1   281   79   1   1   1   1   1   1   1   37   1   178   25   1   1   1   153   254   1   
1   278   79   1   1   1   1   1   1   1   39   1   185   25   1   1   1   148   253   1   
1   277   90   1   1   1   1   1   1   1   44   1   188   23   1   1   1   149   236   1   
1   270   93   1   1   1   1   1   1   1   52   1   186   28   1   1   1   150   228   1   
1   266   95   1   1   1   1   1   1   1   52   1   191   31   1   1   1   151   221   1   
1   278   89   1   1   1   1   1   1   1   62   1   194   31   1   1   1   140   213   1   
1   279   92   1   1   1   1   1   1   1   65   1   177   32   1   1   1   137   225   1   
1   283   91   1   1   1   1   1   1   1   82   1   154   28   1   1   1   138   231   1   
1   305   82   1   1   1   1   1   1   1   83   1   151   25   1   1   1   127   234   1   
1   285   74   1   1   1   1   1   1   1   92   1   162   25   1   1   1   124   245   1   
1   278   83   1   1   1   1   1   1   1   85   1   148   28   1   1   1   143   242   1   
1   284   81   1   1   1   1   1   1   1   75   1   153   30   1   1   1   140   244   1   
1   308   77   1   1   1   1   1   1   1   78   1   140   31   1   1   1   137   236   1   
1   319   82   1   1   1   1   1   1   1   77   1   133   25   1   1   1   134   237   1   
1   309   80   1   1   1   1   1   1   1   76   1   133   27   1   1   1   136   246   1   
1   324   71   1   1   1   1   1   1   1   77   1   139   23   1   1   1   131   242   1   
1   338   75   1   1   1   1   1   1   1   77   1   132   22   1   1   1   139   224   1   
1   328   78   1   1   1   1   1   1   1   86   1   125   17   1   1   1   141   232   1   
1   324   85   1   1   1   1   1   1   1   83   1   128   16   1   1   1   140   231   1   
1   335   80   1   1   1   1   1   1   1   86   1   132   14   1   1   1   141   219   1   
1   340   83   1   1   1   1   1   1   1   84   1   134   13   1   1   1   135   218   1   
1   348   77   1   1   1   1   1   1   1   94   1   137   14   1   1   1   137   200   1   
1   340   92   1   1   1   1   1   1   1   86   1   133   13   1   1   1   138   205   1   
1   332   91   1   1   1   1   1   1   1   81   1   133   16   1   1   1   152   202   1   
1   327   100   1   1   1   1   1   1   1   86   1   138   12   1   1   1   154   190   1   
1   311   96   1   1   1   1   1   1   1   88   1   139   10   1   1   1   172   191   1   
1   318   89   1   1   1   1   1   1   1   90   1   150   9   1   1   1   152   199   1   
1   312   91   1   1   1   1   1   1   1   90   1   164   6   1   1   1   168   176   1   
1   319   91   1   1   1   1   1   1   1   82   1   157   8   1   1   1   164   186   1   
1   314   90   1   1   1   1   1   1   1   88   1   162   11   1   1   1   164   178   1   
1   306   93   1   1   1   1   1   1   1   86   1   158   11   1   1   1   177   176   1   
1   315   86   1   1   1   1   1   1   1   81   1   168   8   1   1   1   167   182   1   
1   325   79   1   1   1   1   1   1   1   91   1   177   7   1   1   1   149   179   1   
1   311   88   1   1   1   1   1   1   1   98   1   176   8   1   1   1   144   182   1   
1   307   94   1   1   1   1   1   1   1   105   1   174   7   1   1   1   150   170   1   
1   305   98   1   1   1   1   1   1   1   93   1   170   5   1   1   1   153   183   1   
1   299   100   1   1   1   1   1   1   1   106   1   166   8   1   1   1   149   179   1   
1   285   105   1   1   1   1   1   1   1   107   1   168   6   1   1   1   149   187   1   
1   305   96   1   1   1   1   1   1   1   101   1   153   7   1   1   1   147   198   1   
1   302   107   1   1   1   1   1   1   1   102   1   150   6   1   1   1   161   179   1   
1   309   97   1   1   1   1   1   1   1   106   1   156   6   1   1   1   161   172   1   
1   293   102   1   1   1   1   1   1   1   112   1   159   6   1   1   1   172   163   1   
1   280   110   1   1   1   1   1   1   1   119   1   158   6   1   1   1   166   168   1   
1   277   113   1   1   1   1   1   1   1   111   1   175   4   1   1   1   162   165   1   
1   285   111   1   1   1   1   1   1   1   117   1   168   3   1   1   1   164   159   1   
1   278   109   1   1   1   1   1   1   1   122   1   163   3   1   1   1   170   162   1   
1   286   107   1   1   1   1   1   1   1   118   1   161   2   1   1   1   178   155   1   
1   313   100   1   1   1   1   1   1   1   116   1   166   2   1   1   1   170   140   1   
1   300   94   1   1   1   1   1   1   1   124   1   161   1   1   1   1   169   158   1   
1   309   89   1   1   1   1   1   1   1   135   1   155   1   1   1   1   171   147   1   
1   320   102   1   1   1   1   1   1   1   142   1   153   1   1   1   1   149   140   1   
1   321   96   1   1   1   1   1   1   1   147   1   149   1   1   1   1   156   137   1   
1   299   103   1   1   1   1   1   1   1   157   1   157   1   1   1   1   163   127   1   
1   313   102   1   1   1   1   1   1   1   158   1   141   1   1   1   1   155   137   1   
1   294   109   1   1   1   1   1   1   1   166   1   132   1   1   1   1   168   137   1   
1   305   107   1   1   1   1   1   1   1   174   1   130   1   1   1   1   162   128   1   
1   293   112   1   1   1   1   1   1   1   180   1   125   1   1   1   1   170   126   1   
1   295   98   1   1   1   1   1   1   1   184   1   128   1   1   1   1   178   123   1   
1   294   101   1   1   1   1   1   1   1   171   1   131   1   1   1   1   186   123   1   
1   302   106   1   1   1   1   1   1   1   183   1   116   1   1   1   1   188   111   1   
1   308   111   1   1   1   1   1   1   1   181   1   118   1   1   1   1   173   115   1   
1   312   108   1   1   1   1   1   1   1   182   1   109   1   1   1   1   175   120   1   
1   321   107   1   1   1   1   1   1   1   190   1   100   1   1   1   1   175   113   1   
1   340   107   1   1   1   1   1   1   1   188   1   101   1   1   1   1   171   99   1   
1   347   113   1   1   1   1   1   1   1   188   1   108   1   1   1   1   151   99   1   
1   342   112   1   1   1   1   1   1   1   194   1   116   1   1   1   1   141   101   1   
1   316   104   1   1   1   1   1   1   1   209   1   127   1   1   1   1   141   109   1   
1   317   101   1   1   1   1   1   1   1   215   1   114   1   1   1   1   150   109   1   
1   335   95   1   1   1   1   1   1   1   202   1   112   1   1   1   1   155   107   1   
1   352   94   1   1   1   1   1   1   1   203   1   110   1   1   1   1   151   96   1   
1   354   94   1   1   1   1   1   1   1   194   1   107   1   1   1   1   151   106   1   
1   345   104   1   1   1   1   1   1   1   176   1   106   1   1   1   1   149   126   1   
1   345   108   1   1   1   1   1   1   1   166   1   113   1   1   1   1   152   122   1   
1   354   109   1   1   1   1   1   1   1   175   1   107   1   1   1   1   158   103   1   
1   353   103   1   1   1   1   1   1   1   161   1   115   1   1   1   1   170   104   1   
1   361   105   1   1   1   1   1   1   1   156   1   108   1   1   1   1   182   94   1   
1   353   108   1   1   1   1   1   1   1   167   1   114   1   1   1   1   176   88   1   
1   354   98   1   1   1   1   1   1   1   165   1   104   1   1   1   1   193   92   1   
1   363   93   1   1   1   1   1   1   1   165   1   108   1   1   1   1   184   93   1   
1   354   96   1   1   1   1   1   1   1   171   1   108   1   1   1   1   184   93   1   
1   354   98   1   1   1   1   1   1   1   181   1   111   1   1   1   1   180   82   1   
1   361   95   1   1   1   1   1   1   1   186   1   111   1   1   1   1   175   78   1   
1   1   1   1   1   1   1   1   1   1   1   1   1   1   1   1   1   1   1   1   
1   1   1   1   1   1   1   1   1   1   1   1   1   1   1   1   1   1   1   1   
1   1   1   1   1   1   1   1   1   1   1   1   1   1   1   1   1   1   1   1   
1   1   1   1   1   1   1   1   1   1   1   1   1   1   1   1   1   1   1   1   
1   1   1   1   1   1   1   1   1   1   1   1   1   1   1   1   1   1   1   1   
1   1   1   1   1   1   1   1   1   1   1   1   1   1   1   1   1   1   1   1   
1   1   1   1   1   1   1   1   1   1   1   1   1   1   1   1   1   1   1   1   
1   1   1   1   1   1   1   1   1   1   1   1   1   1   1   1   1   1   1   1   
1   1   1   1   1   1   1   1   1   1   1   1   1   1   1   1   1   1   1   1   
1   1   1   1   1   1   1   1   1   1   1   1   1   1   1   1   1   1   1   1   
1   1   1   1   1   1   1   1   1   1   1   1   1   1   1   1   1   1   1   1   
