201   201   201   201   201   
208   214   215   204   164   
204   209   216   209   167   
215   201   229   203   157   
228   218   208   201   150   
233   221   193   205   153   
242   220   176   202   165   
239   216   175   209   166   
226   225   178   217   159   
231   208   178   223   165   
238   198   184   215   170   
243   187   185   203   187   
247   198   184   186   190   
251   185   191   176   202   
268   186   172   181   198   
267   176   165   190   207   
265   166   163   193   218   
248   164   168   184   241   
241   156   171   196   241   
237   153   165   202   248   
235   154   160   191   265   
238   161   156   208   242   
238   157   151   211   248   
233   146   150   224   252   
224   150   154   219   258   
239   147   150   210   259   
241   136   153   215   260   
230   142   161   207   265   
232   144   143   208   278   
213   139   140   212   301   
212   146   132   221   294   
216   144   128   237   280   
208   138   132   245   282   
216   142   135   230   282   
212   139   127   237   290   
214   151   127   227   286   
215   151   119   209   311   
220   154   108   209   314   
205   154   121   213   312   
201   153   111   229   311   
202   153   114   231   305   
201   141   112   244   307   
208   130   116   248   303   
199   128   125   242   311   
203   131   109   250   312   
200   118   122   257   308   
201   119   127   244   314   
197   116   127   248   317   
179   126   123   247   330   
183   141   119   247   315   
172   141   125   235   332   
178   133   121   232   341   
188   129   123   236   329   
180   132   134   233   326   
170   125   138   237   335   
168   126   139   228   344   
155   112   138   235   365   
162   119   146   218   360   
154   125   153   228   345   
166   124   153   218   344   
160   137   149   230   329   
163   132   152   224   334   
164   136   157   213   335   
171   137   169   220   308   
156   151   179   229   290   
151   128   189   237   300   
142   130   176   245   312   
148   126   167   244   320   
154   124   164   255   308   
154   115   160   262   314   
157   110   169   265   304   
150   115   166   273   301   
152   120   163   269   301   
143   114   163   277   308   
148   114   165   277   301   
158   101   176   267   303   
143   92   173   274   323   
135   86   178   284   322   
142   94   173   277   319   
144   90   176   288   307   
132   95   184   291   303   
124   101   193   291   296   
131   105   207   266   296   
127   97   217   260   304   
131   100   210   248   316   
147   99   211   237   311   
142   100   214   231   318   
143   113   212   240   297   
141   113   231   219   301   
131   119   227   231   297   
119   116   218   241   311   
113   110   219   239   324   
113   117   212   240   323   
106   111   202   254   332   
104   120   200   260   321   
105   122   216   249   313   
100   125   225   231   324   
104   115   224   245   317   
107   111   225   244   318   
110   114   219   250   312   
115   109   201   258   322   
118   103   213   266   305   
115   104   241   251   294   
119   108   254   234   290   
107   110   268   233   287   
106   110   260   242   287   
99   105   268   255   278   
93   106   259   252   295   
99   111   254   255   286   
106   116   276   237   270   
104   118   255   257   271   
93   130   254   244   284   
96   123   249   243   294   
99   114   257   235   300   
109   113   251   244   288   
98   112   251   262   282   
98   112   258   259   278   
98   113   258   251   285   
99   115   257   242   292   
111   101   255   240   298   
119   95   263   224   304   
108   93   266   223   315   
109   91   267   217   321   
113   89   259   229   315   
107   102   254   244   298   
95   109   260   244   297   
100   110   259   253   283   
104   105   260   243   293   
103   91   258   252   301   
100   86   266   252   301   
106   86   277   247   289   
105   74   267   271   288   
102   77   270   267   289   
109   79   261   244   312   
115   82   260   250   298   
118   81   254   242   310   
127   70   240   246   322   
135   66   235   256   313   
146   62   240   259   298   
130   64   247   269   295   
125   65   246   263   306   
115   70   265   258   297   
115   64   257   255   314   
122   59   261   251   312   
114   62   253   268   308   
104   68   259   277   297   
107   66   259   271   302   
99   71   260   275   300   
111   64   267   271   292   
112   58   284   251   300   
119   64   276   240   306   
124   67   275   245   294   
135   60   267   256   287   
142   64   270   259   270   
141   69   253   264   278   
117   69   253   266   300   
113   57   271   267   297   
104   51   275   273   302   
113   53   281   293   265   
113   53   290   284   265   
117   47   302   268   271   
106   53   316   256   274   
102   47   318   259   279   
99   55   336   267   248   
98   53   344   256   254   
93   56   334   251   271   
106   70   324   239   266   
102   66   328   229   280   
95   62   324   241   283   
107   57   333   234   274   
110   62   300   231   302   
111   68   287   237   302   
113   65   292   236   299   
108   64   287   241   305   
107   57   291   236   314   
113   60   275   244   313   
108   68   262   265   302   
107   67   267   277   287   
99   74   273   263   296   
102   72   277   267   287   
103   68   265   269   300   
109   62   260   268   306   
107   59   276   267   296   
111   58   281   263   292   
102   62   285   265   291   
100   62   294   269   280   
110   62   300   255   278   
117   57   295   247   289   
117   49   294   255   290   
131   44   282   246   302   
128   49   304   235   289   
129   54   310   229   283   
120   54   320   237   274   
117   58   316   233   281   
115   62   300   234   294   
117   50   288   226   324   
127   52   295   215   316   
132   51   281   226   315   
132   47   274   229   323   
135   45   276   230   319   
138   44   265   238   320   
141   50   266   236   312   
130   54   276   230   315   
130   61   281   231   302   
135   66   279   226   299   
127   68   295   225   290   
114   65   302   234   290   
118   63   318   218   288   
113   64   311   219   298   
110   55   301   234   305   
113   60   278   241   313   
117   53   283   242   310   
121   57   288   219   320   
128   61   267   224   325   
133   60   246   229   337   
128   65   255   230   327   
133   66   257   226   323   
132   73   260   226   314   
133   79   265   220   308   
140   85   252   212   316   
134   88   256   209   318   
138   90   249   208   320   
132   92   266   209   306   
132   90   250   226   307   
130   78   258   236   303   
140   77   249   247   292   
127   75   237   258   308   
105   76   237   260   327   
97   70   231   262   345   
96   71   243   251   344   
98   67   238   261   341   
94   63   260   261   327   
90   61   261   262   331   
95   55   252   266   337   
93   49   247   269   347   
91   39   234   293   348   
89   39   232   286   359   
91   37   236   278   363   
82   38   237   282   366   
83   38   231   295   358   
79   45   206   311   364   
80   48   201   305   371   
81   49   217   300   358   
84   46   211   303   361   
90   42   189   325   359   
98   35   199   339   334   
93   35   198   333   346   
90   33   198   334   350   
85   36   208   320   356   
77   39   217   316   356   
86   36   211   318   354   
89   36   205   321   354   
81   39   221   332   332   
84   37   219   341   324   
84   33   220   353   315   
84   29   215   356   321   
82   30   210   334   349   
83   33   190   351   348   
88   31   187   338   361   
89   34   173   354   355   
90   36   178   350   351   
100   38   186   340   341   
96   38   193   336   342   
92   38   192   327   356   
88   34   201   322   360   
85   32   218   322   348   
77   26   217   325   360   
68   28   206   344   359   
62   33   187   346   377   
59   37   177   357   375   
57   42   185   367   354   
57   38   193   372   345   
69   37   193   366   340   
73   34   190   381   327   
78   36   184   399   308   
72   32   167   427   307   
80   32   153   436   304   
76   34   160   425   310   
83   38   156   420   308   
73   35   153   426   318   
69   31   149   437   319   
71   32   151   417   334   
76   28   154   418   329   
72   33   157   423   320   
84   37   148   422   314   
81   32   150   431   311   
86   37   148   425   309   
87   39   150   418   311   
93   41   161   383   327   
92   42   152   388   331   
87   43   159   398   318   
88   35   145   437   300   
98   34   143   440   290   
91   38   143   445   288   
87   38   146   447   287   
77   40   148   459   281   
77   44   160   453   271   
79   47   164   450   265   
74   45   171   452   263   
73   44   181   451   256   
70   39   177   445   274   
72   46   180   428   279   
74   44   185   433   269   
75   49   188   430   263   
77   49   187   429   263   
65   51   207   427   255   
70   51   204   450   230   
75   51   198   455   226   
77   51   199   459   219   
81   51   200   445   228   
71   56   213   422   243   
70   59   221   406   249   
74   62   212   416   241   
67   64   231   398   245   
62   62   254   385   242   
61   59   252   393   240   
57   60   245   400   243   
58   68   255   396   228   
57   67   250   403   228   
59   65   241   399   241   
59   66   237   412   231   
65   68   240   401   231   
61   66   241   395   242   
66   73   232   392   242   
73   69   236   388   239   
57   70   241   388   249   
63   70   229   400   243   
71   71   227   394   242   
66   82   234   392   231   
57   79   227   409   233   
55   79   226   415   230   
56   93   229   403   224   
61   90   222   403   229   
58   89   224   414   220   
63   81   217   414   230   
64   86   231   389   235   
66   80   245   369   245   
66   83   253   365   238   
69   87   253   374   222   
68   86   257   380   214   
62   88   237   399   219   
55   95   241   400   214   
45   92   254   398   216   
47   90   257   397   214   
45   88   255   393   224   
45   91   279   379   211   
40   98   280   375   212   
43   97   293   366   206   
42   101   283   380   199   
41   107   270   389   198   
49   95   266   402   193   
48   105   266   395   191   
49   117   265   383   191   
55   108   277   385   180   
52   110   287   378   178   
45   96   312   380   172   
48   88   305   386   178   
47   76   313   364   205   
47   75   320   363   200   
41   71   319   372   202   
36   74   321   376   198   
32   73   315   385   200   
36   71   312   390   196   
39   71   302   399   194   
44   69   290   397   205   
42   70   279   400   214   
48   72   286   395   204   
51   72   287   392   203   
48   83   285   378   211   
44   77   284   390   210   
45   85   279   384   212   
42   74   285   378   226   
44   72   286   382   221   
48   76   272   401   208   
45   85   268   401   206   
44   82   258   394   227   
38   91   260   386   230   
33   95   262   374   241   
36   82   282   371   234   
43   89   256   377   240   
43   93   253   376   240   
36   92   238   382   257   
42   85   241   379   258   
46   83   255   366   255   
53   85   269   345   253   
52   81   265   341   266   
55   82   262   336   270   
58   79   294   324   250   
59   79   301   331   235   
62   88   291   329   235   
62   95   286   323   239   
63   106   279   324   233   
65   90   283   322   245   
66   96   274   332   237   
64   93   275   324   249   
64   92   272   326   251   
69   103   270   322   241   
68   107   262   334   234   
64   116   268   330   227   
60   122   259   349   215   
65   128   264   365   183   
67   120   275   365   178   
61   127   271   379   167   
66   123   268   375   173   
63   136   251   372   183   
66   141   224   381   193   
59   137   209   420   180   
52   132   212   414   195   
45   133   215   432   180   
50   124   222   422   187   
56   125   214   431   179   
65   122   215   419   184   
59   112   220   427   187   
52   119   207   438   189   
55   111   205   445   189   
60   117   195   447   186   
61   117   207   432   188   
62   123   203   429   188   
67   121   204   439   174   
67   107   212   452   167   
73   106   223   432   171   
69   97   239   422   178   
66   95   245   411   188   
65   83   254   422   181   
66   89   253   407   190   
62   100   243   412   188   
61   106   245   416   177   
56   110   238   429   172   
56   94   243   444   168   
65   93   251   441   155   
70   93   258   432   152   
75   93   265   416   156   
76   102   268   413   146   
77   97   271   417   143   
81   96   270   419   139   
79   94   277   420   135   
78   89   265   430   143   
81   88   244   439   153   
81   89   250   433   152   
75   81   254   435   160   
65   72   268   445   155   
72   64   262   438   169   
82   72   279   415   157   
74   75   284   420   152   
69   75   282   431   148   
78   73   273   418   163   
80   75   272   420   158   
80   70   277   419   159   
86   70   281   420   148   
74   72   292   417   150   
72   74   292   415   152   
76   70   279   427   153   
74   68   276   430   157   
70   64   274   440   157   
73   61   274   438   159   
75   65   261   446   158   
72   69   253   451   160   
78   73   254   448   152   
82   69   265   448   141   
86   61   252   472   134   
92   59   250   466   138   
96   53   247   460   149   
104   54   226   466   155   
117   54   206   479   149   
115   60   186   477   167   
124   60   194   464   163   
131   73   181   455   165   
145   69   170   453   168   
145   62   173   474   151   
143   60   178   479   145   
151   59   185   464   146   
147   55   192   473   138   
133   61   185   488   138   
140   63   189   472   141   
153   61   180   482   129   
154   56   176   494   125   
147   57   167   513   121   
155   57   178   504   111   
158   57   168   509   113   
165   56   160   495   129   
156   57   167   495   130   
155   56   176   483   135   
144   61   174   488   138   
139   65   178   480   143   
139   75   163   464   164   
143   84   161   463   154   
145   81   163   465   151   
148   86   173   467   131   
165   82   172   462   124   
170   83   163   455   134   
172   79   166   454   134   
176   84   167   449   129   
160   84   176   443   142   
158   86   187   447   127   
163   96   185   428   133   
169   98   201   402   135   
167   98   188   413   139   
162   103   203   405   132   
148   88   212   424   133   
1   1   1   1   1   
1   1   1   1   1   
1   1   1   1   1   
1   1   1   1   1   
1   1   1   1   1   
1   1   1   1   1   
1   1   1   1   1   
1   1   1   1   1   
1   1   1   1   1   
1   1   1   1   1   
1   1   1   1   1   
1   1   1   1   1   
1   1   1   1   1   
1   1   1   1   1   
1   1   1   1   1   
1   1   1   1   1   
1   1   1   1   1   
1   1   1   1   1   
1   1   1   1   1   
1   1   1   1   1   
1   1   1   1   1   
1   1   1   1   1   
1   1   1   1   1   
1   1   1   1   1   
1   1   1   1   1   
1   1   1   1   1   
1   1   1   1   1   
1   1   1   1   1   
1   1   1   1   1   
1   1   1   1   1   
1   1   1   1   1   
1   1   1   1   1   
1   1   1   1   1   
1   1   1   1   1   
1   1   1   1   1   
1   1   1   1   1   
1   1   1   1   1   
1   1   1   1   1   
1   1   1   1   1   
1   1   1   1   1   
1   1   1   1   1   
1   1   1   1   1   
1   1   1   1   1   
1   1   1   1   1   
1   1   1   1   1   
1   1   1   1   1   
1   1   1   1   1   
1   1   1   1   1   
1   1   1   1   1   
1   1   1   1   1   
1   1   1   1   1   
1   1   1   1   1   
1   1   1   1   1   
1   1   1   1   1   
1   1   1   1   1   
1   1   1   1   1   
1   1   1   1   1   
1   1   1   1   1   
1   1   1   1   1   
1   1   1   1   1   
1   1   1   1   1   
1   1   1   1   1   
1   1   1   1   1   
1   1   1   1   1   
1   1   1   1   1   
1   1   1   1   1   
1   1   1   1   1   
1   1   1   1   1   
1   1   1   1   1   
1   1   1   1   1   
1   1   1   1   1   
1   1   1   1   1   
1   1   1   1   1   
1   1   1   1   1   
1   1   1   1   1   
1   1   1   1   1   
1   1   1   1   1   
1   1   1   1   1   
1   1   1   1   1   
1   1   1   1   1   
1   1   1   1   1   
1   1   1   1   1   
1   1   1   1   1   
1   1   1   1   1   
1   1   1   1   1   
1   1   1   1   1   
1   1   1   1   1   
1   1   1   1   1   
1   1   1   1   1   
1   1   1   1   1   
1   1   1   1   1   
1   1   1   1   1   
1   1   1   1   1   
1   1   1   1   1   
1   1   1   1   1   
1   1   1   1   1   
1   1   1   1   1   
1   1   1   1   1   
1   1   1   1   1   
1   1   1   1   1   
1   1   1   1   1   
1   1   1   1   1   
