51   51   51   51   51   51   51   51   51   51   51   51   51   51   51   51   51   51   51   51   
59   53   48   57   59   54   60   53   58   50   54   53   51   49   49   41   39   51   45   37   
63   58   50   53   65   46   58   55   59   49   55   53   62   52   50   32   32   56   40   32   
63   53   51   50   59   42   54   54   66   51   58   46   69   64   44   31   31   55   45   34   
69   53   48   51   55   41   47   62   66   43   54   42   79   64   48   34   29   63   41   31   
71   49   55   53   54   42   52   58   59   37   55   49   78   63   53   36   31   58   39   28   
62   64   56   48   57   44   51   56   67   35   54   58   74   55   38   36   32   62   47   24   
67   68   41   55   56   44   48   61   59   26   53   61   78   55   37   39   36   70   41   25   
65   68   34   60   62   44   46   58   60   24   60   65   80   60   31   36   39   62   40   26   
64   66   27   67   67   49   43   56   62   24   61   73   69   56   31   34   39   72   37   23   
60   67   26   62   63   51   42   66   68   24   61   68   58   59   23   36   49   75   41   21   
70   67   27   45   76   45   37   68   72   26   62   58   65   62   28   31   42   73   38   28   
78   68   27   42   71   44   36   56   80   26   61   67   64   58   31   35   41   71   40   24   
74   66   27   38   79   43   32   59   77   26   65   58   52   61   34   41   50   73   40   25   
71   73   30   31   88   47   32   62   67   31   62   57   54   63   31   39   44   74   43   21   
68   82   28   31   89   48   32   59   63   28   69   64   47   70   30   39   39   75   42   17   
74   80   30   30   80   51   26   56   66   27   60   67   47   77   34   39   33   82   44   17   
69   81   32   27   85   51   22   55   72   27   66   70   52   78   32   37   27   80   37   20   
63   82   31   30   88   51   26   51   85   30   65   70   55   73   36   35   24   75   31   19   
62   95   29   26   87   46   26   52   81   32   66   75   53   70   32   39   27   75   31   16   
63   92   31   25   80   50   23   58   74   37   54   85   51   70   33   43   27   75   33   16   
66   90   33   19   79   52   26   66   76   36   48   85   49   70   26   43   26   79   33   18   
73   86   39   18   78   52   27   61   77   34   43   90   46   66   28   37   31   81   38   15   
77   87   42   18   75   55   23   56   76   32   43   104   42   63   28   44   36   71   31   17   
76   78   40   18   80   57   22   58   74   37   39   101   45   62   34   40   43   68   30   18   
74   79   39   18   79   53   24   56   75   35   40   105   42   62   38   40   41   68   33   19   
82   76   39   16   81   58   21   53   66   37   37   113   39   64   39   37   47   63   33   19   
84   84   35   16   82   55   19   45   64   39   42   111   43   66   38   34   48   59   41   15   
89   86   38   13   83   48   18   46   68   38   44   120   40   63   43   25   45   55   43   15   
97   81   35   10   92   45   21   47   62   36   49   120   44   61   47   21   41   47   47   17   
95   83   37   11   92   45   23   50   72   36   48   122   39   59   48   21   43   45   38   13   
102   85   43   11   93   34   20   54   76   32   48   116   40   53   47   19   48   48   36   15   
105   82   42   12   84   34   19   55   76   30   47   116   44   52   57   18   50   49   34   14   
102   75   44   14   92   31   17   67   77   29   44   111   45   63   53   19   54   39   30   14   
101   69   36   14   92   30   19   69   84   27   46   121   48   62   54   19   47   45   28   9   
109   70   41   18   92   30   17   75   76   21   50   121   50   62   45   20   51   37   27   8   
112   72   41   14   89   32   17   69   73   22   56   120   58   62   44   21   48   37   26   7   
123   66   39   13   88   32   20   67   79   24   61   120   55   62   41   21   47   35   23   4   
129   70   43   11   89   32   28   69   72   25   60   114   49   60   44   19   51   28   23   4   
131   70   46   13   92   34   24   60   79   27   50   123   43   68   43   18   42   30   22   5   
136   68   41   10   97   38   21   59   80   29   41   128   52   74   38   17   40   24   21   6   
140   64   44   11   90   34   25   56   86   32   38   131   49   72   37   15   43   24   24   5   
138   64   38   10   95   34   15   55   85   34   43   134   55   76   36   14   42   20   27   5   
136   55   43   13   98   39   15   51   87   29   47   143   49   68   37   12   45   19   29   5   
131   48   39   12   102   44   12   55   81   30   36   145   52   74   34   12   53   23   31   6   
130   44   40   10   94   45   15   61   82   34   34   146   60   66   38   14   50   27   27   3   
139   38   39   10   101   40   12   61   92   30   38   145   55   70   38   16   46   24   21   5   
134   36   36   9   107   41   10   63   95   32   40   147   57   74   40   10   47   18   17   7   
133   40   36   12   103   43   7   64   93   37   34   149   55   83   43   9   42   13   16   8   
139   39   36   11   101   38   8   60   99   32   39   147   63   90   42   11   35   12   14   4   
138   36   38   9   100   40   6   67   91   39   34   155   61   88   41   14   35   13   10   5   
144   31   37   8   108   35   6   66   89   39   33   157   58   80   42   17   37   15   11   7   
141   34   38   9   102   38   5   59   91   38   34   156   53   87   45   16   36   19   12   7   
137   29   33   7   103   44   3   63   91   38   29   151   62   89   44   17   35   27   13   5   
130   28   33   10   106   45   4   67   93   38   25   151   56   90   47   13   36   30   11   7   
120   26   29   9   105   43   4   67   94   41   23   158   55   92   44   13   43   34   11   9   
121   27   30   13   112   43   4   64   94   38   23   149   55   93   42   11   47   38   8   8   
118   23   25   13   118   43   2   63   94   38   23   151   52   91   45   11   56   39   6   9   
113   24   28   13   132   45   1   73   87   36   22   144   49   88   44   11   61   35   5   9   
107   21   32   13   128   41   1   69   92   42   25   142   57   87   41   9   60   39   6   8   
111   24   36   16   130   38   1   64   94   36   21   144   53   107   37   9   56   32   5   6   
110   21   31   17   129   40   1   71   88   38   23   137   61   97   39   12   60   31   6   8   
113   19   32   20   115   34   1   78   88   38   25   141   58   95   47   14   54   34   7   7   
117   17   33   25   112   34   1   79   88   35   17   140   54   93   59   11   54   34   7   10   
122   18   39   28   102   32   1   73   81   43   17   145   58   80   57   12   57   38   11   6   
127   20   41   26   98   27   1   73   79   46   16   146   67   68   61   9   51   48   10   6   
124   22   45   28   91   23   1   70   76   38   15   156   57   66   54   10   65   57   15   7   
111   27   46   28   93   19   1   73   68   37   16   171   63   56   48   13   68   56   19   7   
105   30   43   27   102   18   1   65   76   33   19   166   66   56   50   11   67   56   20   9   
101   31   37   22   94   21   1   64   74   26   21   192   63   62   55   11   68   52   18   7   
108   29   40   17   90   28   1   49   82   30   23   189   63   58   59   10   68   46   25   5   
112   28   36   16   104   29   1   55   85   27   20   194   65   51   57   10   53   50   25   2   
103   34   30   16   102   30   1   58   89   36   19   201   66   43   51   10   60   42   27   2   
104   30   31   13   106   33   1   60   101   36   17   199   63   45   46   9   59   39   26   2   
94   33   30   11   112   28   1   70   105   31   17   200   57   50   49   10   57   39   24   2   
86   27   29   10   124   25   1   73   103   32   21   197   54   56   49   8   60   43   21   1   
95   35   32   9   127   26   1   59   112   35   20   196   51   42   46   8   54   46   25   1   
105   35   28   10   126   33   1   56   114   39   20   191   45   40   45   7   52   47   25   1   
93   33   31   17   122   34   1   57   96   41   27   207   46   42   43   6   49   48   26   1   
85   30   30   20   130   34   1   56   96   48   27   209   49   44   30   7   42   52   29   1   
89   29   28   19   128   32   1   60   99   51   34   206   47   45   33   4   36   55   23   1   
78   22   27   17   117   27   1   64   108   48   35   207   52   52   31   4   40   65   24   1   
61   24   29   17   106   25   1   73   110   46   42   201   55   61   38   3   42   69   16   1   
61   23   27   17   100   23   1   74   113   42   47   194   60   57   38   4   46   73   19   1   
70   25   29   18   97   28   1   77   122   41   44   177   48   60   36   5   44   75   22   1   
74   25   30   16   114   26   1   88   121   42   45   160   38   61   33   4   38   80   23   1   
72   31   29   12   119   28   1   78   138   37   39   161   38   63   28   3   42   81   19   1   
72   32   35   11   110   27   1   80   149   33   45   151   33   66   27   3   41   86   17   1   
70   27   32   13   113   21   1   88   147   28   46   156   37   71   20   4   38   88   19   1   
70   31   28   16   124   16   1   85   141   33   41   149   35   80   21   3   36   89   20   1   
73   32   27   17   132   13   1   83   128   32   40   148   39   89   26   2   39   79   19   1   
72   28   27   17   120   12   1   84   135   34   42   160   42   83   27   3   35   84   13   1   
78   31   23   14   110   9   1   89   143   33   34   165   48   88   30   4   31   73   15   1   
69   37   29   16   97   12   1   91   136   32   33   171   52   93   29   5   31   72   13   1   
76   34   33   16   94   12   1   92   147   30   31   160   51   96   32   6   29   67   12   1   
76   34   35   22   85   13   1   89   146   32   37   154   44   102   30   9   34   67   9   1   
68   30   41   28   86   14   1   76   157   34   47   136   43   103   25   14   43   65   8   1   
63   26   35   29   94   15   1   83   144   34   49   148   51   102   25   11   45   58   6   1   
61   30   32   26   95   12   1   83   153   35   56   138   51   112   21   14   44   50   5   1   
63   25   28   30   100   10   1   100   151   36   58   128   49   108   20   15   40   51   6   1   
66   24   30   25   95   11   1   103   153   37   59   132   45   111   18   13   39   52   5   1   
72   17   27   19   89   12   1   110   149   34   65   129   45   117   19   8   45   56   5   1   
70   18   26   20   85   12   1   111   155   33   58   135   42   125   14   11   44   52   7   1   
59   19   29   19   82   15   1   120   171   32   52   134   44   128   13   11   36   51   3   1   
57   16   28   17   83   14   1   119   185   31   59   125   46   119   8   13   45   50   3   1   
43   14   30   20   80   18   1   129   176   32   66   127   42   113   6   13   47   58   4   1   
50   13   29   23   76   17   1   140   181   33   60   114   42   106   8   14   46   62   4   1   
46   11   25   20   78   16   1   135   187   31   66   113   46   114   7   13   43   63   4   1   
41   13   21   17   85   19   1   143   175   31   58   116   47   115   7   17   40   69   4   1   
40   10   22   21   88   15   1   149   179   32   59   101   44   121   10   18   39   67   3   1   
36   11   27   25   90   16   1   147   184   27   52   111   41   119   9   12   36   72   3   1   
39   13   31   29   85   15   1   134   177   31   52   104   44   117   9   14   41   80   3   1   
46   12   32   26   86   16   1   133   178   36   54   92   41   113   9   17   39   85   3   1   
46   14   39   23   98   16   1   130   178   26   48   88   37   113   9   17   40   92   4   1   
42   13   41   25   94   18   1   144   179   24   43   86   35   106   5   19   44   98   2   1   
39   12   40   25   105   22   1   146   166   29   47   81   36   111   5   16   38   97   3   1   
46   13   38   23   104   20   1   136   161   30   55   89   25   116   6   18   34   101   3   1   
41   13   34   25   98   20   1   144   163   28   57   92   30   115   7   20   29   100   2   1   
46   15   35   25   91   18   1   139   160   30   64   91   30   112   8   18   31   102   3   1   
45   16   37   24   84   23   1   132   154   31   77   96   29   113   4   20   27   102   4   1   
43   19   34   24   86   20   1   132   149   29   74   104   30   118   5   19   26   104   2   1   
38   14   36   25   90   18   1   130   138   33   78   100   36   123   5   19   27   107   1   1   
33   15   30   26   93   17   1   123   130   36   73   113   43   123   7   22   23   110   1   1   
35   16   25   30   100   18   1   122   121   38   68   116   36   122   7   24   21   118   1   1   
37   16   22   33   98   17   1   115   119   40   70   121   28   129   9   23   19   121   1   1   
37   9   23   35   100   21   1   119   117   48   65   124   29   124   12   20   19   115   1   1   
36   12   22   42   83   16   1   122   122   53   69   121   32   126   13   21   19   108   1   1   
30   11   20   41   84   16   1   129   126   59   76   116   27   120   10   20   19   113   1   1   
26   12   16   47   79   16   1   133   130   61   79   126   25   118   8   15   24   102   1   1   
22   14   12   38   78   14   1   138   133   70   81   135   20   117   10   15   25   95   1   1   
20   11   12   31   70   11   1   139   140   81   77   126   20   128   7   16   22   106   1   1   
24   13   16   29   75   11   1   139   141   87   68   121   21   131   5   16   23   97   1   1   
20   17   17   25   71   12   1   152   131   88   69   134   18   125   7   15   23   93   1   1   
23   23   13   30   73   8   1   157   122   99   64   134   18   120   8   14   16   95   1   1   
28   24   10   30   79   9   1   150   136   98   57   137   24   117   6   13   17   82   1   1   
29   24   9   31   75   11   1   145   152   98   50   140   22   115   4   14   15   83   1   1   
38   26   7   28   77   13   1   158   145   95   53   133   19   117   4   17   11   76   1   1   
35   26   6   26   83   11   1   156   143   94   55   143   24   103   6   20   11   75   1   1   
38   34   9   26   82   12   1   145   136   90   49   149   27   104   6   22   11   77   1   1   
29   33   12   23   85   11   1   147   139   94   52   137   32   106   4   20   13   80   1   1   
26   32   10   26   91   15   1   141   144   88   49   132   38   114   2   21   13   75   1   1   
21   34   8   26   86   15   1   137   137   84   56   140   37   113   2   27   13   81   1   1   
21   37   6   24   92   21   1   131   125   74   52   136   38   124   3   32   16   85   1   1   
20   38   4   22   91   23   1   122   127   69   53   140   37   129   4   30   21   87   1   1   
19   40   5   25   95   26   1   125   135   67   55   117   36   133   2   24   16   97   1   1   
18   40   5   24   92   31   1   135   132   77   60   110   34   134   2   26   12   85   1   1   
15   41   6   23   90   31   1   130   125   80   54   126   34   132   3   30   9   88   1   1   
18   34   6   25   93   24   1   125   119   78   50   130   35   147   2   34   8   89   1   1   
18   34   8   29   85   20   1   123   114   86   53   133   37   144   2   37   9   85   1   1   
18   36   11   30   84   22   1   123   109   88   51   122   46   128   2   40   11   96   1   1   
18   41   12   31   85   15   1   112   110   104   52   126   44   125   3   35   8   96   1   1   
20   38   12   30   84   18   1   124   105   111   50   123   47   117   3   39   6   90   1   1   
24   40   9   30   83   20   1   134   97   106   51   120   47   116   3   43   7   87   1   1   
23   39   9   37   93   17   1   130   104   103   51   118   35   119   2   42   5   90   1   1   
21   43   6   37   88   16   1   138   106   99   48   127   28   115   3   48   3   91   1   1   
20   45   6   36   89   15   1   132   106   103   48   131   29   113   3   51   5   85   1   1   
20   46   7   37   89   13   1   130   97   101   52   139   31   110   3   46   4   92   1   1   
26   46   4   35   87   11   1   131   93   100   41   143   29   118   3   51   5   94   1   1   
23   42   4   30   96   10   1   125   88   95   46   150   30   114   3   54   6   101   1   1   
22   39   5   26   94   14   1   104   94   102   42   152   30   128   4   54   5   102   1   1   
21   35   6   21   80   13   1   118   87   96   43   159   35   130   4   56   6   107   1   1   
22   33   7   23   74   13   1   114   86   97   47   156   36   137   2   58   7   105   1   1   
20   45   6   20   69   14   1   115   91   84   44   157   37   132   1   55   11   116   1   1   
25   52   6   23   64   12   1   108   90   88   43   156   40   126   1   60   13   110   1   1   
25   49   6   30   60   10   1   105   88   86   50   154   45   129   1   60   11   108   1   1   
24   53   6   30   54   7   1   114   93   72   48   163   41   134   1   62   6   109   1   1   
31   46   7   30   55   5   1   107   98   76   49   171   44   131   1   56   5   105   1   1   
37   47   7   32   46   7   1   114   91   83   45   159   45   129   1   55   5   114   1   1   
40   43   5   35   48   10   1   115   95   83   38   164   46   122   1   54   6   112   1   1   
46   41   6   33   48   10   1   107   97   88   42   160   42   125   1   55   9   107   1   1   
47   47   7   39   45   9   1   112   94   94   38   152   38   123   1   61   11   99   1   1   
50   46   6   30   44   8   1   114   98   89   47   142   34   132   1   74   7   95   1   1   
43   49   7   27   40   10   1   117   101   88   54   148   31   130   1   76   10   85   1   1   
44   50   9   36   37   13   1   114   109   92   47   148   35   116   1   67   12   87   1   1   
42   43   9   31   38   11   1   113   105   97   49   161   40   113   1   74   16   74   1   1   
46   47   11   29   32   8   1   112   103   97   44   167   46   116   1   73   14   71   1   1   
43   51   10   23   25   12   1   111   104   107   40   166   49   108   1   85   16   66   1   1   
46   49   13   20   25   15   1   103   116   99   39   150   42   117   1   96   16   70   1   1   
43   53   10   19   23   14   1   114   123   89   38   153   39   124   1   89   13   72   1   1   
39   48   6   21   26   15   1   126   142   100   34   140   38   115   1   83   9   74   1   1   
35   48   4   20   22   16   1   138   146   91   32   137   42   112   1   91   10   72   1   1   
24   51   5   24   22   13   1   146   143   94   32   138   32   110   1   95   12   75   1   1   
28   44   5   22   16   14   1   142   137   99   38   145   24   122   1   104   9   67   1   1   
30   44   3   26   18   15   1   140   133   108   37   157   24   107   1   103   8   63   1   1   
30   41   3   28   16   13   1   134   143   103   39   163   22   104   1   102   7   68   1   1   
32   37   4   24   19   12   1   135   136   100   40   162   24   114   1   110   8   59   1   1   
32   37   3   20   19   14   1   149   134   94   38   174   19   106   1   107   9   61   1   1   
30   38   5   17   22   15   1   140   137   94   31   171   21   121   1   98   7   69   1   1   
27   51   6   15   22   14   1   128   137   91   30   181   19   114   1   102   7   72   1   1   
30   49   9   11   28   13   1   129   136   105   28   174   16   118   1   89   9   72   1   1   
28   43   10   10   24   10   1   131   131   104   33   186   17   105   1   93   13   78   1   1   
23   43   8   12   25   11   1   131   140   98   33   191   14   106   1   93   11   77   1   1   
23   46   12   11   18   10   1   129   147   105   35   179   14   101   1   89   11   86   1   1   
19   55   15   16   16   10   1   123   150   105   34   164   15   106   1   88   13   87   1   1   
18   49   16   14   17   11   1   135   151   103   28   172   14   113   1   84   7   84   1   1   
23   54   16   16   14   9   1   120   171   87   25   174   12   108   1   87   10   90   1   1   
25   51   12   15   18   8   1   130   152   91   27   177   11   107   1   94   8   90   1   1   
31   48   16   15   22   8   1   124   144   98   27   178   9   102   1   98   11   85   1   1   
27   41   18   11   22   7   1   138   140   99   34   180   12   104   1   94   6   83   1   1   
31   39   20   13   24   10   1   138   149   103   33   159   16   105   1   92   6   78   1   1   
32   41   25   14   28   10   1   135   160   97   38   165   18   94   1   78   6   75   1   1   
31   37   26   15   30   10   1   141   149   98   39   164   22   96   1   82   7   69   1   1   
34   35   28   14   28   13   1   141   148   96   36   184   23   93   1   75   6   62   1   1   
31   25   35   13   25   11   1   146   150   110   37   181   20   95   1   67   8   62   1   1   
36   27   31   13   19   9   1   156   150   118   33   188   21   91   1   60   8   56   1   1   
39   30   27   16   19   6   1   152   150   119   32   190   23   87   1   62   7   57   1   1   
37   27   25   17   16   6   1   154   164   117   37   167   16   97   1   64   8   64   1   1   
42   26   30   18   15   8   1   148   165   112   39   174   14   96   1   55   9   65   1   1   
37   23   36   12   18   10   1   156   165   102   46   175   15   105   1   47   9   60   1   1   
28   24   34   10   19   10   1   157   157   106   52   180   18   104   1   42   9   66   1   1   
26   26   34   14   19   9   1   155   162   104   50   181   20   114   1   37   8   57   1   1   
19   27   31   14   22   9   1   161   163   101   44   193   16   116   1   41   6   53   1   1   
13   28   33   12   19   8   1   146   156   102   48   199   14   122   1   51   4   61   1   1   
15   32   34   7   18   5   1   149   139   103   46   203   17   136   1   49   3   60   1   1   
14   35   32   6   18   4   1   146   150   109   47   191   19   141   1   45   3   56   1   1   
12   34   31   8   15   1   1   153   145   110   57   185   21   145   1   42   3   54   1   1   
11   35   32   9   16   1   1   143   150   108   57   187   24   151   1   37   2   53   1   1   
13   41   30   12   18   1   1   135   145   111   58   188   28   150   1   37   1   48   1   1   
14   37   33   11   22   1   1   135   152   122   58   166   31   155   1   34   1   44   1   1   
18   36   36   10   25   1   1   141   146   119   52   175   36   147   1   28   1   45   1   1   
17   38   36   13   23   1   1   130   158   127   60   167   28   142   1   24   1   51   1   1   
23   42   36   16   22   1   1   125   171   128   61   158   19   135   1   23   1   55   1   1   
22   43   35   18   17   1   1   117   176   138   57   164   24   127   1   19   1   57   1   1   
24   45   34   18   19   1   1   127   169   125   51   173   20   131   1   20   1   58   1   1   
26   33   37   19   19   1   1   128   168   119   51   176   21   136   1   21   1   60   1   1   
22   32   33   19   16   1   1   130   167   112   54   172   23   150   1   23   1   61   1   1   
25   31   36   21   19   1   1   127   164   128   54   164   23   148   1   24   1   50   1   1   
30   34   31   22   20   1   1   123   164   138   52   158   19   149   1   26   1   48   1   1   
34   31   34   29   21   1   1   123   163   141   52   158   19   135   1   26   1   48   1   1   
30   30   38   29   20   1   1   144   163   133   52   153   23   127   1   22   1   50   1   1   
33   29   40   31   17   1   1   136   155   144   52   156   18   136   1   25   1   42   1   1   
34   26   40   34   18   1   1   145   152   141   45   149   19   137   1   28   1   46   1   1   
32   31   36   35   20   1   1   143   155   148   37   137   21   141   1   26   1   52   1   1   
35   36   34   38   25   1   1   147   141   137   34   136   20   150   1   29   1   52   1   1   
39   28   39   41   25   1   1   146   142   134   31   127   19   161   1   30   1   52   1   1   
36   28   42   37   20   1   1   158   137   125   31   120   25   157   1   41   1   57   1   1   
34   32   39   29   21   1   1   159   142   118   34   121   21   160   1   50   1   54   1   1   
29   35   40   23   18   1   1   146   148   124   31   120   25   172   1   51   1   52   1   1   
31   38   34   22   21   1   1   158   144   137   29   112   26   161   1   53   1   48   1   1   
39   45   28   22   21   1   1   159   145   145   30   121   22   147   1   52   1   38   1   1   
40   46   30   26   25   1   1   162   155   141   26   105   14   153   1   52   1   39   1   1   
44   45   29   28   21   1   1   163   160   131   21   107   14   156   1   56   1   39   1   1   
49   48   30   32   20   1   1   168   149   137   19   104   12   151   1   58   1   37   1   1   
52   43   26   31   16   1   1   183   155   137   19   103   12   153   1   51   1   33   1   1   
48   42   26   33   19   1   1   194   152   145   16   98   10   151   1   45   1   35   1   1   
48   28   29   34   22   1   1   193   165   148   15   89   10   151   1   46   1   36   1   1   
49   26   32   33   24   1   1   186   176   155   16   93   8   137   1   52   1   27   1   1   
48   26   29   26   24   1   1   182   176   165   20   95   8   131   1   54   1   30   1   1   
48   32   31   24   23   1   1   179   175   169   17   90   11   130   1   52   1   33   1   1   
52   28   25   24   22   1   1   179   174   182   17   84   12   120   1   58   1   37   1   1   
58   31   30   26   21   1   1   169   164   193   20   88   13   116   1   44   1   41   1   1   
55   29   29   21   18   1   1   176   170   191   16   92   16   113   1   43   1   45   1   1   
53   30   28   23   18   1   1   157   166   210   22   86   13   121   1   40   1   47   1   1   
47   37   28   32   15   1   1   156   166   208   22   86   9   127   1   35   1   46   1   1   
50   28   30   31   16   1   1   157   155   213   13   96   9   127   1   32   1   57   1   1   
41   35   26   30   19   1   1   157   150   205   14   98   10   129   1   33   1   67   1   1   
40   29   21   24   19   1   1   159   149   212   14   100   8   140   1   32   1   67   1   1   
23   30   23   27   18   1   1   183   154   212   14   102   7   130   1   32   1   59   1   1   
22   34   25   26   13   1   1   185   170   212   12   98   11   108   1   33   1   65   1   1   
22   37   28   25   8   1   1   175   171   199   11   100   15   119   1   42   1   62   1   1   
30   29   25   17   10   1   1   180   164   216   13   93   16   122   1   35   1   64   1   1   
30   24   25   23   12   1   1   183   170   218   15   86   18   118   1   29   1   63   1   1   
36   26   21   25   10   1   1   196   163   219   13   80   21   105   1   34   1   65   1   1   
39   32   20   24   9   1   1   191   157   221   18   69   21   116   1   33   1   64   1   1   
38   34   23   21   10   1   1   191   158   232   15   65   17   114   1   31   1   65   1   1   
33   28   20   21   14   1   1   194   162   242   13   64   18   115   1   28   1   62   1   1   
36   28   19   19   11   1   1   208   145   251   14   67   14   111   1   26   1   65   1   1   
28   30   20   18   10   1   1   201   146   262   15   73   18   109   1   22   1   62   1   1   
28   32   15   19   11   1   1   215   142   262   17   69   17   103   1   28   1   56   1   1   
25   27   18   20   9   1   1   225   133   264   14   66   18   109   1   27   1   59   1   1   
30   30   20   18   8   1   1   229   123   263   16   63   15   119   1   23   1   57   1   1   
31   24   19   15   10   1   1   245   121   252   10   69   10   126   1   23   1   59   1   1   
32   20   21   15   9   1   1   246   123   267   6   65   10   125   1   24   1   51   1   1   
35   18   22   15   9   1   1   245   124   278   5   66   7   111   1   24   1   55   1   1   
44   18   22   10   7   1   1   269   109   271   3   68   7   112   1   27   1   47   1   1   
38   20   16   9   6   1   1   266   111   275   3   77   10   105   1   28   1   50   1   1   
33   22   16   10   5   1   1   264   115   273   5   73   8   106   1   32   1   52   1   1   
32   20   14   8   6   1   1   272   125   275   5   67   10   109   1   25   1   46   1   1   
28   16   12   7   5   1   1   282   123   299   4   62   9   99   1   22   1   46   1   1   
28   24   9   8   7   1   1   290   120   308   4   56   5   90   1   20   1   45   1   1   
28   22   10   8   9   1   1   300   119   305   4   56   7   83   1   18   1   45   1   1   
25   24   11   8   9   1   1   307   127   289   5   50   8   83   1   19   1   49   1   1   
27   29   10   7   7   1   1   306   126   287   3   52   8   84   1   17   1   51   1   1   
25   35   9   8   9   1   1   316   121   270   2   47   9   90   1   17   1   56   1   1   
27   29   8   8   7   1   1   307   148   267   1   48   11   81   1   18   1   54   1   1   
28   21   7   8   5   1   1   319   145   266   1   44   9   84   1   22   1   55   1   1   
29   23   7   10   3   1   1   313   139   275   1   47   8   82   1   21   1   56   1   1   
25   16   7   9   3   1   1   309   134   297   1   51   9   80   1   16   1   57   1   1   
28   16   6   7   5   1   1   307   141   293   1   50   10   77   1   16   1   57   1   1   
25   10   8   9   5   1   1   294   139   313   1   48   5   80   1   20   1   57   1   1   
28   14   9   9   5   1   1   278   151   313   1   44   5   84   1   21   1   52   1   1   
29   16   10   7   4   1   1   269   159   324   1   45   5   82   1   14   1   49   1   1   
29   11   9   7   5   1   1   267   159   334   1   44   4   87   1   12   1   45   1   1   
25   9   9   8   6   1   1   286   139   351   1   38   4   83   1   10   1   45   1   1   
25   7   12   7   6   1   1   274   141   376   1   35   4   82   1   8   1   36   1   1   
23   6   17   8   5   1   1   274   148   355   1   41   5   86   1   8   1   37   1   1   
28   3   22   8   3   1   1   263   138   373   1   33   4   87   1   8   1   43   1   1   
29   4   24   8   3   1   1   259   140   368   1   34   5   92   1   9   1   38   1   1   
26   5   24   9   3   1   1   255   131   394   1   38   5   87   1   9   1   27   1   1   
25   5   29   9   3   1   1   246   135   383   1   43   4   89   1   12   1   30   1   1   
24   6   28   7   2   1   1   255   127   384   1   43   6   91   1   11   1   29   1   1   
21   5   23   9   1   1   1   265   132   372   1   51   7   88   1   11   1   28   1   1   
21   3   23   10   1   1   1   277   139   357   1   59   9   78   1   12   1   24   1   1   
18   3   26   9   1   1   1   276   135   352   1   53   10   92   1   12   1   26   1   1   
20   4   26   10   1   1   1   264   139   360   1   60   10   84   1   12   1   23   1   1   
23   4   36   9   1   1   1   267   145   350   1   55   9   85   1   8   1   21   1   1   
24   5   34   6   1   1   1   267   132   367   1   58   6   85   1   10   1   18   1   1   
28   7   29   3   1   1   1   279   125   363   1   55   8   83   1   12   1   20   1   1   
27   8   29   3   1   1   1   268   130   360   1   54   8   94   1   12   1   19   1   1   
26   7   28   4   1   1   1   261   136   374   1   57   7   85   1   11   1   16   1   1   
22   7   33   2   1   1   1   270   126   377   1   57   7   86   1   10   1   15   1   1   
16   7   32   3   1   1   1   282   116   364   1   60   6   94   1   12   1   20   1   1   
19   5   30   4   1   1   1   292   121   360   1   66   6   78   1   16   1   15   1   1   
20   5   35   5   1   1   1   299   127   355   1   56   5   76   1   14   1   15   1   1   
19   6   36   5   1   1   1   302   122   356   1   54   5   77   1   15   1   15   1   1   
18   5   34   8   1   1   1   299   124   353   1   51   8   81   1   14   1   17   1   1   
15   6   31   8   1   1   1   300   137   348   1   55   10   71   1   14   1   17   1   1   
13   7   32   8   1   1   1   291   143   350   1   47   10   79   1   17   1   15   1   1   
16   8   30   10   1   1   1   289   150   343   1   49   8   81   1   14   1   14   1   1   
12   9   26   9   1   1   1   274   156   349   1   58   9   81   1   12   1   17   1   1   
13   12   31   11   1   1   1   254   161   351   1   50   10   89   1   13   1   17   1   1   
10   13   29   15   1   1   1   250   158   356   1   57   8   90   1   9   1   17   1   1   
11   14   19   17   1   1   1   247   153   374   1   54   6   90   1   9   1   18   1   1   
9   13   22   12   1   1   1   239   151   378   1   57   7   98   1   8   1   18   1   1   
8   15   23   13   1   1   1   236   149   385   1   48   7   102   1   8   1   18   1   1   
7   15   15   8   1   1   1   241   155   387   1   48   6   102   1   9   1   19   1   1   
8   16   16   6   1   1   1   237   162   370   1   50   5   116   1   12   1   14   1   1   
6   15   14   6   1   1   1   239   161   371   1   44   4   125   1   10   1   17   1   1   
4   19   14   8   1   1   1   242   155   373   1   51   3   119   1   12   1   12   1   1   
4   15   12   7   1   1   1   246   154   386   1   53   4   104   1   12   1   15   1   1   
4   16   9   6   1   1   1   244   150   389   1   52   4   108   1   13   1   17   1   1   
4   12   12   6   1   1   1   250   147   392   1   48   3   108   1   16   1   14   1   1   
4   13   12   5   1   1   1   240   153   410   1   46   3   101   1   16   1   9   1   1   
6   10   8   8   1   1   1   229   153   411   1   47   3   116   1   15   1   6   1   1   
5   10   8   7   1   1   1   223   166   406   1   54   3   112   1   13   1   5   1   1   
6   12   8   5   1   1   1   225   157   411   1   52   3   113   1   15   1   5   1   1   
6   14   8   6   1   1   1   224   167   412   1   39   3   117   1   12   1   4   1   1   
6   13   7   8   1   1   1   235   165   398   1   40   4   117   1   14   1   5   1   1   
6   14   5   8   1   1   1   224   163   407   1   38   4   122   1   17   1   4   1   1   
9   12   4   5   1   1   1   229   172   402   1   38   3   113   1   21   1   4   1   1   
12   13   6   5   1   1   1   214   174   405   1   41   3   118   1   18   1   3   1   1   
13   14   7   4   1   1   1   209   173   400   1   41   2   129   1   17   1   3   1   1   
11   14   4   7   1   1   1   222   178   390   1   37   2   128   1   18   1   1   1   1   
13   14   4   4   1   1   1   218   172   404   1   34   3   125   1   20   1   1   1   1   
14   19   4   4   1   1   1   225   175   392   1   36   3   122   1   17   1   1   1   1   
15   21   6   4   1   1   1   229   182   376   1   40   2   119   1   17   1   1   1   1   
20   27   6   3   1   1   1   231   181   368   1   42   1   117   1   15   1   1   1   1   
18   25   9   3   1   1   1   232   173   363   1   48   1   121   1   18   1   1   1   1   
19   31   12   3   1   1   1   222   170   360   1   52   1   125   1   16   1   1   1   1   
18   27   14   5   1   1   1   220   172   353   1   56   1   126   1   19   1   1   1   1   
15   26   15   6   1   1   1   220   169   349   1   69   1   126   1   15   1   1   1   1   
17   30   15   3   1   1   1   217   170   350   1   67   1   131   1   10   1   1   1   1   
17   32   14   2   1   1   1   221   170   350   1   64   1   133   1   7   1   1   1   1   
16   32   13   2   1   1   1   234   173   338   1   67   1   128   1   7   1   1   1   1   
18   30   13   2   1   1   1   235   160   335   1   72   1   137   1   8   1   1   1   1   
17   34   16   1   1   1   1   244   162   321   1   71   1   138   1   6   1   1   1   1   
20   33   18   1   1   1   1   241   169   312   1   76   1   132   1   8   1   1   1   1   
22   33   21   1   1   1   1   242   164   324   1   73   1   123   1   7   1   1   1   1   
20   36   24   1   1   1   1   253   152   322   1   76   1   116   1   10   1   1   1   1   
16   32   19   1   1   1   1   260   151   333   1   77   1   110   1   11   1   1   1   1   
17   34   18   1   1   1   1   254   159   320   1   82   1   115   1   10   1   1   1   1   
14   30   17   1   1   1   1   260   150   315   1   89   1   125   1   9   1   1   1   1   
15   34   15   1   1   1   1   259   145   308   1   92   1   131   1   10   1   1   1   1   
14   42   14   1   1   1   1   260   160   310   1   82   1   121   1   6   1   1   1   1   
11   44   14   1   1   1   1   260   155   315   1   68   1   136   1   6   1   1   1   1   
9   50   16   1   1   1   1   242   157   336   1   62   1   132   1   5   1   1   1   1   
8   51   16   1   1   1   1   234   154   344   1   68   1   128   1   6   1   1   1   1   
10   53   25   1   1   1   1   222   162   330   1   72   1   129   1   6   1   1   1   1   
11   50   29   1   1   1   1   207   168   331   1   69   1   137   1   7   1   1   1   1   
15   46   32   1   1   1   1   203   172   325   1   70   1   136   1   10   1   1   1   1   
17   43   29   1   1   1   1   209   174   318   1   74   1   135   1   10   1   1   1   1   
17   45   28   1   1   1   1   201   173   336   1   64   1   137   1   8   1   1   1   1   
18   41   27   1   1   1   1   185   178   350   1   60   1   143   1   7   1   1   1   1   
18   42   31   1   1   1   1   189   191   332   1   63   1   133   1   10   1   1   1   1   
15   43   36   1   1   1   1   192   192   330   1   59   1   133   1   9   1   1   1   1   
16   42   41   1   1   1   1   188   196   323   1   62   1   132   1   9   1   1   1   1   
18   49   50   1   1   1   1   186   185   320   1   63   1   128   1   10   1   1   1   1   
15   45   58   1   1   1   1   188   183   317   1   68   1   126   1   9   1   1   1   1   
17   43   59   1   1   1   1   188   178   308   1   75   1   131   1   10   1   1   1   1   
14   45   55   1   1   1   1   192   182   309   1   72   1   130   1   10   1   1   1   1   
14   49   58   1   1   1   1   183   185   304   1   62   1   145   1   9   1   1   1   1   
14   43   57   1   1   1   1   194   179   311   1   65   1   137   1   9   1   1   1   1   
16   44   60   1   1   1   1   186   174   328   1   64   1   131   1   6   1   1   1   1   
20   53   66   1   1   1   1   186   179   323   1   63   1   114   1   5   1   1   1   1   
18   53   66   1   1   1   1   178   168   347   1   63   1   109   1   7   1   1   1   1   
17   54   65   1   1   1   1   174   156   357   1   61   1   117   1   8   1   1   1   1   
14   58   57   1   1   1   1   170   172   344   1   68   1   119   1   7   1   1   1   1   
12   57   56   1   1   1   1   180   168   350   1   72   1   106   1   8   1   1   1   1   
19   62   63   1   1   1   1   178   162   341   1   70   1   107   1   7   1   1   1   1   
20   48   68   1   1   1   1   181   161   343   1   74   1   106   1   8   1   1   1   1   
17   52   66   1   1   1   1   173   174   339   1   74   1   105   1   9   1   1   1   1   
18   47   63   1   1   1   1   172   175   348   1   71   1   105   1   10   1   1   1   1   
18   57   69   1   1   1   1   180   169   331   1   69   1   106   1   10   1   1   1   1   
16   60   59   1   1   1   1   170   174   336   1   77   1   107   1   10   1   1   1   1   
14   71   61   1   1   1   1   177   162   338   1   70   1   106   1   10   1   1   1   1   
14   76   64   1   1   1   1   176   163   330   1   69   1   107   1   10   1   1   1   1   
14   77   67   1   1   1   1   175   167   334   1   69   1   96   1   10   1   1   1   1   
15   84   66   1   1   1   1   160   182   329   1   72   1   90   1   11   1   1   1   1   
15   86   71   1   1   1   1   172   188   311   1   70   1   87   1   9   1   1   1   1   
16   71   79   1   1   1   1   185   203   304   1   61   1   78   1   12   1   1   1   1   
17   64   74   1   1   1   1   183   213   311   1   60   1   79   1   8   1   1   1   1   
17   66   76   1   1   1   1   192   216   299   1   58   1   77   1   8   1   1   1   1   
19   67   72   1   1   1   1   184   220   295   1   64   1   79   1   9   1   1   1   1   
23   70   79   1   1   1   1   181   213   292   1   58   1   81   1   12   1   1   1   1   
15   76   77   1   1   1   1   195   223   279   1   58   1   75   1   11   1   1   1   1   
20   81   74   1   1   1   1   200   211   278   1   48   1   81   1   16   1   1   1   1   
21   77   80   1   1   1   1   192   217   277   1   48   1   85   1   12   1   1   1   1   
22   81   79   1   1   1   1   181   214   276   1   50   1   95   1   11   1   1   1   1   
25   87   79   1   1   1   1   182   217   273   1   44   1   92   1   10   1   1   1   1   
27   90   69   1   1   1   1   179   231   263   1   47   1   90   1   13   1   1   1   1   
27   83   62   1   1   1   1   183   236   275   1   45   1   87   1   11   1   1   1   1   
36   86   63   1   1   1   1   196   224   261   1   41   1   91   1   11   1   1   1   1   
34   76   62   1   1   1   1   196   226   270   1   46   1   86   1   13   1   1   1   1   
37   80   64   1   1   1   1   207   236   248   1   37   1   92   1   8   1   1   1   1   
40   76   58   1   1   1   1   202   229   252   1   43   1   101   1   8   1   1   1   1   
38   64   59   1   1   1   1   211   229   258   1   43   1   98   1   9   1   1   1   1   
38   58   59   1   1   1   1   215   230   260   1   36   1   103   1   10   1   1   1   1   
26   59   64   1   1   1   1   216   240   265   1   28   1   105   1   6   1   1   1   1   
25   55   58   1   1   1   1   211   241   286   1   27   1   100   1   6   1   1   1   1   
23   62   48   1   1   1   1   225   237   289   1   27   1   88   1   10   1   1   1   1   
21   58   55   1   1   1   1   214   250   279   1   28   1   91   1   13   1   1   1   1   
21   53   48   1   1   1   1   218   264   263   1   35   1   95   1   12   1   1   1   1   
24   56   50   1   1   1   1   211   260   273   1   32   1   92   1   11   1   1   1   1   
23   60   47   1   1   1   1   204   266   269   1   28   1   98   1   14   1   1   1   1   
23   55   47   1   1   1   1   216   265   263   1   28   1   97   1   15   1   1   1   1   
28   51   48   1   1   1   1   214   267   262   1   28   1   97   1   14   1   1   1   1   
28   53   49   1   1   1   1   218   284   245   1   30   1   89   1   13   1   1   1   1   
24   52   52   1   1   1   1   205   279   258   1   30   1   94   1   15   1   1   1   1   
23   57   53   1   1   1   1   195   279   264   1   31   1   94   1   13   1   1   1   1   
21   71   58   1   1   1   1   175   288   251   1   27   1   102   1   16   1   1   1   1   
24   71   64   1   1   1   1   174   283   248   1   27   1   104   1   14   1   1   1   1   
26   62   53   1   1   1   1   197   278   249   1   24   1   106   1   14   1   1   1   1   
32   60   61   1   1   1   1   203   256   252   1   21   1   108   1   16   1   1   1   1   
36   55   66   1   1   1   1   208   233   266   1   22   1   107   1   16   1   1   1   1   
38   48   69   1   1   1   1   203   234   271   1   22   1   103   1   21   1   1   1   1   
30   50   68   1   1   1   1   210   237   270   1   20   1   101   1   23   1   1   1   1   
37   57   65   1   1   1   1   210   244   267   1   16   1   91   1   22   1   1   1   1   
40   62   57   1   1   1   1   214   253   264   1   15   1   86   1   18   1   1   1   1   
49   60   60   1   1   1   1   199   245   276   1   18   1   86   1   16   1   1   1   1   
60   65   57   1   1   1   1   179   254   272   1   16   1   89   1   17   1   1   1   1   
61   72   56   1   1   1   1   173   249   272   1   20   1   89   1   17   1   1   1   1   
58   68   55   1   1   1   1   167   245   289   1   22   1   87   1   18   1   1   1   1   
55   73   55   1   1   1   1   162   252   295   1   18   1   78   1   21   1   1   1   1   
52   82   56   1   1   1   1   170   234   305   1   19   1   70   1   21   1   1   1   1   
50   75   52   1   1   1   1   174   236   310   1   18   1   74   1   20   1   1   1   1   
42   85   52   1   1   1   1   179   225   309   1   11   1   88   1   18   1   1   1   1   
43   85   55   1   1   1   1   182   220   296   1   11   1   98   1   19   1   1   1   1   
40   79   45   1   1   1   1   187   206   317   1   11   1   100   1   24   1   1   1   1   
47   97   53   1   1   1   1   182   198   302   1   9   1   101   1   20   1   1   1   1   
53   90   54   1   1   1   1   179   195   305   1   9   1   99   1   25   1   1   1   1   
54   94   58   1   1   1   1   164   187   307   1   10   1   113   1   22   1   1   1   1   
56   94   56   1   1   1   1   177   193   289   1   10   1   107   1   27   1   1   1   1   
52   97   61   1   1   1   1   181   165   305   1   9   1   114   1   25   1   1   1   1   
62   101   57   1   1   1   1   196   153   303   1   12   1   100   1   25   1   1   1   1   
67   106   59   1   1   1   1   182   142   317   1   12   1   99   1   25   1   1   1   1   
69   99   64   1   1   1   1   165   146   325   1   14   1   99   1   28   1   1   1   1   
65   98   65   1   1   1   1   178   150   302   1   17   1   103   1   31   1   1   1   1   
62   96   65   1   1   1   1   173   137   314   1   15   1   110   1   37   1   1   1   1   
65   96   62   1   1   1   1   172   126   310   1   12   1   123   1   43   1   1   1   1   
64   99   58   1   1   1   1   186   131   301   1   14   1   114   1   42   1   1   1   1   
65   98   61   1   1   1   1   194   135   302   1   17   1   96   1   41   1   1   1   1   
60   101   59   1   1   1   1   201   150   293   1   13   1   96   1   36   1   1   1   1   
69   107   64   1   1   1   1   187   138   302   1   14   1   93   1   35   1   1   1   1   
66   120   61   1   1   1   1   172   142   299   1   16   1   98   1   35   1   1   1   1   
66   119   60   1   1   1   1   155   151   302   1   19   1   106   1   31   1   1   1   1   
70   120   65   1   1   1   1   159   136   301   1   20   1   108   1   30   1   1   1   1   
62   114   63   1   1   1   1   167   141   293   1   18   1   120   1   31   1   1   1   1   
62   107   59   1   1   1   1   179   134   296   1   20   1   124   1   28   1   1   1   1   
54   100   54   1   1   1   1   186   138   292   1   17   1   139   1   29   1   1   1   1   
48   119   54   1   1   1   1   188   133   278   1   17   1   153   1   19   1   1   1   1   
50   116   55   1   1   1   1   186   126   276   1   18   1   159   1   23   1   1   1   1   
45   116   55   1   1   1   1   201   118   272   1   19   1   163   1   20   1   1   1   1   
41   130   58   1   1   1   1   197   119   264   1   20   1   157   1   23   1   1   1   1   
43   120   53   1   1   1   1   198   122   269   1   23   1   161   1   20   1   1   1   1   
54   117   59   1   1   1   1   180   118   275   1   24   1   161   1   21   1   1   1   1   
49   126   58   1   1   1   1   193   115   253   1   22   1   169   1   24   1   1   1   1   
52   113   51   1   1   1   1   188   118   266   1   18   1   180   1   23   1   1   1   1   
52   122   50   1   1   1   1   175   125   275   1   16   1   170   1   24   1   1   1   1   
48   122   49   1   1   1   1   177   128   272   1   16   1   171   1   26   1   1   1   1   
49   117   51   1   1   1   1   177   125   278   1   17   1   170   1   25   1   1   1   1   
41   117   54   1   1   1   1   173   134   276   1   17   1   172   1   25   1   1   1   1   
37   125   53   1   1   1   1   182   140   258   1   19   1   171   1   24   1   1   1   1   
36   131   54   1   1   1   1   176   136   265   1   13   1   177   1   21   1   1   1   1   
40   125   54   1   1   1   1   164   137   281   1   12   1   179   1   17   1   1   1   1   
43   143   43   1   1   1   1   159   135   281   1   11   1   177   1   17   1   1   1   1   
38   142   45   1   1   1   1   157   136   284   1   9   1   180   1   18   1   1   1   1   
31   132   38   1   1   1   1   161   147   292   1   10   1   178   1   20   1   1   1   1   
32   142   32   1   1   1   1   155   152   304   1   11   1   168   1   13   1   1   1   1   
31   158   34   1   1   1   1   146   148   294   1   15   1   172   1   11   1   1   1   1   
28   149   39   1   1   1   1   139   138   309   1   14   1   183   1   10   1   1   1   1   
31   146   41   1   1   1   1   145   132   305   1   15   1   186   1   8   1   1   1   1   
31   138   38   1   1   1   1   124   132   327   1   18   1   194   1   7   1   1   1   1   
35   132   36   1   1   1   1   127   133   327   1   21   1   190   1   8   1   1   1   1   
38   124   34   1   1   1   1   112   132   331   1   22   1   208   1   8   1   1   1   1   
35   123   33   1   1   1   1   108   130   329   1   27   1   218   1   6   1   1   1   1   
32   127   37   1   1   1   1   110   131   316   1   21   1   228   1   7   1   1   1   1   
30   112   33   1   1   1   1   113   137   319   1   22   1   236   1   7   1   1   1   1   
34   118   42   1   1   1   1   114   127   310   1   25   1   234   1   5   1   1   1   1   
33   121   44   1   1   1   1   123   130   292   1   26   1   237   1   3   1   1   1   1   
31   107   52   1   1   1   1   131   120   302   1   24   1   239   1   3   1   1   1   1   
33   93   45   1   1   1   1   133   132   316   1   21   1   234   1   2   1   1   1   1   
28   90   43   1   1   1   1   128   136   329   1   23   1   230   1   2   1   1   1   1   
26   102   46   1   1   1   1   134   141   324   1   22   1   213   1   1   1   1   1   1   
30   87   48   1   1   1   1   116   163   328   1   22   1   214   1   1   1   1   1   1   
31   89   42   1   1   1   1   125   167   319   1   20   1   215   1   1   1   1   1   1   
26   91   46   1   1   1   1   129   170   301   1   28   1   217   1   1   1   1   1   1   
31   96   39   1   1   1   1   131   153   303   1   29   1   226   1   1   1   1   1   1   
27   95   36   1   1   1   1   142   163   281   1   27   1   237   1   1   1   1   1   1   
22   88   37   1   1   1   1   139   175   285   1   20   1   242   1   1   1   1   1   1   
24   98   37   1   1   1   1   133   169   287   1   18   1   242   1   1   1   1   1   1   
25   96   36   1   1   1   1   134   161   291   1   14   1   251   1   1   1   1   1   1   
23   91   41   1   1   1   1   121   160   278   1   14   1   280   1   1   1   1   1   1   
28   82   31   1   1   1   1   116   156   294   1   14   1   287   1   1   1   1   1   1   
23   89   29   1   1   1   1   114   166   294   1   16   1   277   1   1   1   1   1   1   
29   89   28   1   1   1   1   115   163   297   1   18   1   269   1   1   1   1   1   1   
28   89   32   1   1   1   1   102   173   299   1   12   1   273   1   1   1   1   1   1   
30   87   30   1   1   1   1   103   173   309   1   14   1   262   1   1   1   1   1   1   
32   81   30   1   1   1   1   99   173   303   1   14   1   276   1   1   1   1   1   1   
36   83   30   1   1   1   1   81   168   324   1   14   1   272   1   1   1   1   1   1   
30   89   25   1   1   1   1   87   177   313   1   14   1   273   1   1   1   1   1   1   
29   94   22   1   1   1   1   90   175   308   1   11   1   279   1   1   1   1   1   1   
25   87   24   1   1   1   1   93   191   304   1   12   1   272   1   1   1   1   1   1   
27   83   26   1   1   1   1   90   185   296   1   16   1   285   1   1   1   1   1   1   
32   93   25   1   1   1   1   81   179   298   1   19   1   281   1   1   1   1   1   1   
32   88   26   1   1   1   1   86   190   288   1   18   1   280   1   1   1   1   1   1   
33   99   29   1   1   1   1   91   191   270   1   20   1   275   1   1   1   1   1   1   
34   109   24   1   1   1   1   91   195   272   1   14   1   269   1   1   1   1   1   1   
23   100   24   1   1   1   1   94   185   281   1   12   1   289   1   1   1   1   1   1   
21   104   17   1   1   1   1   92   180   280   1   13   1   301   1   1   1   1   1   1   
23   104   11   1   1   1   1   83   189   297   1   12   1   289   1   1   1   1   1   1   
22   102   10   1   1   1   1   85   190   310   1   13   1   276   1   1   1   1   1   1   
24   106   12   1   1   1   1   74   185   319   1   7   1   281   1   1   1   1   1   1   
29   97   13   1   1   1   1   69   196   308   1   11   1   285   1   1   1   1   1   1   
31   95   10   1   1   1   1   73   196   309   1   11   1   283   1   1   1   1   1   1   
41   89   10   1   1   1   1   68   195   314   1   13   1   278   1   1   1   1   1   1   
44   96   5   1   1   1   1   64   192   305   1   12   1   290   1   1   1   1   1   1   
46   94   6   1   1   1   1   71   183   303   1   12   1   293   1   1   1   1   1   1   
44   91   6   1   1   1   1   78   190   304   1   14   1   281   1   1   1   1   1   1   
44   89   6   1   1   1   1   75   192   299   1   17   1   286   1   1   1   1   1   1   
37   93   5   1   1   1   1   84   198   278   1   21   1   292   1   1   1   1   1   1   
37   101   5   1   1   1   1   78   205   267   1   23   1   292   1   1   1   1   1   1   
36   101   6   1   1   1   1   87   201   267   1   23   1   287   1   1   1   1   1   1   
32   105   7   1   1   1   1   90   185   275   1   29   1   285   1   1   1   1   1   1   
39   101   5   1   1   1   1   86   198   271   1   26   1   282   1   1   1   1   1   1   
37   95   6   1   1   1   1   90   201   266   1   26   1   287   1   1   1   1   1   1   
36   88   7   1   1   1   1   82   201   258   1   30   1   306   1   1   1   1   1   1   
34   86   8   1   1   1   1   80   197   276   1   32   1   295   1   1   1   1   1   1   
30   89   8   1   1   1   1   79   186   279   1   36   1   301   1   1   1   1   1   1   
28   82   8   1   1   1   1   73   197   276   1   35   1   309   1   1   1   1   1   1   
29   81   11   1   1   1   1   76   186   284   1   28   1   313   1   1   1   1   1   1   
28   84   8   1   1   1   1   76   186   292   1   34   1   300   1   1   1   1   1   1   
27   70   7   1   1   1   1   71   193   300   1   40   1   300   1   1   1   1   1   1   
28   72   3   1   1   1   1   69   184   309   1   38   1   305   1   1   1   1   1   1   
29   71   3   1   1   1   1   70   166   299   1   43   1   327   1   1   1   1   1   1   
33   80   4   1   1   1   1   71   162   293   1   43   1   322   1   1   1   1   1   1   
29   81   5   1   1   1   1   75   155   304   1   40   1   319   1   1   1   1   1   1   
31   77   4   1   1   1   1   81   146   301   1   41   1   327   1   1   1   1   1   1   
30   79   4   1   1   1   1   84   145   296   1   39   1   331   1   1   1   1   1   1   
35   72   3   1   1   1   1   82   157   284   1   41   1   334   1   1   1   1   1   1   
35   68   3   1   1   1   1   86   163   289   1   34   1   330   1   1   1   1   1   1   
38   73   4   1   1   1   1   94   163   284   1   44   1   308   1   1   1   1   1   1   
34   84   3   1   1   1   1   93   143   282   1   45   1   324   1   1   1   1   1   1   
36   81   2   1   1   1   1   105   131   293   1   43   1   317   1   1   1   1   1   1   
34   82   1   1   1   1   1   98   135   302   1   42   1   314   1   1   1   1   1   1   
36   78   1   1   1   1   1   96   143   294   1   43   1   317   1   1   1   1   1   1   
37   73   1   1   1   1   1   98   133   317   1   43   1   306   1   1   1   1   1   1   
42   72   1   1   1   1   1   85   143   309   1   42   1   314   1   1   1   1   1   1   
37   76   1   1   1   1   1   92   139   297   1   47   1   319   1   1   1   1   1   1   
39   67   1   1   1   1   1   91   136   314   1   37   1   323   1   1   1   1   1   1   
44   72   1   1   1   1   1   85   143   311   1   39   1   313   1   1   1   1   1   1   
47   86   1   1   1   1   1   89   147   309   1   40   1   289   1   1   1   1   1   1   
45   88   1   1   1   1   1   93   155   299   1   36   1   291   1   1   1   1   1   1   
49   79   1   1   1   1   1   99   158   294   1   36   1   292   1   1   1   1   1   1   
49   82   1   1   1   1   1   95   170   281   1   27   1   303   1   1   1   1   1   1   
43   76   1   1   1   1   1   98   171   284   1   28   1   307   1   1   1   1   1   1   
47   68   1   1   1   1   1   97   181   284   1   24   1   306   1   1   1   1   1   1   
48   60   1   1   1   1   1   94   194   282   1   27   1   302   1   1   1   1   1   1   
57   62   1   1   1   1   1   90   185   272   1   24   1   317   1   1   1   1   1   1   
59   54   1   1   1   1   1   87   188   278   1   20   1   321   1   1   1   1   1   1   
56   48   1   1   1   1   1   91   196   266   1   24   1   326   1   1   1   1   1   1   
56   48   1   1   1   1   1   89   188   270   1   22   1   334   1   1   1   1   1   1   
47   48   1   1   1   1   1   94   190   273   1   25   1   330   1   1   1   1   1   1   
47   55   1   1   1   1   1   92   186   286   1   22   1   319   1   1   1   1   1   1   
55   54   1   1   1   1   1   95   163   288   1   21   1   331   1   1   1   1   1   1   
49   56   1   1   1   1   1   94   146   285   1   22   1   355   1   1   1   1   1   1   
46   52   1   1   1   1   1   92   135   305   1   21   1   356   1   1   1   1   1   1   
47   51   1   1   1   1   1   90   140   289   1   22   1   368   1   1   1   1   1   1   
56   47   1   1   1   1   1   80   141   306   1   21   1   356   1   1   1   1   1   1   
60   56   1   1   1   1   1   80   144   307   1   17   1   343   1   1   1   1   1   1   
51   56   1   1   1   1   1   75   160   301   1   15   1   349   1   1   1   1   1   1   
59   57   1   1   1   1   1   74   172   296   1   16   1   333   1   1   1   1   1   1   
62   53   1   1   1   1   1   76   186   290   1   17   1   323   1   1   1   1   1   1   
73   53   1   1   1   1   1   73   191   288   1   17   1   312   1   1   1   1   1   1   
73   58   1   1   1   1   1   73   185   288   1   15   1   315   1   1   1   1   1   1   
76   61   1   1   1   1   1   69   180   290   1   19   1   312   1   1   1   1   1   1   
72   66   1   1   1   1   1   65   164   304   1   18   1   318   1   1   1   1   1   1   
67   62   1   1   1   1   1   57   156   321   1   17   1   327   1   1   1   1   1   1   
67   66   1   1   1   1   1   70   165   296   1   20   1   323   1   1   1   1   1   1   
66   66   1   1   1   1   1   73   158   307   1   16   1   321   1   1   1   1   1   1   
65   63   1   1   1   1   1   83   157   312   1   14   1   313   1   1   1   1   1   1   
1   1   1   1   1   1   1   1   1   1   1   1   1   1   1   1   1   1   1   1   
1   1   1   1   1   1   1   1   1   1   1   1   1   1   1   1   1   1   1   1   
1   1   1   1   1   1   1   1   1   1   1   1   1   1   1   1   1   1   1   1   
1   1   1   1   1   1   1   1   1   1   1   1   1   1   1   1   1   1   1   1   
1   1   1   1   1   1   1   1   1   1   1   1   1   1   1   1   1   1   1   1   
1   1   1   1   1   1   1   1   1   1   1   1   1   1   1   1   1   1   1   1   
1   1   1   1   1   1   1   1   1   1   1   1   1   1   1   1   1   1   1   1   
1   1   1   1   1   1   1   1   1   1   1   1   1   1   1   1   1   1   1   1   
1   1   1   1   1   1   1   1   1   1   1   1   1   1   1   1   1   1   1   1   
1   1   1   1   1   1   1   1   1   1   1   1   1   1   1   1   1   1   1   1   
1   1   1   1   1   1   1   1   1   1   1   1   1   1   1   1   1   1   1   1   
