126   126   126   126   126   126   126   126   
126   137   124   132   132   129   116   112   
110   137   128   136   138   121   128   110   
100   136   124   131   146   143   126   102   
90   128   144   128   145   145   129   99   
92   125   155   142   139   134   125   96   
100   116   153   146   141   130   124   98   
98   114   162   143   148   121   117   105   
86   120   167   149   142   112   108   124   
95   105   173   148   157   113   93   124   
88   104   180   148   162   112   92   122   
89   104   178   151   164   100   95   127   
88   109   171   147   162   101   92   138   
93   113   172   136   167   104   78   145   
97   121   181   140   164   94   82   129   
96   123   186   149   155   93   89   117   
99   128   176   138   163   107   90   107   
102   120   165   149   160   103   101   108   
102   124   166   147   163   110   96   100   
93   122   159   142   176   106   104   106   
92   136   147   153   169   109   97   105   
87   130   134   156   173   124   97   107   
91   134   136   155   178   115   94   105   
94   128   139   164   164   124   90   105   
88   127   145   163   166   114   94   111   
81   128   148   163   161   119   87   121   
83   127   163   151   157   114   84   129   
82   133   167   137   164   116   80   129   
77   140   170   138   157   120   84   122   
69   162   170   139   152   106   91   119   
61   149   186   140   169   97   91   115   
64   135   186   147   173   102   87   114   
59   142   192   146   176   105   86   102   
62   146   178   144   191   105   83   99   
60   142   158   147   207   101   90   103   
56   121   171   153   193   108   83   123   
46   131   170   169   192   104   74   122   
47   131   172   163   183   106   75   131   
44   143   166   146   180   103   80   146   
44   148   161   151   178   101   81   144   
41   156   164   149   182   81   88   147   
42   150   172   149   171   75   88   161   
44   150   171   164   166   72   91   150   
43   160   158   155   169   84   85   154   
44   168   159   152   177   76   89   143   
47   173   163   149   176   77   93   130   
41   178   168   157   166   82   88   128   
39   175   176   155   169   81   86   127   
38   159   179   170   163   86   91   122   
49   163   164   171   167   81   96   117   
46   149   155   174   176   91   97   120   
46   146   148   175   177   98   100   118   
47   149   149   185   169   99   98   112   
52   137   141   184   181   108   107   98   
58   129   144   200   181   94   106   96   
51   127   135   217   174   105   111   88   
44   131   140   220   166   108   109   90   
41   130   140   220   175   104   108   90   
40   135   129   213   168   110   115   98   
34   143   125   202   178   108   107   111   
39   155   121   207   171   106   105   104   
35   159   126   204   161   105   106   112   
36   168   117   193   157   98   113   126   
36   168   114   202   156   94   110   128   
31   169   104   201   157   102   119   125   
22   179   111   192   160   105   112   127   
23   194   108   190   166   103   109   115   
21   188   108   183   174   104   112   118   
17   190   107   178   170   103   117   126   
19   202   102   196   171   95   112   111   
17   215   115   191   168   94   98   110   
16   204   118   195   186   94   94   101   
15   200   110   211   187   92   90   103   
14   192   95   223   197   102   82   103   
9   178   109   235   189   101   87   100   
10   185   99   243   198   90   74   109   
10   184   95   245   195   78   88   113   
12   170   108   241   193   81   90   113   
12   175   89   238   207   78   99   110   
10   170   83   238   208   84   103   112   
6   161   84   255   195   86   97   124   
5   153   93   252   193   91   98   123   
6   163   99   254   185   79   103   119   
5   184   89   237   197   82   100   114   
6   180   83   240   203   84   102   110   
8   181   77   249   207   87   88   111   
9   168   87   249   208   90   87   110   
11   165   86   266   209   82   82   107   
9   176   88   256   204   79   89   107   
9   165   95   250   195   84   96   114   
10   158   84   261   199   90   88   118   
12   158   93   247   206   88   83   121   
16   159   98   248   196   86   83   122   
20   165   97   237   206   76   92   115   
16   157   102   242   206   77   89   119   
22   154   106   244   190   94   88   110   
20   154   114   247   187   103   76   107   
19   144   133   252   172   105   75   108   
25   161   136   249   176   96   68   97   
28   164   129   256   175   85   75   96   
26   159   129   253   178   84   80   99   
24   162   127   251   169   84   84   107   
22   150   122   265   168   88   80   113   
23   140   120   257   174   90   92   112   
19   133   118   244   194   89   89   122   
13   142   109   253   190   88   93   120   
13   151   103   243   206   88   88   116   
16   153   108   243   213   79   90   106   
18   154   100   260   209   76   89   102   
16   159   105   263   208   67   85   105   
18   164   100   271   206   65   83   101   
18   155   103   271   221   70   75   95   
22   137   104   298   221   59   82   85   
18   145   100   314   211   59   78   83   
21   139   96   329   209   58   75   81   
18   138   98   343   207   57   74   73   
17   141   102   341   192   64   72   79   
15   145   100   337   202   76   65   68   
18   162   100   334   183   72   68   71   
15   161   104   338   186   71   67   66   
11   157   97   349   199   70   60   65   
10   154   97   354   191   75   61   66   
10   176   95   336   182   75   53   81   
12   168   93   342   189   73   56   75   
13   168   102   312   197   81   55   80   
13   180   96   321   188   85   48   77   
15   171   104   338   187   84   35   74   
17   166   101   349   193   85   30   67   
11   173   94   349   194   96   28   63   
16   169   94   361   178   93   30   67   
17   183   88   356   176   97   28   63   
11   184   95   364   178   91   23   62   
8   178   98   356   183   95   31   59   
6   185   88   369   181   82   34   63   
9   185   90   365   174   82   35   68   
7   198   93   350   176   82   42   60   
7   211   89   346   180   74   40   61   
8   202   88   345   185   69   46   65   
5   203   96   331   187   77   43   66   
8   207   87   329   192   76   45   64   
8   208   92   336   183   70   46   65   
9   203   103   327   198   62   47   59   
4   207   100   335   193   67   46   56   
3   213   101   342   186   63   45   55   
3   208   113   348   187   56   44   49   
3   205   106   340   200   55   45   54   
3   203   118   321   202   62   45   54   
3   200   115   333   187   56   54   60   
3   184   110   341   194   65   56   55   
2   167   116   341   199   74   49   60   
2   165   119   330   206   76   48   62   
2   161   122   313   225   67   58   60   
3   154   113   309   232   79   59   59   
3   160   121   298   228   86   60   52   
2   147   117   297   225   100   66   54   
2   155   111   304   229   90   63   54   
3   144   115   301   241   88   68   48   
4   155   96   302   254   88   63   46   
2   151   95   300   261   87   65   47   
3   162   94   305   264   76   61   43   
1   171   86   304   250   84   65   47   
1   171   78   307   249   80   70   52   
1   171   82   299   247   78   76   54   
1   165   82   299   252   77   71   61   
1   176   86   287   251   72   66   69   
1   174   86   290   249   74   70   64   
1   183   89   287   243   87   62   56   
1   185   92   278   243   81   68   60   
1   183   88   273   257   83   61   62   
1   175   91   268   266   89   58   60   
1   178   92   274   256   84   62   61   
1   185   92   279   245   88   61   57   
1   183   95   271   244   88   64   62   
1   188   86   278   245   86   61   63   
1   186   86   274   242   94   63   62   
1   194   74   296   246   82   53   62   
1   196   66   307   244   82   45   67   
1   199   66   311   223   81   59   68   
1   202   66   288   231   90   63   67   
1   208   66   287   231   85   64   66   
1   208   72   293   223   92   57   62   
1   209   79   288   206   98   64   63   
1   209   77   284   216   90   72   59   
1   194   77   307   211   97   66   55   
1   192   80   299   208   101   73   54   
1   205   79   287   216   103   71   46   
1   202   78   289   214   107   75   42   
1   191   81   281   235   107   69   43   
1   195   74   269   249   116   68   36   
1   178   73   265   253   127   69   42   
1   182   79   263   250   127   70   36   
1   174   76   266   249   127   78   37   
1   175   71   257   255   144   72   33   
1   169   72   257   249   151   76   33   
1   164   70   278   234   147   83   31   
1   166   69   275   223   151   90   33   
1   164   67   276   232   147   86   35   
1   160   71   281   239   146   74   36   
1   146   70   291   246   153   67   34   
1   152   69   293   227   166   68   32   
1   154   75   280   220   172   69   37   
1   158   71   288   215   175   62   38   
1   162   67   280   220   185   63   30   
1   164   66   283   209   196   60   29   
1   162   66   294   194   205   58   28   
1   151   68   294   184   210   70   30   
1   167   79   277   183   197   78   26   
1   170   65   278   186   205   76   27   
1   146   79   295   182   204   75   26   
1   151   77   289   191   194   75   30   
1   160   68   280   191   193   84   31   
1   160   60   296   181   199   79   32   
1   161   64   302   179   188   84   29   
1   160   53   300   186   190   89   29   
1   161   52   323   186   178   82   25   
1   157   56   320   193   170   87   24   
1   159   53   303   200   175   90   27   
1   161   49   308   194   178   94   23   
1   161   50   308   193   195   85   15   
1   154   50   310   196   201   81   15   
1   168   61   289   196   197   76   20   
1   169   56   294   187   205   75   21   
1   170   46   296   185   207   81   22   
1   170   45   310   174   200   91   17   
1   171   41   315   169   202   90   19   
1   159   50   318   172   187   96   25   
1   158   53   308   181   182   102   23   
1   150   60   311   180   181   102   23   
1   147   58   304   184   184   107   23   
1   149   58   301   183   182   119   15   
1   148   58   313   186   186   106   10   
1   135   57   339   196   171   103   6   
1   133   53   345   201   156   113   6   
1   126   48   332   210   169   117   5   
1   131   45   332   204   175   118   2   
1   132   41   336   209   172   115   2   
1   129   39   325   205   188   118   3   
1   112   31   334   213   199   115   3   
1   102   31   317   227   214   114   2   
1   108   31   323   213   207   123   2   
1   101   33   307   228   207   129   2   
1   107   30   311   234   203   120   2   
1   115   34   289   251   204   113   1   
1   106   32   276   258   212   122   1   
1   100   42   274   254   212   124   1   
1   90   49   272   263   215   117   1   
1   93   46   273   267   213   114   1   
1   99   54   277   261   209   106   1   
1   98   59   289   247   206   107   1   
1   107   64   291   247   199   98   1   
1   105   58   281   246   209   107   1   
1   105   54   284   246   200   117   1   
1   102   53   295   240   197   119   1   
1   86   57   328   232   187   116   1   
1   87   54   333   220   199   113   1   
1   90   54   330   205   205   122   1   
1   86   58   348   204   203   107   1   
1   88   58   347   217   194   102   1   
1   83   51   349   216   199   108   1   
1   89   42   330   218   201   126   1   
1   91   39   343   220   188   125   1   
1   91   38   356   227   172   122   1   
1   81   38   353   219   181   134   1   
1   73   37   353   225   182   136   1   
1   77   37   358   212   183   139   1   
1   69   44   355   218   185   135   1   
1   60   40   362   215   188   141   1   
1   62   37   372   208   180   147   1   
1   56   42   392   202   179   135   1   
1   61   38   372   212   178   145   1   
1   65   35   382   227   160   137   1   
1   60   44   380   223   172   127   1   
1   54   40   405   208   182   117   1   
1   54   38   408   206   191   109   1   
1   51   36   401   229   182   107   1   
1   39   34   407   235   183   108   1   
1   36   34   409   220   196   111   1   
1   35   36   415   220   191   109   1   
1   35   29   437   221   184   100   1   
1   34   25   431   228   176   112   1   
1   38   26   421   221   180   120   1   
1   43   24   414   231   186   108   1   
1   44   19   408   226   181   128   1   
1   45   20   408   233   173   127   1   
1   39   22   415   236   162   132   1   
1   44   19   437   241   157   108   1   
1   50   16   444   224   157   115   1   
1   58   17   452   216   155   108   1   
1   55   15   453   218   148   117   1   
1   45   19   466   219   136   121   1   
1   47   18   454   215   135   137   1   
1   47   18   430   221   167   123   1   
1   53   20   409   229   171   124   1   
1   57   22   382   244   166   135   1   
1   63   26   376   248   161   132   1   
1   58   31   376   262   137   142   1   
1   65   31   370   259   134   147   1   
1   63   33   359   246   146   159   1   
1   66   33   364   237   147   159   1   
1   76   32   355   230   152   161   1   
1   79   34   357   229   157   150   1   
1   79   28   368   213   163   155   1   
1   76   31   369   209   168   153   1   
1   89   44   344   204   166   159   1   
1   90   48   349   192   165   162   1   
1   94   46   332   205   174   155   1   
1   95   47   313   202   183   166   1   
1   96   53   321   180   187   169   1   
1   98   56   317   177   185   173   1   
1   102   59   321   171   195   158   1   
1   96   66   329   176   190   149   1   
1   76   70   346   184   177   153   1   
1   69   65   356   184   180   152   1   
1   75   56   346   204   177   148   1   
1   73   55   333   211   182   152   1   
1   67   53   349   214   172   151   1   
1   73   52   361   215   150   155   1   
1   69   55   364   203   160   155   1   
1   71   59   360   191   180   145   1   
1   70   56   355   184   186   155   1   
1   71   54   357   184   190   150   1   
1   79   47   332   191   201   156   1   
1   76   51   301   218   205   155   1   
1   78   51   301   211   216   149   1   
1   84   44   300   205   222   151   1   
1   80   42   315   200   214   155   1   
1   75   36   329   197   211   158   1   
1   71   34   328   187   215   171   1   
1   77   37   315   186   222   169   1   
1   75   33   332   190   224   152   1   
1   66   42   318   191   229   160   1   
1   65   38   324   186   226   167   1   
1   63   38   326   178   230   171   1   
1   57   42   332   170   234   171   1   
1   50   33   323   177   249   174   1   
1   45   32   329   169   257   174   1   
1   53   28   331   176   239   179   1   
1   55   27   331   183   238   172   1   
1   60   32   312   197   247   158   1   
1   64   27   304   199   250   162   1   
1   60   27   294   213   252   160   1   
1   59   29   299   206   259   154   1   
1   63   24   290   205   274   150   1   
1   56   21   290   204   280   155   1   
1   63   18   288   203   271   163   1   
1   66   22   298   207   269   144   1   
1   79   18   286   208   277   138   1   
1   78   11   281   210   288   138   1   
1   85   12   277   203   290   139   1   
1   83   9   267   199   301   147   1   
1   78   9   272   188   310   149   1   
1   80   9   271   193   300   153   1   
1   83   11   259   180   305   168   1   
1   74   11   258   190   297   176   1   
1   64   14   255   203   288   182   1   
1   56   16   264   212   278   180   1   
1   65   14   263   212   264   188   1   
1   60   14   264   222   266   180   1   
1   59   16   244   233   262   192   1   
1   61   13   270   221   255   186   1   
1   53   11   271   229   260   182   1   
1   53   10   265   243   255   180   1   
1   52   8   256   251   253   186   1   
1   48   7   264   243   250   194   1   
1   53   6   267   236   251   193   1   
1   55   4   262   235   255   195   1   
1   58   2   262   230   262   192   1   
1   63   2   264   231   257   189   1   
1   68   2   266   233   248   189   1   
1   63   1   263   225   256   198   1   
1   55   1   277   209   243   221   1   
1   59   1   257   208   245   236   1   
1   55   1   260   191   257   242   1   
1   51   1   266   194   253   241   1   
1   49   1   256   199   253   248   1   
1   49   1   255   200   251   250   1   
1   50   1   258   208   246   243   1   
1   54   1   262   207   254   228   1   
1   57   1   258   194   280   216   1   
1   59   1   281   201   272   192   1   
1   47   1   288   202   286   182   1   
1   46   1   266   212   300   181   1   
1   43   1   268   227   289   178   1   
1   45   1   257   228   296   179   1   
1   44   1   269   229   300   163   1   
1   49   1   264   226   301   165   1   
1   55   1   267   227   282   174   1   
1   55   1   261   231   281   177   1   
1   53   1   268   223   273   188   1   
1   58   1   273   206   272   196   1   
1   51   1   291   211   265   187   1   
1   43   1   285   218   265   194   1   
1   32   1   290   213   262   208   1   
1   35   1   290   211   263   206   1   
1   33   1   289   222   257   204   1   
1   30   1   296   214   257   208   1   
1   26   1   297   215   262   205   1   
1   27   1   290   213   262   213   1   
1   30   1   291   224   262   198   1   
1   29   1   300   224   259   193   1   
1   26   1   306   221   261   191   1   
1   26   1   299   237   253   190   1   
1   23   1   296   243   254   189   1   
1   28   1   296   244   244   193   1   
1   27   1   296   236   244   202   1   
1   24   1   311   223   254   193   1   
1   22   1   323   220   255   185   1   
1   20   1   332   225   245   183   1   
1   19   1   330   219   253   184   1   
1   12   1   352   217   238   186   1   
1   9   1   348   221   241   186   1   
1   11   1   343   219   249   183   1   
1   12   1   343   222   252   176   1   
1   14   1   337   242   244   168   1   
1   14   1   356   234   232   169   1   
1   16   1   364   215   235   175   1   
1   16   1   379   214   229   167   1   
1   14   1   383   212   233   163   1   
1   9   1   400   206   239   151   1   
1   6   1   397   195   246   161   1   
1   5   1   401   188   248   163   1   
1   6   1   407   193   239   160   1   
1   6   1   420   182   240   157   1   
1   4   1   406   192   244   159   1   
1   4   1   394   191   256   160   1   
1   4   1   404   193   232   172   1   
1   2   1   422   182   224   175   1   
1   2   1   438   175   220   170   1   
1   2   1   433   174   230   166   1   
1   3   1   411   174   240   177   1   
1   3   1   423   173   243   163   1   
1   3   1   427   175   240   160   1   
1   2   1   438   169   246   150   1   
1   1   1   432   184   234   154   1   
1   1   1   429   190   239   146   1   
1   1   1   436   191   240   137   1   
1   1   1   444   181   247   132   1   
1   1   1   446   171   255   132   1   
1   1   1   432   162   263   147   1   
1   1   1   416   174   269   145   1   
1   1   1   422   169   270   143   1   
1   1   1   430   150   284   140   1   
1   1   1   438   153   266   147   1   
1   1   1   436   141   277   150   1   
1   1   1   445   142   284   133   1   
1   1   1   450   141   278   135   1   
1   1   1   442   134   301   127   1   
1   1   1   448   127   312   117   1   
1   1   1   449   142   296   117   1   
1   1   1   449   139   296   120   1   
1   1   1   462   132   293   117   1   
1   1   1   447   124   319   114   1   
1   1   1   467   110   318   109   1   
1   1   1   466   108   323   107   1   
1   1   1   478   103   318   105   1   
1   1   1   486   109   309   100   1   
1   1   1   495   101   314   94   1   
1   1   1   468   110   321   105   1   
1   1   1   485   110   301   108   1   
1   1   1   500   111   284   109   1   
1   1   1   480   116   290   118   1   
1   1   1   483   126   287   108   1   
1   1   1   494   129   278   103   1   
1   1   1   490   125   290   99   1   
1   1   1   491   114   295   104   1   
1   1   1   494   94   318   98   1   
1   1   1   493   82   329   100   1   
1   1   1   503   82   330   89   1   
1   1   1   522   81   321   80   1   
1   1   1   523   84   317   80   1   
1   1   1   540   77   307   80   1   
1   1   1   540   78   307   79   1   
1   1   1   535   75   306   88   1   
1   1   1   524   74   325   81   1   
1   1   1   546   64   307   87   1   
1   1   1   558   66   296   84   1   
1   1   1   564   71   277   92   1   
1   1   1   571   69   283   81   1   
1   1   1   573   78   270   83   1   
1   1   1   596   79   252   77   1   
1   1   1   603   78   245   78   1   
1   1   1   601   72   251   80   1   
1   1   1   600   71   253   80   1   
1   1   1   590   63   257   94   1   
1   1   1   579   70   259   96   1   
1   1   1   587   67   248   102   1   
1   1   1   601   59   245   99   1   
1   1   1   604   55   254   91   1   
1   1   1   612   62   241   89   1   
1   1   1   619   57   237   91   1   
1   1   1   601   64   247   92   1   
1   1   1   584   66   260   94   1   
1   1   1   596   58   249   101   1   
1   1   1   586   62   259   97   1   
1   1   1   602   50   266   86   1   
1   1   1   578   60   277   89   1   
1   1   1   563   62   282   97   1   
1   1   1   560   52   288   104   1   
1   1   1   567   46   287   104   1   
1   1   1   1   1   1   1   1   
1   1   1   1   1   1   1   1   
1   1   1   1   1   1   1   1   
1   1   1   1   1   1   1   1   
1   1   1   1   1   1   1   1   
1   1   1   1   1   1   1   1   
1   1   1   1   1   1   1   1   
1   1   1   1   1   1   1   1   
1   1   1   1   1   1   1   1   
1   1   1   1   1   1   1   1   
1   1   1   1   1   1   1   1   
1   1   1   1   1   1   1   1   
1   1   1   1   1   1   1   1   
1   1   1   1   1   1   1   1   
1   1   1   1   1   1   1   1   
1   1   1   1   1   1   1   1   
1   1   1   1   1   1   1   1   
1   1   1   1   1   1   1   1   
1   1   1   1   1   1   1   1   
1   1   1   1   1   1   1   1   
1   1   1   1   1   1   1   1   
1   1   1   1   1   1   1   1   
1   1   1   1   1   1   1   1   
1   1   1   1   1   1   1   1   
1   1   1   1   1   1   1   1   
1   1   1   1   1   1   1   1   
1   1   1   1   1   1   1   1   
1   1   1   1   1   1   1   1   
1   1   1   1   1   1   1   1   
1   1   1   1   1   1   1   1   
1   1   1   1   1   1   1   1   
1   1   1   1   1   1   1   1   
1   1   1   1   1   1   1   1   
1   1   1   1   1   1   1   1   
1   1   1   1   1   1   1   1   
1   1   1   1   1   1   1   1   
1   1   1   1   1   1   1   1   
1   1   1   1   1   1   1   1   
1   1   1   1   1   1   1   1   
1   1   1   1   1   1   1   1   
1   1   1   1   1   1   1   1   
1   1   1   1   1   1   1   1   
1   1   1   1   1   1   1   1   
1   1   1   1   1   1   1   1   
1   1   1   1   1   1   1   1   
1   1   1   1   1   1   1   1   
1   1   1   1   1   1   1   1   
1   1   1   1   1   1   1   1   
1   1   1   1   1   1   1   1   
1   1   1   1   1   1   1   1   
1   1   1   1   1   1   1   1   
1   1   1   1   1   1   1   1   
1   1   1   1   1   1   1   1   
1   1   1   1   1   1   1   1   
1   1   1   1   1   1   1   1   
1   1   1   1   1   1   1   1   
1   1   1   1   1   1   1   1   
1   1   1   1   1   1   1   1   
1   1   1   1   1   1   1   1   
1   1   1   1   1   1   1   1   
1   1   1   1   1   1   1   1   
1   1   1   1   1   1   1   1   
1   1   1   1   1   1   1   1   
1   1   1   1   1   1   1   1   
1   1   1   1   1   1   1   1   
1   1   1   1   1   1   1   1   
1   1   1   1   1   1   1   1   
1   1   1   1   1   1   1   1   
1   1   1   1   1   1   1   1   
1   1   1   1   1   1   1   1   
1   1   1   1   1   1   1   1   
1   1   1   1   1   1   1   1   
1   1   1   1   1   1   1   1   
1   1   1   1   1   1   1   1   
1   1   1   1   1   1   1   1   
1   1   1   1   1   1   1   1   
1   1   1   1   1   1   1   1   
1   1   1   1   1   1   1   1   
1   1   1   1   1   1   1   1   
1   1   1   1   1   1   1   1   
1   1   1   1   1   1   1   1   
1   1   1   1   1   1   1   1   
1   1   1   1   1   1   1   1   
1   1   1   1   1   1   1   1   
1   1   1   1   1   1   1   1   
1   1   1   1   1   1   1   1   
1   1   1   1   1   1   1   1   
1   1   1   1   1   1   1   1   
1   1   1   1   1   1   1   1   
1   1   1   1   1   1   1   1   
1   1   1   1   1   1   1   1   
1   1   1   1   1   1   1   1   
1   1   1   1   1   1   1   1   
1   1   1   1   1   1   1   1   
1   1   1   1   1   1   1   1   
1   1   1   1   1   1   1   1   
1   1   1   1   1   1   1   1   
1   1   1   1   1   1   1   1   
1   1   1   1   1   1   1   1   
1   1   1   1   1   1   1   1   
1   1   1   1   1   1   1   1   
1   1   1   1   1   1   1   1   
