501   501   
507   495   
517   485   
513   489   
502   500   
489   513   
474   528   
463   539   
468   534   
453   549   
449   553   
462   540   
482   520   
482   520   
496   506   
484   518   
493   509   
487   515   
484   518   
471   531   
469   533   
463   539   
457   545   
462   540   
453   549   
479   523   
495   507   
485   517   
486   516   
479   523   
470   532   
469   533   
473   529   
469   533   
459   543   
465   537   
467   535   
467   535   
467   535   
481   521   
458   544   
457   545   
448   554   
444   558   
434   568   
420   582   
422   580   
430   572   
444   558   
450   552   
466   536   
467   535   
472   530   
457   545   
468   534   
467   535   
478   524   
483   519   
461   541   
437   565   
431   571   
429   573   
430   572   
461   541   
463   539   
488   514   
490   512   
484   518   
483   519   
468   534   
478   524   
477   525   
479   523   
492   510   
479   523   
487   515   
486   516   
492   510   
490   512   
496   506   
495   507   
478   524   
478   524   
472   530   
460   542   
467   535   
478   524   
475   527   
482   520   
490   512   
494   508   
484   518   
475   527   
455   547   
460   542   
457   545   
459   543   
461   541   
452   550   
454   548   
454   548   
457   545   
455   547   
447   555   
452   550   
455   547   
457   545   
450   552   
438   564   
424   578   
427   575   
441   561   
431   571   
448   554   
444   558   
451   551   
465   537   
469   533   
457   545   
468   534   
483   519   
481   521   
484   518   
463   539   
476   526   
466   536   
466   536   
453   549   
463   539   
452   550   
478   524   
471   531   
480   522   
481   521   
476   526   
480   522   
492   510   
485   517   
474   528   
472   530   
464   538   
461   541   
473   529   
467   535   
485   517   
471   531   
452   550   
455   547   
448   554   
446   556   
436   566   
446   556   
435   567   
428   574   
437   565   
440   562   
449   553   
473   529   
489   513   
495   507   
482   520   
484   518   
479   523   
492   510   
506   496   
511   491   
498   504   
485   517   
497   505   
479   523   
493   509   
492   510   
482   520   
482   520   
482   520   
489   513   
504   498   
489   513   
485   517   
486   516   
480   522   
467   535   
486   516   
485   517   
496   506   
498   504   
488   514   
476   526   
506   496   
525   477   
525   477   
529   473   
529   473   
499   503   
504   498   
496   506   
530   472   
540   462   
533   469   
538   464   
525   477   
530   472   
534   468   
522   480   
533   469   
526   476   
528   474   
528   474   
517   485   
519   483   
499   503   
502   500   
491   511   
485   517   
481   521   
481   521   
469   533   
469   533   
461   541   
454   548   
462   540   
487   515   
507   495   
491   511   
490   512   
486   516   
478   524   
494   508   
490   512   
507   495   
497   505   
504   498   
513   489   
507   495   
511   491   
509   493   
498   504   
502   500   
494   508   
505   497   
507   495   
518   484   
509   493   
508   494   
495   507   
500   502   
506   496   
523   479   
516   486   
540   462   
559   443   
560   442   
553   449   
533   469   
535   467   
535   467   
539   463   
542   460   
545   457   
546   456   
531   471   
532   470   
530   472   
532   470   
519   483   
525   477   
508   494   
487   515   
493   509   
489   513   
458   544   
467   535   
456   546   
469   533   
485   517   
498   504   
481   521   
480   522   
465   537   
471   531   
462   540   
471   531   
471   531   
477   525   
471   531   
460   542   
462   540   
463   539   
461   541   
463   539   
463   539   
443   559   
437   565   
441   561   
442   560   
448   554   
461   541   
463   539   
466   536   
479   523   
475   527   
480   522   
463   539   
450   552   
450   552   
459   543   
463   539   
472   530   
471   531   
488   514   
505   497   
492   510   
469   533   
458   544   
452   550   
458   544   
460   542   
479   523   
489   513   
492   510   
497   505   
494   508   
480   522   
486   516   
477   525   
464   538   
449   553   
442   560   
458   544   
446   556   
434   568   
438   564   
423   579   
432   570   
434   568   
433   569   
428   574   
445   557   
428   574   
423   579   
425   577   
424   578   
427   575   
421   581   
421   581   
415   587   
415   587   
377   625   
359   643   
379   623   
377   625   
382   620   
386   616   
379   623   
391   611   
393   609   
380   622   
385   617   
378   624   
373   629   
367   635   
370   632   
381   621   
373   629   
367   635   
334   668   
322   680   
326   676   
311   691   
318   684   
311   691   
298   704   
286   716   
291   711   
301   701   
275   727   
282   720   
283   719   
295   707   
298   704   
292   710   
284   718   
279   723   
277   725   
283   719   
277   725   
263   739   
271   731   
268   734   
266   736   
277   725   
276   726   
279   723   
297   705   
292   710   
302   700   
294   708   
273   729   
263   739   
256   746   
243   759   
248   754   
251   751   
238   764   
219   783   
235   767   
247   755   
245   757   
243   759   
246   756   
259   743   
267   735   
279   723   
280   722   
284   718   
284   718   
288   714   
298   704   
301   701   
299   703   
287   715   
278   724   
284   718   
278   724   
266   736   
273   729   
275   727   
273   729   
274   728   
268   734   
273   729   
278   724   
272   730   
289   713   
306   696   
304   698   
327   675   
331   671   
338   664   
335   667   
336   666   
339   663   
337   665   
343   659   
324   678   
302   700   
290   712   
275   727   
284   718   
278   724   
278   724   
264   738   
267   735   
260   742   
264   738   
270   732   
274   728   
280   722   
273   729   
267   735   
253   749   
255   747   
255   747   
247   755   
255   747   
256   746   
279   723   
283   719   
282   720   
285   717   
265   737   
278   724   
275   727   
258   744   
262   740   
263   739   
258   744   
265   737   
267   735   
262   740   
270   732   
280   722   
281   721   
276   726   
276   726   
262   740   
252   750   
265   737   
273   729   
261   741   
263   739   
261   741   
279   723   
289   713   
272   730   
265   737   
272   730   
281   721   
277   725   
1   1   
1   1   
1   1   
1   1   
1   1   
1   1   
1   1   
1   1   
1   1   
1   1   
1   1   
1   1   
1   1   
1   1   
1   1   
1   1   
1   1   
1   1   
1   1   
1   1   
1   1   
1   1   
1   1   
1   1   
1   1   
1   1   
1   1   
1   1   
1   1   
1   1   
1   1   
1   1   
1   1   
1   1   
1   1   
1   1   
1   1   
1   1   
1   1   
1   1   
1   1   
1   1   
1   1   
1   1   
1   1   
1   1   
1   1   
1   1   
1   1   
1   1   
1   1   
1   1   
1   1   
1   1   
1   1   
1   1   
1   1   
1   1   
1   1   
1   1   
1   1   
1   1   
1   1   
1   1   
1   1   
1   1   
1   1   
1   1   
1   1   
1   1   
1   1   
1   1   
1   1   
1   1   
1   1   
1   1   
1   1   
1   1   
1   1   
1   1   
1   1   
1   1   
1   1   
1   1   
1   1   
1   1   
1   1   
1   1   
1   1   
1   1   
1   1   
1   1   
1   1   
1   1   
1   1   
1   1   
1   1   
1   1   
1   1   
1   1   
1   1   
1   1   
