201   201   201   201   201   
213   207   224   187   174   
215   212   227   180   171   
235   192   234   171   173   
233   194   226   177   175   
224   203   223   170   185   
233   197   229   161   185   
220   202   227   172   184   
208   193   235   180   189   
213   207   221   182   182   
217   204   219   181   184   
220   211   222   168   184   
213   212   218   181   181   
217   213   224   185   166   
227   214   233   167   164   
225   217   232   158   173   
218   214   230   162   181   
223   215   233   164   170   
212   217   237   164   175   
217   212   235   161   180   
221   221   228   154   181   
221   216   236   144   188   
207   229   238   135   196   
199   238   229   140   199   
197   239   242   130   197   
184   238   250   133   200   
201   221   247   143   193   
207   215   257   139   187   
201   213   260   145   186   
190   218   261   148   188   
198   209   278   151   169   
194   211   276   152   172   
199   205   278   149   174   
201   207   288   136   173   
193   194   290   150   178   
202   182   289   135   197   
198   167   298   140   202   
200   172   303   131   199   
201   172   311   127   194   
193   161   312   140   199   
184   167   302   149   203   
187   173   302   149   194   
192   177   282   158   196   
201   168   279   161   196   
200   171   261   174   199   
192   172   262   184   195   
196   173   246   187   203   
193   188   241   183   200   
194   187   240   188   196   
194   175   235   202   199   
186   179   231   210   199   
189   174   230   208   204   
197   167   232   213   196   
188   166   221   221   209   
184   161   222   232   206   
181   161   224   233   206   
183   158   238   233   193   
191   145   249   224   196   
197   146   250   224   188   
187   159   242   229   188   
182   159   258   224   182   
190   171   252   215   177   
191   159   272   209   174   
183   165   261   220   176   
166   152   262   251   174   
158   148   270   247   182   
152   155   278   244   176   
162   144   280   241   178   
168   156   272   235   174   
169   156   270   249   161   
170   156   263   253   163   
183   162   255   241   164   
189   153   257   247   159   
184   164   248   247   162   
190   159   248   247   161   
186   166   237   254   162   
174   163   248   269   151   
185   149   244   268   159   
192   139   241   273   160   
182   134   242   292   155   
183   124   257   304   137   
182   114   267   303   139   
180   119   278   294   134   
189   119   270   289   138   
201   114   259   298   133   
193   108   263   291   150   
181   115   258   293   158   
179   124   266   280   156   
184   117   264   288   152   
195   115   288   267   140   
205   110   293   250   147   
201   117   304   241   142   
213   113   300   246   133   
217   111   310   241   126   
216   103   325   229   132   
196   102   348   221   138   
189   104   354   220   138   
190   99   358   214   144   
183   92   360   216   154   
169   86   377   220   153   
182   78   378   233   134   
184   76   378   235   132   
190   76   362   235   142   
196   68   367   248   126   
202   74   352   241   136   
202   79   353   248   123   
196   82   363   250   114   
203   77   377   240   108   
206   73   378   228   120   
184   76   389   239   117   
188   72   386   230   129   
188   76   388   233   120   
203   78   392   222   110   
192   89   392   227   105   
199   87   395   231   93   
192   89   395   227   102   
200   88   383   226   108   
201   89   385   215   115   
218   94   366   217   110   
233   97   372   202   101   
218   101   379   207   100   
210   98   380   210   107   
205   97   402   201   100   
208   98   392   201   106   
208   106   379   204   108   
230   101   381   192   101   
235   99   384   190   97   
232   106   376   191   100   
225   102   397   177   104   
232   107   398   179   89   
229   110   410   167   89   
225   100   417   179   84   
218   105   421   176   85   
208   117   430   162   88   
195   128   435   155   92   
198   125   438   154   90   
203   130   427   155   90   
201   128   432   144   100   
193   126   442   151   93   
194   121   429   161   100   
196   133   415   159   102   
175   137   431   160   102   
157   149   447   152   100   
169   142   432   159   103   
168   148   432   162   95   
173   133   444   155   100   
171   127   439   160   108   
170   124   421   171   119   
165   131   414   177   118   
159   135   418   176   117   
170   134   408   179   114   
166   142   408   181   108   
171   144   403   180   107   
162   145   396   196   106   
161   140   403   207   94   
172   143   389   210   91   
184   136   379   221   85   
176   139   394   221   75   
182   130   395   214   84   
175   132   405   218   75   
178   123   420   214   70   
177   127   421   207   73   
181   130   407   214   73   
187   135   403   213   67   
178   122   425   220   60   
170   127   423   236   49   
161   137   425   236   46   
154   145   414   251   41   
162   134   426   249   34   
164   153   397   258   33   
166   144   392   268   35   
175   138   370   285   37   
170   153   356   284   42   
182   145   352   286   40   
186   135   342   297   45   
181   131   351   300   42   
188   127   360   289   41   
195   129   353   284   44   
204   120   362   277   42   
201   114   368   283   39   
195   121   369   282   38   
189   111   387   282   36   
167   113   397   291   37   
177   113   390   284   41   
178   113   381   291   42   
182   109   379   295   40   
186   110   369   304   36   
188   108   370   304   35   
184   99   394   288   40   
195   106   380   284   40   
192   109   375   294   35   
186   102   385   298   34   
176   105   402   291   31   
172   107   407   287   32   
167   117   425   261   35   
158   128   422   263   34   
157   124   438   251   35   
154   123   431   263   34   
163   117   421   266   38   
156   109   443   264   33   
137   102   449   276   41   
132   103   448   279   43   
138   118   430   282   37   
131   126   434   271   43   
117   136   442   267   43   
119   138   438   267   43   
113   134   434   276   48   
101   133   447   277   47   
110   126   443   278   48   
113   131   443   278   40   
108   138   459   266   34   
106   134   471   256   38   
115   135   468   250   37   
119   129   465   251   41   
114   126   471   250   44   
124   134   444   259   44   
132   139   428   259   47   
128   152   415   265   45   
136   155   417   250   47   
120   159   419   256   51   
123   165   429   235   53   
114   160   450   233   48   
112   161   457   227   48   
107   164   459   235   40   
106   165   482   224   28   
101   164   472   240   28   
103   155   484   235   28   
99   161   487   232   26   
112   172   472   223   26   
106   181   467   230   21   
120   169   461   231   24   
131   158   467   230   19   
129   158   470   228   20   
112   167   466   241   19   
107   167   475   234   22   
105   160   474   240   26   
103   166   476   236   24   
108   162   473   240   22   
114   168   453   243   27   
118   156   448   252   31   
129   150   449   243   34   
115   158   450   243   39   
123   155   443   246   38   
128   144   453   236   44   
126   153   446   241   39   
121   165   429   252   38   
129   169   420   246   41   
140   169   432   220   44   
138   160   440   224   43   
143   158   434   224   46   
137   150   446   229   43   
137   149   443   229   47   
131   155   449   229   41   
125   163   447   230   40   
124   160   429   256   36   
128   162   415   265   35   
138   154   423   251   39   
131   166   421   253   34   
136   172   415   250   32   
136   174   400   265   30   
145   187   389   261   23   
159   167   388   269   22   
167   172   381   269   16   
161   160   384   280   20   
150   155   391   289   20   
152   176   360   296   21   
147   175   390   276   17   
140   180   391   276   18   
135   189   384   275   22   
133   188   370   296   18   
135   183   360   310   17   
126   185   370   311   13   
116   194   374   307   14   
112   200   376   303   14   
114   196   386   294   15   
118   193   383   298   13   
132   183   380   297   13   
115   195   394   287   14   
103   192   398   299   13   
102   174   412   305   12   
107   169   420   298   11   
100   164   425   304   12   
108   158   432   295   12   
102   174   423   295   11   
105   174   427   290   9   
92   172   430   298   13   
87   176   421   306   15   
94   189   405   304   13   
103   186   403   301   12   
96   196   382   318   13   
96   189   382   325   13   
97   188   383   322   15   
100   181   381   327   16   
100   169   388   332   16   
91   177   398   325   14   
93   194   370   332   16   
98   193   379   323   12   
90   168   379   352   16   
89   161   393   345   17   
93   157   383   352   20   
88   169   383   345   20   
97   173   371   348   16   
99   173   359   353   21   
99   174   366   344   22   
88   179   353   364   21   
96   185   336   374   14   
103   185   341   364   12   
107   188   352   347   11   
100   195   349   350   11   
107   191   322   375   10   
100   203   323   368   11   
101   209   311   374   10   
94   208   322   367   14   
102   225   310   352   16   
107   228   312   341   17   
111   234   299   347   14   
112   244   295   338   16   
113   248   293   335   16   
109   248   303   324   21   
107   251   293   331   23   
114   242   298   326   25   
113   244   293   328   27   
104   251   301   320   29   
100   262   296   318   29   
90   249   305   334   27   
104   253   303   317   28   
101   261   316   300   27   
102   265   319   286   33   
109   270   302   287   37   
116   263   302   285   39   
111   266   300   280   48   
93   260   302   297   53   
101   250   295   300   59   
98   253   294   304   56   
85   248   282   332   58   
84   241   283   336   61   
95   238   277   334   61   
105   240   269   336   55   
108   244   278   323   52   
107   249   275   320   54   
100   240   304   312   49   
96   241   318   303   47   
97   252   312   298   46   
89   255   307   312   42   
81   259   307   316   42   
83   240   312   323   47   
87   242   307   325   44   
81   238   313   333   40   
83   238   333   316   35   
88   230   356   300   31   
78   247   357   289   34   
73   252   353   293   34   
86   253   348   281   37   
80   259   338   290   38   
84   277   320   285   39   
91   287   323   269   35   
84   307   308   277   29   
93   304   301   274   33   
99   303   306   264   33   
94   314   312   252   33   
95   301   322   250   37   
93   307   310   263   32   
101   299   318   259   28   
105   307   320   247   26   
107   287   331   254   26   
91   290   336   264   24   
102   284   332   266   21   
109   256   342   273   25   
104   269   345   263   24   
110   281   341   252   21   
101   298   323   261   22   
106   308   318   254   19   
104   309   325   252   15   
98   301   329   266   11   
94   291   339   272   9   
87   293   336   281   8   
88   311   315   284   7   
89   301   322   283   10   
77   308   314   299   7   
81   303   313   302   6   
85   302   305   307   6   
86   305   307   302   5   
77   322   294   308   4   
82   329   280   310   4   
84   323   278   315   5   
86   324   295   295   5   
90   322   306   282   5   
82   336   297   285   5   
80   351   285   282   7   
72   357   293   274   9   
69   358   306   263   9   
80   347   308   261   9   
87   360   293   257   8   
89   358   287   264   7   
94   347   291   264   9   
90   339   297   270   9   
96   345   300   252   12   
92   337   296   270   10   
94   335   287   278   11   
99   335   287   276   8   
101   344   274   277   9   
106   362   259   272   6   
112   357   249   279   8   
101   366   263   268   7   
102   373   251   275   4   
106   367   253   276   3   
102   361   255   284   3   
86   365   253   299   2   
89   364   249   301   2   
94   378   240   290   3   
90   384   254   273   4   
86   393   265   257   4   
88   396   276   242   3   
80   396   287   239   3   
82   400   283   237   3   
85   418   276   224   2   
82   426   271   225   1   
88   445   252   219   1   
88   451   249   216   1   
98   428   256   222   1   
95   423   253   233   1   
97   437   237   233   1   
96   435   242   231   1   
97   434   242   231   1   
109   430   229   236   1   
113   413   233   245   1   
119   413   240   232   1   
109   410   244   241   1   
109   405   256   234   1   
113   407   256   228   1   
104   398   268   234   1   
107   391   280   226   1   
111   386   283   224   1   
93   398   291   222   1   
88   400   302   214   1   
93   388   301   222   1   
87   378   298   241   1   
89   376   295   244   1   
96   383   297   228   1   
99   388   293   224   1   
105   396   292   211   1   
102   390   290   222   1   
107   385   295   217   1   
122   395   270   217   1   
132   400   241   231   1   
126   402   247   229   1   
136   399   236   233   1   
144   415   206   239   1   
139   415   199   251   1   
132   428   200   244   1   
127   440   192   245   1   
118   454   202   230   1   
115   455   206   228   1   
119   437   210   238   1   
119   434   208   243   1   
125   415   215   249   1   
120   414   229   241   1   
120   419   229   236   1   
121   421   237   225   1   
122   414   240   228   1   
126   396   245   237   1   
128   395   248   233   1   
128   388   260   228   1   
114   408   256   226   1   
116   425   242   221   1   
140   395   259   210   1   
157   377   262   208   1   
160   363   281   200   1   
160   371   270   203   1   
166   379   269   190   1   
167   388   268   181   1   
160   398   273   173   1   
149   398   267   190   1   
151   412   259   182   1   
158   401   253   192   1   
157   377   269   201   1   
158   364   271   211   1   
162   361   265   216   1   
166   351   287   200   1   
151   341   311   201   1   
160   344   288   212   1   
154   328   306   216   1   
143   324   314   223   1   
157   317   316   214   1   
153   322   315   214   1   
149   324   319   212   1   
155   305   331   213   1   
150   308   325   221   1   
159   305   314   226   1   
171   299   324   210   1   
176   307   330   191   1   
169   313   315   207   1   
171   314   311   208   1   
178   297   324   205   1   
193   279   326   206   1   
193   274   333   204   1   
204   275   322   203   1   
209   283   314   198   1   
228   280   313   183   1   
1   1   1   1   1   
1   1   1   1   1   
1   1   1   1   1   
1   1   1   1   1   
1   1   1   1   1   
1   1   1   1   1   
1   1   1   1   1   
1   1   1   1   1   
1   1   1   1   1   
1   1   1   1   1   
1   1   1   1   1   
1   1   1   1   1   
1   1   1   1   1   
1   1   1   1   1   
1   1   1   1   1   
1   1   1   1   1   
1   1   1   1   1   
1   1   1   1   1   
1   1   1   1   1   
1   1   1   1   1   
1   1   1   1   1   
1   1   1   1   1   
1   1   1   1   1   
1   1   1   1   1   
1   1   1   1   1   
1   1   1   1   1   
1   1   1   1   1   
1   1   1   1   1   
1   1   1   1   1   
1   1   1   1   1   
1   1   1   1   1   
1   1   1   1   1   
1   1   1   1   1   
1   1   1   1   1   
1   1   1   1   1   
1   1   1   1   1   
1   1   1   1   1   
1   1   1   1   1   
1   1   1   1   1   
1   1   1   1   1   
1   1   1   1   1   
1   1   1   1   1   
1   1   1   1   1   
1   1   1   1   1   
1   1   1   1   1   
1   1   1   1   1   
1   1   1   1   1   
1   1   1   1   1   
1   1   1   1   1   
1   1   1   1   1   
1   1   1   1   1   
1   1   1   1   1   
1   1   1   1   1   
1   1   1   1   1   
1   1   1   1   1   
1   1   1   1   1   
1   1   1   1   1   
1   1   1   1   1   
1   1   1   1   1   
1   1   1   1   1   
1   1   1   1   1   
1   1   1   1   1   
1   1   1   1   1   
1   1   1   1   1   
1   1   1   1   1   
1   1   1   1   1   
1   1   1   1   1   
1   1   1   1   1   
1   1   1   1   1   
1   1   1   1   1   
1   1   1   1   1   
1   1   1   1   1   
1   1   1   1   1   
1   1   1   1   1   
1   1   1   1   1   
1   1   1   1   1   
1   1   1   1   1   
1   1   1   1   1   
1   1   1   1   1   
1   1   1   1   1   
1   1   1   1   1   
1   1   1   1   1   
1   1   1   1   1   
1   1   1   1   1   
1   1   1   1   1   
1   1   1   1   1   
1   1   1   1   1   
1   1   1   1   1   
1   1   1   1   1   
1   1   1   1   1   
1   1   1   1   1   
1   1   1   1   1   
1   1   1   1   1   
1   1   1   1   1   
1   1   1   1   1   
1   1   1   1   1   
1   1   1   1   1   
1   1   1   1   1   
1   1   1   1   1   
1   1   1   1   1   
1   1   1   1   1   
1   1   1   1   1   
