51   51   51   51   51   51   51   51   51   51   51   51   51   51   51   51   51   51   51   51   
59   59   58   58   51   50   55   53   52   58   64   52   47   51   45   41   43   43   41   40   
63   61   54   53   48   64   58   56   49   64   65   47   41   47   50   32   42   46   39   41   
63   65   48   53   48   64   51   54   52   61   65   55   48   60   50   21   42   46   41   33   
70   57   52   59   42   72   59   47   52   61   63   49   52   62   46   22   42   43   36   34   
68   55   51   67   40   68   60   47   47   54   58   48   63   62   42   26   40   47   42   35   
78   57   58   67   42   69   54   39   50   59   65   41   56   58   38   29   34   50   37   39   
70   50   62   72   50   65   61   39   46   57   59   54   55   48   41   37   30   57   31   36   
75   46   62   71   41   69   57   37   44   57   67   59   56   50   42   34   34   55   30   34   
75   45   67   69   40   74   54   33   45   56   82   57   52   51   32   33   39   52   25   39   
64   51   72   71   29   69   48   31   48   58   86   63   46   54   38   27   39   63   24   39   
69   55   74   69   33   59   42   27   50   57   90   62   51   44   44   29   39   63   26   37   
64   64   75   63   34   57   39   30   49   55   90   67   50   41   44   31   47   56   30   34   
73   57   77   59   31   66   42   33   43   50   95   77   48   37   43   24   44   53   32   36   
75   55   81   68   29   63   38   35   42   44   100   69   48   32   44   29   43   62   33   30   
78   58   77   74   36   65   37   32   42   40   99   64   44   34   42   33   44   64   29   28   
88   61   72   75   36   63   41   26   41   41   103   68   36   28   44   31   44   71   24   27   
84   62   71   84   34   57   41   29   41   46   105   68   29   28   45   27   42   63   33   31   
83   56   69   82   30   56   50   27   45   41   111   69   26   29   47   21   42   73   36   27   
71   58   74   84   34   60   44   26   42   41   98   62   30   33   50   19   46   78   34   36   
75   59   72   76   41   57   52   25   44   44   102   52   28   34   57   13   47   76   31   35   
74   53   73   79   45   63   49   26   47   39   95   51   32   37   59   9   52   75   27   35   
73   59   76   78   45   65   48   24   49   46   98   53   33   39   58   6   40   72   28   30   
65   68   78   85   46   67   45   23   47   46   94   52   31   34   60   6   39   72   32   30   
61   65   79   83   48   70   39   22   41   47   87   54   31   38   67   7   43   75   33   30   
60   62   80   78   53   72   38   26   46   50   86   57   28   37   74   8   37   73   31   24   
61   65   85   72   53   76   37   25   45   46   74   52   34   34   78   10   43   68   37   25   
62   65   83   72   58   67   34   28   58   50   76   51   37   34   73   7   43   63   33   26   
62   65   91   76   56   67   36   25   63   47   70   48   38   35   71   10   42   62   34   22   
59   72   97   83   52   68   43   22   70   37   69   43   33   34   69   9   44   59   35   22   
61   68   91   89   60   64   38   23   72   44   72   39   31   33   58   12   58   54   34   19   
49   67   101   86   63   65   38   21   76   52   71   39   24   30   61   12   54   61   32   18   
54   77   98   79   67   67   41   28   79   41   70   40   19   26   53   13   57   63   29   19   
55   73   101   70   59   69   44   23   86   35   68   53   19   22   64   14   56   57   31   21   
57   74   104   60   64   78   46   25   86   33   74   55   18   23   57   16   53   48   27   22   
57   73   107   68   67   73   48   24   70   44   70   57   20   22   53   13   56   48   27   23   
61   71   104   71   58   75   43   26   69   38   81   64   23   23   48   13   52   51   22   27   
68   75   101   75   54   85   36   24   70   35   81   64   24   25   51   14   52   38   22   26   
68   72   102   73   54   81   28   21   67   34   83   65   24   25   63   16   54   37   27   26   
62   86   100   75   51   80   29   21   60   29   80   61   24   30   72   17   57   35   28   23   
68   92   106   77   56   75   31   21   62   33   70   67   25   26   71   16   54   24   25   21   
58   85   103   74   52   94   31   15   76   34   67   72   23   24   67   18   61   28   21   17   
59   84   113   86   63   89   25   16   74   26   69   76   17   21   76   20   50   21   19   16   
60   83   117   85   66   99   18   14   74   22   71   71   18   22   71   20   50   24   18   17   
55   76   123   84   60   115   16   15   67   23   70   79   19   19   75   22   46   24   19   13   
63   67   124   94   58   117   17   18   69   22   72   86   15   11   69   22   40   24   17   15   
65   63   124   101   60   115   20   17   70   26   70   76   12   8   68   24   36   27   20   18   
63   57   123   99   59   118   21   13   80   24   66   74   13   4   61   26   44   36   23   16   
66   66   119   110   57   120   20   11   72   18   68   76   16   6   52   25   43   35   25   15   
64   70   116   110   62   125   23   11   63   14   69   76   19   8   52   19   42   31   28   18   
66   70   106   102   58   122   23   12   61   17   73   83   18   7   58   18   50   31   24   21   
67   65   108   108   63   117   24   12   60   19   78   85   13   9   54   19   47   31   22   19   
60   62   105   124   53   109   24   12   64   16   76   83   19   12   56   21   51   28   23   22   
68   63   86   139   52   94   25   13   65   14   74   97   24   11   51   20   39   31   27   27   
67   64   94   152   53   101   18   8   55   13   77   85   21   9   53   19   42   31   31   27   
65   63   85   157   51   97   17   10   54   14   72   91   21   10   54   19   43   27   34   36   
65   63   87   162   49   104   19   7   50   11   81   93   18   13   49   14   39   21   35   40   
70   59   89   156   50   102   22   5   54   11   82   77   22   13   49   13   37   20   43   46   
80   53   90   165   44   105   23   6   48   13   80   73   16   13   50   12   33   20   43   53   
99   48   98   168   44   107   21   5   47   9   85   66   16   9   52   13   31   20   34   48   
93   60   103   155   45   103   16   7   55   10   90   59   15   6   57   9   32   22   35   48   
96   65   99   140   49   104   18   6   50   9   98   56   12   7   64   11   25   17   40   54   
104   62   97   137   52   97   20   5   44   10   101   60   14   7   61   8   26   16   44   55   
88   65   109   135   48   89   26   4   39   9   96   68   16   8   63   7   23   19   47   61   
96   52   96   136   49   84   32   3   38   9   105   79   14   10   58   9   15   17   53   65   
98   45   96   149   49   78   33   3   38   10   100   71   11   12   63   9   19   16   55   65   
89   48   94   148   50   76   38   2   41   10   107   75   14   12   64   8   16   9   60   59   
84   42   90   149   60   66   34   2   45   13   104   76   18   11   71   8   18   11   68   50   
88   43   86   148   62   80   34   2   51   12   98   61   18   10   68   11   24   9   61   54   
91   48   85   159   49   74   31   2   56   10   91   65   16   12   68   11   28   11   55   58   
97   51   81   148   51   71   35   3   54   10   101   59   17   17   63   8   29   10   56   59   
99   51   81   147   49   75   30   1   56   10   104   52   16   16   69   9   32   7   54   62   
99   57   79   142   42   87   29   1   65   9   93   47   17   18   70   12   31   6   51   65   
91   59   69   147   44   89   23   1   70   9   93   50   19   14   70   12   30   8   53   69   
98   55   67   138   40   82   22   1   87   8   91   49   21   17   76   17   29   8   59   55   
99   53   55   150   39   76   27   1   85   9   95   51   25   21   74   20   32   10   48   50   
92   49   54   142   41   86   30   1   86   11   107   42   20   17   79   22   35   9   42   55   
92   50   52   137   36   84   30   1   87   15   111   52   18   22   76   24   28   8   42   55   
94   49   51   126   34   95   27   1   96   12   120   56   16   21   74   24   36   6   32   50   
93   53   43   134   36   104   26   1   97   15   112   54   13   20   74   25   37   7   29   47   
87   55   45   119   35   97   29   1   110   19   110   56   14   20   76   28   40   8   22   49   
98   49   46   114   38   91   30   1   102   23   101   58   14   22   83   31   42   7   25   45   
88   50   44   112   31   84   39   1   101   25   105   62   15   18   88   33   46   6   24   48   
74   51   44   113   38   79   44   1   105   25   115   67   16   22   74   29   45   6   25   47   
71   49   44   115   37   87   32   1   106   32   114   69   17   21   68   32   54   8   21   42   
66   49   45   110   39   90   37   1   109   28   112   68   14   19   63   37   52   9   25   47   
65   44   50   117   38   86   35   1   112   30   102   74   12   19   60   44   54   9   24   44   
66   41   51   131   32   76   33   1   115   26   103   75   13   20   60   41   52   5   31   48   
65   35   55   139   29   77   36   1   109   26   115   73   15   18   58   40   57   2   31   39   
78   36   56   124   23   73   34   1   112   26   113   71   14   17   59   44   64   1   31   43   
77   41   57   112   20   86   38   1   121   23   105   62   15   19   60   41   65   1   35   41   
71   41   60   111   23   93   41   1   116   22   113   58   16   19   52   38   66   1   31   47   
61   40   60   121   27   73   49   1   119   25   107   57   20   24   49   37   74   1   36   39   
59   43   65   129   26   61   40   1   105   24   129   47   23   24   41   38   83   1   41   40   
59   48   72   109   23   64   49   1   110   28   126   45   19   29   47   33   84   1   44   29   
58   43   73   106   16   66   51   1   114   32   123   47   19   27   54   34   78   1   46   31   
52   32   67   114   16   74   48   1   109   29   143   40   20   29   48   36   91   1   42   28   
55   34   66   116   17   69   41   1   109   27   136   43   22   29   47   36   97   1   48   26   
54   36   55   125   16   63   40   1   98   27   136   49   26   35   47   44   88   1   53   26   
53   34   50   134   17   67   42   1   94   32   136   44   28   33   51   41   92   1   48   22   
52   35   51   128   15   61   30   1   91   30   149   44   30   32   53   45   86   1   58   28   
55   30   56   120   11   60   21   1   83   34   163   44   36   33   53   49   86   1   62   22   
53   31   59   117   13   62   19   1   77   38   162   41   35   42   64   47   82   1   54   22   
50   28   58   109   11   65   17   1   90   30   182   41   33   45   61   47   73   1   59   19   
46   27   55   108   13   65   18   1   82   23   186   35   37   48   67   40   80   1   71   17   
39   29   46   110   11   66   17   1   90   20   188   34   33   53   68   39   87   1   69   19   
38   27   37   107   12   67   19   1   85   20   187   29   35   53   70   42   89   1   82   19   
35   23   39   102   10   64   13   1   90   17   200   29   39   54   74   42   82   1   83   22   
38   18   40   103   11   62   14   1   93   14   197   26   40   56   71   45   80   1   82   28   
36   17   46   106   9   57   16   1   95   15   199   27   39   54   70   51   79   1   76   26   
38   21   42   108   12   57   20   1   89   17   194   25   42   64   66   56   76   1   69   22   
41   24   45   113   6   58   16   1   92   19   194   19   46   57   55   59   80   1   67   27   
44   27   37   112   8   57   11   1   99   18   208   18   47   49   53   58   79   1   60   33   
32   34   35   117   8   59   11   1   102   20   206   20   48   51   53   53   76   1   62   31   
34   31   36   114   8   59   16   1   101   18   198   18   49   40   64   57   80   1   62   33   
36   38   36   115   10   63   16   1   99   16   184   13   48   41   65   60   80   1   65   33   
46   31   37   113   10   59   14   1   86   16   198   8   47   44   68   59   91   1   68   23   
42   32   37   102   10   64   9   1   86   14   203   9   39   45   55   70   107   1   70   24   
41   28   48   99   5   62   10   1   80   14   204   6   42   48   62   76   110   1   61   22   
40   25   50   102   5   61   11   1   72   16   198   4   43   57   56   83   114   1   58   23   
41   30   52   87   7   54   13   1   73   18   210   5   44   58   53   72   109   1   69   23   
35   34   65   88   8   53   18   1   79   19   217   4   41   48   41   67   108   1   71   22   
28   39   68   94   6   56   19   1   96   18   224   3   37   44   39   60   105   1   61   21   
32   38   77   96   6   47   14   1   97   21   219   3   36   36   42   55   114   1   64   21   
33   46   72   92   6   44   13   1   94   27   211   3   45   32   47   54   120   1   58   21   
35   49   78   86   6   43   13   1   98   23   209   3   48   37   37   49   120   1   59   25   
37   48   82   83   6   45   11   1   91   19   209   1   47   34   36   55   125   1   69   20   
37   51   80   78   7   44   13   1   87   20   200   1   50   34   40   59   121   1   74   22   
38   52   87   70   2   46   13   1   85   21   214   1   40   31   40   57   129   1   71   21   
41   47   98   77   1   43   12   1   75   19   209   1   43   33   44   52   136   1   68   19   
28   49   106   81   1   43   16   1   86   22   207   1   35   33   40   59   128   1   63   20   
32   49   110   74   1   48   13   1   74   23   204   1   37   33   34   54   141   1   67   23   
30   53   106   69   1   47   13   1   69   24   210   1   37   31   39   54   149   1   65   20   
29   63   114   65   1   56   14   1   74   22   206   1   32   31   42   49   145   1   62   12   
26   64   102   65   1   53   15   1   78   19   205   1   37   29   46   49   156   1   61   11   
24   67   98   51   1   62   15   1   80   20   209   1   33   29   45   42   163   1   70   8   
23   71   99   55   1   71   14   1   72   21   206   1   31   26   38   38   161   1   81   9   
23   70   98   46   1   63   12   1   78   20   217   1   34   32   40   39   158   1   77   9   
26   68   101   51   1   61   13   1   75   23   215   1   32   26   39   41   159   1   82   4   
21   72   102   52   1   59   16   1   78   30   222   1   23   27   35   40   151   1   82   6   
19   66   96   51   1   67   17   1   73   32   235   1   19   27   31   37   147   1   92   7   
19   63   96   46   1   65   18   1   75   35   235   1   17   24   32   46   151   1   87   7   
20   61   106   47   1   65   22   1   72   32   243   1   13   23   29   40   145   1   93   5   
24   53   116   50   1   69   18   1   75   36   225   1   14   23   28   41   148   1   89   7   
21   58   112   49   1   67   18   1   77   33   227   1   17   23   32   38   152   1   85   7   
27   52   119   38   1   69   19   1   79   28   226   1   21   22   29   37   160   1   83   7   
27   47   133   34   1   73   18   1   77   25   225   1   18   15   33   37   164   1   82   8   
28   48   133   40   1   83   16   1   79   27   201   1   20   12   29   47   165   1   78   10   
32   54   132   39   1   84   15   1   84   25   179   1   21   11   39   45   164   1   83   9   
34   45   126   41   1   76   12   1   83   30   190   1   23   9   49   43   161   1   88   6   
36   40   126   40   1   72   10   1   90   27   176   1   21   9   47   41   175   1   99   7   
43   36   125   41   1   72   6   1   100   24   183   1   20   10   45   39   165   1   101   6   
40   35   123   36   1   73   4   1   97   25   182   1   22   11   46   39   182   1   97   4   
39   31   122   31   1   74   3   1   99   28   185   1   19   7   37   45   192   1   101   3   
41   29   117   31   1   73   3   1   99   24   192   1   18   7   37   43   190   1   109   3   
41   27   118   37   1   68   1   1   93   25   202   1   16   6   39   51   184   1   105   3   
38   25   123   40   1   71   1   1   91   19   207   1   16   6   43   47   177   1   110   2   
41   17   123   35   1   70   1   1   100   20   197   1   22   2   39   50   183   1   114   2   
46   14   123   32   1   61   1   1   107   17   191   1   17   3   34   55   200   1   113   2   
47   13   105   32   1   65   1   1   114   15   191   1   23   4   37   54   197   1   117   1   
49   14   107   33   1   71   1   1   106   17   191   1   25   3   37   51   199   1   111   1   
57   17   110   32   1   72   1   1   101   13   196   1   27   4   38   47   195   1   105   1   
60   10   113   34   1   72   1   1   104   12   190   1   32   4   38   52   189   1   104   1   
64   9   121   30   1   77   1   1   102   10   188   1   30   4   35   57   187   1   100   1   
69   12   106   34   1   83   1   1   101   8   189   1   26   6   40   64   179   1   97   1   
64   13   100   33   1   77   1   1   102   8   197   1   26   8   38   66   183   1   99   1   
65   12   93   37   1   74   1   1   106   6   187   1   37   9   38   54   192   1   104   1   
59   13   103   40   1   70   1   1   105   5   198   1   31   10   42   42   197   1   99   1   
63   13   99   40   1   70   1   1   105   6   195   1   33   6   41   42   204   1   97   1   
63   11   103   34   1   67   1   1   108   7   183   1   32   7   44   48   201   1   106   1   
68   11   93   38   1   70   1   1   110   7   185   1   29   8   43   43   204   1   105   1   
75   12   95   33   1   72   1   1   104   5   190   1   33   10   36   55   197   1   97   1   
75   14   98   35   1   72   1   1   96   5   196   1   31   10   33   54   191   1   104   1   
70   14   89   32   1   64   1   1   95   4   201   1   38   12   33   60   198   1   104   1   
72   9   90   33   1   72   1   1   99   4   191   1   36   14   40   50   200   1   104   1   
62   9   95   25   1   69   1   1   96   3   199   1   40   14   36   55   201   1   110   1   
56   8   106   18   1   75   1   1   99   3   196   1   36   15   39   53   197   1   113   1   
52   8   112   16   1   83   1   1   95   4   202   1   34   13   37   50   192   1   116   1   
53   8   105   15   1   75   1   1   87   4   213   1   31   12   36   54   200   1   121   1   
53   10   107   18   1   71   1   1   81   5   211   1   31   16   36   43   206   1   126   1   
50   6   111   19   1   64   1   1   78   5   219   1   34   13   37   41   221   1   116   1   
49   4   117   21   1   67   1   1   82   5   203   1   26   10   37   49   229   1   115   1   
51   2   128   25   1   67   1   1   73   4   200   1   25   6   36   52   240   1   105   1   
53   3   125   24   1   74   1   1   75   4   205   1   25   4   34   47   223   1   118   1   
55   4   115   26   1   69   1   1   77   3   205   1   20   2   36   52   232   1   118   1   
56   4   112   26   1   78   1   1   89   1   197   1   22   1   37   45   227   1   119   1   
58   3   107   26   1   75   1   1   91   1   185   1   23   1   42   46   230   1   126   1   
52   3   105   26   1   82   1   1   96   1   182   1   21   1   45   41   232   1   127   1   
45   3   109   25   1   85   1   1   102   1   184   1   23   1   50   41   222   1   123   1   
43   3   106   28   1   83   1   1   107   1   195   1   23   1   51   43   213   1   117   1   
48   2   92   29   1   82   1   1   114   1   198   1   23   1   41   48   214   1   121   1   
51   2   91   25   1   80   1   1   122   1   185   1   23   1   45   49   217   1   122   1   
52   2   91   18   1   78   1   1   126   1   196   1   20   1   35   53   229   1   112   1   
47   2   81   17   1   85   1   1   130   1   191   1   19   1   34   56   243   1   107   1   
48   1   82   16   1   83   1   1   136   1   190   1   14   1   33   61   245   1   103   1   
48   1   78   14   1   84   1   1   147   1   185   1   11   1   37   63   242   1   102   1   
49   1   68   13   1   101   1   1   150   1   193   1   8   1   32   64   231   1   102   1   
50   1   68   11   1   97   1   1   146   1   191   1   8   1   39   83   222   1   96   1   
46   1   71   11   1   101   1   1   144   1   183   1   8   1   48   85   228   1   86   1   
48   1   74   5   1   97   1   1   153   1   169   1   8   1   47   88   233   1   89   1   
41   1   68   5   1   110   1   1   153   1   165   1   6   1   48   85   247   1   83   1   
33   1   70   6   1   99   1   1   160   1   178   1   8   1   49   84   240   1   84   1   
41   1   69   5   1   104   1   1   165   1   183   1   10   1   45   84   222   1   83   1   
38   1   67   5   1   105   1   1   177   1   195   1   13   1   49   81   207   1   74   1   
35   1   73   5   1   115   1   1   181   1   181   1   13   1   50   73   210   1   75   1   
35   1   67   6   1   121   1   1   188   1   180   1   8   1   45   77   203   1   81   1   
35   1   56   4   1   122   1   1   190   1   182   1   10   1   47   76   199   1   90   1   
38   1   64   5   1   116   1   1   199   1   185   1   10   1   43   78   184   1   89   1   
40   1   62   6   1   111   1   1   200   1   197   1   7   1   51   72   179   1   86   1   
40   1   60   3   1   114   1   1   212   1   205   1   8   1   43   65   178   1   83   1   
39   1   57   3   1   114   1   1   218   1   218   1   7   1   42   54   170   1   89   1   
34   1   67   5   1   114   1   1   212   1   222   1   7   1   41   53   168   1   88   1   
34   1   68   3   1   127   1   1   212   1   216   1   5   1   51   42   170   1   83   1   
37   1   62   2   1   125   1   1   227   1   214   1   3   1   51   40   165   1   85   1   
42   1   52   2   1   132   1   1   216   1   215   1   2   1   46   43   175   1   86   1   
43   1   55   2   1   135   1   1   208   1   213   1   2   1   51   44   169   1   89   1   
49   1   49   1   1   130   1   1   214   1   221   1   2   1   51   41   168   1   85   1   
47   1   41   1   1   122   1   1   220   1   233   1   2   1   51   51   155   1   88   1   
34   1   49   1   1   116   1   1   213   1   259   1   3   1   49   50   157   1   80   1   
32   1   52   1   1   117   1   1   212   1   261   1   2   1   41   57   156   1   80   1   
37   1   51   1   1   113   1   1   207   1   265   1   1   1   47   60   155   1   74   1   
33   1   54   1   1   100   1   1   196   1   278   1   1   1   49   64   166   1   69   1   
30   1   60   1   1   103   1   1   188   1   278   1   1   1   45   66   166   1   73   1   
29   1   56   1   1   106   1   1   177   1   281   1   1   1   48   73   166   1   73   1   
25   1   54   1   1   103   1   1   166   1   297   1   1   1   44   68   167   1   85   1   
25   1   53   1   1   107   1   1   170   1   317   1   1   1   37   64   164   1   72   1   
28   1   55   1   1   105   1   1   160   1   302   1   1   1   37   75   173   1   74   1   
24   1   46   1   1   91   1   1   150   1   312   1   1   1   47   86   171   1   82   1   
25   1   50   1   1   87   1   1   164   1   312   1   1   1   46   86   164   1   75   1   
22   1   46   1   1   90   1   1   152   1   304   1   1   1   59   98   166   1   72   1   
26   1   42   1   1   93   1   1   152   1   286   1   1   1   53   99   187   1   71   1   
34   1   35   1   1   92   1   1   145   1   292   1   1   1   56   92   193   1   70   1   
36   1   36   1   1   95   1   1   143   1   273   1   1   1   54   88   214   1   70   1   
39   1   32   1   1   94   1   1   147   1   285   1   1   1   59   79   198   1   76   1   
39   1   28   1   1   91   1   1   168   1   292   1   1   1   61   82   184   1   64   1   
40   1   29   1   1   96   1   1   173   1   274   1   1   1   58   85   188   1   66   1   
40   1   37   1   1   93   1   1   167   1   281   1   1   1   52   86   192   1   61   1   
38   1   40   1   1   80   1   1   176   1   290   1   1   1   47   90   193   1   55   1   
32   1   41   1   1   74   1   1   189   1   277   1   1   1   51   104   191   1   50   1   
35   1   36   1   1   79   1   1   171   1   290   1   1   1   52   99   202   1   45   1   
40   1   33   1   1   78   1   1   178   1   290   1   1   1   46   91   207   1   46   1   
34   1   29   1   1   86   1   1   171   1   303   1   1   1   43   90   200   1   53   1   
32   1   32   1   1   89   1   1   180   1   305   1   1   1   40   104   175   1   52   1   
33   1   27   1   1   92   1   1   160   1   320   1   1   1   34   105   183   1   55   1   
32   1   27   1   1   94   1   1   166   1   310   1   1   1   35   111   187   1   47   1   
36   1   31   1   1   95   1   1   149   1   329   1   1   1   38   106   172   1   53   1   
40   1   29   1   1   91   1   1   145   1   326   1   1   1   34   105   184   1   55   1   
39   1   27   1   1   105   1   1   147   1   320   1   1   1   31   105   189   1   46   1   
44   1   27   1   1   96   1   1   149   1   303   1   1   1   28   117   198   1   47   1   
41   1   25   1   1   88   1   1   149   1   307   1   1   1   24   111   220   1   44   1   
40   1   27   1   1   79   1   1   154   1   300   1   1   1   21   108   235   1   45   1   
45   1   22   1   1   81   1   1   155   1   307   1   1   1   25   96   236   1   42   1   
46   1   20   1   1   80   1   1   143   1   321   1   1   1   23   110   222   1   44   1   
55   1   29   1   1   81   1   1   139   1   313   1   1   1   24   105   220   1   43   1   
51   1   28   1   1   78   1   1   147   1   312   1   1   1   24   101   220   1   48   1   
45   1   36   1   1   78   1   1   142   1   311   1   1   1   27   92   231   1   47   1   
52   1   33   1   1   85   1   1   145   1   313   1   1   1   33   94   212   1   42   1   
49   1   35   1   1   86   1   1   140   1   330   1   1   1   29   92   202   1   46   1   
52   1   31   1   1   82   1   1   124   1   336   1   1   1   31   86   222   1   45   1   
45   1   36   1   1   97   1   1   110   1   335   1   1   1   36   96   210   1   44   1   
44   1   34   1   1   89   1   1   106   1   328   1   1   1   40   98   224   1   46   1   
50   1   27   1   1   86   1   1   107   1   334   1   1   1   37   95   226   1   47   1   
52   1   24   1   1   89   1   1   100   1   345   1   1   1   36   98   219   1   46   1   
54   1   25   1   1   93   1   1   90   1   339   1   1   1   32   97   221   1   58   1   
46   1   21   1   1   106   1   1   91   1   343   1   1   1   34   94   214   1   60   1   
49   1   15   1   1   93   1   1   77   1   353   1   1   1   41   100   216   1   65   1   
45   1   16   1   1   86   1   1   80   1   340   1   1   1   41   105   227   1   69   1   
50   1   18   1   1   89   1   1   78   1   346   1   1   1   38   103   220   1   67   1   
58   1   21   1   1   83   1   1   79   1   347   1   1   1   34   100   219   1   68   1   
60   1   23   1   1   72   1   1   78   1   356   1   1   1   27   90   234   1   69   1   
55   1   27   1   1   69   1   1   78   1   367   1   1   1   25   92   229   1   67   1   
55   1   29   1   1   71   1   1   77   1   372   1   1   1   22   83   232   1   68   1   
64   1   27   1   1   75   1   1   89   1   371   1   1   1   20   88   217   1   58   1   
62   1   23   1   1   79   1   1   82   1   381   1   1   1   16   93   217   1   56   1   
66   1   22   1   1   71   1   1   84   1   394   1   1   1   16   92   206   1   58   1   
70   1   19   1   1   68   1   1   74   1   408   1   1   1   20   104   189   1   57   1   
70   1   20   1   1   75   1   1   71   1   409   1   1   1   20   101   183   1   60   1   
83   1   23   1   1   67   1   1   77   1   387   1   1   1   26   102   185   1   59   1   
84   1   26   1   1   70   1   1   74   1   375   1   1   1   32   104   186   1   58   1   
82   1   26   1   1   69   1   1   81   1   378   1   1   1   31   101   189   1   52   1   
83   1   23   1   1   73   1   1   67   1   368   1   1   1   33   117   194   1   51   1   
80   1   21   1   1   71   1   1   60   1   376   1   1   1   31   120   201   1   49   1   
83   1   22   1   1   66   1   1   57   1   360   1   1   1   32   129   210   1   50   1   
95   1   22   1   1   70   1   1   54   1   358   1   1   1   32   119   213   1   46   1   
91   1   23   1   1   67   1   1   50   1   366   1   1   1   37   112   216   1   47   1   
82   1   18   1   1   64   1   1   43   1   394   1   1   1   37   106   219   1   46   1   
75   1   17   1   1   59   1   1   44   1   398   1   1   1   32   100   240   1   44   1   
68   1   13   1   1   70   1   1   43   1   389   1   1   1   34   96   254   1   42   1   
74   1   12   1   1   69   1   1   39   1   377   1   1   1   38   99   260   1   41   1   
65   1   10   1   1   58   1   1   48   1   388   1   1   1   42   99   257   1   42   1   
61   1   15   1   1   62   1   1   49   1   395   1   1   1   32   98   253   1   44   1   
62   1   19   1   1   55   1   1   46   1   384   1   1   1   32   105   263   1   43   1   
57   1   12   1   1   58   1   1   50   1   385   1   1   1   30   103   272   1   42   1   
59   1   11   1   1   58   1   1   52   1   380   1   1   1   27   102   277   1   43   1   
62   1   11   1   1   54   1   1   53   1   365   1   1   1   31   106   288   1   39   1   
61   1   10   1   1   45   1   1   55   1   368   1   1   1   30   122   272   1   46   1   
57   1   12   1   1   39   1   1   55   1   366   1   1   1   31   132   274   1   43   1   
64   1   10   1   1   36   1   1   57   1   360   1   1   1   29   131   284   1   38   1   
57   1   11   1   1   39   1   1   58   1   354   1   1   1   23   139   291   1   37   1   
54   1   14   1   1   38   1   1   53   1   353   1   1   1   28   129   300   1   40   1   
57   1   13   1   1   39   1   1   52   1   342   1   1   1   25   139   308   1   34   1   
57   1   16   1   1   42   1   1   52   1   336   1   1   1   25   116   326   1   39   1   
60   1   16   1   1   42   1   1   58   1   335   1   1   1   24   104   334   1   36   1   
65   1   14   1   1   39   1   1   59   1   315   1   1   1   23   112   340   1   42   1   
65   1   14   1   1   36   1   1   55   1   313   1   1   1   22   112   351   1   41   1   
61   1   14   1   1   37   1   1   52   1   302   1   1   1   23   130   351   1   39   1   
58   1   10   1   1   36   1   1   55   1   300   1   1   1   23   135   356   1   36   1   
59   1   6   1   1   36   1   1   57   1   304   1   1   1   21   139   350   1   37   1   
59   1   9   1   1   28   1   1   57   1   318   1   1   1   21   142   334   1   41   1   
67   1   7   1   1   27   1   1   60   1   323   1   1   1   25   136   324   1   40   1   
66   1   5   1   1   28   1   1   56   1   326   1   1   1   27   139   314   1   48   1   
63   1   6   1   1   34   1   1   59   1   333   1   1   1   33   136   295   1   50   1   
69   1   8   1   1   31   1   1   63   1   338   1   1   1   33   126   289   1   52   1   
58   1   8   1   1   32   1   1   69   1   330   1   1   1   34   129   298   1   51   1   
58   1   7   1   1   39   1   1   68   1   317   1   1   1   40   130   292   1   58   1   
59   1   5   1   1   36   1   1   77   1   322   1   1   1   38   128   280   1   64   1   
70   1   4   1   1   35   1   1   76   1   337   1   1   1   40   126   262   1   59   1   
71   1   3   1   1   32   1   1   75   1   325   1   1   1   47   140   266   1   50   1   
73   1   4   1   1   29   1   1   74   1   337   1   1   1   46   139   256   1   51   1   
71   1   4   1   1   31   1   1   81   1   327   1   1   1   43   135   259   1   58   1   
72   1   6   1   1   32   1   1   83   1   318   1   1   1   46   138   252   1   62   1   
75   1   8   1   1   39   1   1   79   1   311   1   1   1   39   130   261   1   67   1   
83   1   8   1   1   40   1   1   75   1   321   1   1   1   36   132   245   1   69   1   
90   1   8   1   1   38   1   1   78   1   301   1   1   1   41   129   250   1   74   1   
95   1   8   1   1   34   1   1   77   1   297   1   1   1   43   135   245   1   75   1   
99   1   10   1   1   33   1   1   86   1   300   1   1   1   40   140   239   1   62   1   
97   1   10   1   1   28   1   1   86   1   314   1   1   1   45   123   243   1   63   1   
98   1   10   1   1   30   1   1   88   1   310   1   1   1   44   137   229   1   63   1   
104   1   10   1   1   28   1   1   85   1   303   1   1   1   48   128   241   1   62   1   
113   1   9   1   1   33   1   1   78   1   311   1   1   1   48   128   213   1   76   1   
109   1   7   1   1   24   1   1   85   1   304   1   1   1   53   129   214   1   84   1   
104   1   8   1   1   27   1   1   81   1   312   1   1   1   55   134   206   1   82   1   
102   1   5   1   1   33   1   1   94   1   298   1   1   1   63   132   195   1   87   1   
100   1   5   1   1   31   1   1   94   1   291   1   1   1   63   141   193   1   91   1   
100   1   5   1   1   30   1   1   96   1   279   1   1   1   73   150   192   1   84   1   
106   1   4   1   1   25   1   1   92   1   281   1   1   1   81   149   199   1   72   1   
107   1   2   1   1   29   1   1   77   1   283   1   1   1   82   163   189   1   77   1   
99   1   3   1   1   29   1   1   76   1   287   1   1   1   82   160   191   1   82   1   
107   1   2   1   1   34   1   1   73   1   278   1   1   1   75   174   172   1   94   1   
112   1   3   1   1   35   1   1   80   1   274   1   1   1   72   167   168   1   98   1   
108   1   3   1   1   31   1   1   78   1   282   1   1   1   75   166   164   1   102   1   
101   1   3   1   1   34   1   1   75   1   274   1   1   1   73   170   179   1   100   1   
93   1   3   1   1   34   1   1   77   1   284   1   1   1   63   169   182   1   104   1   
90   1   2   1   1   33   1   1   84   1   289   1   1   1   56   170   183   1   102   1   
98   1   3   1   1   36   1   1   84   1   287   1   1   1   63   161   170   1   107   1   
89   1   2   1   1   37   1   1   84   1   279   1   1   1   69   174   168   1   107   1   
110   1   2   1   1   36   1   1   86   1   251   1   1   1   73   187   150   1   114   1   
102   1   2   1   1   36   1   1   85   1   244   1   1   1   82   168   159   1   131   1   
111   1   2   1   1   34   1   1   81   1   249   1   1   1   80   153   166   1   133   1   
115   1   1   1   1   41   1   1   80   1   255   1   1   1   88   139   162   1   128   1   
120   1   1   1   1   38   1   1   73   1   240   1   1   1   94   148   164   1   131   1   
134   1   1   1   1   34   1   1   66   1   235   1   1   1   106   133   174   1   126   1   
143   1   1   1   1   29   1   1   67   1   241   1   1   1   96   133   182   1   117   1   
148   1   1   1   1   26   1   1   67   1   248   1   1   1   90   128   182   1   119   1   
146   1   1   1   1   19   1   1   71   1   233   1   1   1   104   127   188   1   120   1   
142   1   1   1   1   16   1   1   67   1   233   1   1   1   105   135   183   1   127   1   
147   1   1   1   1   9   1   1   73   1   223   1   1   1   97   140   190   1   129   1   
148   1   1   1   1   10   1   1   68   1   214   1   1   1   110   142   191   1   125   1   
145   1   1   1   1   13   1   1   75   1   199   1   1   1   108   142   188   1   138   1   
160   1   1   1   1   12   1   1   68   1   201   1   1   1   95   138   197   1   137   1   
161   1   1   1   1   15   1   1   71   1   187   1   1   1   95   131   199   1   149   1   
163   1   1   1   1   17   1   1   77   1   174   1   1   1   100   123   198   1   156   1   
166   1   1   1   1   20   1   1   76   1   175   1   1   1   96   124   193   1   158   1   
175   1   1   1   1   19   1   1   76   1   179   1   1   1   91   118   193   1   157   1   
183   1   1   1   1   21   1   1   68   1   180   1   1   1   78   126   191   1   161   1   
173   1   1   1   1   27   1   1   65   1   175   1   1   1   78   122   193   1   175   1   
183   1   1   1   1   27   1   1   64   1   186   1   1   1   85   121   174   1   168   1   
169   1   1   1   1   27   1   1   64   1   197   1   1   1   90   122   166   1   173   1   
171   1   1   1   1   35   1   1   71   1   197   1   1   1   91   108   161   1   174   1   
163   1   1   1   1   37   1   1   77   1   196   1   1   1   95   111   149   1   180   1   
165   1   1   1   1   32   1   1   72   1   197   1   1   1   91   119   147   1   185   1   
176   1   1   1   1   28   1   1   69   1   196   1   1   1   81   119   145   1   194   1   
169   1   1   1   1   32   1   1   65   1   207   1   1   1   80   118   150   1   187   1   
155   1   1   1   1   33   1   1   67   1   206   1   1   1   76   116   158   1   197   1   
149   1   1   1   1   38   1   1   72   1   202   1   1   1   81   116   163   1   187   1   
144   1   1   1   1   40   1   1   75   1   207   1   1   1   87   104   177   1   174   1   
148   1   1   1   1   31   1   1   86   1   212   1   1   1   91   95   188   1   157   1   
164   1   1   1   1   28   1   1   91   1   211   1   1   1   96   83   170   1   165   1   
167   1   1   1   1   28   1   1   89   1   227   1   1   1   89   79   158   1   171   1   
173   1   1   1   1   30   1   1   87   1   235   1   1   1   81   80   150   1   172   1   
179   1   1   1   1   30   1   1   82   1   234   1   1   1   72   85   147   1   179   1   
175   1   1   1   1   29   1   1   84   1   241   1   1   1   72   92   150   1   165   1   
170   1   1   1   1   30   1   1   71   1   274   1   1   1   82   90   137   1   154   1   
173   1   1   1   1   35   1   1   71   1   276   1   1   1   84   84   137   1   148   1   
170   1   1   1   1   34   1   1   69   1   277   1   1   1   92   82   142   1   142   1   
192   1   1   1   1   34   1   1   78   1   283   1   1   1   92   68   130   1   131   1   
211   1   1   1   1   37   1   1   82   1   263   1   1   1   93   67   123   1   132   1   
220   1   1   1   1   32   1   1   80   1   274   1   1   1   95   59   116   1   132   1   
234   1   1   1   1   31   1   1   69   1   279   1   1   1   102   65   111   1   117   1   
232   1   1   1   1   25   1   1   62   1   291   1   1   1   107   57   111   1   123   1   
242   1   1   1   1   26   1   1   62   1   288   1   1   1   94   56   120   1   120   1   
219   1   1   1   1   28   1   1   68   1   281   1   1   1   90   62   129   1   131   1   
212   1   1   1   1   19   1   1   69   1   283   1   1   1   105   67   137   1   116   1   
243   1   1   1   1   16   1   1   68   1   285   1   1   1   90   60   130   1   116   1   
238   1   1   1   1   14   1   1   63   1   289   1   1   1   91   53   151   1   109   1   
225   1   1   1   1   14   1   1   66   1   283   1   1   1   93   60   162   1   105   1   
241   1   1   1   1   17   1   1   70   1   268   1   1   1   94   58   159   1   101   1   
245   1   1   1   1   14   1   1   67   1   274   1   1   1   90   55   153   1   110   1   
239   1   1   1   1   14   1   1   61   1   269   1   1   1   91   61   162   1   111   1   
244   1   1   1   1   14   1   1   60   1   274   1   1   1   89   60   158   1   109   1   
233   1   1   1   1   15   1   1   54   1   276   1   1   1   101   71   158   1   100   1   
246   1   1   1   1   12   1   1   60   1   276   1   1   1   89   72   160   1   93   1   
254   1   1   1   1   14   1   1   52   1   268   1   1   1   98   79   155   1   88   1   
253   1   1   1   1   15   1   1   60   1   281   1   1   1   105   69   145   1   80   1   
267   1   1   1   1   17   1   1   48   1   281   1   1   1   110   63   144   1   78   1   
256   1   1   1   1   18   1   1   49   1   286   1   1   1   113   65   138   1   83   1   
249   1   1   1   1   18   1   1   51   1   291   1   1   1   116   75   125   1   83   1   
227   1   1   1   1   19   1   1   53   1   305   1   1   1   129   72   122   1   81   1   
235   1   1   1   1   23   1   1   52   1   305   1   1   1   126   74   124   1   69   1   
239   1   1   1   1   16   1   1   50   1   318   1   1   1   120   75   123   1   67   1   
226   1   1   1   1   15   1   1   43   1   332   1   1   1   116   83   132   1   61   1   
223   1   1   1   1   16   1   1   46   1   345   1   1   1   113   82   124   1   59   1   
216   1   1   1   1   12   1   1   48   1   351   1   1   1   111   88   123   1   59   1   
209   1   1   1   1   11   1   1   49   1   340   1   1   1   117   93   129   1   60   1   
206   1   1   1   1   12   1   1   47   1   334   1   1   1   105   97   134   1   73   1   
200   1   1   1   1   12   1   1   45   1   345   1   1   1   103   85   144   1   74   1   
190   1   1   1   1   8   1   1   49   1   349   1   1   1   102   81   145   1   84   1   
197   1   1   1   1   9   1   1   47   1   355   1   1   1   97   80   133   1   90   1   
191   1   1   1   1   10   1   1   50   1   384   1   1   1   103   70   113   1   87   1   
195   1   1   1   1   12   1   1   57   1   372   1   1   1   105   73   105   1   89   1   
202   1   1   1   1   12   1   1   65   1   375   1   1   1   105   65   92   1   92   1   
191   1   1   1   1   14   1   1   68   1   365   1   1   1   100   72   98   1   100   1   
202   1   1   1   1   13   1   1   63   1   358   1   1   1   103   76   81   1   112   1   
202   1   1   1   1   11   1   1   79   1   344   1   1   1   109   64   90   1   109   1   
214   1   1   1   1   11   1   1   78   1   330   1   1   1   104   63   95   1   113   1   
227   1   1   1   1   10   1   1   76   1   313   1   1   1   99   64   101   1   118   1   
233   1   1   1   1   11   1   1   82   1   320   1   1   1   99   58   101   1   104   1   
241   1   1   1   1   9   1   1   75   1   324   1   1   1   93   54   109   1   103   1   
224   1   1   1   1   10   1   1   70   1   335   1   1   1   83   59   113   1   114   1   
222   1   1   1   1   9   1   1   77   1   324   1   1   1   91   56   119   1   110   1   
224   1   1   1   1   5   1   1   82   1   318   1   1   1   95   59   115   1   110   1   
222   1   1   1   1   7   1   1   82   1   303   1   1   1   102   62   117   1   113   1   
214   1   1   1   1   10   1   1   88   1   305   1   1   1   101   53   118   1   119   1   
219   1   1   1   1   6   1   1   96   1   317   1   1   1   107   51   103   1   109   1   
220   1   1   1   1   5   1   1   95   1   320   1   1   1   103   52   102   1   111   1   
203   1   1   1   1   5   1   1   104   1   329   1   1   1   105   55   105   1   102   1   
210   1   1   1   1   5   1   1   105   1   330   1   1   1   93   58   98   1   109   1   
211   1   1   1   1   2   1   1   115   1   323   1   1   1   96   59   89   1   113   1   
216   1   1   1   1   2   1   1   122   1   314   1   1   1   85   72   87   1   110   1   
213   1   1   1   1   2   1   1   118   1   320   1   1   1   90   68   90   1   107   1   
216   1   1   1   1   1   1   1   122   1   321   1   1   1   99   68   83   1   98   1   
202   1   1   1   1   1   1   1   114   1   328   1   1   1   100   67   98   1   98   1   
191   1   1   1   1   1   1   1   118   1   349   1   1   1   95   64   94   1   96   1   
194   1   1   1   1   1   1   1   118   1   355   1   1   1   91   62   96   1   91   1   
200   1   1   1   1   1   1   1   107   1   358   1   1   1   92   63   104   1   83   1   
184   1   1   1   1   1   1   1   101   1   390   1   1   1   86   59   100   1   87   1   
184   1   1   1   1   1   1   1   90   1   386   1   1   1   97   63   101   1   86   1   
183   1   1   1   1   1   1   1   96   1   376   1   1   1   94   61   105   1   92   1   
181   1   1   1   1   1   1   1   105   1   368   1   1   1   91   66   109   1   87   1   
194   1   1   1   1   1   1   1   100   1   363   1   1   1   95   68   110   1   77   1   
203   1   1   1   1   1   1   1   110   1   364   1   1   1   78   60   114   1   78   1   
206   1   1   1   1   1   1   1   111   1   363   1   1   1   75   65   107   1   80   1   
211   1   1   1   1   1   1   1   108   1   363   1   1   1   80   58   114   1   73   1   
221   1   1   1   1   1   1   1   103   1   352   1   1   1   82   54   117   1   78   1   
223   1   1   1   1   1   1   1   107   1   346   1   1   1   88   52   121   1   70   1   
222   1   1   1   1   1   1   1   97   1   352   1   1   1   93   51   128   1   64   1   
226   1   1   1   1   1   1   1   95   1   348   1   1   1   99   51   126   1   62   1   
211   1   1   1   1   1   1   1   97   1   352   1   1   1   100   51   138   1   58   1   
217   1   1   1   1   1   1   1   93   1   351   1   1   1   98   53   136   1   59   1   
218   1   1   1   1   1   1   1   99   1   346   1   1   1   93   54   138   1   59   1   
222   1   1   1   1   1   1   1   96   1   351   1   1   1   90   50   139   1   59   1   
237   1   1   1   1   1   1   1   93   1   340   1   1   1   92   51   146   1   48   1   
238   1   1   1   1   1   1   1   82   1   338   1   1   1   106   51   147   1   45   1   
249   1   1   1   1   1   1   1   74   1   341   1   1   1   106   50   145   1   42   1   
265   1   1   1   1   1   1   1   58   1   359   1   1   1   100   45   131   1   49   1   
263   1   1   1   1   1   1   1   60   1   362   1   1   1   106   46   131   1   39   1   
265   1   1   1   1   1   1   1   60   1   357   1   1   1   105   47   135   1   38   1   
271   1   1   1   1   1   1   1   57   1   348   1   1   1   100   51   140   1   40   1   
284   1   1   1   1   1   1   1   58   1   342   1   1   1   99   51   135   1   38   1   
280   1   1   1   1   1   1   1   57   1   360   1   1   1   99   42   137   1   32   1   
275   1   1   1   1   1   1   1   50   1   359   1   1   1   109   40   145   1   29   1   
283   1   1   1   1   1   1   1   51   1   355   1   1   1   116   44   129   1   29   1   
297   1   1   1   1   1   1   1   62   1   342   1   1   1   100   45   134   1   27   1   
313   1   1   1   1   1   1   1   53   1   348   1   1   1   86   46   141   1   20   1   
315   1   1   1   1   1   1   1   50   1   362   1   1   1   85   40   134   1   21   1   
311   1   1   1   1   1   1   1   49   1   363   1   1   1   84   38   139   1   23   1   
291   1   1   1   1   1   1   1   40   1   375   1   1   1   95   36   145   1   25   1   
296   1   1   1   1   1   1   1   37   1   362   1   1   1   89   39   152   1   32   1   
306   1   1   1   1   1   1   1   32   1   359   1   1   1   84   41   155   1   30   1   
301   1   1   1   1   1   1   1   32   1   351   1   1   1   106   42   149   1   26   1   
315   1   1   1   1   1   1   1   38   1   346   1   1   1   99   39   148   1   22   1   
323   1   1   1   1   1   1   1   41   1   337   1   1   1   104   36   148   1   18   1   
313   1   1   1   1   1   1   1   45   1   339   1   1   1   100   37   148   1   25   1   
315   1   1   1   1   1   1   1   45   1   345   1   1   1   104   35   130   1   33   1   
297   1   1   1   1   1   1   1   41   1   367   1   1   1   112   35   125   1   30   1   
295   1   1   1   1   1   1   1   36   1   372   1   1   1   114   36   129   1   25   1   
292   1   1   1   1   1   1   1   36   1   370   1   1   1   124   31   135   1   19   1   
282   1   1   1   1   1   1   1   34   1   387   1   1   1   124   29   138   1   13   1   
278   1   1   1   1   1   1   1   32   1   387   1   1   1   125   32   140   1   13   1   
269   1   1   1   1   1   1   1   30   1   386   1   1   1   123   36   148   1   15   1   
269   1   1   1   1   1   1   1   32   1   383   1   1   1   120   38   146   1   19   1   
270   1   1   1   1   1   1   1   37   1   389   1   1   1   115   38   142   1   16   1   
270   1   1   1   1   1   1   1   32   1   390   1   1   1   122   42   133   1   18   1   
285   1   1   1   1   1   1   1   27   1   382   1   1   1   120   39   135   1   19   1   
271   1   1   1   1   1   1   1   28   1   388   1   1   1   128   36   142   1   14   1   
272   1   1   1   1   1   1   1   31   1   371   1   1   1   131   43   150   1   9   1   
276   1   1   1   1   1   1   1   36   1   367   1   1   1   131   48   139   1   10   1   
278   1   1   1   1   1   1   1   32   1   379   1   1   1   126   39   141   1   12   1   
268   1   1   1   1   1   1   1   37   1   387   1   1   1   137   34   135   1   9   1   
264   1   1   1   1   1   1   1   41   1   387   1   1   1   143   33   129   1   10   1   
270   1   1   1   1   1   1   1   43   1   408   1   1   1   143   25   111   1   7   1   
277   1   1   1   1   1   1   1   41   1   383   1   1   1   158   26   114   1   8   1   
264   1   1   1   1   1   1   1   46   1   395   1   1   1   138   30   124   1   10   1   
253   1   1   1   1   1   1   1   41   1   423   1   1   1   128   27   126   1   9   1   
268   1   1   1   1   1   1   1   49   1   414   1   1   1   130   21   116   1   9   1   
270   1   1   1   1   1   1   1   56   1   410   1   1   1   129   17   117   1   8   1   
282   1   1   1   1   1   1   1   54   1   393   1   1   1   127   21   119   1   11   1   
295   1   1   1   1   1   1   1   54   1   378   1   1   1   139   19   113   1   9   1   
278   1   1   1   1   1   1   1   51   1   390   1   1   1   156   17   106   1   9   1   
278   1   1   1   1   1   1   1   50   1   387   1   1   1   162   19   105   1   6   1   
271   1   1   1   1   1   1   1   57   1   391   1   1   1   162   18   103   1   5   1   
255   1   1   1   1   1   1   1   60   1   403   1   1   1   167   16   100   1   6   1   
257   1   1   1   1   1   1   1   54   1   410   1   1   1   185   13   85   1   3   1   
249   1   1   1   1   1   1   1   63   1   406   1   1   1   191   14   80   1   4   1   
239   1   1   1   1   1   1   1   67   1   428   1   1   1   183   13   74   1   3   1   
230   1   1   1   1   1   1   1   64   1   430   1   1   1   175   16   88   1   4   1   
232   1   1   1   1   1   1   1   65   1   436   1   1   1   175   16   81   1   2   1   
239   1   1   1   1   1   1   1   67   1   433   1   1   1   174   16   76   1   2   1   
229   1   1   1   1   1   1   1   61   1   450   1   1   1   163   21   80   1   3   1   
227   1   1   1   1   1   1   1   63   1   451   1   1   1   166   17   80   1   3   1   
240   1   1   1   1   1   1   1   58   1   446   1   1   1   164   17   80   1   2   1   
243   1   1   1   1   1   1   1   56   1   457   1   1   1   160   16   73   1   2   1   
239   1   1   1   1   1   1   1   51   1   463   1   1   1   152   21   78   1   3   1   
225   1   1   1   1   1   1   1   49   1   466   1   1   1   173   22   69   1   3   1   
229   1   1   1   1   1   1   1   51   1   467   1   1   1   173   21   63   1   3   1   
240   1   1   1   1   1   1   1   38   1   463   1   1   1   179   19   65   1   3   1   
212   1   1   1   1   1   1   1   39   1   466   1   1   1   196   14   75   1   5   1   
219   1   1   1   1   1   1   1   39   1   469   1   1   1   192   11   71   1   6   1   
217   1   1   1   1   1   1   1   42   1   467   1   1   1   193   14   65   1   9   1   
215   1   1   1   1   1   1   1   45   1   455   1   1   1   200   19   63   1   10   1   
232   1   1   1   1   1   1   1   39   1   452   1   1   1   202   20   54   1   8   1   
234   1   1   1   1   1   1   1   44   1   436   1   1   1   208   21   54   1   10   1   
217   1   1   1   1   1   1   1   39   1   429   1   1   1   221   26   66   1   9   1   
208   1   1   1   1   1   1   1   36   1   443   1   1   1   217   27   67   1   9   1   
191   1   1   1   1   1   1   1   48   1   444   1   1   1   216   28   72   1   8   1   
193   1   1   1   1   1   1   1   48   1   450   1   1   1   200   31   79   1   6   1   
207   1   1   1   1   1   1   1   44   1   445   1   1   1   197   30   78   1   6   1   
208   1   1   1   1   1   1   1   41   1   450   1   1   1   192   33   79   1   4   1   
218   1   1   1   1   1   1   1   34   1   429   1   1   1   211   36   76   1   3   1   
222   1   1   1   1   1   1   1   33   1   416   1   1   1   216   42   77   1   1   1   
208   1   1   1   1   1   1   1   29   1   405   1   1   1   239   41   84   1   1   1   
210   1   1   1   1   1   1   1   19   1   404   1   1   1   250   40   83   1   1   1   
199   1   1   1   1   1   1   1   22   1   418   1   1   1   252   39   76   1   1   1   
201   1   1   1   1   1   1   1   16   1   421   1   1   1   243   44   81   1   1   1   
199   1   1   1   1   1   1   1   11   1   419   1   1   1   250   48   79   1   1   1   
190   1   1   1   1   1   1   1   12   1   431   1   1   1   250   44   79   1   1   1   
189   1   1   1   1   1   1   1   13   1   429   1   1   1   265   42   68   1   1   1   
178   1   1   1   1   1   1   1   14   1   455   1   1   1   251   47   61   1   1   1   
192   1   1   1   1   1   1   1   16   1   437   1   1   1   248   53   60   1   1   1   
184   1   1   1   1   1   1   1   22   1   419   1   1   1   258   58   65   1   1   1   
178   1   1   1   1   1   1   1   21   1   417   1   1   1   270   60   60   1   1   1   
169   1   1   1   1   1   1   1   18   1   424   1   1   1   273   63   59   1   1   1   
167   1   1   1   1   1   1   1   17   1   423   1   1   1   278   63   58   1   1   1   
186   1   1   1   1   1   1   1   20   1   423   1   1   1   263   58   56   1   1   1   
173   1   1   1   1   1   1   1   18   1   437   1   1   1   269   60   49   1   1   1   
182   1   1   1   1   1   1   1   20   1   440   1   1   1   249   65   50   1   1   1   
177   1   1   1   1   1   1   1   21   1   447   1   1   1   248   60   53   1   1   1   
167   1   1   1   1   1   1   1   23   1   460   1   1   1   246   59   51   1   1   1   
161   1   1   1   1   1   1   1   21   1   463   1   1   1   251   56   54   1   1   1   
153   1   1   1   1   1   1   1   22   1   460   1   1   1   257   58   56   1   1   1   
159   1   1   1   1   1   1   1   14   1   453   1   1   1   264   56   60   1   1   1   
165   1   1   1   1   1   1   1   15   1   453   1   1   1   259   51   63   1   1   1   
154   1   1   1   1   1   1   1   14   1   461   1   1   1   253   60   64   1   1   1   
152   1   1   1   1   1   1   1   12   1   459   1   1   1   254   57   72   1   1   1   
146   1   1   1   1   1   1   1   11   1   474   1   1   1   240   61   74   1   1   1   
142   1   1   1   1   1   1   1   11   1   492   1   1   1   227   59   75   1   1   1   
154   1   1   1   1   1   1   1   13   1   483   1   1   1   218   56   82   1   1   1   
167   1   1   1   1   1   1   1   13   1   494   1   1   1   199   54   79   1   1   1   
187   1   1   1   1   1   1   1   14   1   479   1   1   1   190   56   80   1   1   1   
173   1   1   1   1   1   1   1   10   1   487   1   1   1   198   60   78   1   1   1   
171   1   1   1   1   1   1   1   11   1   494   1   1   1   202   48   80   1   1   1   
162   1   1   1   1   1   1   1   7   1   497   1   1   1   201   52   87   1   1   1   
170   1   1   1   1   1   1   1   4   1   494   1   1   1   196   52   90   1   1   1   
169   1   1   1   1   1   1   1   3   1   495   1   1   1   190   53   96   1   1   1   
173   1   1   1   1   1   1   1   1   1   496   1   1   1   175   52   109   1   1   1   
172   1   1   1   1   1   1   1   1   1   493   1   1   1   180   52   108   1   1   1   
176   1   1   1   1   1   1   1   1   1   480   1   1   1   191   47   111   1   1   1   
179   1   1   1   1   1   1   1   1   1   468   1   1   1   203   50   105   1   1   1   
183   1   1   1   1   1   1   1   1   1   455   1   1   1   203   43   121   1   1   1   
195   1   1   1   1   1   1   1   1   1   440   1   1   1   206   44   120   1   1   1   
195   1   1   1   1   1   1   1   1   1   430   1   1   1   204   43   133   1   1   1   
194   1   1   1   1   1   1   1   1   1   422   1   1   1   224   40   125   1   1   1   
182   1   1   1   1   1   1   1   1   1   417   1   1   1   224   42   140   1   1   1   
179   1   1   1   1   1   1   1   1   1   419   1   1   1   212   58   137   1   1   1   
169   1   1   1   1   1   1   1   1   1   430   1   1   1   213   56   137   1   1   1   
169   1   1   1   1   1   1   1   1   1   425   1   1   1   210   57   144   1   1   1   
183   1   1   1   1   1   1   1   1   1   425   1   1   1   194   65   138   1   1   1   
181   1   1   1   1   1   1   1   1   1   446   1   1   1   177   63   138   1   1   1   
175   1   1   1   1   1   1   1   1   1   456   1   1   1   172   62   140   1   1   1   
172   1   1   1   1   1   1   1   1   1   459   1   1   1   171   63   140   1   1   1   
168   1   1   1   1   1   1   1   1   1   454   1   1   1   174   59   150   1   1   1   
175   1   1   1   1   1   1   1   1   1   464   1   1   1   166   60   140   1   1   1   
186   1   1   1   1   1   1   1   1   1   466   1   1   1   173   51   129   1   1   1   
184   1   1   1   1   1   1   1   1   1   475   1   1   1   181   49   116   1   1   1   
183   1   1   1   1   1   1   1   1   1   468   1   1   1   178   49   127   1   1   1   
178   1   1   1   1   1   1   1   1   1   480   1   1   1   174   42   131   1   1   1   
199   1   1   1   1   1   1   1   1   1   476   1   1   1   160   47   123   1   1   1   
195   1   1   1   1   1   1   1   1   1   469   1   1   1   166   50   125   1   1   1   
199   1   1   1   1   1   1   1   1   1   472   1   1   1   170   38   126   1   1   1   
209   1   1   1   1   1   1   1   1   1   463   1   1   1   161   32   140   1   1   1   
1   1   1   1   1   1   1   1   1   1   1   1   1   1   1   1   1   1   1   1   
1   1   1   1   1   1   1   1   1   1   1   1   1   1   1   1   1   1   1   1   
1   1   1   1   1   1   1   1   1   1   1   1   1   1   1   1   1   1   1   1   
1   1   1   1   1   1   1   1   1   1   1   1   1   1   1   1   1   1   1   1   
1   1   1   1   1   1   1   1   1   1   1   1   1   1   1   1   1   1   1   1   
1   1   1   1   1   1   1   1   1   1   1   1   1   1   1   1   1   1   1   1   
1   1   1   1   1   1   1   1   1   1   1   1   1   1   1   1   1   1   1   1   
1   1   1   1   1   1   1   1   1   1   1   1   1   1   1   1   1   1   1   1   
1   1   1   1   1   1   1   1   1   1   1   1   1   1   1   1   1   1   1   1   
1   1   1   1   1   1   1   1   1   1   1   1   1   1   1   1   1   1   1   1   
1   1   1   1   1   1   1   1   1   1   1   1   1   1   1   1   1   1   1   1   
