51   51   51   51   51   51   51   51   51   51   51   51   51   51   51   51   51   51   51   51   
52   48   49   54   65   47   46   66   51   58   54   54   49   51   48   46   50   50   41   41   
60   47   50   53   69   53   49   63   47   45   59   60   45   53   48   44   49   40   38   48   
59   46   48   52   72   54   50   59   48   46   62   62   51   49   46   51   55   36   37   37   
53   43   52   56   64   40   53   65   44   44   67   67   48   49   45   55   53   40   37   45   
55   44   52   58   69   43   60   53   49   47   64   68   43   55   44   58   51   35   34   38   
51   44   50   59   71   35   56   51   44   48   67   72   43   55   45   62   46   46   31   44   
49   40   48   60   80   42   58   45   45   39   72   76   40   48   50   62   46   52   24   44   
46   42   51   66   80   43   57   44   41   41   64   78   34   55   52   66   46   52   19   43   
42   47   55   60   74   42   58   46   38   39   61   75   37   59   57   66   52   47   22   43   
45   43   54   55   71   41   58   47   40   38   57   77   40   68   57   65   53   48   23   40   
44   38   52   57   69   40   61   42   38   43   59   68   46   73   61   60   57   46   24   42   
44   31   51   52   68   38   62   38   36   45   59   77   37   84   59   62   55   52   26   44   
50   28   55   45   66   47   63   38   43   36   57   84   34   73   54   61   58   52   27   49   
47   31   49   43   57   37   64   36   42   36   56   87   29   83   60   61   57   55   29   61   
50   33   46   48   59   34   63   34   43   38   50   86   31   87   58   58   60   53   29   60   
46   30   46   45   62   35   71   30   40   43   53   74   28   96   55   69   54   56   32   55   
40   34   49   48   71   36   75   37   36   47   47   72   29   97   56   58   57   54   31   46   
51   41   40   55   82   39   73   35   41   47   46   69   29   98   54   58   54   44   25   39   
57   36   35   63   80   39   68   34   44   46   47   65   27   92   53   70   52   47   27   38   
54   38   33   67   73   37   66   37   46   43   52   69   27   92   55   65   54   50   18   44   
54   41   27   72   72   38   54   44   49   42   50   71   24   93   51   63   60   57   22   36   
63   38   31   71   77   40   58   43   42   49   49   56   26   92   55   55   59   63   19   34   
66   38   32   73   79   41   56   44   40   46   45   56   25   94   56   56   50   65   23   35   
61   40   36   77   77   45   60   37   42   54   43   49   28   88   57   58   57   62   17   32   
71   37   38   84   68   47   60   34   39   48   45   52   24   90   62   60   56   57   13   35   
69   44   40   80   59   41   67   39   47   47   42   48   21   84   66   66   54   48   21   37   
72   42   41   87   60   36   72   45   50   49   40   45   21   85   67   56   53   53   18   28   
77   35   37   88   61   39   68   40   57   46   35   39   22   93   63   56   58   58   20   28   
72   45   38   95   62   42   67   41   59   45   28   36   22   91   57   54   57   63   16   30   
82   51   42   94   66   39   77   42   52   41   22   40   16   91   56   48   53   63   14   31   
78   49   42   92   66   32   75   38   50   41   19   41   16   101   53   51   58   62   14   42   
91   49   51   92   67   34   76   38   44   38   17   40   15   92   50   57   60   50   11   48   
80   54   42   91   63   36   82   43   52   34   19   41   13   74   54   49   69   59   13   52   
78   54   43   80   64   31   81   48   57   30   18   43   14   64   54   49   73   73   13   53   
65   46   40   84   66   34   83   48   54   32   19   40   14   61   62   56   70   81   15   50   
70   44   38   86   66   31   84   50   50   28   19   37   11   59   64   57   60   92   11   63   
57   37   34   77   63   27   97   55   39   31   15   37   16   59   64   46   79   102   9   76   
65   39   29   67   57   31   103   50   43   31   15   47   15   49   72   48   74   100   12   73   
65   34   29   72   56   27   110   46   41   35   19   42   14   56   71   42   76   100   12   73   
69   33   31   69   56   30   106   46   46   34   21   40   13   64   67   43   71   99   12   70   
71   34   29   56   54   32   109   52   35   28   20   35   10   65   72   44   76   110   13   75   
75   31   31   54   55   30   106   45   36   30   19   34   10   66   72   45   80   112   11   78   
65   36   30   54   54   29   103   49   32   33   20   37   12   60   70   45   83   110   11   87   
58   36   29   53   56   28   105   44   24   34   21   40   12   63   63   45   82   119   11   97   
67   38   29   48   50   25   107   46   25   25   23   47   9   64   64   55   84   106   13   95   
57   39   29   48   40   20   113   52   21   31   20   48   10   66   65   61   83   103   10   104   
66   46   29   45   38   20   112   54   19   25   18   52   11   70   65   62   78   96   11   103   
62   39   27   40   42   23   123   51   19   26   20   58   11   65   56   73   77   96   14   98   
66   38   29   41   41   28   114   49   15   26   14   55   12   68   57   72   76   95   15   109   
62   41   31   39   37   30   125   38   14   26   15   53   11   75   50   78   78   97   10   110   
70   46   29   35   38   32   127   34   14   24   14   55   12   77   45   87   69   94   13   105   
77   46   26   36   41   37   141   36   14   22   14   55   11   76   46   74   64   83   13   108   
79   49   28   28   34   37   148   29   17   23   17   59   11   70   52   69   67   87   17   99   
76   50   27   33   31   39   151   30   12   24   19   49   9   79   47   80   64   85   17   98   
77   49   22   37   34   44   149   34   7   26   15   53   9   71   45   85   67   84   16   96   
79   58   22   40   34   43   157   29   6   26   11   44   9   75   48   84   66   82   21   86   
81   50   23   44   38   43   165   22   5   30   13   41   8   76   46   87   55   83   26   84   
89   52   23   42   49   41   163   12   4   34   12   38   8   79   42   83   61   89   28   71   
89   51   22   42   53   38   168   12   6   28   12   35   7   83   39   85   56   98   25   71   
88   55   18   42   57   45   164   13   8   30   11   29   7   83   41   85   57   92   20   75   
88   50   19   34   58   49   171   19   10   27   9   32   5   75   47   92   52   96   14   73   
86   51   16   40   52   53   183   20   10   27   9   30   5   73   54   79   57   92   17   66   
95   55   9   36   53   45   190   19   10   31   6   33   3   66   49   84   59   95   17   65   
100   55   11   37   51   41   188   23   10   25   5   39   4   59   59   84   51   91   20   67   
110   63   10   33   53   38   183   22   13   21   8   37   3   52   56   90   50   88   24   66   
113   66   10   33   56   36   178   24   10   19   8   30   2   58   58   96   54   78   26   65   
123   67   4   27   65   43   176   32   10   22   7   24   2   57   56   100   51   80   21   53   
128   68   3   28   64   42   173   40   7   20   4   28   3   53   61   105   44   81   17   51   
123   64   2   29   57   45   174   43   8   23   3   30   2   51   51   112   46   83   17   57   
137   58   2   27   52   41   177   41   8   20   4   22   3   54   52   121   49   75   18   59   
142   52   2   29   51   36   170   42   6   26   5   20   2   63   55   121   45   77   19   57   
127   52   3   25   49   39   179   35   8   21   6   20   2   60   49   129   51   85   18   62   
123   47   3   22   53   33   174   34   11   24   7   22   3   58   56   137   56   83   17   57   
125   51   4   24   53   33   160   36   8   27   7   21   3   52   60   142   52   81   18   63   
135   50   6   21   59   31   154   36   7   28   9   21   3   58   62   130   55   81   18   56   
141   50   6   22   57   31   149   32   7   31   9   24   4   53   54   136   48   91   17   58   
135   47   5   24   56   30   146   33   7   36   10   24   5   63   53   141   44   88   17   56   
129   38   5   25   47   29   133   38   4   37   6   27   5   65   56   149   52   95   16   64   
126   32   5   25   50   27   138   37   3   32   5   27   6   60   59   140   57   106   14   71   
143   33   7   25   49   19   146   41   3   22   5   26   5   53   51   146   58   104   13   71   
140   32   6   20   57   21   153   41   3   26   3   27   5   43   45   137   62   116   13   70   
148   32   5   20   53   17   146   41   4   24   3   33   5   45   40   144   68   120   12   60   
152   33   5   19   62   15   136   39   4   23   3   29   7   43   40   153   63   121   14   59   
151   35   7   19   55   18   136   34   2   24   3   31   7   47   39   153   66   121   17   55   
144   33   6   24   53   17   132   34   2   25   3   34   10   48   41   147   71   119   14   63   
153   32   7   27   50   17   136   36   2   20   4   36   7   47   38   140   69   120   16   63   
136   36   5   30   50   15   141   32   1   22   4   35   6   43   42   145   69   131   16   61   
121   37   7   26   52   16   140   40   1   20   3   37   8   45   39   142   77   121   18   70   
114   35   5   27   43   17   149   43   1   19   2   38   9   41   46   142   90   118   17   64   
101   38   3   27   45   21   141   48   1   13   3   39   10   50   48   149   89   116   18   60   
111   44   4   25   42   15   149   42   1   13   4   44   11   50   44   140   89   115   18   59   
111   52   7   22   38   12   153   40   1   12   4   43   9   52   48   144   74   118   20   60   
112   57   8   22   35   12   150   32   1   13   6   38   10   54   48   153   79   113   22   55   
105   60   6   27   34   15   149   33   1   11   6   34   7   56   45   149   90   119   15   58   
109   68   7   26   28   13   149   32   1   8   5   35   8   60   47   151   85   125   15   48   
115   63   9   25   29   12   165   32   1   10   5   26   6   54   45   149   80   122   15   57   
124   60   9   26   35   10   172   28   1   13   6   29   5   51   42   132   84   108   15   70   
125   63   6   28   30   10   167   26   1   13   4   32   5   53   41   144   81   115   16   60   
139   64   7   27   29   10   172   26   1   13   5   31   6   50   33   147   81   106   15   58   
134   60   6   34   28   8   163   23   1   15   6   31   6   56   33   155   80   98   11   72   
140   65   3   30   22   7   171   24   1   15   6   32   8   52   30   151   77   104   13   69   
140   71   4   28   19   8   164   19   1   16   6   36   4   64   26   149   86   99   15   65   
154   72   5   29   16   12   166   17   1   21   6   33   3   57   30   142   80   99   19   58   
161   77   4   28   19   13   158   16   1   21   7   33   3   51   30   137   76   99   23   63   
167   70   3   24   19   11   158   13   1   19   5   33   1   62   30   130   87   100   20   67   
169   65   3   22   19   13   146   10   1   18   6   38   1   65   19   139   91   107   24   64   
166   69   3   21   22   11   141   11   1   16   6   39   1   65   21   140   84   105   22   76   
167   63   2   21   17   8   162   10   1   15   7   34   1   67   24   150   80   93   21   77   
175   65   1   19   19   7   151   12   1   14   6   36   1   77   23   146   77   93   20   77   
171   71   1   18   17   7   160   8   1   15   7   29   1   73   24   154   74   92   21   76   
185   72   1   22   18   7   150   12   1   18   7   32   1   68   20   149   72   89   28   68   
194   76   1   21   15   4   141   13   1   14   5   31   1   71   23   147   72   86   29   75   
189   77   1   21   13   5   145   16   1   11   2   30   1   82   20   139   77   91   28   71   
197   78   1   21   17   5   133   15   1   13   2   30   1   74   19   149   75   102   19   68   
187   83   1   22   21   5   145   17   1   14   1   30   1   74   19   157   62   101   19   60   
186   85   1   19   23   7   143   14   1   13   1   33   1   77   18   159   57   103   19   60   
182   77   1   14   26   4   145   18   1   13   1   28   1   90   20   162   61   101   21   54   
186   77   1   11   29   4   150   18   1   13   1   29   1   86   20   161   50   112   16   54   
193   75   1   11   31   5   140   24   1   11   1   24   1   87   17   161   48   110   19   60   
203   91   1   8   32   5   137   22   1   11   1   19   1   89   15   157   45   104   23   55   
199   95   1   8   34   4   139   20   1   10   1   21   1   95   17   154   50   95   25   50   
197   92   1   11   28   3   139   19   1   12   1   25   1   99   16   157   48   90   28   52   
196   102   1   12   35   3   137   20   1   14   1   24   1   102   15   139   45   94   25   53   
206   101   1   8   36   3   150   18   1   17   1   27   1   102   13   121   38   94   21   61   
194   96   1   8   30   4   161   16   1   15   1   30   1   104   15   130   41   90   22   60   
202   98   1   6   25   3   152   14   1   15   1   30   1   100   17   137   39   97   19   62   
210   100   1   10   26   4   153   14   1   18   1   31   1   98   15   129   32   103   14   59   
217   102   1   9   28   5   164   11   1   22   1   35   1   97   17   111   33   103   11   51   
219   113   1   9   26   8   168   12   1   20   1   34   1   88   17   104   30   100   13   55   
218   104   1   8   22   6   171   17   1   19   1   34   1   87   18   107   34   105   12   54   
219   113   1   4   17   7   164   22   1   13   1   35   1   89   13   119   30   108   12   51   
217   118   1   3   20   8   166   19   1   13   1   34   1   103   13   112   26   99   12   53   
227   109   1   3   18   7   154   19   1   15   1   37   1   95   17   113   25   103   16   58   
233   105   1   2   21   6   162   21   1   20   1   33   1   92   15   102   20   110   15   59   
232   108   1   1   20   5   168   19   1   20   1   35   1   98   9   103   18   107   13   60   
231   112   1   1   24   5   158   12   1   16   1   44   1   101   9   113   20   104   14   52   
239   114   1   1   22   4   151   13   1   16   1   40   1   99   8   115   19   106   13   56   
230   114   1   1   26   4   159   11   1   14   1   38   1   98   6   123   21   101   10   60   
230   110   1   1   26   5   148   9   1   14   1   37   1   98   8   130   24   96   12   68   
233   116   1   1   24   4   148   5   1   15   1   35   1   91   12   135   19   93   14   71   
227   116   1   1   22   3   147   4   1   15   1   29   1   95   11   139   19   103   18   67   
228   98   1   1   22   2   143   6   1   19   1   32   1   97   7   146   17   108   20   70   
242   90   1   1   20   2   137   9   1   18   1   30   1   90   7   142   23   122   18   65   
235   87   1   1   21   3   142   12   1   12   1   34   1   93   8   151   22   119   17   59   
227   79   1   1   17   5   132   12   1   12   1   38   1   103   11   150   23   122   21   63   
229   89   1   1   11   6   138   9   1   11   1   40   1   109   8   149   17   115   17   67   
229   90   1   1   11   4   141   12   1   14   1   44   1   99   7   155   14   119   13   63   
226   90   1   1   13   4   136   15   1   15   1   45   1   103   4   154   17   124   12   57   
219   90   1   1   17   6   134   15   1   12   1   43   1   101   4   140   17   140   17   60   
219   81   1   1   20   7   137   18   1   13   1   52   1   97   4   135   18   134   16   64   
226   75   1   1   24   5   135   15   1   14   1   49   1   90   5   134   16   143   22   62   
232   66   1   1   25   5   143   12   1   15   1   47   1   97   5   127   17   144   22   58   
242   72   1   1   28   5   138   12   1   11   1   45   1   93   4   125   14   141   21   64   
235   83   1   1   23   6   132   9   1   14   1   44   1   91   6   132   15   136   23   66   
236   80   1   1   23   7   142   8   1   9   1   48   1   95   6   117   20   136   24   64   
217   71   1   1   19   7   157   9   1   8   1   47   1   103   8   110   19   149   22   69   
227   67   1   1   19   5   170   8   1   10   1   45   1   94   9   106   17   155   20   63   
227   65   1   1   24   8   169   10   1   6   1   46   1   90   14   104   16   158   13   65   
215   63   1   1   24   7   161   10   1   7   1   50   1   91   13   107   15   171   10   71   
216   59   1   1   25   5   163   7   1   6   1   52   1   91   13   110   17   166   11   74   
228   57   1   1   32   3   159   7   1   6   1   46   1   90   11   113   15   166   13   69   
221   64   1   1   30   2   168   8   1   6   1   49   1   87   9   107   15   161   13   75   
242   66   1   1   34   2   164   10   1   8   1   53   1   79   11   93   15   149   12   77   
258   63   1   1   30   2   156   11   1   9   1   56   1   86   13   71   17   149   10   84   
242   53   1   1   30   2   173   11   1   9   1   54   1   88   16   67   14   158   12   86   
237   59   1   1   18   3   180   14   1   12   1   51   1   91   18   67   11   148   15   91   
240   57   1   1   24   1   181   15   1   7   1   49   1   94   15   68   11   161   12   80   
244   61   1   1   23   1   184   14   1   7   1   57   1   84   14   77   12   147   13   77   
239   73   1   1   24   1   172   11   1   7   1   58   1   78   17   85   9   149   13   79   
249   71   1   1   20   1   164   10   1   9   1   61   1   78   22   92   8   148   9   73   
260   74   1   1   19   1   154   10   1   7   1   68   1   78   24   94   4   138   13   71   
250   71   1   1   22   1   153   9   1   7   1   61   1   78   31   94   3   160   10   65   
262   72   1   1   20   1   151   10   1   7   1   60   1   77   34   100   2   150   11   58   
255   83   1   1   20   1   146   10   1   7   1   61   1   77   36   99   2   153   9   56   
251   88   1   1   17   1   134   10   1   7   1   70   1   78   37   100   3   152   11   56   
248   92   1   1   17   1   127   8   1   7   1   75   1   89   39   98   3   155   12   44   
256   88   1   1   16   1   131   8   1   8   1   75   1   86   34   95   3   148   13   53   
274   89   1   1   15   1   122   8   1   7   1   70   1   91   30   92   4   144   8   60   
265   92   1   1   12   1   121   7   1   4   1   76   1   95   35   87   4   140   8   68   
275   95   1   1   14   1   111   5   1   6   1   68   1   97   38   84   3   145   7   66   
267   97   1   1   16   1   112   8   1   4   1   71   1   94   37   87   3   150   8   60   
269   101   1   1   18   1   102   8   1   3   1   75   1   104   36   87   3   144   11   53   
265   90   1   1   13   1   94   12   1   4   1   71   1   114   35   97   4   143   13   59   
261   99   1   1   12   1   86   13   1   5   1   77   1   120   32   94   3   146   12   54   
262   101   1   1   13   1   83   17   1   5   1   68   1   120   32   94   2   145   15   57   
252   105   1   1   14   1   100   18   1   2   1   63   1   127   35   85   1   140   12   60   
257   102   1   1   16   1   102   16   1   1   1   66   1   118   34   90   1   138   14   59   
271   95   1   1   18   1   105   17   1   1   1   68   1   119   32   78   1   133   15   61   
263   93   1   1   16   1   97   16   1   1   1   72   1   122   33   77   1   147   10   66   
257   90   1   1   15   1   103   10   1   1   1   72   1   120   34   74   1   152   9   76   
253   91   1   1   18   1   111   13   1   1   1   63   1   109   35   82   1   157   9   71   
250   83   1   1   20   1   92   19   1   1   1   69   1   115   36   89   1   152   15   72   
261   73   1   1   29   1   84   17   1   1   1   75   1   108   32   86   1   158   20   69   
267   74   1   1   25   1   79   13   1   1   1   82   1   111   27   96   1   160   17   61   
264   75   1   1   26   1   85   11   1   1   1   76   1   112   27   100   1   157   20   59   
271   79   1   1   24   1   76   12   1   1   1   82   1   108   31   96   1   155   23   55   
264   74   1   1   27   1   82   12   1   1   1   74   1   105   35   96   1   160   27   56   
275   74   1   1   31   1   86   10   1   1   1   83   1   96   30   92   1   146   23   66   
279   73   1   1   29   1   90   10   1   1   1   88   1   91   28   94   1   144   24   62   
274   75   1   1   35   1   88   8   1   1   1   90   1   99   29   92   1   132   23   67   
284   75   1   1   39   1   84   10   1   1   1   83   1   97   32   81   1   137   25   65   
284   77   1   1   31   1   92   10   1   1   1   79   1   86   30   88   1   135   30   70   
282   78   1   1   30   1   89   10   1   1   1   82   1   98   26   78   1   139   32   68   
287   84   1   1   20   1   89   11   1   1   1   89   1   95   25   81   1   139   29   63   
296   83   1   1   21   1   81   7   1   1   1   82   1   92   26   99   1   124   31   70   
311   68   1   1   19   1   83   7   1   1   1   79   1   92   30   111   1   114   33   65   
339   76   1   1   13   1   75   6   1   1   1   75   1   81   33   117   1   117   25   55   
355   63   1   1   13   1   72   6   1   1   1   91   1   82   30   108   1   121   24   47   
370   63   1   1   10   1   69   9   1   1   1   86   1   78   31   96   1   125   26   49   
365   62   1   1   11   1   65   8   1   1   1   85   1   86   37   86   1   122   31   54   
360   58   1   1   9   1   67   9   1   1   1   81   1   87   30   92   1   125   30   64   
379   65   1   1   7   1   74   11   1   1   1   78   1   77   33   87   1   110   25   66   
379   56   1   1   9   1   76   14   1   1   1   85   1   73   43   76   1   104   30   67   
367   57   1   1   12   1   76   13   1   1   1   80   1   69   49   93   1   103   31   62   
379   59   1   1   11   1   78   10   1   1   1   91   1   70   46   81   1   99   26   62   
365   69   1   1   10   1   85   9   1   1   1   101   1   74   46   83   1   92   22   56   
369   65   1   1   10   1   83   9   1   1   1   92   1   78   46   84   1   90   26   60   
359   71   1   1   11   1   93   8   1   1   1   83   1   80   48   82   1   90   23   64   
350   74   1   1   11   1   90   7   1   1   1   82   1   79   61   79   1   91   21   67   
361   72   1   1   12   1   92   6   1   1   1   83   1   81   62   80   1   88   19   56   
374   64   1   1   11   1   90   4   1   1   1   78   1   89   65   86   1   87   16   48   
375   64   1   1   9   1   96   3   1   1   1   81   1   91   62   77   1   89   18   47   
350   58   1   1   14   1   111   3   1   1   1   97   1   101   48   68   1   87   24   51   
341   64   1   1   8   1   114   3   1   1   1   96   1   112   42   70   1   89   23   50   
333   67   1   1   6   1   125   3   1   1   1   99   1   110   44   67   1   90   21   47   
324   77   1   1   4   1   121   3   1   1   1   87   1   113   41   75   1   90   16   61   
301   78   1   1   3   1   118   4   1   1   1   98   1   113   46   73   1   90   19   69   
286   82   1   1   4   1   122   4   1   1   1   91   1   119   47   75   1   91   19   72   
295   67   1   1   5   1   116   5   1   1   1   102   1   128   45   69   1   85   17   78   
293   81   1   1   3   1   117   2   1   1   1   99   1   124   49   67   1   76   20   81   
303   83   1   1   3   1   99   2   1   1   1   99   1   134   45   61   1   77   20   86   
310   89   1   1   4   1   81   2   1   1   1   106   1   137   44   62   1   87   19   71   
311   96   1   1   4   1   80   2   1   1   1   110   1   143   36   57   1   84   14   75   
306   89   1   1   4   1   74   3   1   1   1   113   1   154   32   57   1   86   15   79   
306   92   1   1   2   1   71   3   1   1   1   122   1   157   29   53   1   79   15   83   
308   102   1   1   2   1   67   1   1   1   1   126   1   150   30   48   1   84   18   76   
303   107   1   1   2   1   76   1   1   1   1   125   1   145   31   44   1   83   16   79   
294   117   1   1   2   1   79   1   1   1   1   123   1   140   30   44   1   91   19   72   
291   119   1   1   2   1   84   1   1   1   1   117   1   150   27   38   1   92   16   75   
291   109   1   1   1   1   85   1   1   1   1   117   1   159   22   37   1   82   23   85   
285   116   1   1   1   1   87   1   1   1   1   126   1   156   19   32   1   81   25   83   
283   122   1   1   1   1   80   1   1   1   1   129   1   151   21   33   1   78   20   93   
286   123   1   1   1   1   73   1   1   1   1   124   1   146   21   31   1   78   22   106   
286   122   1   1   1   1   72   1   1   1   1   113   1   141   20   30   1   85   24   117   
282   116   1   1   1   1   73   1   1   1   1   113   1   145   20   36   1   90   24   111   
271   114   1   1   1   1   87   1   1   1   1   106   1   158   22   36   1   86   25   105   
265   107   1   1   1   1   84   1   1   1   1   110   1   157   19   35   1   92   26   115   
268   112   1   1   1   1   83   1   1   1   1   109   1   153   13   34   1   95   23   120   
254   116   1   1   1   1   71   1   1   1   1   113   1   169   14   37   1   90   28   118   
261   137   1   1   1   1   68   1   1   1   1   114   1   145   17   25   1   90   27   126   
276   131   1   1   1   1   71   1   1   1   1   112   1   137   19   29   1   87   25   123   
294   136   1   1   1   1   69   1   1   1   1   109   1   136   24   27   1   74   22   119   
308   127   1   1   1   1   67   1   1   1   1   103   1   126   27   31   1   73   21   127   
316   123   1   1   1   1   64   1   1   1   1   109   1   101   23   41   1   77   23   133   
325   122   1   1   1   1   62   1   1   1   1   108   1   104   24   36   1   69   24   136   
329   118   1   1   1   1   54   1   1   1   1   119   1   103   21   41   1   66   25   134   
308   122   1   1   1   1   64   1   1   1   1   124   1   109   17   41   1   62   29   134   
275   129   1   1   1   1   73   1   1   1   1   124   1   117   16   51   1   63   26   136   
282   126   1   1   1   1   73   1   1   1   1   126   1   120   15   55   1   59   28   126   
280   129   1   1   1   1   71   1   1   1   1   118   1   131   13   51   1   68   24   125   
298   123   1   1   1   1   82   1   1   1   1   103   1   131   14   53   1   56   23   127   
304   111   1   1   1   1   78   1   1   1   1   99   1   128   18   47   1   62   28   135   
301   113   1   1   1   1   76   1   1   1   1   102   1   140   17   45   1   59   26   131   
291   116   1   1   1   1   72   1   1   1   1   109   1   146   12   38   1   62   31   133   
280   124   1   1   1   1   75   1   1   1   1   110   1   141   9   39   1   68   32   132   
271   133   1   1   1   1   71   1   1   1   1   102   1   154   11   44   1   69   27   128   
275   139   1   1   1   1   69   1   1   1   1   105   1   152   13   40   1   66   30   121   
287   132   1   1   1   1   60   1   1   1   1   106   1   168   10   34   1   61   30   122   
293   124   1   1   1   1   59   1   1   1   1   100   1   174   7   35   1   62   33   123   
301   130   1   1   1   1   58   1   1   1   1   95   1   166   7   37   1   67   31   118   
308   128   1   1   1   1   60   1   1   1   1   101   1   159   4   43   1   72   27   108   
293   128   1   1   1   1   67   1   1   1   1   103   1   161   6   48   1   71   22   111   
297   122   1   1   1   1   62   1   1   1   1   109   1   168   8   50   1   63   20   111   
312   122   1   1   1   1   62   1   1   1   1   104   1   168   9   50   1   59   18   106   
304   125   1   1   1   1   64   1   1   1   1   104   1   169   10   46   1   66   17   105   
316   122   1   1   1   1   65   1   1   1   1   105   1   165   9   44   1   65   17   102   
318   119   1   1   1   1   68   1   1   1   1   95   1   165   10   52   1   67   22   94   
318   127   1   1   1   1   70   1   1   1   1   97   1   159   13   49   1   65   19   93   
304   132   1   1   1   1   65   1   1   1   1   99   1   158   15   44   1   72   25   96   
291   125   1   1   1   1   64   1   1   1   1   113   1   164   13   44   1   75   23   98   
291   127   1   1   1   1   61   1   1   1   1   112   1   177   11   40   1   72   20   99   
288   135   1   1   1   1   52   1   1   1   1   100   1   178   10   37   1   75   21   114   
288   144   1   1   1   1   47   1   1   1   1   106   1   182   11   35   1   75   19   103   
276   158   1   1   1   1   51   1   1   1   1   105   1   173   5   34   1   81   17   110   
285   153   1   1   1   1   48   1   1   1   1   108   1   160   7   37   1   86   14   112   
283   162   1   1   1   1   44   1   1   1   1   106   1   159   7   40   1   84   12   113   
280   177   1   1   1   1   44   1   1   1   1   104   1   158   6   42   1   73   15   111   
289   170   1   1   1   1   53   1   1   1   1   114   1   150   6   40   1   63   16   109   
265   162   1   1   1   1   49   1   1   1   1   124   1   161   10   46   1   61   18   114   
245   170   1   1   1   1   49   1   1   1   1   130   1   153   7   58   1   69   13   116   
251   160   1   1   1   1   48   1   1   1   1   127   1   163   9   56   1   62   11   123   
254   166   1   1   1   1   44   1   1   1   1   123   1   160   10   55   1   64   9   125   
246   170   1   1   1   1   41   1   1   1   1   127   1   168   10   60   1   64   6   118   
254   151   1   1   1   1   36   1   1   1   1   127   1   183   11   64   1   57   6   121   
243   144   1   1   1   1   47   1   1   1   1   134   1   183   7   62   1   60   4   126   
250   137   1   1   1   1   46   1   1   1   1   132   1   179   8   68   1   58   4   128   
270   142   1   1   1   1   46   1   1   1   1   127   1   171   5   66   1   52   5   126   
272   137   1   1   1   1   51   1   1   1   1   126   1   176   4   66   1   49   2   127   
255   142   1   1   1   1   42   1   1   1   1   126   1   200   3   58   1   47   1   136   
252   136   1   1   1   1   38   1   1   1   1   137   1   193   3   66   1   52   1   132   
252   138   1   1   1   1   41   1   1   1   1   132   1   187   3   69   1   47   1   140   
263   139   1   1   1   1   38   1   1   1   1   129   1   181   3   73   1   48   1   135   
269   146   1   1   1   1   33   1   1   1   1   130   1   180   3   77   1   41   1   130   
281   143   1   1   1   1   28   1   1   1   1   130   1   178   3   77   1   48   1   121   
300   127   1   1   1   1   23   1   1   1   1   119   1   181   3   78   1   46   1   132   
309   121   1   1   1   1   28   1   1   1   1   119   1   180   3   80   1   40   1   129   
321   123   1   1   1   1   26   1   1   1   1   125   1   162   3   81   1   35   1   133   
303   122   1   1   1   1   30   1   1   1   1   133   1   161   4   88   1   33   1   135   
298   131   1   1   1   1   33   1   1   1   1   137   1   165   3   81   1   28   1   133   
291   131   1   1   1   1   38   1   1   1   1   137   1   169   4   92   1   33   1   114   
279   134   1   1   1   1   40   1   1   1   1   138   1   165   4   99   1   32   1   118   
282   124   1   1   1   1   40   1   1   1   1   134   1   162   4   101   1   32   1   130   
278   125   1   1   1   1   44   1   1   1   1   132   1   173   4   98   1   33   1   122   
273   126   1   1   1   1   47   1   1   1   1   138   1   175   3   101   1   35   1   111   
281   134   1   1   1   1   54   1   1   1   1   145   1   167   3   89   1   33   1   103   
288   130   1   1   1   1   52   1   1   1   1   146   1   155   3   103   1   31   1   101   
269   133   1   1   1   1   49   1   1   1   1   162   1   161   2   103   1   29   1   101   
268   127   1   1   1   1   48   1   1   1   1   178   1   147   2   106   1   27   1   106   
278   140   1   1   1   1   53   1   1   1   1   165   1   140   1   109   1   22   1   101   
287   127   1   1   1   1   47   1   1   1   1   164   1   135   1   109   1   28   1   111   
308   119   1   1   1   1   52   1   1   1   1   166   1   135   1   101   1   18   1   109   
319   119   1   1   1   1   49   1   1   1   1   163   1   135   1   96   1   17   1   110   
334   118   1   1   1   1   41   1   1   1   1   151   1   154   1   87   1   17   1   106   
315   126   1   1   1   1   46   1   1   1   1   147   1   160   1   82   1   13   1   119   
332   125   1   1   1   1   41   1   1   1   1   143   1   169   1   80   1   10   1   108   
341   139   1   1   1   1   41   1   1   1   1   139   1   164   1   72   1   9   1   103   
339   154   1   1   1   1   40   1   1   1   1   127   1   168   1   71   1   9   1   100   
330   160   1   1   1   1   43   1   1   1   1   129   1   168   1   68   1   11   1   99   
335   161   1   1   1   1   44   1   1   1   1   130   1   161   1   66   1   12   1   99   
341   153   1   1   1   1   48   1   1   1   1   129   1   157   1   70   1   12   1   98   
349   148   1   1   1   1   50   1   1   1   1   143   1   144   1   69   1   12   1   93   
348   154   1   1   1   1   57   1   1   1   1   143   1   130   1   74   1   10   1   92   
331   159   1   1   1   1   61   1   1   1   1   142   1   126   1   74   1   13   1   102   
325   161   1   1   1   1   67   1   1   1   1   140   1   127   1   81   1   15   1   92   
335   167   1   1   1   1   68   1   1   1   1   135   1   122   1   70   1   19   1   92   
331   174   1   1   1   1   67   1   1   1   1   144   1   109   1   68   1   20   1   95   
315   181   1   1   1   1   72   1   1   1   1   139   1   104   1   74   1   25   1   98   
334   161   1   1   1   1   84   1   1   1   1   143   1   104   1   64   1   23   1   95   
338   147   1   1   1   1   80   1   1   1   1   137   1   109   1   73   1   21   1   103   
346   150   1   1   1   1   75   1   1   1   1   145   1   93   1   76   1   24   1   99   
348   137   1   1   1   1   74   1   1   1   1   158   1   94   1   74   1   25   1   98   
340   143   1   1   1   1   64   1   1   1   1   176   1   97   1   81   1   22   1   85   
344   136   1   1   1   1   61   1   1   1   1   172   1   106   1   84   1   18   1   87   
328   139   1   1   1   1   69   1   1   1   1   168   1   101   1   97   1   20   1   86   
309   136   1   1   1   1   70   1   1   1   1   192   1   98   1   101   1   15   1   87   
317   128   1   1   1   1   62   1   1   1   1   190   1   102   1   108   1   13   1   88   
307   135   1   1   1   1   63   1   1   1   1   202   1   92   1   109   1   16   1   84   
311   129   1   1   1   1   61   1   1   1   1   212   1   83   1   110   1   20   1   82   
304   141   1   1   1   1   54   1   1   1   1   205   1   86   1   108   1   20   1   90   
304   131   1   1   1   1   57   1   1   1   1   198   1   94   1   110   1   20   1   94   
301   132   1   1   1   1   58   1   1   1   1   194   1   92   1   110   1   23   1   98   
307   133   1   1   1   1   61   1   1   1   1   180   1   98   1   110   1   18   1   101   
319   133   1   1   1   1   53   1   1   1   1   182   1   100   1   114   1   15   1   92   
306   135   1   1   1   1   56   1   1   1   1   174   1   95   1   126   1   15   1   101   
310   130   1   1   1   1   69   1   1   1   1   174   1   100   1   125   1   13   1   87   
322   123   1   1   1   1   60   1   1   1   1   179   1   97   1   128   1   12   1   87   
334   117   1   1   1   1   63   1   1   1   1   176   1   101   1   121   1   12   1   84   
340   111   1   1   1   1   68   1   1   1   1   182   1   102   1   108   1   14   1   83   
348   117   1   1   1   1   63   1   1   1   1   175   1   93   1   112   1   15   1   85   
368   119   1   1   1   1   55   1   1   1   1   159   1   111   1   108   1   16   1   72   
373   124   1   1   1   1   48   1   1   1   1   168   1   99   1   113   1   16   1   67   
366   119   1   1   1   1   47   1   1   1   1   171   1   97   1   118   1   16   1   74   
371   118   1   1   1   1   40   1   1   1   1   171   1   106   1   107   1   19   1   76   
376   104   1   1   1   1   37   1   1   1   1   187   1   115   1   97   1   17   1   75   
370   94   1   1   1   1   43   1   1   1   1   194   1   117   1   104   1   16   1   70   
371   95   1   1   1   1   43   1   1   1   1   183   1   125   1   105   1   13   1   73   
371   101   1   1   1   1   49   1   1   1   1   181   1   120   1   111   1   15   1   60   
376   101   1   1   1   1   52   1   1   1   1   176   1   120   1   108   1   18   1   57   
363   108   1   1   1   1   56   1   1   1   1   174   1   116   1   118   1   16   1   57   
376   95   1   1   1   1   62   1   1   1   1   173   1   105   1   118   1   17   1   62   
400   96   1   1   1   1   61   1   1   1   1   155   1   120   1   106   1   18   1   52   
405   100   1   1   1   1   59   1   1   1   1   163   1   118   1   98   1   15   1   50   
434   84   1   1   1   1   56   1   1   1   1   172   1   114   1   96   1   10   1   42   
440   91   1   1   1   1   52   1   1   1   1   172   1   104   1   97   1   7   1   45   
420   104   1   1   1   1   50   1   1   1   1   194   1   103   1   93   1   7   1   37   
424   117   1   1   1   1   37   1   1   1   1   193   1   97   1   91   1   7   1   42   
435   116   1   1   1   1   46   1   1   1   1   182   1   91   1   90   1   9   1   39   
444   115   1   1   1   1   50   1   1   1   1   177   1   86   1   82   1   9   1   45   
448   118   1   1   1   1   50   1   1   1   1   174   1   87   1   83   1   6   1   42   
441   125   1   1   1   1   51   1   1   1   1   170   1   86   1   92   1   4   1   39   
448   120   1   1   1   1   56   1   1   1   1   155   1   93   1   98   1   5   1   33   
447   126   1   1   1   1   52   1   1   1   1   152   1   91   1   106   1   3   1   31   
440   132   1   1   1   1   50   1   1   1   1   147   1   93   1   109   1   4   1   33   
451   123   1   1   1   1   51   1   1   1   1   148   1   102   1   96   1   5   1   32   
436   122   1   1   1   1   50   1   1   1   1   158   1   102   1   100   1   7   1   33   
427   119   1   1   1   1   51   1   1   1   1   163   1   106   1   98   1   7   1   37   
438   119   1   1   1   1   51   1   1   1   1   159   1   99   1   100   1   6   1   36   
451   124   1   1   1   1   47   1   1   1   1   161   1   80   1   97   1   6   1   42   
463   118   1   1   1   1   46   1   1   1   1   165   1   78   1   97   1   3   1   38   
462   133   1   1   1   1   45   1   1   1   1   157   1   72   1   91   1   3   1   45   
479   123   1   1   1   1   46   1   1   1   1   167   1   66   1   86   1   4   1   37   
467   137   1   1   1   1   51   1   1   1   1   165   1   59   1   86   1   3   1   40   
471   138   1   1   1   1   45   1   1   1   1   180   1   58   1   74   1   4   1   38   
488   134   1   1   1   1   51   1   1   1   1   170   1   56   1   65   1   7   1   37   
492   134   1   1   1   1   59   1   1   1   1   159   1   52   1   63   1   7   1   42   
491   137   1   1   1   1   62   1   1   1   1   157   1   43   1   68   1   9   1   41   
494   121   1   1   1   1   62   1   1   1   1   171   1   53   1   57   1   8   1   42   
472   128   1   1   1   1   60   1   1   1   1   188   1   53   1   57   1   9   1   41   
483   132   1   1   1   1   51   1   1   1   1   193   1   48   1   60   1   9   1   32   
487   129   1   1   1   1   48   1   1   1   1   195   1   44   1   63   1   8   1   34   
474   126   1   1   1   1   52   1   1   1   1   189   1   50   1   70   1   8   1   39   
479   124   1   1   1   1   47   1   1   1   1   198   1   51   1   63   1   8   1   38   
464   124   1   1   1   1   52   1   1   1   1   212   1   44   1   70   1   6   1   36   
468   116   1   1   1   1   47   1   1   1   1   210   1   49   1   79   1   6   1   33   
476   104   1   1   1   1   47   1   1   1   1   214   1   52   1   78   1   4   1   33   
480   99   1   1   1   1   45   1   1   1   1   219   1   49   1   77   1   5   1   34   
485   103   1   1   1   1   49   1   1   1   1   215   1   44   1   80   1   5   1   27   
468   96   1   1   1   1   56   1   1   1   1   228   1   44   1   80   1   3   1   33   
465   98   1   1   1   1   64   1   1   1   1   210   1   44   1   83   1   3   1   41   
444   103   1   1   1   1   68   1   1   1   1   218   1   48   1   78   1   5   1   44   
423   115   1   1   1   1   74   1   1   1   1   226   1   48   1   79   1   4   1   39   
421   110   1   1   1   1   68   1   1   1   1   240   1   48   1   78   1   5   1   38   
411   121   1   1   1   1   66   1   1   1   1   241   1   47   1   80   1   6   1   36   
403   124   1   1   1   1   64   1   1   1   1   233   1   51   1   87   1   8   1   38   
424   116   1   1   1   1   59   1   1   1   1   226   1   47   1   86   1   11   1   39   
432   126   1   1   1   1   53   1   1   1   1   214   1   44   1   86   1   12   1   41   
433   113   1   1   1   1   58   1   1   1   1   210   1   50   1   90   1   15   1   39   
425   117   1   1   1   1   55   1   1   1   1   221   1   52   1   87   1   10   1   41   
429   113   1   1   1   1   46   1   1   1   1   223   1   47   1   99   1   9   1   42   
421   115   1   1   1   1   53   1   1   1   1   214   1   47   1   100   1   8   1   50   
445   99   1   1   1   1   61   1   1   1   1   198   1   45   1   96   1   12   1   52   
440   105   1   1   1   1   68   1   1   1   1   194   1   45   1   94   1   10   1   52   
439   104   1   1   1   1   68   1   1   1   1   200   1   47   1   88   1   12   1   50   
428   122   1   1   1   1   67   1   1   1   1   209   1   47   1   80   1   8   1   47   
432   119   1   1   1   1   63   1   1   1   1   220   1   41   1   75   1   8   1   50   
417   119   1   1   1   1   60   1   1   1   1   231   1   42   1   76   1   11   1   52   
413   119   1   1   1   1   71   1   1   1   1   230   1   41   1   72   1   13   1   49   
401   126   1   1   1   1   67   1   1   1   1   230   1   45   1   71   1   12   1   56   
412   120   1   1   1   1   65   1   1   1   1   228   1   39   1   66   1   17   1   61   
411   129   1   1   1   1   64   1   1   1   1   228   1   39   1   68   1   14   1   55   
406   124   1   1   1   1   63   1   1   1   1   244   1   42   1   60   1   17   1   52   
400   129   1   1   1   1   71   1   1   1   1   245   1   41   1   62   1   9   1   51   
394   126   1   1   1   1   83   1   1   1   1   236   1   39   1   66   1   8   1   56   
400   123   1   1   1   1   71   1   1   1   1   230   1   40   1   82   1   10   1   52   
402   111   1   1   1   1   71   1   1   1   1   236   1   38   1   83   1   9   1   58   
395   109   1   1   1   1   72   1   1   1   1   252   1   37   1   77   1   8   1   58   
393   119   1   1   1   1   79   1   1   1   1   239   1   36   1   70   1   6   1   66   
405   122   1   1   1   1   72   1   1   1   1   236   1   34   1   67   1   4   1   68   
384   130   1   1   1   1   79   1   1   1   1   235   1   34   1   72   1   4   1   70   
390   124   1   1   1   1   67   1   1   1   1   239   1   33   1   71   1   6   1   78   
401   125   1   1   1   1   68   1   1   1   1   229   1   32   1   67   1   7   1   79   
387   130   1   1   1   1   81   1   1   1   1   226   1   35   1   67   1   5   1   77   
396   133   1   1   1   1   77   1   1   1   1   216   1   40   1   68   1   6   1   72   
415   138   1   1   1   1   80   1   1   1   1   210   1   39   1   60   1   3   1   63   
400   148   1   1   1   1   86   1   1   1   1   212   1   38   1   67   1   2   1   55   
398   143   1   1   1   1   98   1   1   1   1   202   1   42   1   75   1   2   1   48   
406   132   1   1   1   1   95   1   1   1   1   212   1   37   1   77   1   2   1   47   
389   123   1   1   1   1   105   1   1   1   1   220   1   34   1   90   1   1   1   46   
381   126   1   1   1   1   93   1   1   1   1   226   1   29   1   102   1   1   1   50   
390   127   1   1   1   1   84   1   1   1   1   214   1   27   1   111   1   1   1   54   
404   120   1   1   1   1   85   1   1   1   1   209   1   20   1   113   1   1   1   56   
406   122   1   1   1   1   88   1   1   1   1   196   1   21   1   118   1   1   1   56   
413   114   1   1   1   1   88   1   1   1   1   194   1   27   1   116   1   1   1   55   
413   95   1   1   1   1   99   1   1   1   1   210   1   19   1   118   1   1   1   53   
416   83   1   1   1   1   102   1   1   1   1   209   1   24   1   119   1   1   1   54   
404   92   1   1   1   1   106   1   1   1   1   212   1   26   1   120   1   1   1   47   
372   94   1   1   1   1   118   1   1   1   1   215   1   28   1   133   1   1   1   47   
381   106   1   1   1   1   122   1   1   1   1   203   1   24   1   127   1   1   1   44   
381   113   1   1   1   1   108   1   1   1   1   210   1   28   1   126   1   1   1   41   
375   117   1   1   1   1   104   1   1   1   1   211   1   34   1   121   1   1   1   45   
374   118   1   1   1   1   108   1   1   1   1   197   1   44   1   126   1   1   1   40   
353   128   1   1   1   1   111   1   1   1   1   206   1   37   1   131   1   1   1   41   
356   125   1   1   1   1   94   1   1   1   1   207   1   43   1   137   1   1   1   45   
357   123   1   1   1   1   102   1   1   1   1   201   1   48   1   127   1   1   1   49   
355   128   1   1   1   1   98   1   1   1   1   205   1   49   1   130   1   1   1   42   
349   120   1   1   1   1   102   1   1   1   1   220   1   48   1   128   1   1   1   40   
357   116   1   1   1   1   101   1   1   1   1   218   1   53   1   127   1   1   1   35   
357   119   1   1   1   1   102   1   1   1   1   232   1   41   1   123   1   1   1   33   
349   109   1   1   1   1   120   1   1   1   1   222   1   43   1   128   1   1   1   36   
351   106   1   1   1   1   130   1   1   1   1   219   1   44   1   127   1   1   1   30   
341   109   1   1   1   1   130   1   1   1   1   226   1   46   1   126   1   1   1   29   
358   97   1   1   1   1   130   1   1   1   1   226   1   48   1   120   1   1   1   28   
367   102   1   1   1   1   143   1   1   1   1   205   1   50   1   112   1   1   1   28   
350   110   1   1   1   1   154   1   1   1   1   198   1   57   1   108   1   1   1   30   
346   112   1   1   1   1   155   1   1   1   1   212   1   58   1   93   1   1   1   31   
344   111   1   1   1   1   150   1   1   1   1   222   1   52   1   96   1   1   1   32   
346   118   1   1   1   1   148   1   1   1   1   217   1   49   1   103   1   1   1   26   
364   101   1   1   1   1   128   1   1   1   1   228   1   51   1   107   1   1   1   28   
356   101   1   1   1   1   119   1   1   1   1   242   1   47   1   118   1   1   1   24   
375   91   1   1   1   1   117   1   1   1   1   245   1   45   1   115   1   1   1   19   
361   89   1   1   1   1   116   1   1   1   1   259   1   50   1   113   1   1   1   19   
384   89   1   1   1   1   116   1   1   1   1   247   1   41   1   113   1   1   1   17   
377   82   1   1   1   1   114   1   1   1   1   249   1   47   1   121   1   1   1   17   
382   86   1   1   1   1   122   1   1   1   1   241   1   38   1   121   1   1   1   17   
366   74   1   1   1   1   125   1   1   1   1   274   1   34   1   119   1   1   1   15   
374   74   1   1   1   1   126   1   1   1   1   267   1   32   1   125   1   1   1   9   
368   74   1   1   1   1   122   1   1   1   1   280   1   28   1   128   1   1   1   7   
376   73   1   1   1   1   117   1   1   1   1   292   1   21   1   122   1   1   1   6   
356   82   1   1   1   1   115   1   1   1   1   307   1   15   1   126   1   1   1   6   
345   83   1   1   1   1   113   1   1   1   1   320   1   13   1   127   1   1   1   6   
344   87   1   1   1   1   115   1   1   1   1   319   1   13   1   123   1   1   1   6   
369   81   1   1   1   1   107   1   1   1   1   322   1   11   1   109   1   1   1   8   
349   76   1   1   1   1   92   1   1   1   1   352   1   12   1   115   1   1   1   11   
345   82   1   1   1   1   86   1   1   1   1   347   1   13   1   120   1   1   1   14   
341   82   1   1   1   1   86   1   1   1   1   348   1   13   1   122   1   1   1   15   
336   79   1   1   1   1   106   1   1   1   1   353   1   8   1   114   1   1   1   11   
339   70   1   1   1   1   106   1   1   1   1   360   1   7   1   115   1   1   1   10   
354   69   1   1   1   1   104   1   1   1   1   336   1   10   1   121   1   1   1   13   
366   69   1   1   1   1   93   1   1   1   1   339   1   9   1   120   1   1   1   11   
353   81   1   1   1   1   94   1   1   1   1   350   1   6   1   112   1   1   1   11   
336   79   1   1   1   1   98   1   1   1   1   344   1   7   1   129   1   1   1   14   
339   85   1   1   1   1   92   1   1   1   1   348   1   8   1   122   1   1   1   13   
332   87   1   1   1   1   89   1   1   1   1   361   1   8   1   117   1   1   1   13   
335   96   1   1   1   1   89   1   1   1   1   336   1   8   1   130   1   1   1   13   
336   93   1   1   1   1   95   1   1   1   1   328   1   9   1   137   1   1   1   9   
335   95   1   1   1   1   98   1   1   1   1   330   1   9   1   131   1   1   1   9   
332   99   1   1   1   1   96   1   1   1   1   329   1   9   1   130   1   1   1   12   
331   101   1   1   1   1   99   1   1   1   1   334   1   9   1   120   1   1   1   13   
338   114   1   1   1   1   84   1   1   1   1   319   1   9   1   129   1   1   1   14   
334   104   1   1   1   1   86   1   1   1   1   315   1   10   1   146   1   1   1   12   
334   101   1   1   1   1   92   1   1   1   1   306   1   16   1   145   1   1   1   13   
335   94   1   1   1   1   92   1   1   1   1   314   1   16   1   140   1   1   1   16   
348   92   1   1   1   1   99   1   1   1   1   303   1   14   1   136   1   1   1   15   
348   89   1   1   1   1   108   1   1   1   1   303   1   14   1   130   1   1   1   15   
356   96   1   1   1   1   107   1   1   1   1   286   1   8   1   140   1   1   1   14   
345   96   1   1   1   1   118   1   1   1   1   277   1   9   1   147   1   1   1   15   
343   98   1   1   1   1   107   1   1   1   1   289   1   9   1   146   1   1   1   15   
356   95   1   1   1   1   105   1   1   1   1   283   1   7   1   144   1   1   1   17   
377   100   1   1   1   1   91   1   1   1   1   286   1   7   1   136   1   1   1   10   
373   112   1   1   1   1   87   1   1   1   1   278   1   8   1   141   1   1   1   8   
389   103   1   1   1   1   78   1   1   1   1   283   1   6   1   140   1   1   1   8   
378   106   1   1   1   1   77   1   1   1   1   289   1   7   1   140   1   1   1   10   
379   99   1   1   1   1   86   1   1   1   1   280   1   8   1   145   1   1   1   10   
377   92   1   1   1   1   99   1   1   1   1   278   1   8   1   145   1   1   1   8   
387   94   1   1   1   1   93   1   1   1   1   268   1   9   1   146   1   1   1   10   
393   92   1   1   1   1   98   1   1   1   1   272   1   9   1   133   1   1   1   10   
397   93   1   1   1   1   93   1   1   1   1   265   1   10   1   137   1   1   1   12   
404   89   1   1   1   1   90   1   1   1   1   263   1   12   1   138   1   1   1   11   
399   96   1   1   1   1   88   1   1   1   1   267   1   5   1   139   1   1   1   13   
401   94   1   1   1   1   91   1   1   1   1   257   1   5   1   143   1   1   1   16   
392   88   1   1   1   1   84   1   1   1   1   260   1   4   1   164   1   1   1   15   
387   92   1   1   1   1   80   1   1   1   1   272   1   7   1   151   1   1   1   18   
374   92   1   1   1   1   92   1   1   1   1   267   1   6   1   154   1   1   1   22   
399   93   1   1   1   1   81   1   1   1   1   250   1   5   1   154   1   1   1   25   
401   97   1   1   1   1   81   1   1   1   1   243   1   4   1   161   1   1   1   20   
407   90   1   1   1   1   89   1   1   1   1   248   1   4   1   151   1   1   1   18   
413   88   1   1   1   1   86   1   1   1   1   248   1   2   1   148   1   1   1   22   
435   77   1   1   1   1   83   1   1   1   1   233   1   2   1   156   1   1   1   21   
437   81   1   1   1   1   85   1   1   1   1   232   1   2   1   148   1   1   1   22   
452   81   1   1   1   1   87   1   1   1   1   226   1   2   1   144   1   1   1   15   
443   89   1   1   1   1   84   1   1   1   1   239   1   2   1   139   1   1   1   11   
463   90   1   1   1   1   75   1   1   1   1   238   1   1   1   131   1   1   1   9   
450   93   1   1   1   1   74   1   1   1   1   246   1   1   1   136   1   1   1   7   
443   97   1   1   1   1   85   1   1   1   1   234   1   1   1   140   1   1   1   7   
439   96   1   1   1   1   88   1   1   1   1   236   1   1   1   141   1   1   1   6   
421   117   1   1   1   1   71   1   1   1   1   252   1   1   1   139   1   1   1   6   
406   118   1   1   1   1   68   1   1   1   1   267   1   1   1   142   1   1   1   5   
409   130   1   1   1   1   72   1   1   1   1   259   1   1   1   132   1   1   1   4   
413   121   1   1   1   1   79   1   1   1   1   250   1   1   1   139   1   1   1   4   
404   122   1   1   1   1   77   1   1   1   1   254   1   1   1   145   1   1   1   4   
401   125   1   1   1   1   78   1   1   1   1   252   1   1   1   146   1   1   1   4   
394   129   1   1   1   1   76   1   1   1   1   255   1   1   1   147   1   1   1   5   
408   128   1   1   1   1   78   1   1   1   1   253   1   1   1   134   1   1   1   5   
407   132   1   1   1   1   87   1   1   1   1   247   1   1   1   128   1   1   1   5   
401   127   1   1   1   1   91   1   1   1   1   254   1   1   1   128   1   1   1   5   
410   126   1   1   1   1   93   1   1   1   1   251   1   1   1   122   1   1   1   4   
416   133   1   1   1   1   85   1   1   1   1   240   1   1   1   127   1   1   1   5   
419   121   1   1   1   1   90   1   1   1   1   251   1   1   1   122   1   1   1   3   
421   127   1   1   1   1   91   1   1   1   1   255   1   1   1   109   1   1   1   3   
427   131   1   1   1   1   88   1   1   1   1   261   1   1   1   97   1   1   1   2   
435   120   1   1   1   1   86   1   1   1   1   255   1   1   1   108   1   1   1   2   
441   125   1   1   1   1   81   1   1   1   1   248   1   1   1   110   1   1   1   1   
435   125   1   1   1   1   78   1   1   1   1   253   1   1   1   114   1   1   1   1   
417   134   1   1   1   1   88   1   1   1   1   249   1   1   1   117   1   1   1   1   
430   136   1   1   1   1   83   1   1   1   1   253   1   1   1   103   1   1   1   1   
424   141   1   1   1   1   90   1   1   1   1   244   1   1   1   106   1   1   1   1   
411   135   1   1   1   1   91   1   1   1   1   262   1   1   1   106   1   1   1   1   
415   147   1   1   1   1   89   1   1   1   1   257   1   1   1   97   1   1   1   1   
411   154   1   1   1   1   89   1   1   1   1   257   1   1   1   94   1   1   1   1   
415   143   1   1   1   1   85   1   1   1   1   270   1   1   1   92   1   1   1   1   
399   150   1   1   1   1   83   1   1   1   1   280   1   1   1   93   1   1   1   1   
396   153   1   1   1   1   77   1   1   1   1   290   1   1   1   89   1   1   1   1   
388   162   1   1   1   1   67   1   1   1   1   297   1   1   1   91   1   1   1   1   
393   163   1   1   1   1   61   1   1   1   1   290   1   1   1   98   1   1   1   1   
406   167   1   1   1   1   73   1   1   1   1   272   1   1   1   87   1   1   1   1   
405   175   1   1   1   1   71   1   1   1   1   271   1   1   1   83   1   1   1   1   
428   174   1   1   1   1   59   1   1   1   1   266   1   1   1   78   1   1   1   1   
430   185   1   1   1   1   49   1   1   1   1   275   1   1   1   66   1   1   1   1   
428   193   1   1   1   1   58   1   1   1   1   265   1   1   1   61   1   1   1   1   
422   202   1   1   1   1   62   1   1   1   1   261   1   1   1   58   1   1   1   1   
413   190   1   1   1   1   66   1   1   1   1   277   1   1   1   59   1   1   1   1   
399   196   1   1   1   1   77   1   1   1   1   280   1   1   1   53   1   1   1   1   
418   178   1   1   1   1   67   1   1   1   1   289   1   1   1   53   1   1   1   1   
431   170   1   1   1   1   73   1   1   1   1   278   1   1   1   53   1   1   1   1   
424   175   1   1   1   1   79   1   1   1   1   279   1   1   1   48   1   1   1   1   
414   172   1   1   1   1   90   1   1   1   1   280   1   1   1   49   1   1   1   1   
424   174   1   1   1   1   89   1   1   1   1   272   1   1   1   46   1   1   1   1   
422   187   1   1   1   1   87   1   1   1   1   259   1   1   1   50   1   1   1   1   
429   178   1   1   1   1   84   1   1   1   1   253   1   1   1   61   1   1   1   1   
428   173   1   1   1   1   77   1   1   1   1   262   1   1   1   65   1   1   1   1   
413   172   1   1   1   1   77   1   1   1   1   273   1   1   1   70   1   1   1   1   
423   167   1   1   1   1   76   1   1   1   1   265   1   1   1   74   1   1   1   1   
417   172   1   1   1   1   75   1   1   1   1   264   1   1   1   77   1   1   1   1   
428   177   1   1   1   1   71   1   1   1   1   247   1   1   1   82   1   1   1   1   
432   181   1   1   1   1   65   1   1   1   1   246   1   1   1   81   1   1   1   1   
422   182   1   1   1   1   64   1   1   1   1   261   1   1   1   76   1   1   1   1   
416   182   1   1   1   1   59   1   1   1   1   268   1   1   1   80   1   1   1   1   
407   176   1   1   1   1   69   1   1   1   1   266   1   1   1   87   1   1   1   1   
394   159   1   1   1   1   70   1   1   1   1   294   1   1   1   88   1   1   1   1   
1   1   1   1   1   1   1   1   1   1   1   1   1   1   1   1   1   1   1   1   
1   1   1   1   1   1   1   1   1   1   1   1   1   1   1   1   1   1   1   1   
1   1   1   1   1   1   1   1   1   1   1   1   1   1   1   1   1   1   1   1   
1   1   1   1   1   1   1   1   1   1   1   1   1   1   1   1   1   1   1   1   
1   1   1   1   1   1   1   1   1   1   1   1   1   1   1   1   1   1   1   1   
1   1   1   1   1   1   1   1   1   1   1   1   1   1   1   1   1   1   1   1   
1   1   1   1   1   1   1   1   1   1   1   1   1   1   1   1   1   1   1   1   
1   1   1   1   1   1   1   1   1   1   1   1   1   1   1   1   1   1   1   1   
1   1   1   1   1   1   1   1   1   1   1   1   1   1   1   1   1   1   1   1   
1   1   1   1   1   1   1   1   1   1   1   1   1   1   1   1   1   1   1   1   
1   1   1   1   1   1   1   1   1   1   1   1   1   1   1   1   1   1   1   1   
