334   334   335   
360   357   286   
349   371   283   
351   363   289   
354   365   284   
357   371   275   
345   391   267   
343   387   273   
361   398   244   
366   387   250   
361   389   253   
349   396   258   
341   391   271   
354   384   265   
360   383   260   
353   392   258   
345   388   270   
348   369   286   
356   359   288   
360   360   283   
386   346   271   
382   357   264   
386   350   267   
397   345   261   
404   337   262   
419   341   243   
437   330   236   
422   348   233   
432   342   229   
432   342   229   
444   349   210   
429   361   213   
404   377   222   
386   391   226   
387   395   221   
362   399   242   
355   382   266   
349   385   269   
363   364   276   
365   374   264   
360   380   263   
374   375   254   
371   378   254   
368   395   240   
389   390   224   
402   374   227   
392   377   234   
388   396   219   
406   391   206   
418   387   198   
411   384   208   
403   400   200   
412   394   197   
413   392   198   
406   398   199   
411   402   190   
400   402   201   
393   403   207   
384   419   200   
403   413   187   
395   411   197   
383   403   217   
384   406   213   
386   398   219   
396   402   205   
422   389   192   
421   397   185   
409   408   186   
405   408   190   
406   408   189   
434   365   204   
455   336   212   
455   351   197   
458   341   204   
451   338   214   
460   317   226   
467   312   224   
461   301   241   
468   297   238   
458   299   246   
472   292   239   
464   306   233   
462   305   236   
460   308   235   
467   296   240   
460   305   238   
449   296   258   
431   296   276   
442   290   271   
448   283   272   
442   288   273   
423   308   272   
431   314   258   
438   313   252   
443   308   252   
449   299   255   
459   296   248   
459   282   262   
451   297   255   
468   290   245   
459   280   264   
446   295   262   
451   286   266   
446   283   274   
458   274   271   
450   272   281   
451   278   274   
453   281   269   
438   294   271   
436   291   276   
436   300   267   
419   296   288   
436   288   279   
419   292   292   
425   295   283   
428   289   286   
420   281   302   
432   258   313   
441   253   309   
430   246   327   
425   243   335   
443   234   326   
452   216   335   
460   227   316   
449   224   330   
457   227   319   
465   223   315   
460   237   306   
456   237   310   
454   240   309   
453   231   319   
444   233   326   
432   241   330   
453   232   318   
436   238   329   
444   234   325   
428   252   323   
437   243   323   
442   235   326   
429   245   329   
412   243   348   
402   251   350   
399   251   353   
405   241   357   
416   240   347   
405   244   354   
418   249   336   
416   251   336   
417   257   329   
407   256   340   
415   257   331   
424   246   333   
409   244   350   
386   262   355   
385   264   354   
420   262   321   
417   248   338   
407   259   337   
400   270   333   
404   273   326   
399   277   327   
411   281   311   
407   273   323   
398   260   345   
400   262   341   
407   250   346   
424   243   336   
406   249   348   
400   257   346   
422   247   334   
429   236   338   
433   245   325   
432   239   332   
442   239   322   
436   237   330   
436   237   330   
417   247   339   
420   243   340   
436   240   327   
451   230   322   
468   235   300   
468   234   301   
493   235   275   
493   231   279   
511   238   254   
515   244   244   
520   239   244   
502   237   264   
508   230   265   
495   232   276   
503   208   292   
509   194   300   
521   195   287   
519   199   285   
519   195   289   
517   188   298   
509   181   313   
473   195   335   
483   200   320   
480   196   327   
465   206   332   
459   210   334   
447   207   349   
458   217   328   
479   202   322   
459   214   330   
452   221   330   
459   213   331   
463   212   328   
460   214   329   
465   197   341   
472   206   325   
455   223   325   
467   213   323   
455   218   330   
432   223   348   
413   229   361   
399   235   369   
401   233   369   
398   234   371   
391   252   360   
412   252   339   
410   246   347   
416   243   344   
402   247   354   
402   242   359   
410   244   349   
434   235   334   
425   241   337   
434   236   333   
425   235   343   
420   250   333   
402   256   345   
403   258   342   
394   277   332   
421   262   320   
432   262   309   
426   260   317   
427   251   325   
422   253   328   
429   259   315   
415   271   317   
419   263   321   
412   262   329   
436   244   323   
429   234   340   
442   225   336   
439   223   341   
423   217   363   
443   217   343   
432   201   370   
427   202   374   
437   206   360   
424   215   364   
434   212   357   
431   205   367   
430   192   381   
424   177   402   
445   177   381   
448   179   376   
431   187   385   
424   187   392   
416   198   389   
404   202   397   
407   203   393   
411   204   388   
423   202   378   
429   206   368   
439   197   367   
421   202   380   
429   181   393   
411   180   412   
409   193   401   
397   208   398   
402   198   403   
402   201   400   
395   195   413   
411   192   400   
402   201   400   
401   205   397   
396   195   412   
397   186   420   
390   191   422   
407   185   411   
418   185   400   
399   192   412   
388   205   410   
399   199   405   
386   205   412   
408   195   400   
431   188   384   
417   182   404   
423   178   402   
428   171   404   
411   184   408   
407   196   400   
420   192   391   
432   171   400   
426   170   407   
415   168   420   
420   162   421   
426   165   412   
420   167   416   
424   160   419   
422   163   418   
451   147   405   
433   159   411   
445   150   408   
415   158   430   
422   169   412   
418   164   421   
416   151   436   
414   159   430   
420   159   424   
428   156   419   
409   166   428   
426   157   420   
433   164   406   
461   150   392   
463   151   389   
462   151   390   
475   139   389   
458   141   404   
462   154   387   
480   138   385   
479   140   384   
496   137   370   
485   143   375   
488   131   384   
490   129   384   
488   135   380   
492   142   369   
484   141   378   
459   157   387   
475   131   397   
479   131   393   
472   130   401   
473   139   391   
473   152   378   
479   148   376   
470   145   388   
470   134   399   
459   135   409   
453   145   405   
439   155   409   
443   160   400   
444   167   392   
440   179   384   
435   181   387   
449   168   386   
473   156   374   
488   148   367   
473   142   388   
492   122   389   
498   123   382   
505   123   375   
519   115   369   
536   108   359   
531   115   357   
526   132   345   
527   131   345   
512   114   377   
500   115   388   
502   126   375   
515   130   358   
509   128   366   
505   144   354   
493   159   351   
494   161   348   
515   170   318   
511   183   309   
517   192   294   
530   182   291   
541   171   291   
547   180   276   
518   191   294   
517   191   295   
543   177   283   
531   184   288   
529   188   286   
505   189   309   
490   204   309   
476   207   320   
494   196   313   
473   192   338   
463   198   342   
457   199   347   
455   198   350   
460   192   351   
470   200   333   
460   205   338   
462   193   348   
457   182   364   
459   181   363   
476   177   350   
483   168   352   
472   164   367   
472   166   365   
473   173   357   
473   164   366   
489   167   347   
496   158   349   
493   160   350   
496   161   346   
497   138   368   
505   151   347   
522   144   337   
527   144   332   
541   133   329   
529   142   332   
529   135   339   
524   141   338   
519   142   342   
526   148   329   
516   157   330   
501   157   345   
485   161   357   
468   172   363   
474   166   363   
495   159   349   
498   151   354   
505   161   337   
524   170   309   
540   166   297   
536   152   315   
530   156   317   
537   163   303   
527   182   294   
523   183   297   
518   193   292   
510   190   303   
507   188   308   
523   186   294   
517   194   292   
505   204   294   
516   197   290   
522   185   296   
534   184   285   
523   183   297   
524   190   289   
526   191   286   
527   196   280   
524   200   279   
525   202   276   
516   192   295   
533   176   294   
526   163   314   
542   157   304   
536   149   318   
527   142   334   
534   141   328   
528   146   329   
528   150   325   
522   160   321   
503   163   337   
501   162   340   
502   178   323   
512   180   311   
513   169   321   
510   165   328   
500   167   336   
499   164   340   
502   169   332   
505   167   331   
489   178   336   
480   176   347   
480   164   359   
466   162   375   
464   169   370   
476   176   351   
449   190   364   
440   172   391   
439   157   407   
451   159   393   
442   143   418   
456   142   405   
475   148   380   
479   143   381   
465   142   396   
457   143   403   
468   137   398   
498   127   378   
501   125   377   
499   122   382   
503   115   385   
505   115   383   
493   129   381   
500   138   365   
496   143   364   
484   151   368   
477   159   367   
489   155   359   
491   162   350   
495   153   355   
498   151   354   
506   151   346   
518   141   344   
513   158   332   
510   156   337   
1   1   1   
1   1   1   
1   1   1   
1   1   1   
1   1   1   
1   1   1   
1   1   1   
1   1   1   
1   1   1   
1   1   1   
1   1   1   
1   1   1   
1   1   1   
1   1   1   
1   1   1   
1   1   1   
1   1   1   
1   1   1   
1   1   1   
1   1   1   
1   1   1   
1   1   1   
1   1   1   
1   1   1   
1   1   1   
1   1   1   
1   1   1   
1   1   1   
1   1   1   
1   1   1   
1   1   1   
1   1   1   
1   1   1   
1   1   1   
1   1   1   
1   1   1   
1   1   1   
1   1   1   
1   1   1   
1   1   1   
1   1   1   
1   1   1   
1   1   1   
1   1   1   
1   1   1   
1   1   1   
1   1   1   
1   1   1   
1   1   1   
1   1   1   
1   1   1   
1   1   1   
1   1   1   
1   1   1   
1   1   1   
1   1   1   
1   1   1   
1   1   1   
1   1   1   
1   1   1   
1   1   1   
1   1   1   
1   1   1   
1   1   1   
1   1   1   
1   1   1   
1   1   1   
1   1   1   
1   1   1   
1   1   1   
1   1   1   
1   1   1   
1   1   1   
1   1   1   
1   1   1   
1   1   1   
1   1   1   
1   1   1   
1   1   1   
1   1   1   
1   1   1   
1   1   1   
1   1   1   
1   1   1   
1   1   1   
1   1   1   
1   1   1   
1   1   1   
1   1   1   
1   1   1   
1   1   1   
1   1   1   
1   1   1   
1   1   1   
1   1   1   
1   1   1   
1   1   1   
1   1   1   
1   1   1   
1   1   1   
1   1   1   
1   1   1   
