51   51   51   51   51   51   51   51   51   51   51   51   51   51   51   51   51   51   51   51   
40   58   59   63   57   45   55   51   50   59   60   49   46   53   52   40   44   48   46   45   
42   50   59   53   57   44   60   47   56   58   55   48   44   58   47   48   44   51   48   51   
39   46   68   45   68   45   54   43   61   58   57   44   45   63   47   49   39   49   49   51   
38   49   66   47   76   44   50   47   65   50   49   41   39   61   52   49   40   54   48   55   
40   47   76   46   80   45   43   46   73   53   47   42   34   69   42   44   43   46   47   57   
41   48   81   47   69   46   46   54   67   53   39   43   29   70   40   52   47   49   43   56   
46   50   81   53   65   50   41   48   69   58   37   39   31   68   38   52   46   50   42   56   
42   40   86   54   65   49   45   45   74   63   39   36   21   69   40   61   46   45   48   52   
38   37   93   54   63   53   55   45   74   61   34   36   24   72   37   64   43   46   39   52   
43   40   86   55   52   52   56   51   69   60   36   44   27   74   43   53   41   46   41   51   
34   41   101   49   54   51   60   59   66   65   37   41   26   66   49   40   35   51   44   51   
32   38   102   47   52   57   59   52   59   75   41   48   26   66   56   36   34   46   42   52   
31   44   101   45   54   55   72   51   53   71   38   47   19   77   50   40   31   44   42   55   
36   45   99   51   49   51   74   56   58   70   34   49   21   73   49   39   35   37   40   54   
28   52   101   53   46   43   80   62   56   72   33   51   24   64   42   41   34   42   48   48   
30   49   104   58   40   38   84   70   50   64   29   52   25   67   40   44   37   51   45   43   
31   53   108   60   37   40   69   68   43   61   31   54   22   70   43   45   35   52   52   46   
31   47   112   58   37   37   71   68   51   55   30   50   22   70   39   45   37   50   62   48   
29   50   107   60   38   41   66   73   45   58   32   45   26   59   39   41   40   42   77   52   
27   59   98   63   42   47   67   62   36   58   27   47   28   59   40   41   47   42   82   48   
27   50   103   62   47   57   57   63   33   52   26   48   26   59   43   40   49   46   82   50   
28   42   96   59   40   59   57   59   38   51   33   43   26   53   50   46   50   45   87   58   
32   39   108   55   33   55   59   59   38   51   38   42   26   48   52   41   45   48   92   59   
34   37   112   49   38   60   57   55   43   46   32   42   22   57   53   48   39   41   96   59   
36   40   119   47   33   50   54   59   41   39   30   36   26   66   45   58   38   35   105   63   
37   43   115   49   30   49   50   59   42   45   30   37   27   69   36   60   36   33   110   63   
28   45   110   52   30   52   49   56   39   43   35   38   29   64   43   59   44   32   109   63   
24   32   112   51   27   52   47   57   39   36   27   43   26   69   46   56   44   38   123   71   
23   31   115   49   28   42   40   60   40   41   35   39   23   71   44   51   39   43   138   68   
24   30   116   47   27   39   47   54   38   36   38   42   24   71   41   55   39   44   143   65   
20   27   112   50   22   40   43   60   43   39   44   47   22   82   42   50   36   39   139   63   
15   31   112   44   19   41   41   57   42   40   46   48   16   90   46   57   37   35   140   63   
21   31   108   44   21   38   33   60   40   39   46   37   14   92   44   66   34   42   143   67   
24   29   104   38   16   38   31   59   42   39   43   43   12   111   49   68   37   38   136   63   
23   26   101   36   16   38   31   55   45   41   40   39   13   112   52   63   34   43   139   73   
22   23   114   34   12   44   35   55   44   43   49   45   14   106   52   53   31   41   132   71   
21   21   119   34   9   44   40   57   40   41   48   52   17   107   51   55   25   43   134   62   
16   24   122   34   10   51   43   57   39   42   40   57   13   93   52   63   28   41   137   58   
14   20   128   32   13   58   36   55   44   40   47   57   11   88   48   56   30   38   138   67   
12   22   131   30   14   47   33   51   44   41   46   60   9   84   47   65   34   40   140   70   
12   25   127   22   17   46   28   51   46   36   53   55   10   72   59   69   38   37   146   71   
15   26   113   25   12   41   25   56   44   33   54   56   13   73   61   81   39   36   151   66   
10   22   116   24   13   40   27   56   44   32   60   58   11   73   70   75   41   39   150   59   
14   26   109   21   16   41   26   54   45   30   70   58   11   75   71   71   47   40   144   51   
8   23   117   23   16   41   25   44   56   31   66   57   12   69   81   70   54   41   143   43   
8   22   121   17   20   41   24   49   54   31   71   52   9   85   80   68   58   42   138   30   
6   22   106   16   24   35   27   43   56   27   78   61   9   77   87   64   61   43   148   30   
5   22   102   14   22   32   31   45   57   22   89   65   8   85   89   59   62   39   143   29   
7   25   95   11   26   31   37   50   52   20   88   64   9   88   76   58   68   43   148   24   
6   26   100   11   27   32   41   49   40   16   89   65   9   92   77   63   71   36   148   22   
5   20   87   13   28   31   35   45   40   21   92   70   8   94   77   69   68   37   156   24   
6   19   76   17   29   31   36   38   43   23   92   66   6   95   84   71   68   37   158   25   
8   15   73   14   34   31   37   32   45   24   99   70   7   98   84   71   64   45   149   20   
7   17   76   14   35   38   31   27   36   23   99   74   8   94   80   73   67   44   157   20   
10   18   70   13   37   35   26   28   42   19   101   68   10   99   78   83   67   40   154   22   
14   24   58   9   38   36   25   29   46   19   100   60   11   101   86   86   66   35   158   19   
14   19   54   10   40   37   24   29   45   23   95   55   12   104   87   90   63   37   163   19   
12   14   58   10   43   37   25   33   41   21   95   52   15   102   88   92   66   35   161   20   
13   14   49   14   39   35   30   30   49   21   94   50   20   94   87   99   68   34   157   23   
13   15   53   13   36   28   29   23   54   20   92   48   20   101   95   94   64   35   165   22   
10   18   56   15   32   26   29   28   51   21   89   51   19   96   92   87   71   35   168   26   
15   22   60   16   30   27   28   33   51   19   91   56   15   91   93   84   66   39   164   20   
18   20   54   10   34   25   27   37   51   19   81   60   15   93   94   84   67   42   167   22   
19   15   68   10   37   25   18   35   55   15   79   66   14   99   97   82   69   39   159   19   
17   9   72   9   37   26   20   32   57   19   79   65   14   97   96   75   73   42   156   25   
18   11   81   8   40   25   17   32   57   18   77   66   16   105   85   74   60   48   155   27   
19   13   74   8   37   23   16   25   57   17   76   69   15   110   98   76   63   47   151   26   
21   7   79   5   37   24   16   25   55   13   70   70   12   106   101   96   68   51   140   24   
20   8   78   4   41   24   18   25   61   11   63   71   7   118   100   101   66   55   125   24   
18   7   75   3   42   19   19   18   61   10   73   72   8   116   103   106   62   51   128   29   
16   10   75   2   45   17   17   21   54   9   82   75   8   119   94   100   67   50   133   26   
17   9   79   2   45   19   16   18   54   6   85   68   9   112   85   110   74   51   133   28   
19   8   68   2   42   20   16   23   56   7   79   67   12   118   89   114   77   61   116   26   
20   8   60   3   52   19   19   23   61   6   71   64   8   129   97   109   72   66   111   22   
16   8   52   3   48   19   18   28   63   7   69   64   6   131   86   112   69   71   125   25   
17   8   53   3   41   18   21   32   64   6   75   70   7   143   77   114   61   66   117   27   
17   8   56   4   42   18   21   32   65   7   78   61   5   145   78   117   58   62   117   29   
17   9   45   5   36   18   22   34   69   8   78   66   4   140   80   128   56   59   119   27   
17   5   45   6   39   12   23   38   69   7   74   68   5   152   75   138   49   53   116   29   
21   7   48   6   45   15   23   31   64   8   77   67   5   160   76   138   44   52   104   29   
23   6   52   6   44   17   26   29   69   9   62   71   5   154   75   142   47   53   101   29   
19   6   58   7   40   18   22   27   69   8   66   71   7   144   83   135   47   56   105   32   
23   10   64   6   37   17   24   26   73   9   63   75   7   129   93   134   46   50   104   30   
23   11   71   8   34   17   24   28   82   7   73   76   7   128   94   124   38   56   92   27   
27   11   72   7   32   18   23   33   82   9   68   67   5   109   104   131   40   57   93   32   
31   13   71   5   33   16   22   30   85   7   70   75   5   115   107   119   35   59   88   34   
31   12   71   5   33   13   23   34   77   7   65   89   4   131   105   112   33   60   79   36   
29   13   76   4   27   13   23   36   84   7   67   90   4   140   100   111   24   68   75   29   
28   15   77   4   21   18   22   37   84   6   74   86   3   145   92   101   27   64   76   40   
27   14   81   5   21   16   15   39   94   5   74   92   2   133   96   96   27   61   85   37   
23   13   82   6   21   21   15   34   98   5   68   96   1   136   86   96   24   63   88   44   
22   14   81   5   23   24   13   30   98   3   77   95   1   125   85   91   27   61   95   50   
25   13   81   6   20   24   11   27   93   3   92   94   1   110   93   91   32   59   95   50   
21   11   69   6   19   28   8   25   87   4   92   106   1   106   102   90   36   61   98   50   
18   13   74   6   17   32   7   16   82   2   91   101   1   110   106   100   45   58   93   48   
21   12   75   4   14   35   8   18   71   3   83   104   1   105   117   105   51   58   90   45   
23   15   80   3   17   37   10   15   64   1   88   100   1   112   122   110   49   49   83   41   
23   16   79   3   12   38   11   15   59   1   92   103   1   121   122   114   45   52   78   35   
26   18   76   5   10   35   8   11   59   1   97   108   1   123   127   111   36   58   75   35   
27   17   81   4   9   40   8   11   49   1   85   113   1   119   128   115   39   65   75   33   
27   20   80   2   5   39   7   13   46   1   92   106   1   128   122   113   38   59   82   39   
32   25   85   2   3   38   7   11   46   1   92   104   1   127   127   116   29   55   81   38   
24   30   83   2   4   35   6   9   43   1   98   93   1   124   119   118   39   62   90   39   
29   38   90   3   3   33   3   9   45   1   94   91   1   111   116   128   35   53   98   39   
30   41   83   3   3   38   1   9   51   1   96   90   1   99   117   127   34   57   106   33   
34   41   87   4   5   36   1   5   54   1   92   98   1   97   123   111   36   43   116   35   
36   42   87   5   7   43   1   6   48   1   93   84   1   109   129   116   28   37   111   36   
37   42   78   3   4   50   1   6   52   1   88   78   1   111   144   111   26   31   115   41   
39   38   84   2   4   53   1   7   49   1   91   68   1   102   158   105   24   32   122   39   
39   35   76   3   4   59   1   11   47   1   94   72   1   108   146   105   21   41   117   39   
40   36   82   2   5   56   1   11   45   1   94   72   1   111   153   97   18   39   119   37   
42   34   83   3   3   54   1   12   37   1   94   80   1   104   164   100   21   33   123   30   
40   27   79   2   2   54   1   13   37   1   95   85   1   121   175   97   20   30   118   22   
43   26   70   3   2   49   1   18   34   1   105   80   1   115   167   110   17   30   128   20   
39   24   82   3   1   49   1   13   32   1   99   83   1   110   176   105   20   27   134   20   
41   16   77   5   1   47   1   13   25   1   95   70   1   110   188   112   25   28   138   26   
34   18   77   5   1   52   1   14   33   1   96   66   1   106   194   105   25   22   135   34   
35   18   67   7   1   54   1   15   35   1   92   70   1   106   205   112   20   19   130   31   
25   16   69   8   1   52   1   14   36   1   89   83   1   108   187   123   19   19   136   32   
25   18   68   8   1   51   1   18   36   1   83   91   1   113   183   129   22   11   136   24   
29   19   75   7   1   47   1   14   35   1   81   95   1   106   187   134   18   9   137   23   
32   16   79   9   1   48   1   15   35   1   65   97   1   106   186   131   18   9   145   25   
27   18   84   9   1   48   1   13   30   1   70   99   1   101   195   131   16   9   144   22   
25   18   93   9   1   46   1   14   33   1   61   108   1   91   199   130   19   12   137   21   
23   18   103   4   1   51   1   13   27   1   69   98   1   95   202   141   22   10   122   18   
28   17   100   3   1   51   1   17   25   1   81   104   1   87   190   153   22   10   109   19   
26   19   95   3   1   47   1   15   23   1   94   107   1   89   176   156   20   8   117   21   
24   19   101   2   1   50   1   20   20   1   94   102   1   84   176   172   18   7   105   22   
32   19   100   1   1   58   1   15   25   1   94   97   1   83   152   178   21   5   113   23   
37   28   102   1   1   63   1   10   22   1   96   88   1   77   161   169   19   8   109   26   
38   23   111   1   1   67   1   11   21   1   102   96   1   77   153   152   18   12   108   26   
36   27   112   1   1   61   1   11   16   1   104   103   1   80   161   146   16   12   107   23   
39   23   110   1   1   54   1   11   18   1   115   92   1   83   156   150   15   9   113   27   
47   27   112   1   1   58   1   16   18   1   111   95   1   84   155   143   12   8   104   25   
51   28   116   1   1   50   1   16   19   1   108   99   1   79   141   149   15   7   114   23   
50   30   127   1   1   57   1   14   22   1   112   89   1   73   145   139   15   7   120   15   
52   27   125   1   1   56   1   14   30   1   109   106   1   70   135   140   12   7   117   15   
55   30   131   1   1   53   1   9   30   1   110   110   1   63   126   140   12   6   126   14   
57   33   145   1   1   44   1   11   27   1   108   121   1   60   122   134   11   4   126   12   
56   33   156   1   1   46   1   11   27   1   112   113   1   62   121   131   12   2   120   13   
62   33   164   1   1   47   1   10   31   1   112   109   1   49   119   138   14   1   115   11   
66   35   169   1   1   50   1   10   27   1   111   107   1   55   105   135   12   1   123   9   
53   35   164   1   1   49   1   13   32   1   109   113   1   65   116   121   14   1   122   8   
53   36   148   1   1   51   1   12   21   1   109   111   1   72   133   119   18   1   124   7   
56   40   144   1   1   49   1   17   20   1   111   112   1   65   144   120   18   1   115   3   
65   36   143   1   1   48   1   18   22   1   112   116   1   63   138   124   19   1   108   2   
60   33   151   1   1   44   1   23   19   1   105   112   1   66   136   125   21   1   117   2   
51   29   154   1   1   39   1   27   23   1   106   120   1   60   144   113   24   1   122   2   
54   33   160   1   1   32   1   24   21   1   87   131   1   62   148   114   27   1   120   1   
52   33   167   1   1   34   1   27   19   1   90   133   1   60   145   111   25   1   117   1   
46   32   177   1   1   35   1   25   19   1   94   136   1   52   150   112   26   1   109   1   
46   30   184   1   1   32   1   25   14   1   97   125   1   54   153   120   22   1   111   1   
52   34   168   1   1   30   1   23   15   1   89   136   1   67   143   120   21   1   115   1   
59   29   171   1   1   29   1   21   12   1   86   120   1   69   152   117   22   1   126   1   
60   30   173   1   1   30   1   19   12   1   101   105   1   71   146   108   25   1   133   1   
63   29   179   1   1   31   1   15   11   1   98   107   1   68   157   105   22   1   128   1   
67   32   175   1   1   31   1   12   13   1   92   101   1   77   153   110   24   1   126   1   
59   35   177   1   1   32   1   11   11   1   101   105   1   84   159   103   20   1   116   1   
53   34   166   1   1   36   1   16   12   1   101   114   1   91   155   105   17   1   113   1   
51   33   173   1   1   31   1   14   9   1   103   119   1   89   161   108   15   1   107   1   
50   33   165   1   1   29   1   10   11   1   99   122   1   87   167   116   21   1   103   1   
50   29   157   1   1   34   1   14   9   1   95   130   1   92   161   123   25   1   94   1   
49   28   160   1   1   34   1   13   14   1   88   128   1   87   167   123   23   1   99   1   
47   29   167   1   1   39   1   11   17   1   80   121   1   91   170   133   21   1   87   1   
53   22   164   1   1   43   1   12   20   1   84   118   1   92   165   132   19   1   89   1   
48   25   164   1   1   41   1   9   17   1   82   120   1   98   167   127   24   1   91   1   
48   32   171   1   1   45   1   8   14   1   80   124   1   96   157   130   26   1   82   1   
41   36   168   1   1   44   1   9   18   1   74   132   1   88   162   127   27   1   87   1   
47   36   161   1   1   38   1   11   16   1   77   133   1   88   165   127   25   1   89   1   
56   32   153   1   1   38   1   12   12   1   84   131   1   99   165   115   26   1   90   1   
57   34   153   1   1   37   1   10   12   1   91   127   1   111   160   104   27   1   90   1   
52   37   148   1   1   41   1   11   13   1   88   118   1   105   164   114   32   1   90   1   
55   41   146   1   1   41   1   8   12   1   98   109   1   100   163   126   32   1   82   1   
54   45   142   1   1   44   1   7   8   1   105   110   1   102   165   121   34   1   76   1   
56   37   149   1   1   46   1   6   11   1   111   110   1   98   152   126   33   1   78   1   
52   37   153   1   1   54   1   4   10   1   105   113   1   102   140   137   34   1   72   1   
53   40   157   1   1   66   1   4   11   1   99   99   1   100   132   135   37   1   80   1   
51   39   161   1   1   65   1   3   9   1   96   100   1   97   138   135   36   1   83   1   
52   37   157   1   1   70   1   4   6   1   93   100   1   92   147   144   32   1   79   1   
51   33   152   1   1   77   1   2   7   1   92   103   1   85   163   152   29   1   67   1   
61   32   153   1   1   74   1   2   7   1   88   96   1   73   178   153   29   1   67   1   
62   34   156   1   1   73   1   3   7   1   98   96   1   81   149   160   32   1   62   1   
67   36   155   1   1   78   1   4   5   1   100   92   1   86   146   155   25   1   64   1   
70   42   147   1   1   75   1   2   4   1   91   98   1   91   155   138   25   1   75   1   
76   38   149   1   1   70   1   2   4   1   99   98   1   81   162   135   26   1   73   1   
84   39   138   1   1   70   1   1   6   1   86   106   1   86   152   146   25   1   74   1   
74   46   131   1   1   57   1   1   7   1   78   118   1   94   155   159   24   1   69   1   
74   50   125   1   1   51   1   1   9   1   70   128   1   85   141   173   25   1   81   1   
76   47   118   1   1   47   1   1   12   1   69   134   1   89   138   173   26   1   83   1   
75   52   118   1   1   45   1   1   14   1   71   132   1   83   133   183   25   1   81   1   
76   52   113   1   1   41   1   1   16   1   66   139   1   90   123   178   25   1   93   1   
73   47   118   1   1   45   1   1   12   1   85   132   1   95   102   179   28   1   96   1   
65   51   124   1   1   40   1   1   15   1   80   140   1   84   97   186   33   1   97   1   
69   43   110   1   1   44   1   1   15   1   80   141   1   92   94   194   29   1   101   1   
66   44   115   1   1   39   1   1   19   1   72   136   1   98   93   186   33   1   111   1   
60   45   109   1   1   43   1   1   22   1   72   151   1   105   91   189   24   1   101   1   
62   38   113   1   1   42   1   1   23   1   80   143   1   107   89   184   26   1   105   1   
68   37   109   1   1   39   1   1   18   1   72   153   1   101   81   203   24   1   107   1   
69   38   114   1   1   38   1   1   10   1   83   146   1   98   86   201   22   1   107   1   
73   35   121   1   1   38   1   1   8   1   76   138   1   109   98   198   21   1   97   1   
80   41   114   1   1   35   1   1   5   1   63   146   1   113   111   195   22   1   87   1   
68   39   121   1   1   37   1   1   5   1   62   143   1   99   113   214   19   1   92   1   
76   45   108   1   1   34   1   1   4   1   63   148   1   93   120   210   15   1   96   1   
86   46   98   1   1   33   1   1   4   1   57   150   1   93   122   205   18   1   100   1   
86   52   106   1   1   33   1   1   5   1   51   133   1   89   120   208   20   1   109   1   
86   53   105   1   1   32   1   1   5   1   55   134   1   86   132   210   12   1   102   1   
102   54   97   1   1   33   1   1   5   1   59   127   1   76   123   221   12   1   103   1   
98   55   98   1   1   35   1   1   6   1   50   135   1   76   118   226   11   1   104   1   
101   65   97   1   1   32   1   1   6   1   45   135   1   73   121   237   10   1   90   1   
110   60   100   1   1   34   1   1   7   1   48   131   1   80   126   221   12   1   83   1   
110   68   99   1   1   40   1   1   7   1   44   135   1   81   121   216   12   1   79   1   
105   66   101   1   1   40   1   1   6   1   46   126   1   89   109   239   13   1   72   1   
102   68   98   1   1   43   1   1   7   1   38   132   1   97   113   220   16   1   78   1   
107   59   102   1   1   40   1   1   10   1   34   126   1   103   126   216   15   1   74   1   
101   57   107   1   1   38   1   1   8   1   35   125   1   112   130   213   15   1   71   1   
94   58   97   1   1   43   1   1   7   1   35   119   1   113   133   220   15   1   78   1   
90   48   111   1   1   42   1   1   4   1   36   122   1   118   132   218   16   1   75   1   
93   47   114   1   1   36   1   1   5   1   28   136   1   115   139   215   14   1   70   1   
96   49   116   1   1   37   1   1   3   1   21   132   1   121   136   215   12   1   74   1   
96   51   115   1   1   35   1   1   3   1   22   123   1   122   144   225   12   1   64   1   
87   48   118   1   1   37   1   1   3   1   21   115   1   127   138   235   14   1   69   1   
81   48   118   1   1   29   1   1   4   1   16   119   1   119   142   249   14   1   73   1   
83   51   126   1   1   29   1   1   4   1   16   126   1   119   138   233   13   1   74   1   
92   54   107   1   1   38   1   1   4   1   19   123   1   119   148   225   9   1   74   1   
83   49   101   1   1   36   1   1   4   1   19   126   1   110   164   226   11   1   83   1   
79   45   99   1   1   28   1   1   4   1   21   121   1   115   158   246   9   1   87   1   
76   49   104   1   1   25   1   1   3   1   21   120   1   119   155   242   7   1   91   1   
78   55   108   1   1   18   1   1   2   1   21   118   1   114   163   240   6   1   89   1   
77   60   111   1   1   19   1   1   1   1   26   125   1   109   160   223   5   1   96   1   
83   73   100   1   1   20   1   1   1   1   22   122   1   104   159   221   6   1   101   1   
79   69   95   1   1   20   1   1   1   1   23   116   1   110   162   226   6   1   105   1   
88   71   92   1   1   24   1   1   1   1   17   116   1   110   166   217   6   1   104   1   
102   73   81   1   1   27   1   1   1   1   13   120   1   108   169   207   5   1   106   1   
99   63   77   1   1   24   1   1   1   1   18   126   1   107   173   209   7   1   108   1   
108   69   76   1   1   24   1   1   1   1   15   121   1   108   167   212   7   1   104   1   
113   69   73   1   1   19   1   1   1   1   14   124   1   114   165   205   6   1   109   1   
101   69   77   1   1   15   1   1   1   1   15   133   1   106   185   198   3   1   109   1   
100   61   73   1   1   15   1   1   1   1   12   140   1   107   189   200   3   1   111   1   
103   59   73   1   1   14   1   1   1   1   16   145   1   108   182   210   2   1   99   1   
104   51   74   1   1   10   1   1   1   1   15   147   1   112   178   211   3   1   106   1   
101   48   78   1   1   9   1   1   1   1   7   150   1   104   180   212   4   1   118   1   
109   50   93   1   1   10   1   1   1   1   6   145   1   109   163   202   3   1   121   1   
116   55   100   1   1   6   1   1   1   1   4   145   1   97   161   204   4   1   119   1   
122   56   104   1   1   6   1   1   1   1   4   154   1   97   173   177   6   1   112   1   
112   57   108   1   1   8   1   1   1   1   3   143   1   96   173   180   6   1   125   1   
110   59   115   1   1   6   1   1   1   1   4   147   1   95   162   171   9   1   133   1   
96   60   112   1   1   6   1   1   1   1   4   142   1   95   171   183   11   1   131   1   
98   67   115   1   1   7   1   1   1   1   4   145   1   89   168   179   12   1   127   1   
105   66   111   1   1   5   1   1   1   1   4   151   1   75   172   175   16   1   131   1   
106   58   107   1   1   5   1   1   1   1   4   152   1   81   175   175   18   1   130   1   
105   55   111   1   1   4   1   1   1   1   2   159   1   86   164   175   22   1   128   1   
90   53   115   1   1   5   1   1   1   1   2   155   1   84   192   167   22   1   126   1   
89   54   115   1   1   5   1   1   1   1   3   151   1   94   188   159   28   1   125   1   
79   58   122   1   1   6   1   1   1   1   3   153   1   107   187   150   30   1   116   1   
88   53   123   1   1   6   1   1   1   1   4   140   1   112   187   156   34   1   108   1   
87   60   116   1   1   5   1   1   1   1   4   135   1   114   185   152   32   1   121   1   
96   51   107   1   1   5   1   1   1   1   4   135   1   112   200   142   30   1   129   1   
90   47   105   1   1   5   1   1   1   1   3   132   1   111   201   149   30   1   138   1   
93   43   116   1   1   5   1   1   1   1   3   133   1   118   206   138   28   1   128   1   
85   41   124   1   1   3   1   1   1   1   4   131   1   122   205   135   25   1   136   1   
79   35   114   1   1   4   1   1   1   1   4   130   1   114   213   143   31   1   144   1   
80   39   109   1   1   5   1   1   1   1   5   135   1   109   219   125   29   1   156   1   
70   40   115   1   1   4   1   1   1   1   4   143   1   111   207   133   35   1   149   1   
69   38   109   1   1   3   1   1   1   1   4   146   1   112   202   124   40   1   164   1   
69   42   115   1   1   1   1   1   1   1   3   146   1   115   204   115   38   1   163   1   
61   44   110   1   1   1   1   1   1   1   3   155   1   114   200   110   39   1   174   1   
53   43   108   1   1   1   1   1   1   1   2   150   1   127   196   115   32   1   184   1   
52   40   102   1   1   1   1   1   1   1   3   168   1   138   177   111   34   1   185   1   
45   47   101   1   1   1   1   1   1   1   2   167   1   141   175   120   31   1   181   1   
43   55   97   1   1   1   1   1   1   1   3   164   1   140   182   110   27   1   189   1   
44   59   104   1   1   1   1   1   1   1   3   169   1   142   177   104   23   1   185   1   
41   56   106   1   1   1   1   1   1   1   4   166   1   151   176   104   21   1   185   1   
39   54   104   1   1   1   1   1   1   1   4   168   1   152   180   95   23   1   191   1   
36   50   108   1   1   1   1   1   1   1   5   176   1   157   190   96   16   1   176   1   
34   60   112   1   1   1   1   1   1   1   5   179   1   162   187   79   16   1   176   1   
29   60   111   1   1   1   1   1   1   1   5   181   1   157   191   78   17   1   181   1   
27   54   118   1   1   1   1   1   1   1   6   174   1   154   185   85   19   1   188   1   
22   56   105   1   1   1   1   1   1   1   4   179   1   161   206   84   11   1   182   1   
19   61   100   1   1   1   1   1   1   1   5   179   1   163   205   87   13   1   178   1   
20   65   102   1   1   1   1   1   1   1   6   178   1   149   203   86   14   1   187   1   
21   65   100   1   1   1   1   1   1   1   7   183   1   152   207   80   18   1   177   1   
25   62   110   1   1   1   1   1   1   1   10   182   1   149   199   78   22   1   173   1   
22   64   109   1   1   1   1   1   1   1   6   195   1   142   212   76   23   1   161   1   
22   67   117   1   1   1   1   1   1   1   6   196   1   156   206   65   22   1   153   1   
20   70   113   1   1   1   1   1   1   1   3   198   1   162   203   68   19   1   154   1   
17   66   116   1   1   1   1   1   1   1   4   182   1   165   220   70   18   1   152   1   
17   69   118   1   1   1   1   1   1   1   5   186   1   176   198   65   17   1   159   1   
18   75   104   1   1   1   1   1   1   1   4   183   1   173   210   66   19   1   158   1   
19   73   104   1   1   1   1   1   1   1   3   185   1   177   213   70   14   1   152   1   
18   70   107   1   1   1   1   1   1   1   3   186   1   190   205   71   15   1   145   1   
16   68   108   1   1   1   1   1   1   1   4   193   1   192   212   72   14   1   131   1   
11   66   114   1   1   1   1   1   1   1   5   189   1   198   221   68   14   1   124   1   
8   71   125   1   1   1   1   1   1   1   5   176   1   195   229   62   15   1   124   1   
5   67   126   1   1   1   1   1   1   1   6   185   1   188   234   61   12   1   126   1   
3   67   127   1   1   1   1   1   1   1   7   169   1   188   239   60   15   1   135   1   
3   67   115   1   1   1   1   1   1   1   8   185   1   199   230   56   13   1   134   1   
3   71   118   1   1   1   1   1   1   1   6   202   1   207   204   55   13   1   131   1   
4   68   120   1   1   1   1   1   1   1   9   205   1   200   198   69   9   1   128   1   
6   66   122   1   1   1   1   1   1   1   9   207   1   186   212   70   9   1   123   1   
6   65   114   1   1   1   1   1   1   1   8   217   1   175   221   64   11   1   129   1   
7   68   124   1   1   1   1   1   1   1   8   211   1   170   230   55   15   1   122   1   
6   69   122   1   1   1   1   1   1   1   9   209   1   165   243   55   11   1   121   1   
7   64   122   1   1   1   1   1   1   1   8   213   1   164   262   48   11   1   111   1   
6   66   138   1   1   1   1   1   1   1   10   204   1   151   263   49   13   1   110   1   
8   60   129   1   1   1   1   1   1   1   10   221   1   149   245   56   17   1   115   1   
7   59   131   1   1   1   1   1   1   1   12   209   1   154   250   60   15   1   113   1   
8   56   134   1   1   1   1   1   1   1   14   199   1   166   252   59   12   1   110   1   
12   50   130   1   1   1   1   1   1   1   15   203   1   173   250   60   9   1   108   1   
13   60   133   1   1   1   1   1   1   1   18   207   1   175   234   52   7   1   111   1   
9   58   129   1   1   1   1   1   1   1   21   208   1   182   237   51   6   1   109   1   
16   54   141   1   1   1   1   1   1   1   18   209   1   162   239   54   8   1   109   1   
13   55   136   1   1   1   1   1   1   1   18   217   1   147   246   55   8   1   115   1   
7   61   158   1   1   1   1   1   1   1   14   209   1   136   236   59   7   1   123   1   
6   65   152   1   1   1   1   1   1   1   11   222   1   140   224   62   7   1   121   1   
6   61   145   1   1   1   1   1   1   1   12   231   1   139   234   63   5   1   114   1   
6   59   158   1   1   1   1   1   1   1   11   217   1   139   243   53   4   1   120   1   
7   71   164   1   1   1   1   1   1   1   10   218   1   136   232   54   2   1   116   1   
7   73   171   1   1   1   1   1   1   1   10   216   1   134   217   56   2   1   124   1   
7   65   186   1   1   1   1   1   1   1   11   212   1   129   219   53   1   1   127   1   
7   66   178   1   1   1   1   1   1   1   8   220   1   126   220   54   1   1   130   1   
8   59   176   1   1   1   1   1   1   1   9   235   1   132   219   55   1   1   116   1   
10   64   186   1   1   1   1   1   1   1   8   228   1   127   218   60   1   1   108   1   
9   64   181   1   1   1   1   1   1   1   6   235   1   121   213   67   1   1   113   1   
6   63   188   1   1   1   1   1   1   1   6   234   1   133   212   62   1   1   105   1   
6   63   195   1   1   1   1   1   1   1   6   220   1   142   215   64   1   1   98   1   
5   63   193   1   1   1   1   1   1   1   8   222   1   150   213   57   1   1   98   1   
7   65   199   1   1   1   1   1   1   1   7   227   1   148   205   54   1   1   97   1   
9   67   207   1   1   1   1   1   1   1   6   224   1   139   208   49   1   1   100   1   
10   63   216   1   1   1   1   1   1   1   8   212   1   148   211   45   1   1   96   1   
11   64   227   1   1   1   1   1   1   1   7   209   1   154   209   43   1   1   85   1   
8   61   232   1   1   1   1   1   1   1   6   208   1   154   219   41   1   1   80   1   
11   64   235   1   1   1   1   1   1   1   6   195   1   150   231   36   1   1   81   1   
12   61   236   1   1   1   1   1   1   1   9   182   1   163   243   31   1   1   72   1   
9   49   228   1   1   1   1   1   1   1   8   193   1   181   239   35   1   1   67   1   
10   52   237   1   1   1   1   1   1   1   6   170   1   190   242   38   1   1   64   1   
10   55   229   1   1   1   1   1   1   1   5   166   1   192   248   37   1   1   67   1   
9   57   235   1   1   1   1   1   1   1   8   156   1   195   238   42   1   1   69   1   
9   49   244   1   1   1   1   1   1   1   4   141   1   222   228   44   1   1   68   1   
10   51   254   1   1   1   1   1   1   1   4   136   1   221   232   39   1   1   62   1   
10   53   251   1   1   1   1   1   1   1   4   131   1   200   258   37   1   1   65   1   
9   59   250   1   1   1   1   1   1   1   3   129   1   200   260   42   1   1   57   1   
12   53   255   1   1   1   1   1   1   1   2   118   1   204   252   47   1   1   66   1   
12   51   274   1   1   1   1   1   1   1   2   127   1   193   237   51   1   1   62   1   
8   62   263   1   1   1   1   1   1   1   2   121   1   194   242   62   1   1   55   1   
8   54   256   1   1   1   1   1   1   1   3   128   1   182   249   70   1   1   59   1   
9   45   265   1   1   1   1   1   1   1   5   115   1   178   258   73   1   1   61   1   
13   49   251   1   1   1   1   1   1   1   2   125   1   169   261   82   1   1   57   1   
10   51   249   1   1   1   1   1   1   1   3   121   1   171   261   88   1   1   55   1   
8   55   259   1   1   1   1   1   1   1   3   124   1   169   248   83   1   1   60   1   
4   54   248   1   1   1   1   1   1   1   2   123   1   184   258   81   1   1   55   1   
3   56   244   1   1   1   1   1   1   1   3   127   1   177   255   84   1   1   60   1   
3   56   239   1   1   1   1   1   1   1   5   129   1   184   259   78   1   1   56   1   
3   57   258   1   1   1   1   1   1   1   6   126   1   190   235   85   1   1   49   1   
2   58   262   1   1   1   1   1   1   1   7   137   1   170   245   82   1   1   46   1   
3   58   255   1   1   1   1   1   1   1   5   139   1   184   243   83   1   1   39   1   
4   64   251   1   1   1   1   1   1   1   5   141   1   184   241   81   1   1   38   1   
4   64   247   1   1   1   1   1   1   1   8   138   1   189   243   75   1   1   41   1   
3   55   240   1   1   1   1   1   1   1   9   137   1   187   259   84   1   1   35   1   
3   53   232   1   1   1   1   1   1   1   9   139   1   184   263   87   1   1   39   1   
4   54   244   1   1   1   1   1   1   1   8   135   1   178   259   88   1   1   39   1   
3   54   238   1   1   1   1   1   1   1   7   148   1   186   260   75   1   1   38   1   
5   57   237   1   1   1   1   1   1   1   9   144   1   185   262   73   1   1   37   1   
5   62   243   1   1   1   1   1   1   1   10   154   1   180   256   71   1   1   28   1   
6   62   258   1   1   1   1   1   1   1   11   148   1   187   228   76   1   1   33   1   
8   60   288   1   1   1   1   1   1   1   10   143   1   170   231   74   1   1   25   1   
8   62   267   1   1   1   1   1   1   1   11   152   1   169   236   79   1   1   25   1   
8   60   252   1   1   1   1   1   1   1   14   156   1   172   243   81   1   1   23   1   
8   58   249   1   1   1   1   1   1   1   9   163   1   175   243   77   1   1   27   1   
5   65   241   1   1   1   1   1   1   1   8   169   1   170   242   80   1   1   29   1   
6   61   253   1   1   1   1   1   1   1   5   189   1   146   247   72   1   1   30   1   
6   65   256   1   1   1   1   1   1   1   4   182   1   152   236   76   1   1   32   1   
3   72   265   1   1   1   1   1   1   1   4   177   1   145   238   74   1   1   31   1   
3   69   257   1   1   1   1   1   1   1   5   171   1   146   248   84   1   1   26   1   
5   68   253   1   1   1   1   1   1   1   5   174   1   158   243   75   1   1   28   1   
4   70   253   1   1   1   1   1   1   1   2   172   1   162   237   80   1   1   29   1   
4   70   257   1   1   1   1   1   1   1   1   175   1   162   227   82   1   1   31   1   
3   69   268   1   1   1   1   1   1   1   1   180   1   160   216   86   1   1   26   1   
2   73   253   1   1   1   1   1   1   1   1   176   1   171   218   89   1   1   26   1   
2   86   241   1   1   1   1   1   1   1   1   176   1   172   215   90   1   1   26   1   
1   82   242   1   1   1   1   1   1   1   1   178   1   178   209   86   1   1   32   1   
1   74   241   1   1   1   1   1   1   1   1   185   1   188   193   89   1   1   37   1   
1   72   242   1   1   1   1   1   1   1   1   180   1   191   190   85   1   1   47   1   
1   75   259   1   1   1   1   1   1   1   1   175   1   178   187   87   1   1   46   1   
1   68   249   1   1   1   1   1   1   1   1   164   1   202   190   91   1   1   43   1   
1   65   252   1   1   1   1   1   1   1   1   159   1   207   187   93   1   1   44   1   
1   60   249   1   1   1   1   1   1   1   1   159   1   218   183   95   1   1   43   1   
1   61   247   1   1   1   1   1   1   1   1   154   1   219   185   98   1   1   43   1   
1   63   255   1   1   1   1   1   1   1   1   147   1   225   185   91   1   1   41   1   
1   66   266   1   1   1   1   1   1   1   1   138   1   224   182   91   1   1   40   1   
1   68   257   1   1   1   1   1   1   1   1   139   1   233   180   92   1   1   38   1   
1   77   240   1   1   1   1   1   1   1   1   145   1   247   178   87   1   1   33   1   
1   72   263   1   1   1   1   1   1   1   1   127   1   248   174   93   1   1   30   1   
1   59   259   1   1   1   1   1   1   1   1   145   1   250   165   100   1   1   29   1   
1   56   273   1   1   1   1   1   1   1   1   142   1   250   166   95   1   1   25   1   
1   58   277   1   1   1   1   1   1   1   1   148   1   230   172   101   1   1   21   1   
1   60   279   1   1   1   1   1   1   1   1   152   1   228   168   97   1   1   23   1   
1   59   288   1   1   1   1   1   1   1   1   149   1   235   160   95   1   1   21   1   
1   53   283   1   1   1   1   1   1   1   1   140   1   244   168   98   1   1   21   1   
1   53   275   1   1   1   1   1   1   1   1   148   1   250   169   92   1   1   20   1   
1   55   263   1   1   1   1   1   1   1   1   156   1   258   164   87   1   1   24   1   
1   61   264   1   1   1   1   1   1   1   1   151   1   260   171   73   1   1   27   1   
1   57   271   1   1   1   1   1   1   1   1   157   1   259   172   62   1   1   29   1   
1   56   263   1   1   1   1   1   1   1   1   152   1   259   184   64   1   1   29   1   
1   55   257   1   1   1   1   1   1   1   1   149   1   258   184   71   1   1   33   1   
1   61   257   1   1   1   1   1   1   1   1   142   1   251   188   73   1   1   35   1   
1   65   251   1   1   1   1   1   1   1   1   124   1   265   193   77   1   1   32   1   
1   70   233   1   1   1   1   1   1   1   1   130   1   262   192   84   1   1   36   1   
1   70   231   1   1   1   1   1   1   1   1   145   1   256   188   78   1   1   39   1   
1   59   259   1   1   1   1   1   1   1   1   145   1   259   170   80   1   1   35   1   
1   63   260   1   1   1   1   1   1   1   1   161   1   238   164   86   1   1   35   1   
1   67   263   1   1   1   1   1   1   1   1   162   1   225   162   92   1   1   36   1   
1   61   269   1   1   1   1   1   1   1   1   159   1   228   162   95   1   1   33   1   
1   46   265   1   1   1   1   1   1   1   1   162   1   254   162   89   1   1   29   1   
1   53   281   1   1   1   1   1   1   1   1   157   1   256   151   87   1   1   22   1   
1   52   265   1   1   1   1   1   1   1   1   165   1   266   148   89   1   1   22   1   
1   48   255   1   1   1   1   1   1   1   1   175   1   272   145   90   1   1   22   1   
1   51   259   1   1   1   1   1   1   1   1   166   1   279   149   85   1   1   18   1   
1   50   261   1   1   1   1   1   1   1   1   177   1   282   137   83   1   1   17   1   
1   47   280   1   1   1   1   1   1   1   1   182   1   276   134   74   1   1   14   1   
1   48   289   1   1   1   1   1   1   1   1   184   1   274   131   65   1   1   16   1   
1   40   304   1   1   1   1   1   1   1   1   199   1   261   122   66   1   1   15   1   
1   35   315   1   1   1   1   1   1   1   1   196   1   256   136   55   1   1   14   1   
1   37   327   1   1   1   1   1   1   1   1   191   1   240   135   63   1   1   14   1   
1   36   321   1   1   1   1   1   1   1   1   192   1   250   135   58   1   1   15   1   
1   39   331   1   1   1   1   1   1   1   1   192   1   252   128   52   1   1   13   1   
1   42   325   1   1   1   1   1   1   1   1   190   1   261   121   55   1   1   13   1   
1   36   322   1   1   1   1   1   1   1   1   185   1   263   118   67   1   1   16   1   
1   33   320   1   1   1   1   1   1   1   1   195   1   262   118   64   1   1   15   1   
1   31   311   1   1   1   1   1   1   1   1   203   1   258   130   62   1   1   12   1   
1   31   309   1   1   1   1   1   1   1   1   214   1   254   128   56   1   1   15   1   
1   27   309   1   1   1   1   1   1   1   1   221   1   251   130   52   1   1   17   1   
1   24   294   1   1   1   1   1   1   1   1   227   1   256   138   52   1   1   16   1   
1   27   292   1   1   1   1   1   1   1   1   215   1   260   141   53   1   1   19   1   
1   26   292   1   1   1   1   1   1   1   1   210   1   270   141   51   1   1   17   1   
1   30   300   1   1   1   1   1   1   1   1   201   1   270   142   48   1   1   16   1   
1   31   307   1   1   1   1   1   1   1   1   198   1   272   132   48   1   1   19   1   
1   37   298   1   1   1   1   1   1   1   1   196   1   275   137   46   1   1   18   1   
1   40   304   1   1   1   1   1   1   1   1   190   1   270   142   44   1   1   17   1   
1   37   295   1   1   1   1   1   1   1   1   192   1   289   136   43   1   1   15   1   
1   39   283   1   1   1   1   1   1   1   1   215   1   288   135   29   1   1   18   1   
1   28   288   1   1   1   1   1   1   1   1   229   1   278   136   29   1   1   19   1   
1   31   284   1   1   1   1   1   1   1   1   217   1   293   135   30   1   1   17   1   
1   35   262   1   1   1   1   1   1   1   1   217   1   296   141   34   1   1   22   1   
1   37   264   1   1   1   1   1   1   1   1   210   1   278   159   36   1   1   23   1   
1   32   262   1   1   1   1   1   1   1   1   212   1   282   155   38   1   1   26   1   
1   35   255   1   1   1   1   1   1   1   1   225   1   278   153   33   1   1   28   1   
1   30   253   1   1   1   1   1   1   1   1   222   1   294   150   31   1   1   27   1   
1   31   269   1   1   1   1   1   1   1   1   201   1   300   146   30   1   1   30   1   
1   28   272   1   1   1   1   1   1   1   1   203   1   294   150   25   1   1   35   1   
1   24   270   1   1   1   1   1   1   1   1   201   1   297   150   25   1   1   40   1   
1   21   266   1   1   1   1   1   1   1   1   207   1   296   148   29   1   1   40   1   
1   22   264   1   1   1   1   1   1   1   1   207   1   299   139   29   1   1   47   1   
1   19   277   1   1   1   1   1   1   1   1   212   1   288   135   30   1   1   46   1   
1   21   273   1   1   1   1   1   1   1   1   208   1   296   132   31   1   1   46   1   
1   23   281   1   1   1   1   1   1   1   1   208   1   285   144   24   1   1   42   1   
1   26   271   1   1   1   1   1   1   1   1   227   1   272   142   31   1   1   38   1   
1   25   267   1   1   1   1   1   1   1   1   234   1   275   144   32   1   1   30   1   
1   25   277   1   1   1   1   1   1   1   1   236   1   256   156   29   1   1   28   1   
1   22   275   1   1   1   1   1   1   1   1   235   1   256   154   33   1   1   32   1   
1   21   274   1   1   1   1   1   1   1   1   233   1   255   154   36   1   1   34   1   
1   18   273   1   1   1   1   1   1   1   1   226   1   264   152   41   1   1   33   1   
1   18   260   1   1   1   1   1   1   1   1   231   1   271   152   38   1   1   37   1   
1   17   265   1   1   1   1   1   1   1   1   221   1   273   158   36   1   1   37   1   
1   18   258   1   1   1   1   1   1   1   1   211   1   277   168   37   1   1   38   1   
1   15   277   1   1   1   1   1   1   1   1   195   1   289   154   33   1   1   44   1   
1   14   279   1   1   1   1   1   1   1   1   202   1   283   154   33   1   1   42   1   
1   15   259   1   1   1   1   1   1   1   1   193   1   298   162   32   1   1   48   1   
1   16   240   1   1   1   1   1   1   1   1   193   1   308   168   35   1   1   47   1   
1   18   240   1   1   1   1   1   1   1   1   196   1   301   165   45   1   1   42   1   
1   14   245   1   1   1   1   1   1   1   1   196   1   316   149   48   1   1   39   1   
1   11   260   1   1   1   1   1   1   1   1   202   1   307   138   54   1   1   35   1   
1   12   259   1   1   1   1   1   1   1   1   192   1   328   142   42   1   1   32   1   
1   10   248   1   1   1   1   1   1   1   1   190   1   339   140   50   1   1   30   1   
1   8   267   1   1   1   1   1   1   1   1   187   1   327   141   51   1   1   26   1   
1   11   270   1   1   1   1   1   1   1   1   180   1   322   149   49   1   1   26   1   
1   13   267   1   1   1   1   1   1   1   1   177   1   324   155   44   1   1   27   1   
1   14   281   1   1   1   1   1   1   1   1   174   1   324   147   36   1   1   31   1   
1   13   285   1   1   1   1   1   1   1   1   170   1   321   153   38   1   1   27   1   
1   8   298   1   1   1   1   1   1   1   1   156   1   326   152   39   1   1   28   1   
1   7   310   1   1   1   1   1   1   1   1   167   1   307   158   32   1   1   26   1   
1   7   320   1   1   1   1   1   1   1   1   161   1   301   160   25   1   1   33   1   
1   7   316   1   1   1   1   1   1   1   1   153   1   300   178   20   1   1   33   1   
1   7   301   1   1   1   1   1   1   1   1   149   1   295   193   27   1   1   35   1   
1   9   302   1   1   1   1   1   1   1   1   137   1   297   205   25   1   1   32   1   
1   9   307   1   1   1   1   1   1   1   1   141   1   316   189   17   1   1   28   1   
1   10   321   1   1   1   1   1   1   1   1   129   1   318   188   13   1   1   28   1   
1   8   324   1   1   1   1   1   1   1   1   120   1   320   194   14   1   1   27   1   
1   5   334   1   1   1   1   1   1   1   1   125   1   316   192   12   1   1   23   1   
1   7   301   1   1   1   1   1   1   1   1   122   1   337   201   13   1   1   26   1   
1   7   309   1   1   1   1   1   1   1   1   122   1   331   200   13   1   1   25   1   
1   6   317   1   1   1   1   1   1   1   1   115   1   333   201   8   1   1   27   1   
1   7   320   1   1   1   1   1   1   1   1   97   1   346   200   9   1   1   28   1   
1   9   301   1   1   1   1   1   1   1   1   90   1   361   203   9   1   1   34   1   
1   8   318   1   1   1   1   1   1   1   1   88   1   342   202   10   1   1   39   1   
1   4   314   1   1   1   1   1   1   1   1   87   1   341   207   10   1   1   44   1   
1   4   306   1   1   1   1   1   1   1   1   94   1   355   195   13   1   1   40   1   
1   6   306   1   1   1   1   1   1   1   1   85   1   339   215   15   1   1   41   1   
1   7   302   1   1   1   1   1   1   1   1   82   1   323   229   15   1   1   49   1   
1   5   310   1   1   1   1   1   1   1   1   69   1   312   247   12   1   1   52   1   
1   5   301   1   1   1   1   1   1   1   1   73   1   308   265   10   1   1   45   1   
1   3   307   1   1   1   1   1   1   1   1   75   1   308   261   7   1   1   46   1   
1   3   314   1   1   1   1   1   1   1   1   71   1   322   256   5   1   1   36   1   
1   3   310   1   1   1   1   1   1   1   1   67   1   322   264   3   1   1   38   1   
1   3   315   1   1   1   1   1   1   1   1   63   1   329   263   3   1   1   31   1   
1   4   314   1   1   1   1   1   1   1   1   60   1   339   257   4   1   1   29   1   
1   6   305   1   1   1   1   1   1   1   1   63   1   344   257   6   1   1   26   1   
1   7   318   1   1   1   1   1   1   1   1   65   1   325   256   7   1   1   29   1   
1   6   315   1   1   1   1   1   1   1   1   61   1   335   252   5   1   1   33   1   
1   5   305   1   1   1   1   1   1   1   1   59   1   331   269   8   1   1   30   1   
1   6   314   1   1   1   1   1   1   1   1   59   1   322   264   8   1   1   34   1   
1   7   292   1   1   1   1   1   1   1   1   68   1   327   270   9   1   1   34   1   
1   6   299   1   1   1   1   1   1   1   1   67   1   327   260   9   1   1   39   1   
1   8   312   1   1   1   1   1   1   1   1   64   1   317   258   8   1   1   40   1   
1   7   323   1   1   1   1   1   1   1   1   64   1   308   252   9   1   1   44   1   
1   5   342   1   1   1   1   1   1   1   1   59   1   316   239   8   1   1   38   1   
1   5   343   1   1   1   1   1   1   1   1   60   1   321   236   9   1   1   33   1   
1   7   344   1   1   1   1   1   1   1   1   65   1   327   219   12   1   1   33   1   
1   6   356   1   1   1   1   1   1   1   1   64   1   329   210   12   1   1   30   1   
1   5   339   1   1   1   1   1   1   1   1   64   1   335   228   11   1   1   25   1   
1   5   340   1   1   1   1   1   1   1   1   55   1   345   222   11   1   1   29   1   
1   7   355   1   1   1   1   1   1   1   1   52   1   324   231   8   1   1   30   1   
1   5   356   1   1   1   1   1   1   1   1   53   1   331   225   6   1   1   31   1   
1   6   344   1   1   1   1   1   1   1   1   40   1   349   227   5   1   1   36   1   
1   8   331   1   1   1   1   1   1   1   1   37   1   349   237   6   1   1   39   1   
1   4   353   1   1   1   1   1   1   1   1   38   1   331   238   5   1   1   38   1   
1   2   353   1   1   1   1   1   1   1   1   39   1   335   238   4   1   1   36   1   
1   3   353   1   1   1   1   1   1   1   1   49   1   326   241   3   1   1   32   1   
1   3   348   1   1   1   1   1   1   1   1   48   1   327   248   3   1   1   30   1   
1   4   343   1   1   1   1   1   1   1   1   61   1   330   237   3   1   1   29   1   
1   4   335   1   1   1   1   1   1   1   1   65   1   329   239   5   1   1   30   1   
1   4   347   1   1   1   1   1   1   1   1   73   1   316   235   6   1   1   26   1   
1   4   342   1   1   1   1   1   1   1   1   72   1   309   243   4   1   1   33   1   
1   6   334   1   1   1   1   1   1   1   1   61   1   318   249   4   1   1   35   1   
1   6   348   1   1   1   1   1   1   1   1   60   1   312   243   5   1   1   33   1   
1   5   357   1   1   1   1   1   1   1   1   60   1   319   234   5   1   1   27   1   
1   7   356   1   1   1   1   1   1   1   1   70   1   307   230   6   1   1   31   1   
1   10   362   1   1   1   1   1   1   1   1   70   1   302   226   3   1   1   34   1   
1   9   352   1   1   1   1   1   1   1   1   71   1   298   237   4   1   1   36   1   
1   12   376   1   1   1   1   1   1   1   1   71   1   282   234   4   1   1   28   1   
1   13   370   1   1   1   1   1   1   1   1   79   1   287   224   4   1   1   30   1   
1   10   388   1   1   1   1   1   1   1   1   85   1   265   229   3   1   1   27   1   
1   7   372   1   1   1   1   1   1   1   1   78   1   278   244   2   1   1   26   1   
1   9   368   1   1   1   1   1   1   1   1   81   1   277   244   1   1   1   27   1   
1   10   364   1   1   1   1   1   1   1   1   79   1   285   243   1   1   1   25   1   
1   11   361   1   1   1   1   1   1   1   1   89   1   266   254   1   1   1   25   1   
1   8   373   1   1   1   1   1   1   1   1   83   1   270   247   1   1   1   25   1   
1   11   378   1   1   1   1   1   1   1   1   91   1   267   231   1   1   1   28   1   
1   14   361   1   1   1   1   1   1   1   1   104   1   274   235   1   1   1   18   1   
1   17   344   1   1   1   1   1   1   1   1   106   1   277   240   1   1   1   22   1   
1   16   348   1   1   1   1   1   1   1   1   110   1   270   235   1   1   1   27   1   
1   11   350   1   1   1   1   1   1   1   1   111   1   253   256   1   1   1   25   1   
1   12   359   1   1   1   1   1   1   1   1   115   1   244   249   1   1   1   27   1   
1   12   365   1   1   1   1   1   1   1   1   109   1   247   249   1   1   1   24   1   
1   11   355   1   1   1   1   1   1   1   1   110   1   245   257   1   1   1   28   1   
1   11   346   1   1   1   1   1   1   1   1   113   1   252   255   1   1   1   29   1   
1   12   352   1   1   1   1   1   1   1   1   110   1   259   244   1   1   1   29   1   
1   13   353   1   1   1   1   1   1   1   1   110   1   249   249   1   1   1   32   1   
1   15   347   1   1   1   1   1   1   1   1   109   1   248   254   1   1   1   33   1   
1   13   355   1   1   1   1   1   1   1   1   107   1   250   248   1   1   1   33   1   
1   15   364   1   1   1   1   1   1   1   1   101   1   244   238   1   1   1   44   1   
1   15   342   1   1   1   1   1   1   1   1   100   1   252   253   1   1   1   44   1   
1   12   351   1   1   1   1   1   1   1   1   100   1   245   256   1   1   1   42   1   
1   8   345   1   1   1   1   1   1   1   1   100   1   263   250   1   1   1   40   1   
1   11   345   1   1   1   1   1   1   1   1   91   1   264   255   1   1   1   40   1   
1   10   341   1   1   1   1   1   1   1   1   99   1   259   249   1   1   1   48   1   
1   8   340   1   1   1   1   1   1   1   1   99   1   265   244   1   1   1   50   1   
1   9   346   1   1   1   1   1   1   1   1   101   1   282   216   1   1   1   52   1   
1   11   364   1   1   1   1   1   1   1   1   96   1   268   218   1   1   1   49   1   
1   9   374   1   1   1   1   1   1   1   1   100   1   256   216   1   1   1   51   1   
1   9   362   1   1   1   1   1   1   1   1   100   1   252   225   1   1   1   58   1   
1   10   358   1   1   1   1   1   1   1   1   96   1   249   227   1   1   1   66   1   
1   10   368   1   1   1   1   1   1   1   1   97   1   223   245   1   1   1   63   1   
1   11   378   1   1   1   1   1   1   1   1   101   1   232   221   1   1   1   63   1   
1   9   381   1   1   1   1   1   1   1   1   98   1   233   228   1   1   1   57   1   
1   7   386   1   1   1   1   1   1   1   1   95   1   240   221   1   1   1   57   1   
1   8   396   1   1   1   1   1   1   1   1   83   1   233   234   1   1   1   52   1   
1   6   413   1   1   1   1   1   1   1   1   70   1   227   239   1   1   1   51   1   
1   4   427   1   1   1   1   1   1   1   1   77   1   207   240   1   1   1   51   1   
1   4   420   1   1   1   1   1   1   1   1   82   1   202   248   1   1   1   50   1   
1   4   408   1   1   1   1   1   1   1   1   84   1   211   248   1   1   1   51   1   
1   3   406   1   1   1   1   1   1   1   1   82   1   225   246   1   1   1   44   1   
1   4   408   1   1   1   1   1   1   1   1   82   1   219   250   1   1   1   43   1   
1   5   398   1   1   1   1   1   1   1   1   86   1   218   256   1   1   1   43   1   
1   6   388   1   1   1   1   1   1   1   1   92   1   223   257   1   1   1   40   1   
1   6   410   1   1   1   1   1   1   1   1   90   1   209   255   1   1   1   36   1   
1   9   386   1   1   1   1   1   1   1   1   104   1   202   276   1   1   1   29   1   
1   7   376   1   1   1   1   1   1   1   1   103   1   204   283   1   1   1   33   1   
1   10   393   1   1   1   1   1   1   1   1   104   1   186   274   1   1   1   39   1   
1   9   404   1   1   1   1   1   1   1   1   113   1   170   270   1   1   1   40   1   
1   7   389   1   1   1   1   1   1   1   1   127   1   180   272   1   1   1   31   1   
1   10   380   1   1   1   1   1   1   1   1   105   1   184   295   1   1   1   32   1   
1   9   374   1   1   1   1   1   1   1   1   108   1   182   302   1   1   1   31   1   
1   6   365   1   1   1   1   1   1   1   1   99   1   194   312   1   1   1   30   1   
1   5   361   1   1   1   1   1   1   1   1   89   1   222   297   1   1   1   32   1   
1   3   348   1   1   1   1   1   1   1   1   86   1   225   314   1   1   1   30   1   
1   3   345   1   1   1   1   1   1   1   1   89   1   217   324   1   1   1   28   1   
1   2   344   1   1   1   1   1   1   1   1   100   1   204   321   1   1   1   35   1   
1   3   344   1   1   1   1   1   1   1   1   104   1   207   309   1   1   1   39   1   
1   2   344   1   1   1   1   1   1   1   1   103   1   222   301   1   1   1   34   1   
1   1   1   1   1   1   1   1   1   1   1   1   1   1   1   1   1   1   1   1   
1   1   1   1   1   1   1   1   1   1   1   1   1   1   1   1   1   1   1   1   
1   1   1   1   1   1   1   1   1   1   1   1   1   1   1   1   1   1   1   1   
1   1   1   1   1   1   1   1   1   1   1   1   1   1   1   1   1   1   1   1   
1   1   1   1   1   1   1   1   1   1   1   1   1   1   1   1   1   1   1   1   
1   1   1   1   1   1   1   1   1   1   1   1   1   1   1   1   1   1   1   1   
1   1   1   1   1   1   1   1   1   1   1   1   1   1   1   1   1   1   1   1   
1   1   1   1   1   1   1   1   1   1   1   1   1   1   1   1   1   1   1   1   
1   1   1   1   1   1   1   1   1   1   1   1   1   1   1   1   1   1   1   1   
1   1   1   1   1   1   1   1   1   1   1   1   1   1   1   1   1   1   1   1   
1   1   1   1   1   1   1   1   1   1   1   1   1   1   1   1   1   1   1   1   
