201   201   201   201   201   
198   232   227   199   149   
198   236   220   199   152   
199   230   220   204   152   
192   241   229   195   148   
183   237   237   195   153   
195   226   230   199   155   
204   213   230   204   154   
204   225   226   212   138   
204   230   221   212   138   
200   242   237   203   123   
206   241   227   204   127   
203   241   223   207   131   
202   237   228   205   133   
207   225   223   200   150   
210   214   222   199   160   
207   220   220   207   151   
215   209   216   220   145   
217   224   211   203   150   
215   214   211   211   154   
237   210   207   215   136   
246   206   216   209   128   
257   193   207   224   124   
252   179   210   234   130   
257   182   198   233   135   
265   180   182   239   139   
271   166   181   246   141   
284   158   196   240   127   
279   161   206   237   122   
265   171   224   229   116   
266   181   228   225   105   
274   185   232   211   103   
272   192   225   211   105   
293   187   227   203   95   
285   180   243   196   101   
300   166   231   204   104   
294   177   228   204   102   
299   191   235   184   96   
313   183   232   183   94   
301   180   236   187   101   
298   180   230   190   107   
305   176   229   182   113   
308   175   224   174   124   
306   187   213   170   129   
292   182   223   178   130   
300   188   219   173   125   
304   188   220   162   131   
298   174   225   181   127   
295   185   234   171   120   
287   191   225   178   124   
285   181   243   177   119   
301   180   227   186   111   
298   190   222   179   116   
296   180   219   180   130   
315   163   226   182   119   
318   158   214   182   133   
329   143   220   173   140   
331   149   205   179   141   
339   145   202   183   136   
320   158   196   195   136   
330   160   187   185   143   
326   146   196   180   157   
324   155   190   167   169   
327   154   186   163   175   
318   158   184   163   182   
328   155   182   162   178   
327   146   185   163   184   
340   146   178   162   179   
335   152   155   173   190   
352   159   143   158   193   
362   160   132   159   192   
369   156   122   162   196   
362   160   120   161   202   
357   166   112   163   207   
370   159   95   164   217   
387   160   99   145   214   
375   168   89   152   221   
350   161   92   162   240   
358   158   92   156   241   
358   148   96   160   243   
364   147   93   161   240   
386   150   85   158   226   
380   152   86   153   234   
388   160   78   146   233   
384   146   82   145   248   
387   163   73   152   230   
390   164   74   149   228   
395   165   75   150   220   
383   170   76   157   219   
390   173   79   155   208   
391   172   69   145   228   
389   180   76   146   214   
391   178   80   146   210   
371   169   93   158   214   
370   164   94   165   212   
386   151   91   178   199   
378   157   91   185   194   
376   154   83   189   203   
378   155   80   199   193   
381   153   80   193   198   
395   150   89   184   187   
383   159   85   198   180   
388   158   89   204   166   
383   143   100   196   183   
376   145   106   196   182   
378   156   100   194   177   
378   153   105   206   163   
372   136   107   209   181   
357   139   111   218   180   
338   144   108   229   186   
322   140   109   223   211   
329   137   107   221   211   
318   144   112   209   222   
329   138   122   188   228   
309   149   120   193   234   
303   172   123   187   220   
288   171   125   188   233   
290   157   140   192   226   
273   151   135   199   247   
273   133   133   210   256   
279   132   133   221   240   
257   136   145   223   244   
251   139   150   227   238   
248   131   163   216   247   
235   127   175   222   246   
229   120   194   220   242   
224   123   202   213   243   
230   121   215   184   255   
219   137   214   186   249   
206   136   201   197   265   
202   148   205   200   250   
211   133   211   196   254   
225   136   198   184   262   
231   138   208   173   255   
238   125   200   173   269   
216   124   200   171   294   
225   134   183   178   285   
237   146   183   169   270   
236   134   204   165   266   
229   154   211   153   258   
232   154   198   153   268   
221   159   199   153   273   
239   149   191   151   275   
247   166   191   149   252   
257   170   187   140   251   
264   169   182   134   256   
264   158   183   133   267   
259   158   194   135   259   
263   161   193   140   248   
269   158   190   143   245   
274   158   190   131   252   
278   172   176   127   252   
281   175   173   125   251   
288   188   164   119   246   
290   172   167   129   247   
288   165   163   131   258   
295   149   158   141   262   
283   153   158   141   270   
291   155   163   132   264   
280   155   158   134   278   
283   146   160   139   277   
277   160   151   137   280   
263   151   151   140   300   
263   148   152   148   294   
277   153   150   146   279   
275   172   140   133   285   
286   167   135   124   293   
287   162   138   123   295   
282   158   135   119   311   
274   155   143   113   320   
262   161   145   112   325   
254   150   150   110   341   
268   142   140   105   350   
270   142   143   100   350   
282   140   132   98   353   
275   135   126   99   370   
270   144   119   96   376   
258   143   121   99   384   
251   146   138   91   379   
263   147   129   89   377   
255   148   122   90   390   
269   143   114   94   385   
271   138   110   94   392   
259   132   104   96   414   
252   127   103   105   418   
240   134   101   106   424   
230   142   106   99   428   
230   127   105   101   442   
249   122   104   88   442   
249   119   106   95   436   
244   115   94   112   440   
226   114   110   114   441   
226   112   101   107   459   
208   124   102   115   456   
205   120   107   108   465   
200   118   118   94   475   
207   111   120   96   471   
209   108   121   99   468   
206   114   116   108   461   
194   105   120   107   479   
191   114   117   113   470   
181   117   107   110   490   
186   112   107   115   485   
187   120   94   122   482   
190   124   101   110   480   
211   117   97   114   466   
204   111   89   118   483   
187   110   94   113   501   
201   114   99   116   475   
214   103   93   114   481   
206   108   95   129   467   
212   119   95   140   439   
197   128   101   137   442   
202   122   113   128   440   
214   130   100   120   441   
206   120   106   125   448   
203   103   120   134   445   
223   91   108   135   448   
211   98   102   140   454   
204   94   108   142   457   
206   79   103   155   462   
202   88   98   162   455   
225   85   95   148   452   
236   84   100   141   444   
228   87   103   125   462   
241   78   86   122   478   
243   68   77   124   493   
244   60   63   131   507   
244   59   65   126   511   
244   63   63   128   507   
234   58   66   122   525   
229   61   59   123   533   
239   53   61   120   532   
239   46   60   126   534   
239   49   63   113   541   
238   49   55   110   553   
239   42   55   111   558   
237   37   45   98   588   
241   35   46   107   576   
244   31   41   99   590   
244   31   44   103   583   
253   30   41   97   584   
241   25   41   105   593   
234   25   41   103   602   
229   28   38   107   603   
241   23   40   101   600   
247   20   44   95   599   
247   20   44   98   596   
254   19   43   104   585   
258   18   48   111   570   
225   15   51   116   598   
230   14   50   114   597   
224   10   53   118   600   
218   10   57   111   609   
216   11   61   107   610   
227   12   59   104   603   
232   15   63   101   594   
224   14   58   94   615   
221   15   50   87   632   
234   13   47   93   618   
241   11   41   93   619   
232   10   43   87   633   
236   8   54   86   621   
230   5   51   89   630   
210   4   44   77   670   
210   4   44   74   673   
210   6   52   69   668   
211   4   55   77   658   
213   5   60   72   655   
212   5   63   68   657   
235   4   60   64   642   
254   5   62   64   620   
256   3   62   69   615   
243   3   62   66   631   
236   3   59   62   645   
255   4   50   67   629   
251   5   52   77   620   
248   5   53   85   614   
242   8   52   82   621   
232   9   60   90   614   
232   10   66   97   600   
220   7   74   98   606   
223   9   65   98   610   
218   13   70   90   614   
231   16   66   85   607   
222   15   66   84   618   
224   12   67   86   616   
227   13   62   88   615   
231   12   68   89   605   
218   13   75   90   609   
226   12   75   93   599   
224   8   74   88   611   
210   11   79   98   607   
204   10   84   98   609   
191   11   79   106   618   
182   8   77   107   631   
190   8   77   113   617   
193   9   78   114   611   
198   11   71   113   612   
201   14   72   117   601   
203   20   75   123   584   
215   17   80   125   568   
208   19   80   117   581   
210   22   75   111   587   
192   23   82   114   594   
175   26   87   115   602   
174   24   87   107   613   
161   25   86   118   615   
166   33   88   110   608   
165   39   92   109   600   
160   48   87   113   597   
163   44   79   115   604   
160   46   87   104   608   
162   44   89   113   597   
171   41   92   118   583   
164   42   87   125   587   
171   43   86   111   594   
171   42   100   116   576   
181   42   98   110   574   
189   44   83   118   571   
185   52   85   119   564   
181   45   85   120   574   
182   47   88   127   561   
191   40   83   133   558   
190   37   88   122   568   
199   34   86   108   578   
200   34   82   109   580   
203   31   73   115   583   
210   28   70   111   586   
210   21   85   113   576   
202   17   89   118   579   
217   14   101   105   568   
218   15   90   99   583   
218   13   93   100   581   
215   13   101   93   583   
215   15   108   98   569   
218   17   105   82   583   
216   16   105   75   593   
222   17   105   77   584   
234   17   92   73   589   
239   16   90   73   587   
230   16   89   79   591   
234   16   85   82   588   
257   16   88   89   555   
262   21   89   92   541   
249   24   94   90   548   
254   28   88   88   547   
263   31   77   83   551   
256   36   77   84   552   
248   41   81   84   551   
258   41   91   86   529   
274   41   95   78   517   
267   40   87   71   540   
271   30   76   72   556   
272   22   78   71   562   
270   19   80   55   581   
282   21   82   51   569   
271   22   81   48   583   
263   24   84   47   587   
256   27   100   51   571   
272   23   92   41   577   
266   26   93   39   581   
259   20   99   35   592   
257   19   112   34   583   
258   28   102   30   587   
256   25   107   28   589   
261   22   117   28   577   
266   19   123   27   570   
250   16   126   28   585   
264   17   126   31   567   
250   19   126   24   586   
251   21   119   28   586   
255   24   132   26   568   
253   20   144   22   566   
242   19   161   22   561   
232   15   163   16   579   
227   17   161   18   582   
225   17   172   14   577   
237   13   161   11   583   
257   12   145   10   581   
268   11   137   13   576   
262   14   136   9   584   
254   15   113   8   615   
271   16   121   5   592   
290   19   108   3   585   
301   18   108   2   576   
290   16   115   1   583   
273   16   120   1   595   
273   16   117   1   598   
276   15   123   1   590   
276   15   126   1   587   
272   14   135   1   583   
285   10   135   1   574   
289   8   132   1   575   
293   8   129   1   574   
292   9   140   1   563   
293   9   151   1   551   
287   7   145   1   565   
294   7   139   1   564   
307   5   128   1   564   
316   3   131   1   554   
313   1   135   1   555   
322   1   134   1   547   
321   1   121   1   561   
322   1   114   1   567   
327   1   111   1   565   
326   1   124   1   553   
334   1   115   1   554   
335   1   113   1   555   
340   1   106   1   557   
347   1   92   1   564   
355   1   94   1   554   
368   1   91   1   544   
383   1   80   1   540   
370   1   82   1   551   
353   1   92   1   558   
377   1   88   1   538   
373   1   97   1   533   
381   1   96   1   526   
388   1   87   1   528   
393   1   91   1   519   
390   1   87   1   526   
394   1   88   1   521   
382   1   91   1   530   
383   1   97   1   523   
376   1   89   1   538   
397   1   90   1   516   
397   1   85   1   521   
398   1   85   1   520   
407   1   86   1   510   
385   1   81   1   537   
386   1   87   1   530   
377   1   85   1   541   
373   1   90   1   540   
375   1   90   1   538   
368   1   96   1   539   
368   1   85   1   550   
358   1   74   1   571   
360   1   70   1   573   
366   1   68   1   569   
362   1   67   1   574   
377   1   61   1   565   
375   1   59   1   569   
390   1   58   1   555   
379   1   66   1   558   
383   1   75   1   545   
395   1   70   1   538   
415   1   61   1   527   
428   1   57   1   518   
436   1   59   1   508   
434   1   61   1   508   
425   1   59   1   519   
434   1   56   1   513   
456   1   56   1   491   
440   1   55   1   508   
439   1   51   1   513   
438   1   49   1   516   
436   1   57   1   510   
418   1   55   1   530   
417   1   47   1   539   
411   1   47   1   545   
410   1   46   1   547   
397   1   41   1   565   
391   1   43   1   569   
390   1   43   1   570   
380   1   41   1   582   
381   1   48   1   574   
401   1   46   1   556   
383   1   40   1   580   
390   1   38   1   575   
382   1   32   1   589   
363   1   40   1   600   
370   1   36   1   597   
383   1   31   1   589   
377   1   29   1   597   
371   1   27   1   605   
373   1   22   1   608   
392   1   29   1   582   
390   1   26   1   587   
390   1   32   1   581   
401   1   27   1   575   
389   1   27   1   587   
378   1   31   1   594   
367   1   29   1   607   
345   1   30   1   628   
351   1   34   1   618   
358   1   33   1   612   
366   1   28   1   609   
356   1   33   1   614   
351   1   32   1   620   
351   1   35   1   617   
356   1   28   1   619   
346   1   34   1   623   
353   1   29   1   621   
350   1   27   1   626   
367   1   24   1   612   
378   1   25   1   600   
369   1   28   1   606   
368   1   32   1   603   
1   1   1   1   1   
1   1   1   1   1   
1   1   1   1   1   
1   1   1   1   1   
1   1   1   1   1   
1   1   1   1   1   
1   1   1   1   1   
1   1   1   1   1   
1   1   1   1   1   
1   1   1   1   1   
1   1   1   1   1   
1   1   1   1   1   
1   1   1   1   1   
1   1   1   1   1   
1   1   1   1   1   
1   1   1   1   1   
1   1   1   1   1   
1   1   1   1   1   
1   1   1   1   1   
1   1   1   1   1   
1   1   1   1   1   
1   1   1   1   1   
1   1   1   1   1   
1   1   1   1   1   
1   1   1   1   1   
1   1   1   1   1   
1   1   1   1   1   
1   1   1   1   1   
1   1   1   1   1   
1   1   1   1   1   
1   1   1   1   1   
1   1   1   1   1   
1   1   1   1   1   
1   1   1   1   1   
1   1   1   1   1   
1   1   1   1   1   
1   1   1   1   1   
1   1   1   1   1   
1   1   1   1   1   
1   1   1   1   1   
1   1   1   1   1   
1   1   1   1   1   
1   1   1   1   1   
1   1   1   1   1   
1   1   1   1   1   
1   1   1   1   1   
1   1   1   1   1   
1   1   1   1   1   
1   1   1   1   1   
1   1   1   1   1   
1   1   1   1   1   
1   1   1   1   1   
1   1   1   1   1   
1   1   1   1   1   
1   1   1   1   1   
1   1   1   1   1   
1   1   1   1   1   
1   1   1   1   1   
1   1   1   1   1   
1   1   1   1   1   
1   1   1   1   1   
1   1   1   1   1   
1   1   1   1   1   
1   1   1   1   1   
1   1   1   1   1   
1   1   1   1   1   
1   1   1   1   1   
1   1   1   1   1   
1   1   1   1   1   
1   1   1   1   1   
1   1   1   1   1   
1   1   1   1   1   
1   1   1   1   1   
1   1   1   1   1   
1   1   1   1   1   
1   1   1   1   1   
1   1   1   1   1   
1   1   1   1   1   
1   1   1   1   1   
1   1   1   1   1   
1   1   1   1   1   
1   1   1   1   1   
1   1   1   1   1   
1   1   1   1   1   
1   1   1   1   1   
1   1   1   1   1   
1   1   1   1   1   
1   1   1   1   1   
1   1   1   1   1   
1   1   1   1   1   
1   1   1   1   1   
1   1   1   1   1   
1   1   1   1   1   
1   1   1   1   1   
1   1   1   1   1   
1   1   1   1   1   
1   1   1   1   1   
1   1   1   1   1   
1   1   1   1   1   
1   1   1   1   1   
1   1   1   1   1   
1   1   1   1   1   
