201   201   201   201   201   
207   233   199   196   170   
211   229   186   220   159   
188   231   200   234   152   
179   238   222   217   149   
178   240   221   229   137   
172   244   231   218   140   
168   253   228   232   124   
161   252   232   236   124   
164   255   217   245   124   
167   248   228   248   114   
170   262   212   248   113   
167   254   208   268   108   
159   267   194   280   105   
169   272   187   277   100   
171   272   192   271   99   
175   274   195   265   96   
186   273   187   258   101   
205   257   199   244   100   
234   252   197   226   96   
245   261   194   216   89   
249   253   187   230   86   
250   226   178   262   89   
248   240   175   251   91   
252   243   159   261   90   
257   241   158   260   89   
275   246   140   258   86   
291   243   129   260   82   
310   233   129   254   79   
314   249   130   237   75   
325   254   137   220   69   
338   240   143   215   69   
334   240   144   204   83   
321   245   136   207   96   
339   244   129   195   98   
334   248   131   207   85   
351   227   133   213   81   
345   238   126   207   89   
358   242   119   199   87   
363   240   107   217   78   
370   241   104   223   67   
402   221   106   210   66   
391   226   110   214   64   
404   225   120   196   60   
393   217   124   208   63   
402   206   123   205   69   
413   206   116   208   62   
407   196   122   216   64   
404   211   119   213   58   
420   205   112   205   63   
430   211   116   192   56   
416   216   117   196   60   
422   202   113   202   66   
419   206   104   203   73   
441   197   98   198   71   
452   197   105   196   55   
430   209   117   188   61   
425   190   124   202   64   
432   179   124   203   67   
456   169   117   202   61   
434   168   120   221   62   
443   181   117   212   52   
417   185   119   235   49   
409   189   116   241   50   
402   193   126   237   47   
376   204   116   260   49   
384   195   126   255   45   
379   187   130   260   49   
383   190   124   258   50   
376   192   126   267   44   
375   190   124   267   49   
376   183   132   265   49   
385   196   136   241   47   
380   204   144   237   40   
374   209   153   232   37   
368   216   156   226   39   
373   234   141   224   33   
363   249   155   205   33   
371   246   157   204   27   
360   253   166   205   21   
357   264   153   212   19   
347   270   154   215   19   
364   263   161   195   22   
351   279   165   193   17   
342   281   170   192   20   
325   284   186   189   21   
323   289   181   193   19   
309   304   184   192   16   
300   314   186   189   16   
270   332   183   205   15   
271   333   188   195   18   
269   358   180   183   15   
282   329   187   194   13   
281   322   189   200   13   
282   314   204   192   13   
278   313   218   190   6   
286   308   219   184   8   
283   303   233   178   8   
284   300   238   176   7   
264   306   241   187   7   
246   308   254   185   12   
241   303   269   180   12   
241   305   268   178   13   
217   311   283   182   12   
210   316   273   195   11   
217   318   278   182   10   
212   298   286   200   9   
209   296   297   191   12   
204   292   302   195   12   
205   297   296   194   13   
200   298   297   195   15   
188   315   285   201   16   
207   314   272   196   16   
213   300   274   200   18   
212   315   261   201   16   
212   322   247   208   16   
218   332   236   206   13   
219   338   224   212   12   
211   345   211   226   12   
205   340   212   235   13   
216   329   208   239   13   
224   319   199   249   14   
240   328   198   222   17   
248   316   198   227   16   
235   327   197   230   16   
234   355   188   218   10   
231   361   171   233   9   
229   374   166   226   10   
226   376   168   225   10   
226   394   155   218   12   
222   416   151   203   13   
205   416   162   211   11   
216   395   164   216   14   
213   385   166   228   13   
206   384   171   232   12   
207   389   183   213   13   
214   405   174   195   17   
207   408   178   199   13   
189   412   183   207   14   
192   410   189   200   14   
191   426   190   187   11   
176   440   184   197   8   
172   445   191   193   4   
179   446   183   192   5   
188   448   170   195   4   
185   455   168   196   1   
188   447   167   202   1   
185   441   161   217   1   
179   457   160   208   1   
183   463   154   204   1   
185   470   145   204   1   
164   482   139   219   1   
154   493   143   214   1   
148   502   134   220   1   
151   507   127   219   1   
156   502   132   214   1   
155   511   130   208   1   
160   513   144   187   1   
153   505   137   209   1   
158   511   132   203   1   
159   512   139   194   1   
149   518   149   188   1   
138   532   144   190   1   
124   552   142   186   1   
123   537   149   195   1   
105   532   156   211   1   
101   533   169   201   1   
102   530   173   199   1   
104   520   174   206   1   
108   502   191   203   1   
113   512   176   203   1   
110   526   172   196   1   
106   532   158   208   1   
98   546   161   199   1   
104   530   166   204   1   
99   534   184   187   1   
111   532   190   171   1   
126   528   184   166   1   
128   512   198   166   1   
137   498   189   180   1   
128   504   182   190   1   
125   516   188   175   1   
120   530   184   170   1   
126   538   183   157   1   
122   543   172   167   1   
127   548   174   155   1   
142   546   165   151   1   
146   536   160   162   1   
149   533   160   162   1   
169   532   158   145   1   
166   528   163   147   1   
153   531   166   154   1   
154   520   175   155   1   
157   528   173   146   1   
152   522   175   155   1   
176   519   169   140   1   
176   515   175   138   1   
180   520   179   125   1   
182   527   175   120   1   
176   535   167   126   1   
181   523   177   123   1   
179   516   173   136   1   
178   512   178   136   1   
177   503   190   134   1   
192   483   196   133   1   
193   471   226   114   1   
195   485   215   109   1   
188   485   229   102   1   
181   493   221   109   1   
182   503   213   106   1   
192   492   213   107   1   
204   489   202   109   1   
193   481   208   122   1   
186   481   216   121   1   
189   465   214   136   1   
183   470   207   144   1   
177   475   207   145   1   
171   469   215   149   1   
171   468   213   152   1   
187   455   211   151   1   
191   444   230   139   1   
180   443   232   149   1   
171   439   240   154   1   
172   450   221   161   1   
168   437   229   170   1   
179   435   224   166   1   
171   441   228   164   1   
174   443   218   169   1   
173   437   222   172   1   
169   442   218   175   1   
165   443   224   172   1   
149   451   226   178   1   
140   447   244   173   1   
136   444   244   180   1   
138   443   249   174   1   
131   450   258   165   1   
138   439   251   176   1   
127   452   250   175   1   
141   435   247   181   1   
131   453   237   183   1   
130   455   227   192   1   
135   474   214   181   1   
139   464   211   190   1   
141   466   207   190   1   
137   474   206   187   1   
135   482   203   184   1   
128   503   192   181   1   
112   511   200   181   1   
112   507   198   187   1   
111   505   191   197   1   
118   483   198   205   1   
110   503   194   197   1   
109   508   185   202   1   
101   506   194   203   1   
102   508   194   200   1   
97   546   175   186   1   
85   552   177   190   1   
101   530   177   196   1   
91   538   175   200   1   
87   537   180   200   1   
99   533   173   199   1   
105   518   172   209   1   
105   525   162   212   1   
106   520   167   211   1   
102   527   167   208   1   
107   521   166   210   1   
105   523   180   196   1   
101   524   175   204   1   
97   514   174   219   1   
91   521   181   211   1   
95   521   180   208   1   
98   518   184   204   1   
101   520   177   206   1   
88   529   169   218   1   
83   508   185   228   1   
80   521   177   226   1   
85   544   173   202   1   
85   521   182   216   1   
81   511   181   231   1   
83   518   176   227   1   
81   519   182   222   1   
85   518   174   227   1   
81   529   176   218   1   
87   536   171   210   1   
86   548   158   212   1   
77   551   152   224   1   
82   526   151   245   1   
83   539   145   237   1   
88   531   142   243   1   
86   549   146   223   1   
80   544   156   224   1   
83   545   161   215   1   
79   554   170   201   1   
86   552   172   194   1   
68   546   180   210   1   
70   537   176   221   1   
70   522   181   231   1   
69   520   189   226   1   
64   519   194   227   1   
62   523   211   208   1   
66   535   215   188   1   
67   519   229   189   1   
80   502   232   190   1   
76   504   221   203   1   
83   479   230   212   1   
79   483   229   213   1   
77   477   225   225   1   
83   483   219   219   1   
83   495   219   207   1   
84   507   215   198   1   
83   500   225   196   1   
86   481   236   201   1   
83   479   239   203   1   
73   500   229   202   1   
67   500   241   196   1   
69   490   252   193   1   
66   480   268   190   1   
58   483   264   199   1   
49   502   263   190   1   
47   498   261   198   1   
47   476   261   220   1   
43   496   246   219   1   
44   482   242   236   1   
41   480   257   226   1   
33   475   269   227   1   
31   482   251   240   1   
23   494   240   247   1   
25   491   230   258   1   
26   491   227   260   1   
26   498   218   262   1   
28   493   217   266   1   
25   499   213   267   1   
22   508   206   268   1   
23   509   202   270   1   
18   501   209   276   1   
18   494   222   270   1   
22   472   230   280   1   
16   478   211   299   1   
17   482   208   297   1   
17   471   221   295   1   
16   479   222   287   1   
17   486   198   303   1   
13   491   196   304   1   
13   478   199   314   1   
12   481   197   314   1   
10   490   199   305   1   
8   495   195   306   1   
9   482   190   323   1   
7   497   187   313   1   
8   512   177   307   1   
7   512   171   314   1   
6   508   158   332   1   
6   518   150   330   1   
8   524   153   319   1   
10   507   160   327   1   
12   503   166   323   1   
11   489   166   338   1   
11   474   171   348   1   
14   471   171   348   1   
18   478   174   334   1   
20   464   189   331   1   
19   475   184   326   1   
12   483   185   324   1   
11   473   180   340   1   
12   486   179   327   1   
16   482   188   318   1   
19   488   188   309   1   
17   487   194   306   1   
13   486   193   312   1   
12   499   197   296   1   
18   488   183   315   1   
22   502   179   301   1   
23   500   186   295   1   
18   500   182   304   1   
19   485   182   318   1   
22   484   182   316   1   
18   484   181   321   1   
20   492   174   318   1   
20   492   177   315   1   
21   507   171   305   1   
23   525   164   292   1   
18   535   158   293   1   
25   530   155   294   1   
22   544   156   282   1   
23   541   146   294   1   
18   532   141   313   1   
21   519   142   322   1   
22   505   144   333   1   
23   506   138   337   1   
23   506   116   359   1   
20   506   111   367   1   
17   500   116   371   1   
18   488   106   392   1   
15   495   122   372   1   
16   483   123   382   1   
14   482   123   385   1   
16   464   127   397   1   
17   456   144   387   1   
19   470   144   371   1   
19   481   152   352   1   
16   484   158   346   1   
16   482   157   349   1   
16   471   148   369   1   
15   472   158   359   1   
17   459   169   359   1   
19   472   163   350   1   
16   469   169   350   1   
13   465   167   359   1   
12   471   170   351   1   
14   471   171   348   1   
17   476   168   343   1   
15   466   183   340   1   
13   470   187   334   1   
14   464   183   343   1   
13   462   191   338   1   
15   452   188   349   1   
17   449   181   357   1   
19   442   180   363   1   
24   438   174   368   1   
24   426   181   373   1   
26   418   184   376   1   
23   427   182   372   1   
26   435   175   368   1   
21   434   170   379   1   
23   426   163   392   1   
29   424   173   378   1   
24   431   165   384   1   
28   423   158   395   1   
23   404   171   406   1   
21   403   174   406   1   
19   403   176   406   1   
24   392   172   416   1   
26   389   172   417   1   
23   390   173   418   1   
30   392   168   414   1   
33   390   159   422   1   
27   389   166   422   1   
33   383   159   429   1   
32   383   168   421   1   
29   399   165   411   1   
27   382   179   416   1   
27   392   175   410   1   
26   400   184   394   1   
23   407   186   388   1   
26   410   173   395   1   
29   425   165   385   1   
24   437   150   393   1   
28   426   156   394   1   
27   435   151   391   1   
29   447   150   378   1   
33   447   139   385   1   
37   459   138   370   1   
39   477   130   358   1   
40   490   111   363   1   
38   494   106   366   1   
35   494   112   363   1   
35   507   102   360   1   
37   484   98   385   1   
37   481   101   385   1   
38   473   98   395   1   
32   481   89   402   1   
32   476   80   416   1   
38   488   68   410   1   
40   492   65   407   1   
39   501   56   408   1   
33   504   61   406   1   
40   490   53   421   1   
46   487   43   428   1   
44   501   41   418   1   
41   525   43   395   1   
46   517   48   393   1   
41   524   48   391   1   
43   525   47   389   1   
47   520   52   385   1   
49   523   58   374   1   
51   512   60   381   1   
51   503   66   384   1   
43   513   64   384   1   
46   524   62   372   1   
38   532   59   375   1   
36   530   58   380   1   
42   514   65   383   1   
33   520   67   384   1   
32   528   61   383   1   
40   536   59   369   1   
42   537   59   366   1   
38   539   50   377   1   
42   542   52   368   1   
46   549   49   360   1   
47   558   61   338   1   
46   552   57   349   1   
43   554   63   344   1   
37   553   64   350   1   
36   539   68   361   1   
36   546   73   349   1   
32   547   74   351   1   
37   519   77   371   1   
31   506   77   390   1   
24   492   88   400   1   
1   1   1   1   1   
1   1   1   1   1   
1   1   1   1   1   
1   1   1   1   1   
1   1   1   1   1   
1   1   1   1   1   
1   1   1   1   1   
1   1   1   1   1   
1   1   1   1   1   
1   1   1   1   1   
1   1   1   1   1   
1   1   1   1   1   
1   1   1   1   1   
1   1   1   1   1   
1   1   1   1   1   
1   1   1   1   1   
1   1   1   1   1   
1   1   1   1   1   
1   1   1   1   1   
1   1   1   1   1   
1   1   1   1   1   
1   1   1   1   1   
1   1   1   1   1   
1   1   1   1   1   
1   1   1   1   1   
1   1   1   1   1   
1   1   1   1   1   
1   1   1   1   1   
1   1   1   1   1   
1   1   1   1   1   
1   1   1   1   1   
1   1   1   1   1   
1   1   1   1   1   
1   1   1   1   1   
1   1   1   1   1   
1   1   1   1   1   
1   1   1   1   1   
1   1   1   1   1   
1   1   1   1   1   
1   1   1   1   1   
1   1   1   1   1   
1   1   1   1   1   
1   1   1   1   1   
1   1   1   1   1   
1   1   1   1   1   
1   1   1   1   1   
1   1   1   1   1   
1   1   1   1   1   
1   1   1   1   1   
1   1   1   1   1   
1   1   1   1   1   
1   1   1   1   1   
1   1   1   1   1   
1   1   1   1   1   
1   1   1   1   1   
1   1   1   1   1   
1   1   1   1   1   
1   1   1   1   1   
1   1   1   1   1   
1   1   1   1   1   
1   1   1   1   1   
1   1   1   1   1   
1   1   1   1   1   
1   1   1   1   1   
1   1   1   1   1   
1   1   1   1   1   
1   1   1   1   1   
1   1   1   1   1   
1   1   1   1   1   
1   1   1   1   1   
1   1   1   1   1   
1   1   1   1   1   
1   1   1   1   1   
1   1   1   1   1   
1   1   1   1   1   
1   1   1   1   1   
1   1   1   1   1   
1   1   1   1   1   
1   1   1   1   1   
1   1   1   1   1   
1   1   1   1   1   
1   1   1   1   1   
1   1   1   1   1   
1   1   1   1   1   
1   1   1   1   1   
1   1   1   1   1   
1   1   1   1   1   
1   1   1   1   1   
1   1   1   1   1   
1   1   1   1   1   
1   1   1   1   1   
1   1   1   1   1   
1   1   1   1   1   
1   1   1   1   1   
1   1   1   1   1   
1   1   1   1   1   
1   1   1   1   1   
1   1   1   1   1   
1   1   1   1   1   
1   1   1   1   1   
1   1   1   1   1   
1   1   1   1   1   
